Time [s]	Aux in [V]	Main in [V]
0.0000E+0	9.7656E-3	1.1865E-2
1.0000E-6	9.7656E-3	1.1914E-2
2.0000E-6	9.5215E-3	1.2451E-2
3.0000E-6	9.0332E-3	1.3232E-2
4.0000E-6	9.5215E-3	1.1377E-2
5.0000E-6	9.2773E-3	1.1230E-2
6.0000E-6	1.0010E-2	1.0352E-2
7.0000E-6	9.0332E-3	8.7402E-3
8.0000E-6	9.5215E-3	9.4238E-3
9.0000E-6	9.2773E-3	1.3623E-2
1.0000E-5	9.7656E-3	1.5771E-2
1.1000E-5	9.5215E-3	1.9092E-2
1.2000E-5	9.7656E-3	2.4072E-2
1.3000E-5	9.2773E-3	2.9687E-2
1.4000E-5	9.2773E-3	3.3691E-2
1.5000E-5	9.2773E-3	3.9648E-2
1.6000E-5	9.5215E-3	4.6045E-2
1.7000E-5	9.5215E-3	5.2393E-2
1.8000E-5	9.7656E-3	5.6641E-2
1.9000E-5	9.5215E-3	6.2500E-2
2.0000E-5	9.2773E-3	7.1387E-2
2.1000E-5	9.7656E-3	8.4180E-2
2.2000E-5	9.5215E-3	1.0200E-1
2.3000E-5	9.5215E-3	1.2510E-1
2.4000E-5	9.5215E-3	1.5762E-1
2.5000E-5	9.7656E-3	1.9727E-1
2.6000E-5	9.5215E-3	2.4639E-1
2.7000E-5	9.2773E-3	3.0977E-1
2.8000E-5	9.5215E-3	3.9292E-1
2.9000E-5	9.7656E-3	4.9331E-1
3.0000E-5	9.2773E-3	6.0996E-1
3.1000E-5	9.5215E-3	7.3062E-1
3.2000E-5	1.0498E-2	8.3535E-1
3.3000E-5	9.2773E-3	9.0723E-1
3.4000E-5	9.5215E-3	9.3599E-1
3.5000E-5	9.7656E-3	9.1563E-1
3.6000E-5	9.7656E-3	8.5415E-1
3.7000E-5	1.0010E-2	7.6362E-1
3.8000E-5	9.5215E-3	6.6030E-1
3.9000E-5	9.2773E-3	5.5552E-1
4.0000E-5	9.5215E-3	4.6001E-1
4.1000E-5	9.7656E-3	3.7837E-1
4.2000E-5	1.0254E-2	3.1709E-1
4.3000E-5	9.2773E-3	2.7559E-1
4.4000E-5	9.5215E-3	2.5210E-1
4.5000E-5	9.5215E-3	2.4492E-1
4.6000E-5	9.5215E-3	2.5020E-1
4.7000E-5	1.0254E-2	2.6460E-1
4.8000E-5	9.2773E-3	2.8433E-1
4.9000E-5	9.7656E-3	3.1138E-1
5.0000E-5	1.0498E-2	3.4302E-1
5.1000E-5	9.2773E-3	3.8091E-1
5.2000E-5	9.5215E-3	4.2432E-1
5.3000E-5	1.0010E-2	4.7344E-1
5.4000E-5	9.7656E-3	5.3076E-1
5.5000E-5	1.0254E-2	5.9697E-1
5.6000E-5	9.2773E-3	6.7026E-1
5.7000E-5	9.2773E-3	7.4722E-1
5.8000E-5	9.5215E-3	8.1826E-1
5.9000E-5	8.7891E-3	8.7212E-1
6.0000E-5	9.5215E-3	9.0352E-1
6.1000E-5	9.7656E-3	9.0713E-1
6.2000E-5	1.0010E-2	8.8198E-1
6.3000E-5	1.0010E-2	8.3540E-1
6.4000E-5	9.2773E-3	7.7139E-1
6.5000E-5	9.0332E-3	6.9497E-1
6.6000E-5	9.7656E-3	6.1479E-1
6.7000E-5	9.7656E-3	5.3706E-1
6.8000E-5	9.7656E-3	4.6982E-1
6.9000E-5	9.5215E-3	4.1484E-1
7.0000E-5	9.2773E-3	3.7559E-1
7.1000E-5	8.7891E-3	3.5112E-1
7.2000E-5	1.0010E-2	3.4175E-1
7.3000E-5	9.5215E-3	3.3989E-1
7.4000E-5	9.7656E-3	3.4819E-1
7.5000E-5	9.2773E-3	3.6289E-1
7.6000E-5	9.2773E-3	3.8276E-1
7.7000E-5	1.0254E-2	4.0752E-1
7.8000E-5	9.5215E-3	4.4019E-1
7.9000E-5	9.2773E-3	4.7588E-1
8.0000E-5	9.5215E-3	5.1763E-1
8.1000E-5	1.0010E-2	5.7031E-1
8.2000E-5	9.2773E-3	6.2900E-1
8.3000E-5	9.2773E-3	6.9116E-1
8.4000E-5	1.0010E-2	7.5781E-1
8.5000E-5	9.2773E-3	8.2114E-1
8.6000E-5	1.0010E-2	8.6636E-1
8.7000E-5	9.2773E-3	8.9331E-1
8.8000E-5	9.7656E-3	8.9824E-1
8.9000E-5	9.5215E-3	8.7813E-1
9.0000E-5	9.2773E-3	8.3613E-1
9.1000E-5	9.7656E-3	7.8027E-1
9.2000E-5	9.0332E-3	7.1094E-1
9.3000E-5	1.0010E-2	6.3682E-1
9.4000E-5	9.7656E-3	5.6470E-1
9.5000E-5	9.5215E-3	4.9927E-1
9.6000E-5	9.5215E-3	4.4541E-1
9.7000E-5	1.0010E-2	4.0684E-1
9.8000E-5	9.7656E-3	3.8223E-1
9.9000E-5	9.5215E-3	3.6870E-1
1.0000E-4	9.5215E-3	3.6592E-1
1.0100E-4	1.0010E-2	3.7100E-1
1.0200E-4	9.0332E-3	3.8501E-1
1.0300E-4	9.0332E-3	4.0410E-1
1.0400E-4	9.2773E-3	4.3262E-1
1.0500E-4	9.0332E-3	4.6675E-1
1.0600E-4	9.5215E-3	5.0674E-1
1.0700E-4	9.5215E-3	5.4976E-1
1.0800E-4	9.2773E-3	5.9795E-1
1.0900E-4	9.2773E-3	6.4722E-1
1.1000E-4	9.2773E-3	6.9785E-1
1.1100E-4	9.0332E-3	7.4897E-1
1.1200E-4	1.0010E-2	7.9717E-1
1.1300E-4	9.7656E-3	8.3882E-1
1.1400E-4	9.5215E-3	8.6704E-1
1.1500E-4	9.7656E-3	8.7832E-1
1.1600E-4	9.5215E-3	8.7031E-1
1.1700E-4	9.5215E-3	8.4434E-1
1.1800E-4	9.5215E-3	8.0020E-1
1.1900E-4	9.7656E-3	7.4614E-1
1.2000E-4	9.2773E-3	6.8730E-1
1.2100E-4	1.0498E-2	6.2598E-1
1.2200E-4	9.7656E-3	5.6748E-1
1.2300E-4	9.5215E-3	5.1826E-1
1.2400E-4	9.7656E-3	4.7842E-1
1.2500E-4	9.5215E-3	4.4771E-1
1.2600E-4	1.0010E-2	4.2993E-1
1.2700E-4	9.5215E-3	4.2109E-1
1.2800E-4	1.0254E-2	4.1929E-1
1.2900E-4	9.5215E-3	4.2563E-1
1.3000E-4	9.7656E-3	4.4141E-1
1.3100E-4	9.2773E-3	4.6333E-1
1.3200E-4	9.7656E-3	4.9111E-1
1.3300E-4	9.2773E-3	5.2886E-1
1.3400E-4	9.2773E-3	5.7393E-1
1.3500E-4	9.5215E-3	6.2319E-1
1.3600E-4	9.5215E-3	6.7500E-1
1.3700E-4	9.2773E-3	7.2847E-1
1.3800E-4	1.0010E-2	7.7832E-1
1.3900E-4	9.7656E-3	8.2173E-1
1.4000E-4	9.0332E-3	8.5625E-1
1.4100E-4	9.0332E-3	8.7866E-1
1.4200E-4	1.0010E-2	8.8901E-1
1.4300E-4	9.2773E-3	8.8203E-1
1.4400E-4	9.5215E-3	8.5752E-1
1.4500E-4	9.2773E-3	8.1855E-1
1.4600E-4	9.7656E-3	7.6812E-1
1.4700E-4	1.0010E-2	7.1011E-1
1.4800E-4	9.5215E-3	6.4907E-1
1.4900E-4	9.5215E-3	5.9136E-1
1.5000E-4	1.0010E-2	5.4053E-1
1.5100E-4	9.2773E-3	5.0034E-1
1.5200E-4	1.0010E-2	4.7104E-1
1.5300E-4	9.7656E-3	4.5376E-1
1.5400E-4	1.0010E-2	4.4585E-1
1.5500E-4	1.0254E-2	4.4629E-1
1.5600E-4	9.7656E-3	4.5591E-1
1.5700E-4	9.5215E-3	4.7334E-1
1.5800E-4	9.7656E-3	4.9458E-1
1.5900E-4	9.0332E-3	5.2012E-1
1.6000E-4	1.0010E-2	5.5010E-1
1.6100E-4	9.5215E-3	5.8325E-1
1.6200E-4	9.5215E-3	6.1602E-1
1.6300E-4	1.0010E-2	6.5425E-1
1.6400E-4	9.5215E-3	6.9712E-1
1.6500E-4	8.3008E-3	7.3882E-1
1.6600E-4	1.0010E-2	7.7812E-1
1.6700E-4	9.2773E-3	8.1587E-1
1.6800E-4	9.7656E-3	8.4268E-1
1.6900E-4	1.0010E-2	8.5635E-1
1.7000E-4	1.0010E-2	8.5938E-1
1.7100E-4	9.2773E-3	8.4512E-1
1.7200E-4	9.7656E-3	8.1543E-1
1.7300E-4	9.5215E-3	7.7681E-1
1.7400E-4	9.5215E-3	7.2983E-1
1.7500E-4	9.2773E-3	6.7896E-1
1.7600E-4	9.0332E-3	6.3271E-1
1.7700E-4	9.2773E-3	5.9238E-1
1.7800E-4	1.0010E-2	5.6016E-1
1.7900E-4	9.5215E-3	5.3750E-1
1.8000E-4	1.0254E-2	5.2427E-1
1.8100E-4	9.5215E-3	5.1812E-1
1.8200E-4	9.7656E-3	5.1519E-1
1.8300E-4	8.7891E-3	5.1577E-1
1.8400E-4	9.5215E-3	5.2236E-1
1.8500E-4	9.2773E-3	5.3281E-1
1.8600E-4	9.2773E-3	5.4844E-1
1.8700E-4	9.2773E-3	5.7012E-1
1.8800E-4	8.7891E-3	5.9741E-1
1.8900E-4	8.5449E-3	6.2422E-1
1.9000E-4	9.5215E-3	6.5303E-1
1.9100E-4	9.7656E-3	6.8257E-1
1.9200E-4	9.7656E-3	7.1465E-1
1.9300E-4	9.2773E-3	7.4546E-1
1.9400E-4	9.5215E-3	7.7661E-1
1.9500E-4	9.5215E-3	7.9985E-1
1.9600E-4	9.5215E-3	8.1421E-1
1.9700E-4	9.7656E-3	8.1636E-1
1.9800E-4	9.5215E-3	8.0630E-1
1.9900E-4	9.2773E-3	7.8657E-1
2.0000E-4	9.5215E-3	7.6138E-1
2.0100E-4	9.7656E-3	7.2944E-1
2.0200E-4	9.5215E-3	6.9463E-1
2.0300E-4	9.2773E-3	6.6172E-1
2.0400E-4	1.0010E-2	6.2925E-1
2.0500E-4	9.2773E-3	5.9858E-1
2.0600E-4	9.7656E-3	5.7378E-1
2.0700E-4	9.7656E-3	5.5493E-1
2.0800E-4	9.2773E-3	5.3999E-1
2.0900E-4	1.0010E-2	5.3154E-1
2.1000E-4	1.0010E-2	5.3037E-1
2.1100E-4	9.7656E-3	5.3696E-1
2.1200E-4	9.0332E-3	5.4678E-1
2.1300E-4	9.5215E-3	5.6030E-1
2.1400E-4	8.7891E-3	5.7329E-1
2.1500E-4	9.2773E-3	5.8711E-1
2.1600E-4	1.0010E-2	6.0088E-1
2.1700E-4	9.2773E-3	6.1670E-1
2.1800E-4	9.5215E-3	6.3501E-1
2.1900E-4	9.7656E-3	6.5605E-1
2.2000E-4	9.7656E-3	6.7827E-1
2.2100E-4	1.0254E-2	7.0132E-1
2.2200E-4	9.7656E-3	7.2212E-1
2.2300E-4	9.7656E-3	7.3955E-1
2.2400E-4	9.7656E-3	7.5229E-1
2.2500E-4	9.5215E-3	7.5718E-1
2.2600E-4	9.5215E-3	7.5557E-1
2.2700E-4	9.7656E-3	7.4985E-1
2.2800E-4	9.2773E-3	7.4067E-1
2.2900E-4	9.5215E-3	7.2935E-1
2.3000E-4	1.0010E-2	7.1919E-1
2.3100E-4	9.2773E-3	7.0571E-1
2.3200E-4	9.5215E-3	6.8955E-1
2.3300E-4	8.5449E-3	6.7007E-1
2.3400E-4	1.0010E-2	6.5181E-1
2.3500E-4	9.7656E-3	6.3286E-1
2.3600E-4	9.5215E-3	6.1758E-1
2.3700E-4	9.2773E-3	6.0635E-1
2.3800E-4	9.7656E-3	5.9937E-1
2.3900E-4	9.2773E-3	5.9736E-1
2.4000E-4	9.7656E-3	5.9912E-1
2.4100E-4	9.2773E-3	6.0229E-1
2.4200E-4	9.7656E-3	6.1118E-1
2.4300E-4	9.7656E-3	6.2266E-1
2.4400E-4	9.5215E-3	6.3257E-1
2.4500E-4	1.0010E-2	6.4390E-1
2.4600E-4	1.0010E-2	6.5527E-1
2.4700E-4	9.7656E-3	6.6455E-1
2.4800E-4	9.0332E-3	6.7256E-1
2.4900E-4	9.2773E-3	6.8135E-1
2.5000E-4	9.7656E-3	6.8950E-1
2.5100E-4	9.2773E-3	6.9658E-1
2.5200E-4	9.5215E-3	7.0435E-1
2.5300E-4	9.7656E-3	7.1201E-1
2.5400E-4	9.5215E-3	7.1816E-1
2.5500E-4	9.5215E-3	7.2051E-1
2.5600E-4	9.5215E-3	7.2109E-1
2.5700E-4	1.0254E-2	7.1714E-1
2.5800E-4	9.7656E-3	7.1123E-1
2.5900E-4	9.5215E-3	7.0322E-1
2.6000E-4	9.7656E-3	6.9282E-1
2.6100E-4	1.0010E-2	6.8237E-1
2.6200E-4	1.0010E-2	6.6992E-1
2.6300E-4	9.5215E-3	6.5488E-1
2.6400E-4	9.5215E-3	6.3750E-1
2.6500E-4	9.5215E-3	6.2363E-1
2.6600E-4	1.0010E-2	6.0928E-1
2.6700E-4	9.2773E-3	5.9692E-1
2.6800E-4	9.0332E-3	5.8916E-1
2.6900E-4	9.5215E-3	5.8521E-1
2.7000E-4	9.7656E-3	5.8306E-1
2.7100E-4	9.2773E-3	5.8437E-1
2.7200E-4	9.7656E-3	5.8657E-1
2.7300E-4	9.7656E-3	5.8994E-1
2.7400E-4	9.2773E-3	5.9575E-1
2.7500E-4	9.5215E-3	6.0269E-1
2.7600E-4	9.7656E-3	6.1128E-1
2.7700E-4	9.5215E-3	6.2339E-1
2.7800E-4	1.0010E-2	6.3623E-1
2.7900E-4	9.2773E-3	6.5054E-1
2.8000E-4	9.5215E-3	6.6782E-1
2.8100E-4	9.7656E-3	6.8423E-1
2.8200E-4	9.7656E-3	7.0068E-1
2.8300E-4	9.7656E-3	7.1694E-1
2.8400E-4	9.2773E-3	7.3252E-1
2.8500E-4	9.2773E-3	7.4277E-1
2.8600E-4	9.7656E-3	7.5015E-1
2.8700E-4	1.0010E-2	7.5342E-1
2.8800E-4	9.2773E-3	7.4941E-1
2.8900E-4	9.2773E-3	7.3999E-1
2.9000E-4	1.0010E-2	7.2617E-1
2.9100E-4	9.2773E-3	7.0776E-1
2.9200E-4	9.7656E-3	6.8486E-1
2.9300E-4	9.2773E-3	6.6167E-1
2.9400E-4	9.7656E-3	6.3667E-1
2.9500E-4	9.5215E-3	6.1450E-1
2.9600E-4	9.5215E-3	5.9507E-1
2.9700E-4	9.7656E-3	5.7979E-1
2.9800E-4	9.2773E-3	5.6885E-1
2.9900E-4	9.0332E-3	5.6187E-1
3.0000E-4	9.5215E-3	5.5571E-1
3.0100E-4	9.0332E-3	5.5283E-1
3.0200E-4	9.7656E-3	5.5464E-1
3.0300E-4	9.7656E-3	5.6113E-1
3.0400E-4	9.5215E-3	5.7046E-1
3.0500E-4	9.7656E-3	5.8452E-1
3.0600E-4	9.7656E-3	6.0122E-1
3.0700E-4	9.5215E-3	6.2065E-1
3.0800E-4	9.5215E-3	6.4043E-1
3.0900E-4	9.7656E-3	6.6465E-1
3.1000E-4	9.7656E-3	6.8965E-1
3.1100E-4	9.0332E-3	7.1504E-1
3.1200E-4	1.0010E-2	7.3838E-1
3.1300E-4	9.0332E-3	7.6011E-1
3.1400E-4	9.5215E-3	7.7412E-1
3.1500E-4	9.5215E-3	7.8027E-1
3.1600E-4	1.0254E-2	7.7754E-1
3.1700E-4	1.0010E-2	7.6509E-1
3.1800E-4	9.7656E-3	7.4351E-1
3.1900E-4	9.2773E-3	7.1289E-1
3.2000E-4	9.2773E-3	6.7812E-1
3.2100E-4	9.0332E-3	6.3940E-1
3.2200E-4	9.7656E-3	5.9946E-1
3.2300E-4	9.5215E-3	5.6191E-1
3.2400E-4	8.7891E-3	5.3101E-1
3.2500E-4	1.0010E-2	5.0781E-1
3.2600E-4	1.0254E-2	4.9268E-1
3.2700E-4	9.5215E-3	4.8433E-1
3.2800E-4	9.7656E-3	4.8120E-1
3.2900E-4	9.5215E-3	4.8369E-1
3.3000E-4	9.0332E-3	4.9082E-1
3.3100E-4	9.7656E-3	5.0483E-1
3.3200E-4	1.0254E-2	5.2520E-1
3.3300E-4	1.0498E-2	5.4961E-1
3.3400E-4	9.2773E-3	5.7627E-1
3.3500E-4	9.2773E-3	6.0581E-1
3.3600E-4	9.2773E-3	6.3687E-1
3.3700E-4	9.2773E-3	6.6934E-1
3.3800E-4	1.0254E-2	7.0669E-1
3.3900E-4	9.5215E-3	7.4521E-1
3.4000E-4	9.7656E-3	7.7944E-1
3.4100E-4	9.2773E-3	8.0684E-1
3.4200E-4	9.2773E-3	8.2437E-1
3.4300E-4	9.2773E-3	8.2788E-1
3.4400E-4	9.2773E-3	8.1787E-1
3.4500E-4	9.5215E-3	7.9438E-1
3.4600E-4	1.0010E-2	7.5938E-1
3.4700E-4	9.5215E-3	7.1743E-1
3.4800E-4	9.2773E-3	6.6841E-1
3.4900E-4	9.2773E-3	6.1816E-1
3.5000E-4	1.0010E-2	5.7017E-1
3.5100E-4	9.5215E-3	5.2949E-1
3.5200E-4	9.5215E-3	4.9463E-1
3.5300E-4	9.5215E-3	4.7090E-1
3.5400E-4	9.5215E-3	4.5562E-1
3.5500E-4	9.2773E-3	4.5107E-1
3.5600E-4	1.0010E-2	4.5239E-1
3.5700E-4	9.7656E-3	4.5874E-1
3.5800E-4	9.5215E-3	4.6753E-1
3.5900E-4	9.7656E-3	4.8174E-1
3.6000E-4	1.0010E-2	4.9922E-1
3.6100E-4	9.2773E-3	5.2168E-1
3.6200E-4	9.5215E-3	5.5254E-1
3.6300E-4	9.7656E-3	5.8887E-1
3.6400E-4	9.5215E-3	6.2944E-1
3.6500E-4	9.2773E-3	6.7427E-1
3.6600E-4	9.7656E-3	7.2207E-1
3.6700E-4	9.5215E-3	7.6475E-1
3.6800E-4	9.2773E-3	7.9888E-1
3.6900E-4	9.2773E-3	8.1792E-1
3.7000E-4	9.2773E-3	8.2246E-1
3.7100E-4	9.5215E-3	8.0791E-1
3.7200E-4	9.5215E-3	7.8052E-1
3.7300E-4	8.7891E-3	7.4380E-1
3.7400E-4	9.2773E-3	6.9932E-1
3.7500E-4	9.7656E-3	6.4810E-1
3.7600E-4	1.0010E-2	5.9604E-1
3.7700E-4	9.0332E-3	5.4521E-1
3.7800E-4	9.5215E-3	5.0029E-1
3.7900E-4	9.7656E-3	4.6548E-1
3.8000E-4	1.0254E-2	4.4058E-1
3.8100E-4	9.5215E-3	4.2544E-1
3.8200E-4	9.5215E-3	4.1821E-1
3.8300E-4	9.7656E-3	4.1626E-1
3.8400E-4	9.7656E-3	4.2085E-1
3.8500E-4	1.0010E-2	4.3022E-1
3.8600E-4	9.5215E-3	4.4517E-1
3.8700E-4	1.0010E-2	4.6509E-1
3.8800E-4	1.0010E-2	4.9175E-1
3.8900E-4	9.5215E-3	5.2275E-1
3.9000E-4	9.7656E-3	5.5889E-1
3.9100E-4	9.0332E-3	6.0278E-1
3.9200E-4	9.7656E-3	6.5415E-1
3.9300E-4	9.2773E-3	7.0757E-1
3.9400E-4	9.2773E-3	7.5889E-1
3.9500E-4	9.7656E-3	8.0220E-1
3.9600E-4	9.7656E-3	8.2861E-1
3.9700E-4	9.5215E-3	8.3486E-1
3.9800E-4	9.5215E-3	8.2173E-1
3.9900E-4	9.5215E-3	7.9146E-1
4.0000E-4	9.2773E-3	7.4556E-1
4.0100E-4	1.0010E-2	6.9277E-1
4.0200E-4	9.7656E-3	6.3623E-1
4.0300E-4	9.2773E-3	5.7822E-1
4.0400E-4	1.0010E-2	5.2314E-1
4.0500E-4	9.2773E-3	4.7568E-1
4.0600E-4	9.0332E-3	4.3525E-1
4.0700E-4	9.5215E-3	4.0376E-1
4.0800E-4	9.5215E-3	3.8154E-1
4.0900E-4	9.2773E-3	3.6963E-1
4.1000E-4	9.5215E-3	3.6475E-1
4.1100E-4	9.2773E-3	3.6743E-1
4.1200E-4	9.7656E-3	3.7666E-1
4.1300E-4	9.2773E-3	3.9063E-1
4.1400E-4	9.5215E-3	4.1040E-1
4.1500E-4	9.5215E-3	4.3799E-1
4.1600E-4	9.7656E-3	4.7119E-1
4.1700E-4	1.0010E-2	5.0938E-1
4.1800E-4	9.5215E-3	5.5684E-1
4.1900E-4	9.0332E-3	6.0688E-1
4.2000E-4	9.2773E-3	6.5923E-1
4.2100E-4	1.0010E-2	7.1147E-1
4.2200E-4	1.0498E-2	7.5786E-1
4.2300E-4	9.7656E-3	7.8989E-1
4.2400E-4	9.7656E-3	8.0620E-1
4.2500E-4	1.0254E-2	8.0361E-1
4.2600E-4	1.0010E-2	7.8159E-1
4.2700E-4	9.2773E-3	7.4302E-1
4.2800E-4	9.7656E-3	6.9331E-1
4.2900E-4	1.0010E-2	6.3623E-1
4.3000E-4	9.5215E-3	5.7480E-1
4.3100E-4	9.7656E-3	5.1255E-1
4.3200E-4	9.5215E-3	4.5508E-1
4.3300E-4	9.7656E-3	4.0591E-1
4.3400E-4	9.7656E-3	3.6763E-1
4.3500E-4	9.5215E-3	3.4287E-1
4.3600E-4	1.0010E-2	3.2954E-1
4.3700E-4	9.7656E-3	3.2744E-1
4.3800E-4	9.5215E-3	3.3154E-1
4.3900E-4	1.0010E-2	3.4380E-1
4.4000E-4	9.7656E-3	3.5996E-1
4.4100E-4	9.2773E-3	3.8091E-1
4.4200E-4	9.2773E-3	4.0615E-1
4.4300E-4	9.2773E-3	4.3984E-1
4.4400E-4	9.7656E-3	4.7695E-1
4.4500E-4	9.5215E-3	5.2109E-1
4.4600E-4	9.5215E-3	5.7227E-1
4.4700E-4	9.5215E-3	6.2856E-1
4.4800E-4	9.7656E-3	6.8437E-1
4.4900E-4	9.5215E-3	7.3740E-1
4.5000E-4	9.7656E-3	7.7559E-1
4.5100E-4	9.5215E-3	7.9644E-1
4.5200E-4	9.0332E-3	7.9238E-1
4.5300E-4	9.7656E-3	7.6685E-1
4.5400E-4	9.0332E-3	7.2095E-1
4.5500E-4	9.5215E-3	6.6182E-1
4.5600E-4	1.0010E-2	5.9268E-1
4.5700E-4	9.5215E-3	5.2134E-1
4.5800E-4	9.7656E-3	4.5190E-1
4.5900E-4	9.7656E-3	3.9023E-1
4.6000E-4	1.0010E-2	3.4077E-1
4.6100E-4	9.5215E-3	3.0259E-1
4.6200E-4	9.5215E-3	2.7568E-1
4.6300E-4	9.5215E-3	2.5908E-1
4.6400E-4	9.7656E-3	2.4863E-1
4.6500E-4	9.2773E-3	2.4570E-1
4.6600E-4	1.0254E-2	2.5122E-1
4.6700E-4	9.7656E-3	2.6357E-1
4.6800E-4	9.7656E-3	2.8179E-1
4.6900E-4	9.7656E-3	3.0635E-1
4.7000E-4	9.5215E-3	3.3481E-1
4.7100E-4	1.0498E-2	3.6753E-1
4.7200E-4	9.5215E-3	4.0850E-1
4.7300E-4	1.0010E-2	4.5942E-1
4.7400E-4	9.5215E-3	5.2100E-1
4.7500E-4	9.5215E-3	5.9170E-1
4.7600E-4	9.2773E-3	6.6587E-1
4.7700E-4	9.5215E-3	7.2769E-1
4.7800E-4	9.2773E-3	7.7012E-1
4.7900E-4	9.0332E-3	7.8740E-1
4.8000E-4	9.5215E-3	7.7363E-1
4.8100E-4	9.5215E-3	7.2539E-1
4.8200E-4	9.7656E-3	6.5459E-1
4.8300E-4	9.5215E-3	5.6421E-1
4.8400E-4	9.5215E-3	4.6147E-1
4.8500E-4	9.5215E-3	3.5566E-1
4.8600E-4	9.2773E-3	2.5874E-1
4.8700E-4	9.5215E-3	1.7598E-1
4.8800E-4	9.0332E-3	1.1016E-1
4.8900E-4	9.5215E-3	6.0693E-2
4.9000E-4	9.2773E-3	2.8271E-2
4.9100E-4	9.5215E-3	1.0010E-2
4.9200E-4	1.0010E-2	5.8594E-4
4.9300E-4	1.0010E-2	-3.3691E-3
4.9400E-4	9.7656E-3	-2.9785E-3
4.9500E-4	9.7656E-3	-9.7656E-4
4.9600E-4	9.0332E-3	1.0742E-3
4.9700E-4	1.0010E-2	3.3691E-3
4.9800E-4	1.0010E-2	6.0059E-3
4.9900E-4	9.5215E-3	6.6895E-3
5.0000E-4	9.7656E-3	6.4941E-3
5.0100E-4	9.5215E-3	3.7109E-3
5.0200E-4	1.0254E-2	2.0508E-3
5.0300E-4	9.5215E-3	9.7656E-4
5.0400E-4	1.0010E-2	6.8359E-4
5.0500E-4	9.5215E-3	8.7891E-4
5.0600E-4	1.0010E-2	8.3008E-4
5.0700E-4	9.2773E-3	-9.7656E-4
5.0800E-4	9.0332E-3	-4.1016E-3
5.0900E-4	9.0332E-3	-5.5176E-3
5.1000E-4	9.5215E-3	-6.3965E-3
5.1100E-4	9.2773E-3	-5.3711E-3
5.1200E-4	9.2773E-3	-3.7109E-3
5.1300E-4	9.2773E-3	-4.8828E-4
5.1400E-4	9.5215E-3	2.7832E-3
5.1500E-4	9.7656E-3	5.4687E-3
5.1600E-4	9.5215E-3	8.5449E-3
5.1700E-4	9.7656E-3	1.2744E-2
5.1800E-4	9.5215E-3	1.9922E-2
5.1900E-4	1.0254E-2	2.9248E-2
5.2000E-4	9.2773E-3	4.3066E-2
5.2100E-4	8.7891E-3	5.9521E-2
5.2200E-4	9.5215E-3	7.9395E-2
5.2300E-4	9.5215E-3	1.0151E-1
5.2400E-4	9.2773E-3	1.2979E-1
5.2500E-4	9.5215E-3	1.6255E-1
5.2600E-4	9.2773E-3	2.0474E-1
5.2700E-4	9.2773E-3	2.5879E-1
5.2800E-4	1.0254E-2	3.2959E-1
5.2900E-4	9.2773E-3	4.1621E-1
5.3000E-4	9.5215E-3	5.1538E-1
5.3100E-4	9.7656E-3	6.1484E-1
5.3200E-4	9.7656E-3	6.9893E-1
5.3300E-4	9.0332E-3	7.5664E-1
5.3400E-4	9.2773E-3	7.8008E-1
5.3500E-4	9.5215E-3	7.6948E-1
5.3600E-4	9.7656E-3	7.2681E-1
5.3700E-4	9.7656E-3	6.6357E-1
5.3800E-4	1.0254E-2	5.8428E-1
5.3900E-4	9.7656E-3	5.0083E-1
5.4000E-4	9.2773E-3	4.1704E-1
5.4100E-4	9.2773E-3	3.4370E-1
5.4200E-4	9.7656E-3	2.8467E-1
5.4300E-4	9.0332E-3	2.4336E-1
5.4400E-4	1.0010E-2	2.1572E-1
5.4500E-4	9.5215E-3	2.0464E-1
5.4600E-4	9.7656E-3	2.0664E-1
5.4700E-4	9.5215E-3	2.1743E-1
5.4800E-4	9.7656E-3	2.3823E-1
5.4900E-4	9.7656E-3	2.6294E-1
5.5000E-4	9.2773E-3	2.9067E-1
5.5100E-4	9.2773E-3	3.2422E-1
5.5200E-4	9.2773E-3	3.6636E-1
5.5300E-4	9.5215E-3	4.0947E-1
5.5400E-4	9.7656E-3	4.5986E-1
5.5500E-4	9.5215E-3	5.1729E-1
5.5600E-4	9.2773E-3	5.7529E-1
5.5700E-4	1.0010E-2	6.3130E-1
5.5800E-4	9.5215E-3	6.8403E-1
5.5900E-4	9.2773E-3	7.2183E-1
5.6000E-4	9.5215E-3	7.3892E-1
5.6100E-4	9.7656E-3	7.3657E-1
5.6200E-4	9.5215E-3	7.1470E-1
5.6300E-4	9.0332E-3	6.7568E-1
5.6400E-4	9.7656E-3	6.2866E-1
5.6500E-4	1.0010E-2	5.7896E-1
5.6600E-4	9.5215E-3	5.2793E-1
5.6700E-4	9.0332E-3	4.7749E-1
5.6800E-4	9.7656E-3	4.3184E-1
5.6900E-4	9.7656E-3	3.9209E-1
5.7000E-4	1.0254E-2	3.5835E-1
5.7100E-4	8.7891E-3	3.3130E-1
5.7200E-4	9.5215E-3	3.1245E-1
5.7300E-4	9.5215E-3	3.0063E-1
5.7400E-4	9.0332E-3	2.9824E-1
5.7500E-4	9.5215E-3	3.0400E-1
5.7600E-4	9.0332E-3	3.1929E-1
5.7700E-4	9.7656E-3	3.4429E-1
5.7800E-4	9.5215E-3	3.7617E-1
5.7900E-4	9.0332E-3	4.1577E-1
5.8000E-4	9.5215E-3	4.6240E-1
5.8100E-4	9.7656E-3	5.1475E-1
5.8200E-4	9.2773E-3	5.6948E-1
5.8300E-4	9.5215E-3	6.2617E-1
5.8400E-4	9.2773E-3	6.7407E-1
5.8500E-4	9.0332E-3	7.0913E-1
5.8600E-4	9.5215E-3	7.2607E-1
5.8700E-4	8.7891E-3	7.2300E-1
5.8800E-4	1.0010E-2	7.0464E-1
5.8900E-4	9.7656E-3	6.7822E-1
5.9000E-4	9.2773E-3	6.4849E-1
5.9100E-4	9.2773E-3	6.1948E-1
5.9200E-4	1.0010E-2	5.8940E-1
5.9300E-4	9.5215E-3	5.5713E-1
5.9400E-4	9.2773E-3	5.2207E-1
5.9500E-4	1.0010E-2	4.8350E-1
5.9600E-4	9.0332E-3	4.4565E-1
5.9700E-4	9.7656E-3	4.1563E-1
5.9800E-4	1.0010E-2	3.8989E-1
5.9900E-4	9.2773E-3	3.7236E-1
6.0000E-4	9.0332E-3	3.6377E-1
6.0100E-4	9.2773E-3	3.6426E-1
6.0200E-4	1.0254E-2	3.6885E-1
6.0300E-4	9.2773E-3	3.8193E-1
6.0400E-4	9.5215E-3	4.0112E-1
6.0500E-4	9.5215E-3	4.2744E-1
6.0600E-4	9.2773E-3	4.5742E-1
6.0700E-4	9.2773E-3	4.9473E-1
6.0800E-4	1.0010E-2	5.3667E-1
6.0900E-4	9.5215E-3	5.8130E-1
6.1000E-4	9.5215E-3	6.2485E-1
6.1100E-4	9.0332E-3	6.6416E-1
6.1200E-4	9.5215E-3	6.9287E-1
6.1300E-4	1.0010E-2	7.0889E-1
6.1400E-4	9.2773E-3	7.1006E-1
6.1500E-4	9.7656E-3	6.9985E-1
6.1600E-4	9.7656E-3	6.8145E-1
6.1700E-4	9.0332E-3	6.5811E-1
6.1800E-4	9.7656E-3	6.3120E-1
6.1900E-4	9.5215E-3	6.0327E-1
6.2000E-4	1.0010E-2	5.7090E-1
6.2100E-4	9.5215E-3	5.3540E-1
6.2200E-4	9.5215E-3	5.0078E-1
6.2300E-4	9.7656E-3	4.6909E-1
6.2400E-4	9.5215E-3	4.4082E-1
6.2500E-4	9.5215E-3	4.2046E-1
6.2600E-4	1.0010E-2	4.0576E-1
6.2700E-4	9.7656E-3	3.9609E-1
6.2800E-4	9.5215E-3	3.9482E-1
6.2900E-4	9.5215E-3	4.0078E-1
6.3000E-4	1.0498E-2	4.1216E-1
6.3100E-4	8.5449E-3	4.3115E-1
6.3200E-4	9.7656E-3	4.5630E-1
6.3300E-4	9.2773E-3	4.8457E-1
6.3400E-4	1.0010E-2	5.1743E-1
6.3500E-4	9.5215E-3	5.5581E-1
6.3600E-4	9.5215E-3	5.9863E-1
6.3700E-4	9.0332E-3	6.4238E-1
6.3800E-4	9.7656E-3	6.8330E-1
6.3900E-4	9.7656E-3	7.1704E-1
6.4000E-4	9.7656E-3	7.4321E-1
6.4100E-4	1.0010E-2	7.5518E-1
6.4200E-4	9.5215E-3	7.5386E-1
6.4300E-4	1.0010E-2	7.4258E-1
6.4400E-4	1.0254E-2	7.2275E-1
6.4500E-4	9.7656E-3	6.9463E-1
6.4600E-4	1.0010E-2	6.6406E-1
6.4700E-4	9.5215E-3	6.3169E-1
6.4800E-4	9.7656E-3	5.9810E-1
6.4900E-4	8.7891E-3	5.6572E-1
6.5000E-4	9.2773E-3	5.3384E-1
6.5100E-4	9.5215E-3	5.0239E-1
6.5200E-4	1.0010E-2	4.7808E-1
6.5300E-4	9.7656E-3	4.5884E-1
6.5400E-4	9.5215E-3	4.4546E-1
6.5500E-4	9.2773E-3	4.4141E-1
6.5600E-4	9.5215E-3	4.4819E-1
6.5700E-4	9.5215E-3	4.5977E-1
6.5800E-4	9.2773E-3	4.7749E-1
6.5900E-4	9.2773E-3	5.0127E-1
6.6000E-4	9.7656E-3	5.2876E-1
6.6100E-4	9.5215E-3	5.6079E-1
6.6200E-4	9.5215E-3	5.9570E-1
6.6300E-4	9.7656E-3	6.3413E-1
6.6400E-4	1.0010E-2	6.7197E-1
6.6500E-4	9.5215E-3	7.0703E-1
6.6600E-4	1.0010E-2	7.3584E-1
6.6700E-4	9.7656E-3	7.5972E-1
6.6800E-4	9.2773E-3	7.7319E-1
6.6900E-4	9.5215E-3	7.7881E-1
6.7000E-4	9.0332E-3	7.7290E-1
6.7100E-4	9.7656E-3	7.5732E-1
6.7200E-4	9.5215E-3	7.3306E-1
6.7300E-4	1.0254E-2	7.0078E-1
6.7400E-4	9.7656E-3	6.6401E-1
6.7500E-4	9.5215E-3	6.2573E-1
6.7600E-4	9.5215E-3	5.8823E-1
6.7700E-4	9.2773E-3	5.5400E-1
6.7800E-4	9.2773E-3	5.2729E-1
6.7900E-4	9.7656E-3	5.0762E-1
6.8000E-4	9.0332E-3	4.9722E-1
6.8100E-4	9.7656E-3	4.9199E-1
6.8200E-4	1.0254E-2	4.9023E-1
6.8300E-4	9.2773E-3	4.9067E-1
6.8400E-4	8.7891E-3	4.9272E-1
6.8500E-4	9.2773E-3	5.0005E-1
6.8600E-4	9.5215E-3	5.1299E-1
6.8700E-4	9.5215E-3	5.3306E-1
6.8800E-4	9.7656E-3	5.5874E-1
6.8900E-4	9.7656E-3	5.8999E-1
6.9000E-4	9.7656E-3	6.2124E-1
6.9100E-4	8.3008E-3	6.5298E-1
6.9200E-4	9.2773E-3	6.8286E-1
6.9300E-4	1.0010E-2	7.1147E-1
6.9400E-4	9.0332E-3	7.3862E-1
6.9500E-4	9.2773E-3	7.6021E-1
6.9600E-4	9.2773E-3	7.7397E-1
6.9700E-4	9.7656E-3	7.7681E-1
6.9800E-4	9.2773E-3	7.7168E-1
6.9900E-4	9.2773E-3	7.5254E-1
7.0000E-4	1.0010E-2	7.2563E-1
7.0100E-4	9.5215E-3	6.9434E-1
7.0200E-4	9.5215E-3	6.6479E-1
7.0300E-4	1.0254E-2	6.3662E-1
7.0400E-4	9.2773E-3	6.1489E-1
7.0500E-4	9.5215E-3	5.9795E-1
7.0600E-4	9.0332E-3	5.8652E-1
7.0700E-4	9.2773E-3	5.7725E-1
7.0800E-4	9.0332E-3	5.7002E-1
7.0900E-4	9.2773E-3	5.6401E-1
7.1000E-4	9.7656E-3	5.6162E-1
7.1100E-4	9.5215E-3	5.6240E-1
7.1200E-4	9.0332E-3	5.6836E-1
7.1300E-4	9.2773E-3	5.7725E-1
7.1400E-4	1.0010E-2	5.9189E-1
7.1500E-4	9.2773E-3	6.0952E-1
7.1600E-4	1.0010E-2	6.2744E-1
7.1700E-4	9.2773E-3	6.4512E-1
7.1800E-4	9.5215E-3	6.6724E-1
7.1900E-4	9.5215E-3	6.8677E-1
7.2000E-4	9.5215E-3	7.0303E-1
7.2100E-4	9.2773E-3	7.1807E-1
7.2200E-4	9.5215E-3	7.2925E-1
7.2300E-4	1.0010E-2	7.3594E-1
7.2400E-4	9.2773E-3	7.4126E-1
7.2500E-4	9.7656E-3	7.4673E-1
7.2600E-4	9.5215E-3	7.4805E-1
7.2700E-4	9.5215E-3	7.4771E-1
7.2800E-4	9.5215E-3	7.3843E-1
7.2900E-4	9.5215E-3	7.2153E-1
7.3000E-4	9.5215E-3	6.9761E-1
7.3100E-4	1.0010E-2	6.7407E-1
7.3200E-4	9.2773E-3	6.5073E-1
7.3300E-4	9.7656E-3	6.3110E-1
7.3400E-4	8.7891E-3	6.1665E-1
7.3500E-4	9.7656E-3	6.0571E-1
7.3600E-4	1.0010E-2	5.9565E-1
7.3700E-4	9.2773E-3	5.8687E-1
7.3800E-4	1.0010E-2	5.8188E-1
7.3900E-4	9.7656E-3	5.7969E-1
7.4000E-4	9.5215E-3	5.8267E-1
7.4100E-4	9.2773E-3	5.9053E-1
7.4200E-4	9.5215E-3	6.0088E-1
7.4300E-4	8.7891E-3	6.1084E-1
7.4400E-4	9.7656E-3	6.2153E-1
7.4500E-4	9.5215E-3	6.3335E-1
7.4600E-4	9.5215E-3	6.4429E-1
7.4700E-4	9.5215E-3	6.5542E-1
7.4800E-4	9.2773E-3	6.6748E-1
7.4900E-4	8.5449E-3	6.7969E-1
7.5000E-4	1.0010E-2	6.9058E-1
7.5100E-4	8.7891E-3	7.0283E-1
7.5200E-4	9.7656E-3	7.1353E-1
7.5300E-4	9.5215E-3	7.2354E-1
7.5400E-4	9.5215E-3	7.3237E-1
7.5500E-4	9.5215E-3	7.4014E-1
7.5600E-4	9.0332E-3	7.4463E-1
7.5700E-4	9.2773E-3	7.4780E-1
7.5800E-4	9.2773E-3	7.4839E-1
7.5900E-4	9.2773E-3	7.4614E-1
7.6000E-4	1.0010E-2	7.4014E-1
7.6100E-4	1.0498E-2	7.3105E-1
7.6200E-4	8.7891E-3	7.1924E-1
7.6300E-4	9.5215E-3	7.0947E-1
7.6400E-4	9.5215E-3	6.9800E-1
7.6500E-4	9.5215E-3	6.8550E-1
7.6600E-4	9.5215E-3	6.7212E-1
7.6700E-4	9.7656E-3	6.6025E-1
7.6800E-4	9.5215E-3	6.4634E-1
7.6900E-4	9.5215E-3	6.3354E-1
7.7000E-4	9.2773E-3	6.2432E-1
7.7100E-4	9.5215E-3	6.1816E-1
7.7200E-4	1.0010E-2	6.1694E-1
7.7300E-4	9.7656E-3	6.1909E-1
7.7400E-4	9.2773E-3	6.2271E-1
7.7500E-4	9.5215E-3	6.2798E-1
7.7600E-4	9.5215E-3	6.3843E-1
7.7700E-4	9.5215E-3	6.4873E-1
7.7800E-4	9.2773E-3	6.5991E-1
7.7900E-4	9.5215E-3	6.7441E-1
7.8000E-4	9.2773E-3	6.9214E-1
7.8100E-4	9.2773E-3	7.0771E-1
7.8200E-4	9.7656E-3	7.2432E-1
7.8300E-4	1.0010E-2	7.4053E-1
7.8400E-4	9.2773E-3	7.5537E-1
7.8500E-4	9.5215E-3	7.6377E-1
7.8600E-4	9.7656E-3	7.6841E-1
7.8700E-4	9.5215E-3	7.6738E-1
7.8800E-4	9.5215E-3	7.6250E-1
7.8900E-4	1.0010E-2	7.5498E-1
7.9000E-4	1.0010E-2	7.4473E-1
7.9100E-4	9.7656E-3	7.3057E-1
7.9200E-4	1.0010E-2	7.1108E-1
7.9300E-4	9.7656E-3	6.8892E-1
7.9400E-4	1.0010E-2	6.6387E-1
7.9500E-4	9.0332E-3	6.3877E-1
7.9600E-4	9.5215E-3	6.1606E-1
7.9700E-4	9.7656E-3	5.9824E-1
7.9800E-4	9.5215E-3	5.8472E-1
7.9900E-4	1.0254E-2	5.7446E-1
8.0000E-4	9.0332E-3	5.6909E-1
8.0100E-4	9.2773E-3	5.6709E-1
8.0200E-4	9.7656E-3	5.7100E-1
8.0300E-4	9.7656E-3	5.7749E-1
8.0400E-4	9.0332E-3	5.8643E-1
8.0500E-4	9.7656E-3	5.9717E-1
8.0600E-4	8.7891E-3	6.1333E-1
8.0700E-4	9.2773E-3	6.3296E-1
8.0800E-4	9.0332E-3	6.5815E-1
8.0900E-4	1.0254E-2	6.8921E-1
8.1000E-4	9.7656E-3	7.2319E-1
8.1100E-4	8.7891E-3	7.5703E-1
8.1200E-4	9.5215E-3	7.8975E-1
8.1300E-4	9.5215E-3	8.1782E-1
8.1400E-4	9.5215E-3	8.3838E-1
8.1500E-4	9.5215E-3	8.4878E-1
8.1600E-4	1.0010E-2	8.4873E-1
8.1700E-4	9.2773E-3	8.3354E-1
8.1800E-4	9.2773E-3	8.0698E-1
8.1900E-4	9.2773E-3	7.7192E-1
8.2000E-4	9.5215E-3	7.3296E-1
8.2100E-4	1.0010E-2	6.9380E-1
8.2200E-4	9.5215E-3	6.5669E-1
8.2300E-4	1.0010E-2	6.2319E-1
8.2400E-4	9.5215E-3	5.9404E-1
8.2500E-4	9.7656E-3	5.6772E-1
8.2600E-4	9.7656E-3	5.4546E-1
8.2700E-4	9.2773E-3	5.2983E-1
8.2800E-4	9.2773E-3	5.2051E-1
8.2900E-4	9.7656E-3	5.1743E-1
8.3000E-4	9.7656E-3	5.2148E-1
8.3100E-4	9.2773E-3	5.3174E-1
8.3200E-4	9.5215E-3	5.4727E-1
8.3300E-4	9.5215E-3	5.6660E-1
8.3400E-4	9.5215E-3	5.9121E-1
8.3500E-4	9.7656E-3	6.2036E-1
8.3600E-4	9.0332E-3	6.5361E-1
8.3700E-4	9.0332E-3	6.9180E-1
8.3800E-4	8.7891E-3	7.3271E-1
8.3900E-4	1.0254E-2	7.7422E-1
8.4000E-4	9.2773E-3	8.1318E-1
8.4100E-4	9.7656E-3	8.4316E-1
8.4200E-4	9.5215E-3	8.6094E-1
8.4300E-4	9.5215E-3	8.6528E-1
8.4400E-4	9.5215E-3	8.5435E-1
8.4500E-4	9.7656E-3	8.2925E-1
8.4600E-4	1.0498E-2	7.9253E-1
8.4700E-4	9.5215E-3	7.4805E-1
8.4800E-4	9.2773E-3	6.9990E-1
8.4900E-4	9.7656E-3	6.5239E-1
8.5000E-4	1.0254E-2	6.0728E-1
8.5100E-4	9.2773E-3	5.6738E-1
8.5200E-4	1.0254E-2	5.3433E-1
8.5300E-4	9.2773E-3	5.0776E-1
8.5400E-4	9.5215E-3	4.8804E-1
8.5500E-4	9.5215E-3	4.7617E-1
8.5600E-4	9.5215E-3	4.7124E-1
8.5700E-4	9.5215E-3	4.7153E-1
8.5800E-4	9.5215E-3	4.7842E-1
8.5900E-4	9.2773E-3	4.9312E-1
8.6000E-4	9.5215E-3	5.1528E-1
8.6100E-4	8.5449E-3	5.4302E-1
8.6200E-4	9.0332E-3	5.7490E-1
8.6300E-4	9.2773E-3	6.1196E-1
8.6400E-4	9.7656E-3	6.5352E-1
8.6500E-4	9.0332E-3	7.0083E-1
8.6600E-4	9.5215E-3	7.5171E-1
8.6700E-4	1.0254E-2	8.0439E-1
8.6800E-4	9.7656E-3	8.4961E-1
8.6900E-4	8.7891E-3	8.8271E-1
8.7000E-4	9.7656E-3	8.9937E-1
8.7100E-4	9.7656E-3	8.9712E-1
8.7200E-4	1.0010E-2	8.7720E-1
8.7300E-4	9.7656E-3	8.4287E-1
8.7400E-4	9.5215E-3	7.9351E-1
8.7500E-4	9.7656E-3	7.3389E-1
8.7600E-4	1.0254E-2	6.6929E-1
8.7700E-4	8.7891E-3	6.0386E-1
8.7800E-4	9.5215E-3	5.4346E-1
8.7900E-4	9.0332E-3	4.9512E-1
8.8000E-4	9.7656E-3	4.5845E-1
8.8100E-4	1.0010E-2	4.3447E-1
8.8200E-4	9.2773E-3	4.2202E-1
8.8300E-4	9.5215E-3	4.2046E-1
8.8400E-4	9.7656E-3	4.2524E-1
8.8500E-4	9.7656E-3	4.3730E-1
8.8600E-4	1.0254E-2	4.5679E-1
8.8700E-4	1.0010E-2	4.7935E-1
8.8800E-4	1.0254E-2	5.0557E-1
8.8900E-4	9.2773E-3	5.3755E-1
8.9000E-4	9.2773E-3	5.7246E-1
8.9100E-4	9.5215E-3	6.1021E-1
8.9200E-4	9.7656E-3	6.5605E-1
8.9300E-4	9.2773E-3	7.0894E-1
8.9400E-4	9.7656E-3	7.6357E-1
8.9500E-4	9.7656E-3	8.1738E-1
8.9600E-4	1.0010E-2	8.6211E-1
8.9700E-4	8.7891E-3	8.9111E-1
8.9800E-4	9.2773E-3	9.0029E-1
8.9900E-4	1.0254E-2	8.8809E-1
9.0000E-4	9.5215E-3	8.5464E-1
9.0100E-4	9.7656E-3	8.0537E-1
9.0200E-4	1.0010E-2	7.4312E-1
9.0300E-4	9.5215E-3	6.7080E-1
9.0400E-4	9.5215E-3	5.9800E-1
9.0500E-4	9.7656E-3	5.2847E-1
9.0600E-4	9.7656E-3	4.7026E-1
9.0700E-4	9.7656E-3	4.2520E-1
9.0800E-4	9.2773E-3	3.9482E-1
9.0900E-4	9.5215E-3	3.7671E-1
9.1000E-4	9.7656E-3	3.7368E-1
9.1100E-4	1.0010E-2	3.7939E-1
9.1200E-4	9.2773E-3	3.9536E-1
9.1300E-4	9.5215E-3	4.1704E-1
9.1400E-4	9.2773E-3	4.4341E-1
9.1500E-4	1.0010E-2	4.7261E-1
9.1600E-4	9.2773E-3	5.0684E-1
9.1700E-4	9.5215E-3	5.4478E-1
9.1800E-4	9.5215E-3	5.9023E-1
9.1900E-4	9.7656E-3	6.4185E-1
9.2000E-4	1.0498E-2	7.0010E-1
9.2100E-4	9.2773E-3	7.6245E-1
9.2200E-4	9.7656E-3	8.2085E-1
9.2300E-4	9.5215E-3	8.6626E-1
9.2400E-4	9.2773E-3	8.9321E-1
9.2500E-4	9.2773E-3	8.9687E-1
9.2600E-4	9.7656E-3	8.7349E-1
9.2700E-4	9.5215E-3	8.2773E-1
9.2800E-4	9.7656E-3	7.6650E-1
9.2900E-4	9.2773E-3	6.9541E-1
9.3000E-4	1.0254E-2	6.2070E-1
9.3100E-4	9.7656E-3	5.4604E-1
9.3200E-4	9.2773E-3	4.7837E-1
9.3300E-4	9.5215E-3	4.2305E-1
9.3400E-4	1.0254E-2	3.8184E-1
9.3500E-4	9.5215E-3	3.5527E-1
9.3600E-4	1.0010E-2	3.4370E-1
9.3700E-4	1.0254E-2	3.4312E-1
9.3800E-4	9.5215E-3	3.5068E-1
9.3900E-4	1.0254E-2	3.6489E-1
9.4000E-4	1.0498E-2	3.8281E-1
9.4100E-4	9.5215E-3	4.0649E-1
9.4200E-4	9.7656E-3	4.3433E-1
9.4300E-4	9.5215E-3	4.6758E-1
9.4400E-4	1.0010E-2	5.0474E-1
9.4500E-4	9.5215E-3	5.4731E-1
9.4600E-4	9.5215E-3	5.9561E-1
9.4700E-4	9.0332E-3	6.5239E-1
9.4800E-4	9.2773E-3	7.1509E-1
9.4900E-4	1.0010E-2	7.8208E-1
9.5000E-4	1.0010E-2	8.4067E-1
9.5100E-4	9.2773E-3	8.8213E-1
9.5200E-4	9.5215E-3	9.0054E-1
9.5300E-4	9.5215E-3	8.8940E-1
9.5400E-4	9.7656E-3	8.4712E-1
9.5500E-4	9.7656E-3	7.8301E-1
9.5600E-4	9.7656E-3	7.0405E-1
9.5700E-4	9.2773E-3	6.1680E-1
9.5800E-4	1.0010E-2	5.2783E-1
9.5900E-4	9.5215E-3	4.4702E-1
9.6000E-4	9.2773E-3	3.7773E-1
9.6100E-4	9.2773E-3	3.2393E-1
9.6200E-4	9.2773E-3	2.8721E-1
9.6300E-4	9.7656E-3	2.6733E-1
9.6400E-4	9.5215E-3	2.6123E-1
9.6500E-4	9.5215E-3	2.6772E-1
9.6600E-4	9.2773E-3	2.8525E-1
9.6700E-4	9.2773E-3	3.0483E-1
9.6800E-4	9.7656E-3	3.2803E-1
9.6900E-4	1.0254E-2	3.5571E-1
9.7000E-4	9.5215E-3	3.8672E-1
9.7100E-4	9.5215E-3	4.2056E-1
9.7200E-4	9.2773E-3	4.6343E-1
9.7300E-4	9.5215E-3	5.1372E-1
9.7400E-4	9.5215E-3	5.7275E-1
9.7500E-4	1.0010E-2	6.4409E-1
9.7600E-4	9.2773E-3	7.2051E-1
9.7700E-4	9.5215E-3	7.9175E-1
9.7800E-4	9.5215E-3	8.4541E-1
9.7900E-4	9.7656E-3	8.6963E-1
9.8000E-4	1.0010E-2	8.5347E-1
9.8100E-4	8.7891E-3	7.9624E-1
9.8200E-4	9.7656E-3	7.0654E-1
9.8300E-4	9.5215E-3	5.9756E-1
9.8400E-4	9.0332E-3	4.8022E-1
9.8500E-4	9.2773E-3	3.6362E-1
9.8600E-4	1.0010E-2	2.6177E-1
9.8700E-4	9.5215E-3	1.7793E-1
9.8800E-4	9.2773E-3	1.1421E-1
9.8900E-4	9.0332E-3	6.8359E-2
9.9000E-4	1.0010E-2	4.1797E-2
9.9100E-4	9.5215E-3	2.7441E-2
9.9200E-4	1.0010E-2	2.1094E-2
9.9300E-4	9.5215E-3	1.9434E-2
9.9400E-4	9.5215E-3	1.9141E-2
9.9500E-4	9.2773E-3	2.0215E-2
9.9600E-4	1.0254E-2	2.0508E-2
9.9700E-4	9.5215E-3	2.0850E-2
9.9800E-4	9.5215E-3	2.0850E-2
9.9900E-4	9.5215E-3	2.0850E-2
