Time [s]	Aux in [V]	Main in [V]
0.0000E+0	9.7656E-3	5.4526E-1
1.0000E-6	1.0010E-2	4.7358E-1
2.0000E-6	9.5215E-3	3.8618E-1
3.0000E-6	9.5215E-3	2.8452E-1
4.0000E-6	9.5215E-3	1.9697E-1
5.0000E-6	9.7656E-3	1.2876E-1
6.0000E-6	9.5215E-3	7.7148E-2
7.0000E-6	9.2773E-3	4.1455E-2
8.0000E-6	1.0010E-2	2.0410E-2
9.0000E-6	9.0332E-3	9.0332E-3
1.0000E-5	9.5215E-3	2.8809E-3
1.1000E-5	9.7656E-3	9.2773E-4
1.2000E-5	8.5449E-3	-6.3477E-4
1.3000E-5	9.5215E-3	-1.1719E-3
1.4000E-5	9.7656E-3	-4.8828E-4
1.5000E-5	9.7656E-3	-7.8125E-4
1.6000E-5	9.7656E-3	-1.4648E-4
1.7000E-5	1.0254E-2	4.3945E-4
1.8000E-5	9.0332E-3	-1.8555E-3
1.9000E-5	9.5215E-3	-5.1758E-3
2.0000E-5	9.7656E-3	-6.1523E-3
2.1000E-5	1.0010E-2	-7.7637E-3
2.2000E-5	9.2773E-3	-7.9102E-3
2.3000E-5	9.2773E-3	-7.0801E-3
2.4000E-5	9.5215E-3	-6.5918E-3
2.5000E-5	9.2773E-3	-7.7148E-3
2.6000E-5	1.0010E-2	-7.8613E-3
2.7000E-5	9.7656E-3	-9.2773E-3
2.8000E-5	9.5215E-3	-1.1475E-2
2.9000E-5	9.5215E-3	-1.2939E-2
3.0000E-5	9.7656E-3	-1.3428E-2
3.1000E-5	9.2773E-3	-1.2988E-2
3.2000E-5	9.0332E-3	-1.0498E-2
3.3000E-5	9.5215E-3	-5.6152E-3
3.4000E-5	9.0332E-3	2.6855E-3
3.5000E-5	9.2773E-3	1.2695E-2
3.6000E-5	9.2773E-3	2.3779E-2
3.7000E-5	1.0254E-2	3.8623E-2
3.8000E-5	9.5215E-3	5.7227E-2
3.9000E-5	9.5215E-3	7.8516E-2
4.0000E-5	9.2773E-3	1.0654E-1
4.1000E-5	9.2773E-3	1.4175E-1
4.2000E-5	9.5215E-3	1.8291E-1
4.3000E-5	1.0254E-2	2.3613E-1
4.4000E-5	9.7656E-3	3.0542E-1
4.5000E-5	9.7656E-3	3.9326E-1
4.6000E-5	9.0332E-3	5.0078E-1
4.7000E-5	9.7656E-3	6.2017E-1
4.8000E-5	9.2773E-3	7.3965E-1
4.9000E-5	9.2773E-3	8.4116E-1
5.0000E-5	9.2773E-3	9.0859E-1
5.1000E-5	1.0254E-2	9.3281E-1
5.2000E-5	9.2773E-3	9.0898E-1
5.3000E-5	1.0010E-2	8.4526E-1
5.4000E-5	9.2773E-3	7.5298E-1
5.5000E-5	9.2773E-3	6.4673E-1
5.6000E-5	1.0010E-2	5.3799E-1
5.7000E-5	1.0010E-2	4.4165E-1
5.8000E-5	9.5215E-3	3.5952E-1
5.9000E-5	9.5215E-3	3.0034E-1
6.0000E-5	9.2773E-3	2.6372E-1
6.1000E-5	1.0254E-2	2.4609E-1
6.2000E-5	9.0332E-3	2.4336E-1
6.3000E-5	9.7656E-3	2.5151E-1
6.4000E-5	9.7656E-3	2.6738E-1
6.5000E-5	9.7656E-3	2.8784E-1
6.6000E-5	9.2773E-3	3.1255E-1
6.7000E-5	9.2773E-3	3.4053E-1
6.8000E-5	9.2773E-3	3.7676E-1
6.9000E-5	1.0010E-2	4.1802E-1
7.0000E-5	9.5215E-3	4.6602E-1
7.1000E-5	9.7656E-3	5.2173E-1
7.2000E-5	9.5215E-3	5.8550E-1
7.3000E-5	9.0332E-3	6.5474E-1
7.4000E-5	9.5215E-3	7.2837E-1
7.5000E-5	1.0010E-2	7.9727E-1
7.6000E-5	1.0498E-2	8.5249E-1
7.7000E-5	9.2773E-3	8.8579E-1
7.8000E-5	9.0332E-3	8.9194E-1
7.9000E-5	9.7656E-3	8.7007E-1
8.0000E-5	9.0332E-3	8.2344E-1
8.1000E-5	9.5215E-3	7.5688E-1
8.2000E-5	9.2773E-3	6.8159E-1
8.3000E-5	9.5215E-3	6.0161E-1
8.4000E-5	9.5215E-3	5.2139E-1
8.5000E-5	9.7656E-3	4.5210E-1
8.6000E-5	8.7891E-3	3.9839E-1
8.7000E-5	9.7656E-3	3.5996E-1
8.8000E-5	9.5215E-3	3.3872E-1
8.9000E-5	9.7656E-3	3.3140E-1
9.0000E-5	9.5215E-3	3.3262E-1
9.1000E-5	9.7656E-3	3.4131E-1
9.2000E-5	9.2773E-3	3.5366E-1
9.3000E-5	9.0332E-3	3.7061E-1
9.4000E-5	9.7656E-3	3.9497E-1
9.5000E-5	9.5215E-3	4.2695E-1
9.6000E-5	9.0332E-3	4.6318E-1
9.7000E-5	9.0332E-3	5.0786E-1
9.8000E-5	9.2773E-3	5.6030E-1
9.9000E-5	9.0332E-3	6.1777E-1
1.0000E-4	9.5215E-3	6.7642E-1
1.0100E-4	9.7656E-3	7.4214E-1
1.0200E-4	9.7656E-3	8.0396E-1
1.0300E-4	9.5215E-3	8.5264E-1
1.0400E-4	1.0010E-2	8.8252E-1
1.0500E-4	9.7656E-3	8.9170E-1
1.0600E-4	9.5215E-3	8.7388E-1
1.0700E-4	9.5215E-3	8.3472E-1
1.0800E-4	9.7656E-3	7.8037E-1
1.0900E-4	9.7656E-3	7.1606E-1
1.1000E-4	9.7656E-3	6.4839E-1
1.1100E-4	9.0332E-3	5.8086E-1
1.1200E-4	9.7656E-3	5.1782E-1
1.1300E-4	1.0010E-2	4.6475E-1
1.1400E-4	9.7656E-3	4.2515E-1
1.1500E-4	9.2773E-3	3.9858E-1
1.1600E-4	9.2773E-3	3.8467E-1
1.1700E-4	1.0010E-2	3.8105E-1
1.1800E-4	9.7656E-3	3.8652E-1
1.1900E-4	1.0010E-2	3.9873E-1
1.2000E-4	9.5215E-3	4.1660E-1
1.2100E-4	9.2773E-3	4.3896E-1
1.2200E-4	9.0332E-3	4.6885E-1
1.2300E-4	9.2773E-3	5.0259E-1
1.2400E-4	9.2773E-3	5.4023E-1
1.2500E-4	9.2773E-3	5.8320E-1
1.2600E-4	1.0254E-2	6.3428E-1
1.2700E-4	9.2773E-3	6.8818E-1
1.2800E-4	9.5215E-3	7.4438E-1
1.2900E-4	1.0010E-2	7.9878E-1
1.3000E-4	9.5215E-3	8.4297E-1
1.3100E-4	1.0010E-2	8.6953E-1
1.3200E-4	1.0254E-2	8.7729E-1
1.3300E-4	1.0010E-2	8.6533E-1
1.3400E-4	1.0254E-2	8.3184E-1
1.3500E-4	9.0332E-3	7.8325E-1
1.3600E-4	1.0010E-2	7.2573E-1
1.3700E-4	1.0254E-2	6.6274E-1
1.3800E-4	1.0010E-2	6.0112E-1
1.3900E-4	9.5215E-3	5.4658E-1
1.4000E-4	1.0010E-2	5.0117E-1
1.4100E-4	1.0010E-2	4.6479E-1
1.4200E-4	9.2773E-3	4.3843E-1
1.4300E-4	1.0010E-2	4.2046E-1
1.4400E-4	8.7891E-3	4.1216E-1
1.4500E-4	9.2773E-3	4.0913E-1
1.4600E-4	9.2773E-3	4.1436E-1
1.4700E-4	9.5215E-3	4.2842E-1
1.4800E-4	9.5215E-3	4.4878E-1
1.4900E-4	9.5215E-3	4.7407E-1
1.5000E-4	9.5215E-3	5.0737E-1
1.5100E-4	9.7656E-3	5.4438E-1
1.5200E-4	9.2773E-3	5.8579E-1
1.5300E-4	1.0010E-2	6.2935E-1
1.5400E-4	9.0332E-3	6.7803E-1
1.5500E-4	9.7656E-3	7.2900E-1
1.5600E-4	9.5215E-3	7.8145E-1
1.5700E-4	9.2773E-3	8.2607E-1
1.5800E-4	9.7656E-3	8.6152E-1
1.5900E-4	1.0010E-2	8.7891E-1
1.6000E-4	9.2773E-3	8.7642E-1
1.6100E-4	9.0332E-3	8.5269E-1
1.6200E-4	9.2773E-3	8.1641E-1
1.6300E-4	1.0010E-2	7.7100E-1
1.6400E-4	9.5215E-3	7.2158E-1
1.6500E-4	9.7656E-3	6.7056E-1
1.6600E-4	9.5215E-3	6.2158E-1
1.6700E-4	9.7656E-3	5.7515E-1
1.6800E-4	9.2773E-3	5.3257E-1
1.6900E-4	9.2773E-3	4.9824E-1
1.7000E-4	9.5215E-3	4.7212E-1
1.7100E-4	9.5215E-3	4.5625E-1
1.7200E-4	9.5215E-3	4.5127E-1
1.7300E-4	1.0010E-2	4.5488E-1
1.7400E-4	9.2773E-3	4.6465E-1
1.7500E-4	9.5215E-3	4.8408E-1
1.7600E-4	9.5215E-3	5.1001E-1
1.7700E-4	1.0498E-2	5.3843E-1
1.7800E-4	9.7656E-3	5.7339E-1
1.7900E-4	9.0332E-3	6.1294E-1
1.8000E-4	9.7656E-3	6.5410E-1
1.8100E-4	9.5215E-3	6.9634E-1
1.8200E-4	9.0332E-3	7.4180E-1
1.8300E-4	9.7656E-3	7.8247E-1
1.8400E-4	9.5215E-3	8.1724E-1
1.8500E-4	9.7656E-3	8.4292E-1
1.8600E-4	9.5215E-3	8.5518E-1
1.8700E-4	9.5215E-3	8.5322E-1
1.8800E-4	9.7656E-3	8.3984E-1
1.8900E-4	9.2773E-3	8.1660E-1
1.9000E-4	9.5215E-3	7.8423E-1
1.9100E-4	9.7656E-3	7.4790E-1
1.9200E-4	9.5215E-3	7.0747E-1
1.9300E-4	9.2773E-3	6.6426E-1
1.9400E-4	1.0010E-2	6.1919E-1
1.9500E-4	9.2773E-3	5.7788E-1
1.9600E-4	9.5215E-3	5.4302E-1
1.9700E-4	9.2773E-3	5.1465E-1
1.9800E-4	1.0010E-2	4.9517E-1
1.9900E-4	9.5215E-3	4.8638E-1
2.0000E-4	8.5449E-3	4.8472E-1
2.0100E-4	8.7891E-3	4.8989E-1
2.0200E-4	1.0010E-2	5.0073E-1
2.0300E-4	9.7656E-3	5.1768E-1
2.0400E-4	9.5215E-3	5.3755E-1
2.0500E-4	9.7656E-3	5.6118E-1
2.0600E-4	9.7656E-3	5.8984E-1
2.0700E-4	9.2773E-3	6.2402E-1
2.0800E-4	9.5215E-3	6.5923E-1
2.0900E-4	9.5215E-3	6.9673E-1
2.1000E-4	9.2773E-3	7.3521E-1
2.1100E-4	9.5215E-3	7.6851E-1
2.1200E-4	1.0010E-2	7.9575E-1
2.1300E-4	9.5215E-3	8.1680E-1
2.1400E-4	9.5215E-3	8.2773E-1
2.1500E-4	9.5215E-3	8.2803E-1
2.1600E-4	9.7656E-3	8.1958E-1
2.1700E-4	1.0498E-2	8.0176E-1
2.1800E-4	9.5215E-3	7.7842E-1
2.1900E-4	1.0010E-2	7.5054E-1
2.2000E-4	9.2773E-3	7.1895E-1
2.2100E-4	9.2773E-3	6.8687E-1
2.2200E-4	9.2773E-3	6.5801E-1
2.2300E-4	9.5215E-3	6.3105E-1
2.2400E-4	9.2773E-3	6.0913E-1
2.2500E-4	9.5215E-3	5.9351E-1
2.2600E-4	9.7656E-3	5.8389E-1
2.2700E-4	9.5215E-3	5.7725E-1
2.2800E-4	9.2773E-3	5.7642E-1
2.2900E-4	9.2773E-3	5.8105E-1
2.3000E-4	9.5215E-3	5.9077E-1
2.3100E-4	9.5215E-3	6.0410E-1
2.3200E-4	9.7656E-3	6.2036E-1
2.3300E-4	9.2773E-3	6.3901E-1
2.3400E-4	9.2773E-3	6.5884E-1
2.3500E-4	1.0010E-2	6.7959E-1
2.3600E-4	9.2773E-3	7.0010E-1
2.3700E-4	9.7656E-3	7.2188E-1
2.3800E-4	9.7656E-3	7.3872E-1
2.3900E-4	9.5215E-3	7.5337E-1
2.4000E-4	9.5215E-3	7.6353E-1
2.4100E-4	9.7656E-3	7.7012E-1
2.4200E-4	9.2773E-3	7.7178E-1
2.4300E-4	9.2773E-3	7.7153E-1
2.4400E-4	9.5215E-3	7.6670E-1
2.4500E-4	9.5215E-3	7.6006E-1
2.4600E-4	9.5215E-3	7.4800E-1
2.4700E-4	9.0332E-3	7.3550E-1
2.4800E-4	9.2773E-3	7.2261E-1
2.4900E-4	9.5215E-3	7.0908E-1
2.5000E-4	9.2773E-3	6.9116E-1
2.5100E-4	9.5215E-3	6.7275E-1
2.5200E-4	9.7656E-3	6.5249E-1
2.5300E-4	9.2773E-3	6.3350E-1
2.5400E-4	9.2773E-3	6.1602E-1
2.5500E-4	1.0010E-2	6.0415E-1
2.5600E-4	9.5215E-3	5.9839E-1
2.5700E-4	9.7656E-3	5.9717E-1
2.5800E-4	1.0010E-2	5.9966E-1
2.5900E-4	9.5215E-3	6.0557E-1
2.6000E-4	9.5215E-3	6.1519E-1
2.6100E-4	9.0332E-3	6.2617E-1
2.6200E-4	9.7656E-3	6.3818E-1
2.6300E-4	9.5215E-3	6.4902E-1
2.6400E-4	9.0332E-3	6.5903E-1
2.6500E-4	1.0010E-2	6.6909E-1
2.6600E-4	9.0332E-3	6.8032E-1
2.6700E-4	9.7656E-3	6.9370E-1
2.6800E-4	1.0010E-2	7.1172E-1
2.6900E-4	9.7656E-3	7.3203E-1
2.7000E-4	9.0332E-3	7.5010E-1
2.7100E-4	1.0254E-2	7.6367E-1
2.7200E-4	1.0010E-2	7.7437E-1
2.7300E-4	9.2773E-3	7.7754E-1
2.7400E-4	9.5215E-3	7.7520E-1
2.7500E-4	9.7656E-3	7.7002E-1
2.7600E-4	9.5215E-3	7.6387E-1
2.7700E-4	1.0498E-2	7.5396E-1
2.7800E-4	1.0010E-2	7.4380E-1
2.7900E-4	9.5215E-3	7.3345E-1
2.8000E-4	9.7656E-3	7.2290E-1
2.8100E-4	9.5215E-3	7.1216E-1
2.8200E-4	9.5215E-3	7.0137E-1
2.8300E-4	9.5215E-3	6.8882E-1
2.8400E-4	9.7656E-3	6.7622E-1
2.8500E-4	9.5215E-3	6.6436E-1
2.8600E-4	1.0010E-2	6.5312E-1
2.8700E-4	9.7656E-3	6.4497E-1
2.8800E-4	9.7656E-3	6.3789E-1
2.8900E-4	9.2773E-3	6.3120E-1
2.9000E-4	1.0010E-2	6.2686E-1
2.9100E-4	9.5215E-3	6.2822E-1
2.9200E-4	9.7656E-3	6.3247E-1
2.9300E-4	9.5215E-3	6.4082E-1
2.9400E-4	9.0332E-3	6.5415E-1
2.9500E-4	9.7656E-3	6.6997E-1
2.9600E-4	1.0254E-2	6.8491E-1
2.9700E-4	1.0010E-2	6.9785E-1
2.9800E-4	9.5215E-3	7.1377E-1
2.9900E-4	1.0254E-2	7.2920E-1
3.0000E-4	9.0332E-3	7.4360E-1
3.0100E-4	9.2773E-3	7.5698E-1
3.0200E-4	9.7656E-3	7.6782E-1
3.0300E-4	1.0254E-2	7.7334E-1
3.0400E-4	9.7656E-3	7.7441E-1
3.0500E-4	9.5215E-3	7.6919E-1
3.0600E-4	9.2773E-3	7.5864E-1
3.0700E-4	9.7656E-3	7.4722E-1
3.0800E-4	9.5215E-3	7.3276E-1
3.0900E-4	1.0010E-2	7.1704E-1
3.1000E-4	9.7656E-3	7.0054E-1
3.1100E-4	9.7656E-3	6.8330E-1
3.1200E-4	9.2773E-3	6.6245E-1
3.1300E-4	9.7656E-3	6.4111E-1
3.1400E-4	9.7656E-3	6.1958E-1
3.1500E-4	9.7656E-3	5.9941E-1
3.1600E-4	1.0010E-2	5.8359E-1
3.1700E-4	9.5215E-3	5.7417E-1
3.1800E-4	9.5215E-3	5.6953E-1
3.1900E-4	9.5215E-3	5.6753E-1
3.2000E-4	9.5215E-3	5.7295E-1
3.2100E-4	1.0254E-2	5.7881E-1
3.2200E-4	1.0010E-2	5.8623E-1
3.2300E-4	1.0010E-2	5.9932E-1
3.2400E-4	9.5215E-3	6.1748E-1
3.2500E-4	9.7656E-3	6.3843E-1
3.2600E-4	9.7656E-3	6.6738E-1
3.2700E-4	1.0254E-2	7.0229E-1
3.2800E-4	1.0010E-2	7.3945E-1
3.2900E-4	9.2773E-3	7.7686E-1
3.3000E-4	9.5215E-3	8.0923E-1
3.3100E-4	9.7656E-3	8.3154E-1
3.3200E-4	9.2773E-3	8.4082E-1
3.3300E-4	1.0254E-2	8.3740E-1
3.3400E-4	9.2773E-3	8.2305E-1
3.3500E-4	9.2773E-3	7.9966E-1
3.3600E-4	9.7656E-3	7.7036E-1
3.3700E-4	9.7656E-3	7.3896E-1
3.3800E-4	9.5215E-3	7.0444E-1
3.3900E-4	1.0010E-2	6.6885E-1
3.4000E-4	1.0010E-2	6.3589E-1
3.4100E-4	1.0010E-2	6.0527E-1
3.4200E-4	9.5215E-3	5.7915E-1
3.4300E-4	9.2773E-3	5.5669E-1
3.4400E-4	9.7656E-3	5.3975E-1
3.4500E-4	9.7656E-3	5.2617E-1
3.4600E-4	9.5215E-3	5.1885E-1
3.4700E-4	1.0010E-2	5.1460E-1
3.4800E-4	9.5215E-3	5.1768E-1
3.4900E-4	8.7891E-3	5.2905E-1
3.5000E-4	9.5215E-3	5.4585E-1
3.5100E-4	9.0332E-3	5.6738E-1
3.5200E-4	9.2773E-3	5.9604E-1
3.5300E-4	9.7656E-3	6.2930E-1
3.5400E-4	1.0498E-2	6.6621E-1
3.5500E-4	1.0010E-2	7.0747E-1
3.5600E-4	9.5215E-3	7.5029E-1
3.5700E-4	9.7656E-3	7.9014E-1
3.5800E-4	1.0254E-2	8.2178E-1
3.5900E-4	9.7656E-3	8.3970E-1
3.6000E-4	9.7656E-3	8.4644E-1
3.6100E-4	9.5215E-3	8.4009E-1
3.6200E-4	9.7656E-3	8.2109E-1
3.6300E-4	9.2773E-3	7.9155E-1
3.6400E-4	1.0010E-2	7.5488E-1
3.6500E-4	9.5215E-3	7.1255E-1
3.6600E-4	9.7656E-3	6.6719E-1
3.6700E-4	9.2773E-3	6.2075E-1
3.6800E-4	8.7891E-3	5.7803E-1
3.6900E-4	9.5215E-3	5.4028E-1
3.7000E-4	9.5215E-3	5.0703E-1
3.7100E-4	9.7656E-3	4.8110E-1
3.7200E-4	9.0332E-3	4.6411E-1
3.7300E-4	9.7656E-3	4.5620E-1
3.7400E-4	9.0332E-3	4.5605E-1
3.7500E-4	9.2773E-3	4.6245E-1
3.7600E-4	1.0010E-2	4.7739E-1
3.7700E-4	9.7656E-3	4.9893E-1
3.7800E-4	9.7656E-3	5.2534E-1
3.7900E-4	9.2773E-3	5.5840E-1
3.8000E-4	9.0332E-3	5.9810E-1
3.8100E-4	9.2773E-3	6.4063E-1
3.8200E-4	9.0332E-3	6.8818E-1
3.8300E-4	1.0254E-2	7.3799E-1
3.8400E-4	9.0332E-3	7.8604E-1
3.8500E-4	9.5215E-3	8.2769E-1
3.8600E-4	9.5215E-3	8.5903E-1
3.8700E-4	9.5215E-3	8.7437E-1
3.8800E-4	1.0010E-2	8.7129E-1
3.8900E-4	1.0010E-2	8.5098E-1
3.9000E-4	9.7656E-3	8.1729E-1
3.9100E-4	1.0010E-2	7.7319E-1
3.9200E-4	9.7656E-3	7.2007E-1
3.9300E-4	9.7656E-3	6.6138E-1
3.9400E-4	9.7656E-3	6.0254E-1
3.9500E-4	9.5215E-3	5.4712E-1
3.9600E-4	8.7891E-3	4.9614E-1
3.9700E-4	9.5215E-3	4.5581E-1
3.9800E-4	9.0332E-3	4.3066E-1
3.9900E-4	9.7656E-3	4.1484E-1
4.0000E-4	9.7656E-3	4.0854E-1
4.0100E-4	9.5215E-3	4.1255E-1
4.0200E-4	9.2773E-3	4.2437E-1
4.0300E-4	9.7656E-3	4.4087E-1
4.0400E-4	9.2773E-3	4.6348E-1
4.0500E-4	1.0010E-2	4.8838E-1
4.0600E-4	9.0332E-3	5.1831E-1
4.0700E-4	9.7656E-3	5.5239E-1
4.0800E-4	9.2773E-3	5.9297E-1
4.0900E-4	8.7891E-3	6.4063E-1
4.1000E-4	1.0010E-2	6.9697E-1
4.1100E-4	9.5215E-3	7.5513E-1
4.1200E-4	9.0332E-3	8.0884E-1
4.1300E-4	9.7656E-3	8.5078E-1
4.1400E-4	9.2773E-3	8.7607E-1
4.1500E-4	9.5215E-3	8.8096E-1
4.1600E-4	9.5215E-3	8.6318E-1
4.1700E-4	9.7656E-3	8.2915E-1
4.1800E-4	9.7656E-3	7.7959E-1
4.1900E-4	1.0010E-2	7.2095E-1
4.2000E-4	9.0332E-3	6.5435E-1
4.2100E-4	9.5215E-3	5.8799E-1
4.2200E-4	9.7656E-3	5.2368E-1
4.2300E-4	1.0254E-2	4.6519E-1
4.2400E-4	9.5215E-3	4.1719E-1
4.2500E-4	9.5215E-3	3.8433E-1
4.2600E-4	9.5215E-3	3.6597E-1
4.2700E-4	1.0010E-2	3.6001E-1
4.2800E-4	9.5215E-3	3.6670E-1
4.2900E-4	9.2773E-3	3.8218E-1
4.3000E-4	9.2773E-3	4.0366E-1
4.3100E-4	1.0010E-2	4.2842E-1
4.3200E-4	1.0010E-2	4.6050E-1
4.3300E-4	9.2773E-3	4.9722E-1
4.3400E-4	9.5215E-3	5.3750E-1
4.3500E-4	9.5215E-3	5.8433E-1
4.3600E-4	9.5215E-3	6.3784E-1
4.3700E-4	9.5215E-3	6.9492E-1
4.3800E-4	9.5215E-3	7.5713E-1
4.3900E-4	9.5215E-3	8.1567E-1
4.4000E-4	9.2773E-3	8.5928E-1
4.4100E-4	9.5215E-3	8.8457E-1
4.4200E-4	9.5215E-3	8.8779E-1
4.4300E-4	9.2773E-3	8.6533E-1
4.4400E-4	9.5215E-3	8.2383E-1
4.4500E-4	9.2773E-3	7.6787E-1
4.4600E-4	9.7656E-3	7.0117E-1
4.4700E-4	9.2773E-3	6.2710E-1
4.4800E-4	9.7656E-3	5.5342E-1
4.4900E-4	9.0332E-3	4.8379E-1
4.5000E-4	9.7656E-3	4.2485E-1
4.5100E-4	9.5215E-3	3.7832E-1
4.5200E-4	1.0254E-2	3.4595E-1
4.5300E-4	9.5215E-3	3.2695E-1
4.5400E-4	9.5215E-3	3.2109E-1
4.5500E-4	9.5215E-3	3.2588E-1
4.5600E-4	9.2773E-3	3.3896E-1
4.5700E-4	9.7656E-3	3.6069E-1
4.5800E-4	9.5215E-3	3.8848E-1
4.5900E-4	9.5215E-3	4.1841E-1
4.6000E-4	9.5215E-3	4.5303E-1
4.6100E-4	1.0254E-2	4.9092E-1
4.6200E-4	9.0332E-3	5.3179E-1
4.6300E-4	9.2773E-3	5.7847E-1
4.6400E-4	9.2773E-3	6.3521E-1
4.6500E-4	8.7891E-3	6.9937E-1
4.6600E-4	1.0010E-2	7.6582E-1
4.6700E-4	9.5215E-3	8.2378E-1
4.6800E-4	1.0010E-2	8.6567E-1
4.6900E-4	1.0010E-2	8.8311E-1
4.7000E-4	1.0010E-2	8.7065E-1
4.7100E-4	9.5215E-3	8.3203E-1
4.7200E-4	9.2773E-3	7.7144E-1
4.7300E-4	9.5215E-3	6.9268E-1
4.7400E-4	9.5215E-3	6.0439E-1
4.7500E-4	9.7656E-3	5.1870E-1
4.7600E-4	9.2773E-3	4.4092E-1
4.7700E-4	9.7656E-3	3.7812E-1
4.7800E-4	8.7891E-3	3.3389E-1
4.7900E-4	1.0010E-2	3.0356E-1
4.8000E-4	9.2773E-3	2.8491E-1
4.8100E-4	9.2773E-3	2.7729E-1
4.8200E-4	1.0010E-2	2.7598E-1
4.8300E-4	9.7656E-3	2.8135E-1
4.8400E-4	9.2773E-3	2.9487E-1
4.8500E-4	9.7656E-3	3.1343E-1
4.8600E-4	9.5215E-3	3.3389E-1
4.8700E-4	1.0010E-2	3.6035E-1
4.8800E-4	1.0010E-2	3.9512E-1
4.8900E-4	9.5215E-3	4.3745E-1
4.9000E-4	9.2773E-3	4.9043E-1
4.9100E-4	9.7656E-3	5.5674E-1
4.9200E-4	9.2773E-3	6.3560E-1
4.9300E-4	1.0010E-2	7.1875E-1
4.9400E-4	9.5215E-3	7.9531E-1
4.9500E-4	9.7656E-3	8.5107E-1
4.9600E-4	9.5215E-3	8.7476E-1
4.9700E-4	9.5215E-3	8.5566E-1
4.9800E-4	9.5215E-3	7.9321E-1
4.9900E-4	9.5215E-3	6.9683E-1
5.0000E-4	9.5215E-3	5.8130E-1
5.0100E-4	9.2773E-3	4.6060E-1
5.0200E-4	9.5215E-3	3.4531E-1
5.0300E-4	9.0332E-3	2.4521E-1
5.0400E-4	9.5215E-3	1.6333E-1
5.0500E-4	9.5215E-3	9.9463E-2
5.0600E-4	9.7656E-3	5.2344E-2
5.0700E-4	9.2773E-3	2.3584E-2
5.0800E-4	9.2773E-3	4.9805E-3
5.0900E-4	9.5215E-3	-2.8320E-3
5.1000E-4	1.0010E-2	-4.9805E-3
5.1100E-4	9.7656E-3	-5.8594E-3
5.1200E-4	9.7656E-3	-7.7148E-3
5.1300E-4	9.7656E-3	-8.1055E-3
5.1400E-4	9.7656E-3	-8.4473E-3
5.1500E-4	8.5449E-3	-1.0107E-2
5.1600E-4	9.0332E-3	-1.0352E-2
5.1700E-4	9.2773E-3	-1.0596E-2
5.1800E-4	9.0332E-3	-1.1133E-2
5.1900E-4	9.5215E-3	-1.2549E-2
5.2000E-4	9.0332E-3	-1.4893E-2
5.2100E-4	9.5215E-3	-1.6699E-2
5.2200E-4	9.5215E-3	-1.6553E-2
5.2300E-4	9.5215E-3	-1.7529E-2
5.2400E-4	9.2773E-3	-1.9922E-2
5.2500E-4	9.7656E-3	-1.9727E-2
5.2600E-4	9.2773E-3	-2.2607E-2
5.2700E-4	9.2773E-3	-2.7051E-2
5.2800E-4	1.0010E-2	-2.9395E-2
5.2900E-4	9.5215E-3	-2.7197E-2
5.3000E-4	9.5215E-3	-2.6172E-2
5.3100E-4	1.0254E-2	-2.1631E-2
5.3200E-4	9.5215E-3	-1.4941E-2
5.3300E-4	1.0010E-2	-6.7871E-3
5.3400E-4	9.0332E-3	4.8828E-4
5.3500E-4	1.0010E-2	1.1963E-2
5.3600E-4	9.0332E-3	2.5537E-2
5.3700E-4	1.0010E-2	4.0332E-2
5.3800E-4	9.5215E-3	5.9619E-2
5.3900E-4	9.0332E-3	8.3057E-2
5.4000E-4	9.2773E-3	1.1084E-1
5.4100E-4	9.7656E-3	1.4287E-1
5.4200E-4	9.2773E-3	1.8193E-1
5.4300E-4	1.0010E-2	2.3130E-1
5.4400E-4	9.7656E-3	2.9624E-1
5.4500E-4	9.2773E-3	3.7808E-1
5.4600E-4	9.5215E-3	4.8057E-1
5.4700E-4	9.7656E-3	6.0078E-1
5.4800E-4	9.7656E-3	7.2271E-1
5.4900E-4	9.2773E-3	8.2744E-1
5.5000E-4	8.7891E-3	9.0083E-1
5.5100E-4	1.0254E-2	9.3145E-1
5.5200E-4	9.0332E-3	9.1318E-1
5.5300E-4	9.5215E-3	8.4893E-1
5.5400E-4	9.2773E-3	7.5767E-1
5.5500E-4	1.0010E-2	6.5146E-1
5.5600E-4	9.5215E-3	5.4287E-1
5.5700E-4	1.0010E-2	4.4404E-1
5.5800E-4	9.5215E-3	3.6479E-1
5.5900E-4	9.7656E-3	3.0562E-1
5.6000E-4	9.7656E-3	2.6660E-1
5.6100E-4	9.5215E-3	2.4688E-1
5.6200E-4	9.5215E-3	2.4043E-1
5.6300E-4	9.5215E-3	2.4575E-1
5.6400E-4	9.7656E-3	2.5913E-1
5.6500E-4	1.0498E-2	2.8062E-1
5.6600E-4	9.5215E-3	3.0659E-1
5.6700E-4	1.0254E-2	3.3906E-1
5.6800E-4	9.2773E-3	3.7622E-1
5.6900E-4	9.2773E-3	4.1958E-1
5.7000E-4	9.2773E-3	4.6846E-1
5.7100E-4	9.2773E-3	5.2319E-1
5.7200E-4	9.7656E-3	5.8579E-1
5.7300E-4	9.7656E-3	6.5474E-1
5.7400E-4	9.2773E-3	7.2798E-1
5.7500E-4	9.7656E-3	7.9648E-1
5.7600E-4	9.5215E-3	8.5254E-1
5.7700E-4	9.2773E-3	8.8481E-1
5.7800E-4	9.2773E-3	8.9097E-1
5.7900E-4	9.5215E-3	8.6753E-1
5.8000E-4	9.7656E-3	8.2017E-1
5.8100E-4	9.2773E-3	7.5474E-1
5.8200E-4	9.2773E-3	6.8013E-1
5.8300E-4	9.5215E-3	6.0493E-1
5.8400E-4	9.5215E-3	5.3320E-1
5.8500E-4	9.7656E-3	4.6904E-1
5.8600E-4	9.0332E-3	4.1787E-1
5.8700E-4	1.0254E-2	3.7905E-1
5.8800E-4	9.2773E-3	3.5229E-1
5.8900E-4	1.0498E-2	3.3770E-1
5.9000E-4	9.7656E-3	3.3540E-1
5.9100E-4	9.2773E-3	3.4229E-1
5.9200E-4	9.5215E-3	3.5742E-1
5.9300E-4	9.5215E-3	3.7832E-1
5.9400E-4	9.7656E-3	4.0366E-1
5.9500E-4	1.0010E-2	4.3486E-1
5.9600E-4	9.7656E-3	4.6958E-1
5.9700E-4	9.2773E-3	5.1187E-1
5.9800E-4	9.5215E-3	5.6182E-1
5.9900E-4	9.5215E-3	6.2017E-1
6.0000E-4	9.5215E-3	6.8091E-1
6.0100E-4	1.0010E-2	7.4565E-1
6.0200E-4	9.5215E-3	8.0439E-1
6.0300E-4	9.5215E-3	8.5005E-1
6.0400E-4	9.7656E-3	8.7480E-1
6.0500E-4	9.5215E-3	8.7876E-1
6.0600E-4	9.5215E-3	8.5825E-1
6.0700E-4	9.7656E-3	8.1797E-1
6.0800E-4	1.0010E-2	7.6050E-1
6.0900E-4	9.7656E-3	6.9365E-1
6.1000E-4	8.7891E-3	6.2266E-1
6.1100E-4	9.2773E-3	5.5283E-1
6.1200E-4	9.5215E-3	4.9062E-1
6.1300E-4	9.2773E-3	4.4165E-1
6.1400E-4	9.2773E-3	4.0771E-1
6.1500E-4	9.7656E-3	3.8545E-1
6.1600E-4	1.0010E-2	3.7383E-1
6.1700E-4	1.0010E-2	3.7163E-1
6.1800E-4	1.0010E-2	3.7671E-1
6.1900E-4	1.0254E-2	3.8643E-1
6.2000E-4	9.2773E-3	4.0239E-1
6.2100E-4	9.7656E-3	4.2461E-1
6.2200E-4	1.0254E-2	4.4893E-1
6.2300E-4	1.0010E-2	4.7837E-1
6.2400E-4	1.0010E-2	5.1460E-1
6.2500E-4	1.0010E-2	5.5737E-1
6.2600E-4	9.5215E-3	6.0684E-1
6.2700E-4	9.5215E-3	6.6470E-1
6.2800E-4	9.7656E-3	7.2661E-1
6.2900E-4	1.0498E-2	7.8618E-1
6.3000E-4	9.7656E-3	8.3521E-1
6.3100E-4	9.2773E-3	8.6909E-1
6.3200E-4	9.0332E-3	8.8286E-1
6.3300E-4	9.2773E-3	8.7192E-1
6.3400E-4	9.0332E-3	8.4043E-1
6.3500E-4	9.7656E-3	7.9541E-1
6.3600E-4	1.0010E-2	7.3892E-1
6.3700E-4	9.7656E-3	6.7617E-1
6.3800E-4	9.5215E-3	6.1475E-1
6.3900E-4	9.7656E-3	5.5640E-1
6.4000E-4	9.2773E-3	5.0405E-1
6.4100E-4	9.7656E-3	4.6157E-1
6.4200E-4	9.2773E-3	4.3101E-1
6.4300E-4	9.5215E-3	4.1157E-1
6.4400E-4	9.5215E-3	4.0405E-1
6.4500E-4	1.0010E-2	4.0801E-1
6.4600E-4	1.0010E-2	4.1938E-1
6.4700E-4	9.2773E-3	4.3716E-1
6.4800E-4	9.5215E-3	4.5991E-1
6.4900E-4	9.5215E-3	4.8813E-1
6.5000E-4	9.5215E-3	5.1909E-1
6.5100E-4	9.7656E-3	5.5444E-1
6.5200E-4	1.0010E-2	5.9424E-1
6.5300E-4	9.5215E-3	6.3843E-1
6.5400E-4	9.5215E-3	6.8511E-1
6.5500E-4	9.7656E-3	7.3325E-1
6.5600E-4	1.0010E-2	7.8086E-1
6.5700E-4	9.7656E-3	8.2188E-1
6.5800E-4	1.0010E-2	8.4932E-1
6.5900E-4	9.5215E-3	8.6055E-1
6.6000E-4	9.7656E-3	8.5469E-1
6.6100E-4	1.0498E-2	8.3105E-1
6.6200E-4	9.5215E-3	7.9321E-1
6.6300E-4	9.7656E-3	7.4702E-1
6.6400E-4	9.2773E-3	6.9443E-1
6.6500E-4	9.2773E-3	6.3950E-1
6.6600E-4	9.2773E-3	5.8701E-1
6.6700E-4	9.5215E-3	5.3774E-1
6.6800E-4	9.2773E-3	4.9517E-1
6.6900E-4	9.2773E-3	4.6421E-1
6.7000E-4	9.5215E-3	4.4292E-1
6.7100E-4	9.5215E-3	4.3369E-1
6.7200E-4	9.7656E-3	4.3618E-1
6.7300E-4	9.2773E-3	4.4702E-1
6.7400E-4	9.2773E-3	4.6245E-1
6.7500E-4	1.0010E-2	4.8237E-1
6.7600E-4	9.5215E-3	5.0425E-1
6.7700E-4	9.0332E-3	5.2656E-1
6.7800E-4	9.7656E-3	5.5332E-1
6.7900E-4	1.0254E-2	5.8379E-1
6.8000E-4	9.5215E-3	6.1992E-1
6.8100E-4	9.5215E-3	6.6094E-1
6.8200E-4	9.5215E-3	7.0757E-1
6.8300E-4	9.2773E-3	7.5249E-1
6.8400E-4	9.2773E-3	7.9282E-1
6.8500E-4	9.7656E-3	8.2490E-1
6.8600E-4	9.0332E-3	8.4380E-1
6.8700E-4	1.0010E-2	8.4468E-1
6.8800E-4	1.0254E-2	8.3042E-1
6.8900E-4	9.2773E-3	8.0435E-1
6.9000E-4	9.2773E-3	7.6719E-1
6.9100E-4	1.0254E-2	7.2500E-1
6.9200E-4	1.0010E-2	6.8311E-1
6.9300E-4	9.5215E-3	6.4189E-1
6.9400E-4	9.7656E-3	6.0405E-1
6.9500E-4	9.2773E-3	5.7202E-1
6.9600E-4	9.2773E-3	5.4238E-1
6.9700E-4	1.0010E-2	5.1846E-1
6.9800E-4	9.5215E-3	5.0571E-1
6.9900E-4	9.0332E-3	5.0049E-1
7.0000E-4	9.5215E-3	5.0171E-1
7.0100E-4	1.0254E-2	5.1069E-1
7.0200E-4	9.5215E-3	5.2622E-1
7.0300E-4	9.7656E-3	5.4487E-1
7.0400E-4	9.5215E-3	5.6777E-1
7.0500E-4	1.0254E-2	5.9414E-1
7.0600E-4	9.2773E-3	6.2520E-1
7.0700E-4	9.5215E-3	6.5908E-1
7.0800E-4	9.2773E-3	6.9258E-1
7.0900E-4	9.0332E-3	7.2656E-1
7.1000E-4	9.7656E-3	7.6162E-1
7.1100E-4	9.7656E-3	7.9185E-1
7.1200E-4	1.0010E-2	8.1396E-1
7.1300E-4	9.7656E-3	8.2920E-1
7.1400E-4	9.2773E-3	8.3242E-1
7.1500E-4	9.0332E-3	8.2212E-1
7.1600E-4	9.2773E-3	8.0059E-1
7.1700E-4	9.7656E-3	7.7153E-1
7.1800E-4	9.2773E-3	7.3765E-1
7.1900E-4	9.7656E-3	7.0142E-1
7.2000E-4	9.7656E-3	6.6460E-1
7.2100E-4	9.5215E-3	6.3179E-1
7.2200E-4	9.5215E-3	6.0313E-1
7.2300E-4	1.0010E-2	5.7754E-1
7.2400E-4	9.2773E-3	5.5874E-1
7.2500E-4	9.2773E-3	5.4507E-1
7.2600E-4	9.2773E-3	5.3652E-1
7.2700E-4	9.5215E-3	5.3262E-1
7.2800E-4	9.7656E-3	5.3467E-1
7.2900E-4	9.2773E-3	5.3989E-1
7.3000E-4	9.0332E-3	5.4902E-1
7.3100E-4	9.2773E-3	5.6294E-1
7.3200E-4	1.0254E-2	5.7974E-1
7.3300E-4	9.0332E-3	5.9883E-1
7.3400E-4	9.7656E-3	6.2007E-1
7.3500E-4	9.7656E-3	6.4258E-1
7.3600E-4	9.2773E-3	6.6436E-1
7.3700E-4	1.0010E-2	6.8735E-1
7.3800E-4	9.2773E-3	7.0952E-1
7.3900E-4	1.0010E-2	7.2808E-1
7.4000E-4	9.7656E-3	7.4409E-1
7.4100E-4	9.0332E-3	7.5562E-1
7.4200E-4	9.7656E-3	7.6133E-1
7.4300E-4	9.2773E-3	7.6089E-1
7.4400E-4	9.2773E-3	7.5796E-1
7.4500E-4	9.7656E-3	7.5005E-1
7.4600E-4	9.5215E-3	7.3921E-1
7.4700E-4	1.0010E-2	7.2573E-1
7.4800E-4	9.2773E-3	7.1016E-1
7.4900E-4	1.0010E-2	6.8979E-1
7.5000E-4	9.5215E-3	6.7109E-1
7.5100E-4	9.7656E-3	6.5366E-1
7.5200E-4	9.5215E-3	6.3711E-1
7.5300E-4	9.5215E-3	6.2290E-1
7.5400E-4	1.0010E-2	6.1304E-1
7.5500E-4	9.2773E-3	6.0391E-1
7.5600E-4	9.5215E-3	5.9780E-1
7.5700E-4	9.5215E-3	5.9487E-1
7.5800E-4	9.5215E-3	5.9502E-1
7.5900E-4	9.5215E-3	5.9819E-1
7.6000E-4	9.5215E-3	6.0649E-1
7.6100E-4	1.0010E-2	6.1577E-1
7.6200E-4	9.2773E-3	6.2813E-1
7.6300E-4	9.2773E-3	6.3999E-1
7.6400E-4	9.7656E-3	6.5161E-1
7.6500E-4	1.0254E-2	6.6094E-1
7.6600E-4	9.7656E-3	6.6997E-1
7.6700E-4	9.5215E-3	6.7886E-1
7.6800E-4	9.2773E-3	6.8789E-1
7.6900E-4	1.0254E-2	6.9819E-1
7.7000E-4	9.5215E-3	7.0923E-1
7.7100E-4	9.2773E-3	7.1880E-1
7.7200E-4	9.7656E-3	7.2456E-1
7.7300E-4	9.7656E-3	7.2817E-1
7.7400E-4	1.0010E-2	7.2788E-1
7.7500E-4	9.5215E-3	7.2290E-1
7.7600E-4	9.7656E-3	7.1631E-1
7.7700E-4	9.5215E-3	7.0635E-1
7.7800E-4	9.2773E-3	6.9585E-1
7.7900E-4	9.5215E-3	6.8345E-1
7.8000E-4	9.7656E-3	6.7266E-1
7.8100E-4	1.0254E-2	6.5703E-1
7.8200E-4	9.2773E-3	6.4048E-1
7.8300E-4	1.0254E-2	6.2241E-1
7.8400E-4	9.5215E-3	6.0806E-1
7.8500E-4	9.5215E-3	5.9448E-1
7.8600E-4	9.2773E-3	5.8501E-1
7.8700E-4	9.7656E-3	5.7974E-1
7.8800E-4	9.2773E-3	5.7700E-1
7.8900E-4	9.7656E-3	5.7661E-1
7.9000E-4	9.5215E-3	5.7720E-1
7.9100E-4	9.5215E-3	5.8247E-1
7.9200E-4	9.5215E-3	5.9141E-1
7.9300E-4	1.0010E-2	6.0107E-1
7.9400E-4	9.7656E-3	6.1211E-1
7.9500E-4	9.5215E-3	6.2446E-1
7.9600E-4	9.7656E-3	6.3828E-1
7.9700E-4	9.7656E-3	6.5283E-1
7.9800E-4	9.5215E-3	6.7246E-1
7.9900E-4	1.0010E-2	6.9131E-1
8.0000E-4	9.5215E-3	7.1274E-1
8.0100E-4	1.0010E-2	7.3428E-1
8.0200E-4	1.0010E-2	7.5249E-1
8.0300E-4	9.7656E-3	7.6499E-1
8.0400E-4	9.7656E-3	7.7163E-1
8.0500E-4	9.0332E-3	7.6885E-1
8.0600E-4	1.0010E-2	7.5796E-1
8.0700E-4	9.5215E-3	7.4341E-1
8.0800E-4	9.5215E-3	7.2339E-1
8.0900E-4	9.2773E-3	7.0142E-1
8.1000E-4	9.5215E-3	6.7769E-1
8.1100E-4	1.0010E-2	6.5366E-1
8.1200E-4	8.7891E-3	6.2876E-1
8.1300E-4	1.0010E-2	6.0474E-1
8.1400E-4	9.5215E-3	5.8325E-1
8.1500E-4	1.0010E-2	5.6709E-1
8.1600E-4	9.7656E-3	5.5425E-1
8.1700E-4	9.5215E-3	5.4478E-1
8.1800E-4	9.2773E-3	5.4302E-1
8.1900E-4	1.0010E-2	5.4502E-1
8.2000E-4	9.2773E-3	5.4932E-1
8.2100E-4	9.2773E-3	5.5796E-1
8.2200E-4	9.7656E-3	5.7017E-1
8.2300E-4	9.7656E-3	5.8574E-1
8.2400E-4	9.5215E-3	6.0532E-1
8.2500E-4	1.0254E-2	6.3130E-1
8.2600E-4	9.5215E-3	6.5991E-1
8.2700E-4	9.5215E-3	6.9224E-1
8.2800E-4	1.0010E-2	7.2266E-1
8.2900E-4	9.2773E-3	7.5083E-1
8.3000E-4	9.5215E-3	7.7412E-1
8.3100E-4	9.5215E-3	7.8975E-1
8.3200E-4	9.7656E-3	7.9595E-1
8.3300E-4	9.2773E-3	7.9385E-1
8.3400E-4	9.7656E-3	7.8174E-1
8.3500E-4	9.7656E-3	7.5981E-1
8.3600E-4	8.7891E-3	7.3174E-1
8.3700E-4	9.5215E-3	6.9741E-1
8.3800E-4	9.7656E-3	6.6016E-1
8.3900E-4	9.5215E-3	6.2197E-1
8.4000E-4	1.0254E-2	5.8672E-1
8.4100E-4	9.5215E-3	5.5498E-1
8.4200E-4	9.7656E-3	5.3154E-1
8.4300E-4	9.2773E-3	5.1401E-1
8.4400E-4	9.5215E-3	5.0186E-1
8.4500E-4	9.7656E-3	4.9463E-1
8.4600E-4	9.2773E-3	4.9307E-1
8.4700E-4	9.5215E-3	4.9526E-1
8.4800E-4	9.7656E-3	5.0498E-1
8.4900E-4	9.7656E-3	5.2153E-1
8.5000E-4	9.7656E-3	5.4287E-1
8.5100E-4	1.0254E-2	5.7075E-1
8.5200E-4	1.0254E-2	6.0352E-1
8.5300E-4	9.7656E-3	6.3818E-1
8.5400E-4	9.2773E-3	6.7563E-1
8.5500E-4	1.0498E-2	7.1714E-1
8.5600E-4	9.2773E-3	7.5815E-1
8.5700E-4	9.7656E-3	7.9644E-1
8.5800E-4	9.0332E-3	8.2842E-1
8.5900E-4	9.5215E-3	8.4771E-1
8.6000E-4	9.5215E-3	8.5332E-1
8.6100E-4	9.2773E-3	8.4482E-1
8.6200E-4	9.7656E-3	8.2290E-1
8.6300E-4	1.0010E-2	7.9028E-1
8.6400E-4	9.2773E-3	7.5029E-1
8.6500E-4	9.7656E-3	7.0386E-1
8.6600E-4	1.0010E-2	6.5420E-1
8.6700E-4	9.0332E-3	6.0449E-1
8.6800E-4	9.5215E-3	5.5703E-1
8.6900E-4	9.7656E-3	5.1758E-1
8.7000E-4	1.0254E-2	4.8701E-1
8.7100E-4	9.5215E-3	4.6514E-1
8.7200E-4	9.5215E-3	4.5117E-1
8.7300E-4	9.5215E-3	4.4453E-1
8.7400E-4	9.7656E-3	4.4458E-1
8.7500E-4	9.7656E-3	4.5015E-1
8.7600E-4	9.5215E-3	4.6123E-1
8.7700E-4	9.5215E-3	4.8062E-1
8.7800E-4	9.5215E-3	5.0801E-1
8.7900E-4	9.0332E-3	5.4302E-1
8.8000E-4	9.0332E-3	5.8330E-1
8.8100E-4	1.0010E-2	6.3032E-1
8.8200E-4	1.0010E-2	6.8057E-1
8.8300E-4	9.5215E-3	7.3208E-1
8.8400E-4	9.7656E-3	7.8242E-1
8.8500E-4	9.5215E-3	8.2695E-1
8.8600E-4	9.5215E-3	8.5928E-1
8.8700E-4	9.5215E-3	8.7422E-1
8.8800E-4	9.5215E-3	8.7051E-1
8.8900E-4	9.7656E-3	8.4824E-1
8.9000E-4	9.5215E-3	8.0889E-1
8.9100E-4	9.7656E-3	7.5674E-1
8.9200E-4	9.7656E-3	6.9888E-1
8.9300E-4	9.5215E-3	6.3691E-1
8.9400E-4	9.0332E-3	5.7524E-1
8.9500E-4	9.5215E-3	5.2061E-1
8.9600E-4	1.0010E-2	4.7813E-1
8.9700E-4	9.5215E-3	4.4595E-1
8.9800E-4	1.0254E-2	4.2368E-1
8.9900E-4	9.0332E-3	4.1216E-1
9.0000E-4	1.0010E-2	4.1064E-1
9.0100E-4	9.7656E-3	4.1470E-1
9.0200E-4	1.0010E-2	4.2510E-1
9.0300E-4	9.7656E-3	4.4399E-1
9.0400E-4	9.7656E-3	4.6821E-1
9.0500E-4	1.0010E-2	4.9492E-1
9.0600E-4	1.0010E-2	5.2554E-1
9.0700E-4	9.2773E-3	5.6313E-1
9.0800E-4	9.2773E-3	6.0571E-1
9.0900E-4	9.5215E-3	6.5356E-1
9.1000E-4	9.5215E-3	7.0796E-1
9.1100E-4	9.2773E-3	7.6504E-1
9.1200E-4	9.5215E-3	8.1626E-1
9.1300E-4	9.7656E-3	8.5435E-1
9.1400E-4	9.5215E-3	8.7700E-1
9.1500E-4	9.7656E-3	8.8184E-1
9.1600E-4	9.7656E-3	8.6470E-1
9.1700E-4	9.5215E-3	8.2925E-1
9.1800E-4	9.2773E-3	7.8008E-1
9.1900E-4	9.5215E-3	7.1831E-1
9.2000E-4	9.5215E-3	6.4805E-1
9.2100E-4	1.0010E-2	5.7852E-1
9.2200E-4	9.7656E-3	5.1196E-1
9.2300E-4	9.5215E-3	4.5649E-1
9.2400E-4	1.0010E-2	4.1567E-1
9.2500E-4	9.5215E-3	3.8955E-1
9.2600E-4	1.0010E-2	3.7607E-1
9.2700E-4	1.0498E-2	3.7407E-1
9.2800E-4	9.5215E-3	3.7847E-1
9.2900E-4	9.2773E-3	3.8887E-1
9.3000E-4	9.2773E-3	4.0356E-1
9.3100E-4	1.0010E-2	4.2300E-1
9.3200E-4	9.2773E-3	4.4746E-1
9.3300E-4	9.7656E-3	4.7720E-1
9.3400E-4	9.7656E-3	5.1201E-1
9.3500E-4	9.5215E-3	5.5332E-1
9.3600E-4	9.2773E-3	6.0200E-1
9.3700E-4	1.0010E-2	6.5825E-1
9.3800E-4	9.7656E-3	7.2363E-1
9.3900E-4	9.2773E-3	7.8823E-1
9.4000E-4	9.5215E-3	8.4419E-1
9.4100E-4	9.0332E-3	8.8086E-1
9.4200E-4	9.0332E-3	8.9507E-1
9.4300E-4	9.0332E-3	8.8154E-1
9.4400E-4	9.2773E-3	8.4351E-1
9.4500E-4	9.2773E-3	7.8521E-1
9.4600E-4	9.0332E-3	7.1523E-1
9.4700E-4	9.5215E-3	6.3799E-1
9.4800E-4	9.5215E-3	5.6064E-1
9.4900E-4	1.0010E-2	4.9106E-1
9.5000E-4	9.7656E-3	4.3228E-1
9.5100E-4	9.5215E-3	3.8799E-1
9.5200E-4	1.0010E-2	3.5859E-1
9.5300E-4	9.5215E-3	3.4214E-1
9.5400E-4	9.5215E-3	3.3521E-1
9.5500E-4	1.0498E-2	3.3804E-1
9.5600E-4	1.0254E-2	3.4678E-1
9.5700E-4	9.7656E-3	3.6240E-1
9.5800E-4	1.0254E-2	3.8320E-1
9.5900E-4	9.2773E-3	4.0845E-1
9.6000E-4	9.5215E-3	4.3960E-1
9.6100E-4	9.7656E-3	4.7954E-1
9.6200E-4	1.0010E-2	5.2637E-1
9.6300E-4	9.5215E-3	5.8071E-1
9.6400E-4	9.7656E-3	6.4453E-1
9.6500E-4	9.0332E-3	7.1626E-1
9.6600E-4	1.0010E-2	7.8394E-1
9.6700E-4	9.7656E-3	8.3882E-1
9.6800E-4	9.2773E-3	8.7637E-1
9.6900E-4	9.5215E-3	8.9028E-1
9.7000E-4	9.7656E-3	8.7261E-1
9.7100E-4	9.7656E-3	8.2822E-1
9.7200E-4	9.5215E-3	7.6338E-1
9.7300E-4	1.0010E-2	6.8418E-1
9.7400E-4	1.0010E-2	5.9531E-1
9.7500E-4	9.5215E-3	5.0884E-1
9.7600E-4	9.2773E-3	4.3252E-1
9.7700E-4	1.0254E-2	3.7041E-1
9.7800E-4	9.2773E-3	3.2202E-1
9.7900E-4	9.7656E-3	2.9229E-1
9.8000E-4	9.5215E-3	2.7495E-1
9.8100E-4	9.5215E-3	2.6675E-1
9.8200E-4	9.0332E-3	2.6416E-1
9.8300E-4	1.0010E-2	2.6973E-1
9.8400E-4	9.2773E-3	2.7969E-1
9.8500E-4	1.0010E-2	2.9453E-1
9.8600E-4	9.7656E-3	3.1631E-1
9.8700E-4	9.5215E-3	3.4590E-1
9.8800E-4	9.5215E-3	3.8164E-1
9.8900E-4	1.0498E-2	4.2373E-1
9.9000E-4	1.0254E-2	4.7671E-1
9.9100E-4	9.0332E-3	5.4009E-1
9.9200E-4	1.0498E-2	6.1606E-1
9.9300E-4	1.0254E-2	6.9980E-1
9.9400E-4	9.5215E-3	7.7979E-1
9.9500E-4	9.2773E-3	8.4116E-1
9.9600E-4	9.7656E-3	8.7251E-1
9.9700E-4	9.7656E-3	8.6484E-1
9.9800E-4	9.7656E-3	8.6484E-1
9.9900E-4	9.5215E-3	8.6484E-1
