Time [s]	Aux in [V]	Main in [V]
0.0000E+0	9.7656E-3	-9.0771E-2
1.0000E-6	9.5215E-3	-8.8232E-2
2.0000E-6	9.5215E-3	-8.6377E-2
3.0000E-6	9.5215E-3	-8.2812E-2
4.0000E-6	1.0254E-2	-7.6709E-2
5.0000E-6	1.0254E-2	-7.4805E-2
6.0000E-6	9.5215E-3	-7.6416E-2
7.0000E-6	9.2773E-3	-7.6318E-2
8.0000E-6	9.7656E-3	-7.6758E-2
9.0000E-6	1.0010E-2	-7.8174E-2
1.0000E-5	9.5215E-3	-7.6270E-2
1.1000E-5	1.0010E-2	-7.0801E-2
1.2000E-5	9.2773E-3	-6.5723E-2
1.3000E-5	9.2773E-3	-6.0400E-2
1.4000E-5	1.0010E-2	-5.4297E-2
1.5000E-5	9.5215E-3	-4.5459E-2
1.6000E-5	1.0010E-2	-3.4570E-2
1.7000E-5	9.2773E-3	-1.7480E-2
1.8000E-5	9.2773E-3	3.8086E-3
1.9000E-5	9.7656E-3	3.3447E-2
2.0000E-5	1.0010E-2	7.0508E-2
2.1000E-5	1.0010E-2	1.1597E-1
2.2000E-5	9.7656E-3	1.6958E-1
2.3000E-5	9.5215E-3	2.3726E-1
2.4000E-5	1.0010E-2	3.2183E-1
2.5000E-5	9.0332E-3	4.2842E-1
2.6000E-5	1.0010E-2	5.4956E-1
2.7000E-5	8.7891E-3	6.7153E-1
2.8000E-5	9.7656E-3	7.7676E-1
2.9000E-5	1.0010E-2	8.4893E-1
3.0000E-5	1.0010E-2	8.7456E-1
3.1000E-5	9.5215E-3	8.5269E-1
3.2000E-5	9.2773E-3	7.9219E-1
3.3000E-5	9.5215E-3	7.0449E-1
3.4000E-5	9.5215E-3	6.0044E-1
3.5000E-5	9.7656E-3	4.9238E-1
3.6000E-5	9.7656E-3	3.9253E-1
3.7000E-5	9.5215E-3	3.0820E-1
3.8000E-5	1.0010E-2	2.4526E-1
3.9000E-5	9.7656E-3	2.0610E-1
4.0000E-5	9.5215E-3	1.8496E-1
4.1000E-5	1.0010E-2	1.8027E-1
4.2000E-5	9.5215E-3	1.8735E-1
4.3000E-5	9.2773E-3	2.0439E-1
4.4000E-5	9.7656E-3	2.2759E-1
4.5000E-5	9.0332E-3	2.5693E-1
4.6000E-5	9.7656E-3	2.9028E-1
4.7000E-5	1.0010E-2	3.2729E-1
4.8000E-5	9.7656E-3	3.6792E-1
4.9000E-5	9.2773E-3	4.1426E-1
5.0000E-5	9.7656E-3	4.6650E-1
5.1000E-5	9.7656E-3	5.2700E-1
5.2000E-5	9.5215E-3	5.9722E-1
5.3000E-5	9.2773E-3	6.7236E-1
5.4000E-5	9.5215E-3	7.4673E-1
5.5000E-5	9.2773E-3	8.0620E-1
5.6000E-5	1.0254E-2	8.4243E-1
5.7000E-5	9.2773E-3	8.5020E-1
5.8000E-5	9.7656E-3	8.2573E-1
5.9000E-5	9.5215E-3	7.7061E-1
6.0000E-5	9.5215E-3	7.0073E-1
6.1000E-5	9.5215E-3	6.2109E-1
6.2000E-5	9.2773E-3	5.3833E-1
6.3000E-5	9.5215E-3	4.6211E-1
6.4000E-5	9.5215E-3	3.9399E-1
6.5000E-5	9.5215E-3	3.4004E-1
6.6000E-5	1.0498E-2	3.0239E-1
6.7000E-5	9.0332E-3	2.7871E-1
6.8000E-5	9.0332E-3	2.6929E-1
6.9000E-5	9.0332E-3	2.7285E-1
7.0000E-5	1.0010E-2	2.8535E-1
7.1000E-5	9.7656E-3	3.0332E-1
7.2000E-5	9.7656E-3	3.2622E-1
7.3000E-5	9.5215E-3	3.5239E-1
7.4000E-5	9.7656E-3	3.8491E-1
7.5000E-5	9.5215E-3	4.2251E-1
7.6000E-5	9.5215E-3	4.6665E-1
7.7000E-5	9.7656E-3	5.1865E-1
7.8000E-5	9.5215E-3	5.7559E-1
7.9000E-5	1.0010E-2	6.3706E-1
8.0000E-5	1.0254E-2	6.9971E-1
8.1000E-5	9.5215E-3	7.5757E-1
8.2000E-5	9.5215E-3	8.0039E-1
8.3000E-5	9.5215E-3	8.2373E-1
8.4000E-5	1.0010E-2	8.2393E-1
8.5000E-5	9.5215E-3	7.9951E-1
8.6000E-5	9.0332E-3	7.5439E-1
8.7000E-5	1.0254E-2	6.9653E-1
8.8000E-5	9.5215E-3	6.3179E-1
8.9000E-5	9.2773E-3	5.6377E-1
9.0000E-5	8.5449E-3	4.9712E-1
9.1000E-5	9.5215E-3	4.3735E-1
9.2000E-5	9.2773E-3	3.9019E-1
9.3000E-5	9.2773E-3	3.5303E-1
9.4000E-5	9.7656E-3	3.2925E-1
9.5000E-5	9.5215E-3	3.1802E-1
9.6000E-5	9.0332E-3	3.1450E-1
9.7000E-5	1.0010E-2	3.1621E-1
9.8000E-5	9.2773E-3	3.2666E-1
9.9000E-5	9.7656E-3	3.4233E-1
1.0000E-4	9.2773E-3	3.6328E-1
1.0100E-4	9.7656E-3	3.9170E-1
1.0200E-4	9.5215E-3	4.2568E-1
1.0300E-4	9.2773E-3	4.6475E-1
1.0400E-4	9.2773E-3	5.0947E-1
1.0500E-4	1.0010E-2	5.6279E-1
1.0600E-4	9.0332E-3	6.2085E-1
1.0700E-4	1.0254E-2	6.8188E-1
1.0800E-4	1.0010E-2	7.4106E-1
1.0900E-4	9.5215E-3	7.9243E-1
1.1000E-4	9.2773E-3	8.2476E-1
1.1100E-4	9.5215E-3	8.3706E-1
1.1200E-4	9.0332E-3	8.2734E-1
1.1300E-4	9.5215E-3	7.9736E-1
1.1400E-4	9.2773E-3	7.5205E-1
1.1500E-4	1.0010E-2	6.9619E-1
1.1600E-4	9.7656E-3	6.3462E-1
1.1700E-4	9.7656E-3	5.7207E-1
1.1800E-4	1.0010E-2	5.1011E-1
1.1900E-4	9.7656E-3	4.5469E-1
1.2000E-4	1.0254E-2	4.0918E-1
1.2100E-4	9.5215E-3	3.7363E-1
1.2200E-4	9.2773E-3	3.5269E-1
1.2300E-4	1.0010E-2	3.5010E-1
1.2400E-4	9.7656E-3	3.5615E-1
1.2500E-4	1.0010E-2	3.7197E-1
1.2600E-4	9.0332E-3	3.9424E-1
1.2700E-4	9.0332E-3	4.2104E-1
1.2800E-4	1.0010E-2	4.4648E-1
1.2900E-4	9.7656E-3	4.7603E-1
1.3000E-4	9.5215E-3	5.1050E-1
1.3100E-4	9.2773E-3	5.5220E-1
1.3200E-4	1.0010E-2	5.9619E-1
1.3300E-4	9.5215E-3	6.4482E-1
1.3400E-4	9.7656E-3	6.9766E-1
1.3500E-4	9.0332E-3	7.4600E-1
1.3600E-4	9.5215E-3	7.8408E-1
1.3700E-4	9.5215E-3	8.0752E-1
1.3800E-4	9.7656E-3	8.1563E-1
1.3900E-4	9.2773E-3	8.0303E-1
1.4000E-4	9.2773E-3	7.7368E-1
1.4100E-4	9.5215E-3	7.3145E-1
1.4200E-4	1.0498E-2	6.8140E-1
1.4300E-4	9.2773E-3	6.2554E-1
1.4400E-4	9.5215E-3	5.6914E-1
1.4500E-4	9.2773E-3	5.1367E-1
1.4600E-4	9.5215E-3	4.6387E-1
1.4700E-4	1.0010E-2	4.2295E-1
1.4800E-4	1.0010E-2	3.9214E-1
1.4900E-4	9.2773E-3	3.7383E-1
1.5000E-4	1.0254E-2	3.7051E-1
1.5100E-4	1.0010E-2	3.7925E-1
1.5200E-4	9.5215E-3	3.9448E-1
1.5300E-4	9.7656E-3	4.1587E-1
1.5400E-4	9.5215E-3	4.3994E-1
1.5500E-4	9.2773E-3	4.6284E-1
1.5600E-4	1.0498E-2	4.8687E-1
1.5700E-4	1.0010E-2	5.1563E-1
1.5800E-4	9.5215E-3	5.4712E-1
1.5900E-4	1.0010E-2	5.8301E-1
1.6000E-4	9.5215E-3	6.2407E-1
1.6100E-4	9.2773E-3	6.6626E-1
1.6200E-4	9.5215E-3	7.0537E-1
1.6300E-4	9.2773E-3	7.4160E-1
1.6400E-4	9.5215E-3	7.6982E-1
1.6500E-4	9.7656E-3	7.8540E-1
1.6600E-4	9.2773E-3	7.8799E-1
1.6700E-4	9.5215E-3	7.7886E-1
1.6800E-4	9.2773E-3	7.5376E-1
1.6900E-4	9.2773E-3	7.1836E-1
1.7000E-4	9.2773E-3	6.7661E-1
1.7100E-4	9.5215E-3	6.3140E-1
1.7200E-4	9.7656E-3	5.8525E-1
1.7300E-4	9.5215E-3	5.4551E-1
1.7400E-4	9.5215E-3	5.0957E-1
1.7500E-4	9.5215E-3	4.8042E-1
1.7600E-4	1.0010E-2	4.6055E-1
1.7700E-4	9.7656E-3	4.5103E-1
1.7800E-4	9.7656E-3	4.4697E-1
1.7900E-4	9.7656E-3	4.4922E-1
1.8000E-4	1.0010E-2	4.5859E-1
1.8100E-4	9.7656E-3	4.7275E-1
1.8200E-4	9.5215E-3	4.8955E-1
1.8300E-4	9.7656E-3	5.1211E-1
1.8400E-4	9.5215E-3	5.3813E-1
1.8500E-4	1.0254E-2	5.6548E-1
1.8600E-4	9.7656E-3	5.9692E-1
1.8700E-4	9.2773E-3	6.2939E-1
1.8800E-4	1.0254E-2	6.5879E-1
1.8900E-4	9.7656E-3	6.8877E-1
1.9000E-4	9.7656E-3	7.1597E-1
1.9100E-4	9.5215E-3	7.3306E-1
1.9200E-4	9.5215E-3	7.4214E-1
1.9300E-4	9.5215E-3	7.4551E-1
1.9400E-4	9.5215E-3	7.3818E-1
1.9500E-4	9.5215E-3	7.2065E-1
1.9600E-4	1.0010E-2	6.9673E-1
1.9700E-4	9.7656E-3	6.6558E-1
1.9800E-4	9.7656E-3	6.2935E-1
1.9900E-4	9.5215E-3	5.9263E-1
2.0000E-4	9.5215E-3	5.5747E-1
2.0100E-4	9.5215E-3	5.2358E-1
2.0200E-4	9.2773E-3	4.9580E-1
2.0300E-4	1.0010E-2	4.7461E-1
2.0400E-4	9.2773E-3	4.5986E-1
2.0500E-4	9.7656E-3	4.5278E-1
2.0600E-4	1.0010E-2	4.5308E-1
2.0700E-4	1.0254E-2	4.5923E-1
2.0800E-4	9.7656E-3	4.7007E-1
2.0900E-4	9.2773E-3	4.8335E-1
2.1000E-4	9.5215E-3	5.0254E-1
2.1100E-4	9.7656E-3	5.2324E-1
2.1200E-4	1.0010E-2	5.4556E-1
2.1300E-4	9.5215E-3	5.6973E-1
2.1400E-4	1.0254E-2	5.9668E-1
2.1500E-4	1.0010E-2	6.1899E-1
2.1600E-4	1.0254E-2	6.4297E-1
2.1700E-4	1.0010E-2	6.6187E-1
2.1800E-4	9.7656E-3	6.7515E-1
2.1900E-4	1.0010E-2	6.8223E-1
2.2000E-4	9.7656E-3	6.8604E-1
2.2100E-4	9.7656E-3	6.8560E-1
2.2200E-4	9.5215E-3	6.8384E-1
2.2300E-4	9.7656E-3	6.7798E-1
2.2400E-4	1.0010E-2	6.6724E-1
2.2500E-4	9.2773E-3	6.5288E-1
2.2600E-4	1.0254E-2	6.3413E-1
2.2700E-4	9.5215E-3	6.1440E-1
2.2800E-4	9.5215E-3	5.9683E-1
2.2900E-4	1.0254E-2	5.8154E-1
2.3000E-4	9.2773E-3	5.6919E-1
2.3100E-4	9.2773E-3	5.6118E-1
2.3200E-4	9.5215E-3	5.5488E-1
2.3300E-4	9.5215E-3	5.5005E-1
2.3400E-4	9.7656E-3	5.4731E-1
2.3500E-4	9.5215E-3	5.4604E-1
2.3600E-4	1.0254E-2	5.4526E-1
2.3700E-4	9.2773E-3	5.4766E-1
2.3800E-4	9.7656E-3	5.5132E-1
2.3900E-4	9.5215E-3	5.5464E-1
2.4000E-4	9.5215E-3	5.5889E-1
2.4100E-4	9.2773E-3	5.6294E-1
2.4200E-4	9.7656E-3	5.6851E-1
2.4300E-4	9.0332E-3	5.7598E-1
2.4400E-4	9.2773E-3	5.8560E-1
2.4500E-4	9.5215E-3	5.9585E-1
2.4600E-4	9.5215E-3	6.0898E-1
2.4700E-4	1.0010E-2	6.2275E-1
2.4800E-4	1.0010E-2	6.3579E-1
2.4900E-4	1.0010E-2	6.4897E-1
2.5000E-4	9.2773E-3	6.6113E-1
2.5100E-4	9.5215E-3	6.6768E-1
2.5200E-4	9.2773E-3	6.6851E-1
2.5300E-4	1.0010E-2	6.6411E-1
2.5400E-4	9.5215E-3	6.5425E-1
2.5500E-4	9.5215E-3	6.4058E-1
2.5600E-4	9.2773E-3	6.2485E-1
2.5700E-4	9.5215E-3	6.0933E-1
2.5800E-4	9.0332E-3	5.9453E-1
2.5900E-4	8.5449E-3	5.8027E-1
2.6000E-4	1.0010E-2	5.6699E-1
2.6100E-4	9.0332E-3	5.5615E-1
2.6200E-4	9.7656E-3	5.4399E-1
2.6300E-4	9.5215E-3	5.3481E-1
2.6400E-4	9.5215E-3	5.2793E-1
2.6500E-4	9.7656E-3	5.2295E-1
2.6600E-4	9.5215E-3	5.1885E-1
2.6700E-4	9.2773E-3	5.1787E-1
2.6800E-4	9.7656E-3	5.1538E-1
2.6900E-4	9.2773E-3	5.1514E-1
2.7000E-4	1.0254E-2	5.1572E-1
2.7100E-4	1.0254E-2	5.1875E-1
2.7200E-4	9.5215E-3	5.2539E-1
2.7300E-4	9.2773E-3	5.3765E-1
2.7400E-4	9.5215E-3	5.5327E-1
2.7500E-4	9.0332E-3	5.7227E-1
2.7600E-4	1.0010E-2	5.9316E-1
2.7700E-4	9.2773E-3	6.1401E-1
2.7800E-4	9.7656E-3	6.3428E-1
2.7900E-4	9.5215E-3	6.5098E-1
2.8000E-4	9.2773E-3	6.6436E-1
2.8100E-4	1.0010E-2	6.7500E-1
2.8200E-4	9.2773E-3	6.8320E-1
2.8300E-4	9.5215E-3	6.8535E-1
2.8400E-4	9.2773E-3	6.8452E-1
2.8500E-4	9.7656E-3	6.7773E-1
2.8600E-4	9.7656E-3	6.6357E-1
2.8700E-4	9.5215E-3	6.3989E-1
2.8800E-4	9.2773E-3	6.1216E-1
2.8900E-4	1.0010E-2	5.8076E-1
2.9000E-4	1.0010E-2	5.5000E-1
2.9100E-4	9.5215E-3	5.2251E-1
2.9200E-4	9.2773E-3	4.9897E-1
2.9300E-4	9.5215E-3	4.8257E-1
2.9400E-4	9.5215E-3	4.7075E-1
2.9500E-4	1.0010E-2	4.6479E-1
2.9600E-4	9.5215E-3	4.6348E-1
2.9700E-4	9.7656E-3	4.6792E-1
2.9800E-4	9.7656E-3	4.7119E-1
2.9900E-4	9.0332E-3	4.7759E-1
3.0000E-4	9.5215E-3	4.8643E-1
3.0100E-4	9.5215E-3	4.9736E-1
3.0200E-4	1.0254E-2	5.1216E-1
3.0300E-4	9.0332E-3	5.3164E-1
3.0400E-4	9.7656E-3	5.5522E-1
3.0500E-4	9.2773E-3	5.8154E-1
3.0600E-4	1.0010E-2	6.0674E-1
3.0700E-4	1.0254E-2	6.3164E-1
3.0800E-4	9.0332E-3	6.5415E-1
3.0900E-4	1.0010E-2	6.7295E-1
3.1000E-4	9.2773E-3	6.8608E-1
3.1100E-4	9.2773E-3	6.9438E-1
3.1200E-4	9.0332E-3	6.9272E-1
3.1300E-4	9.5215E-3	6.8252E-1
3.1400E-4	9.7656E-3	6.6401E-1
3.1500E-4	9.2773E-3	6.3516E-1
3.1600E-4	9.2773E-3	5.9985E-1
3.1700E-4	9.2773E-3	5.6128E-1
3.1800E-4	1.0010E-2	5.2300E-1
3.1900E-4	9.2773E-3	4.8579E-1
3.2000E-4	9.5215E-3	4.5596E-1
3.2100E-4	9.7656E-3	4.3330E-1
3.2200E-4	9.5215E-3	4.1831E-1
3.2300E-4	9.7656E-3	4.1074E-1
3.2400E-4	1.0010E-2	4.1040E-1
3.2500E-4	9.0332E-3	4.1406E-1
3.2600E-4	1.0254E-2	4.2095E-1
3.2700E-4	1.0010E-2	4.3398E-1
3.2800E-4	9.7656E-3	4.5083E-1
3.2900E-4	9.2773E-3	4.7305E-1
3.3000E-4	9.2773E-3	4.9961E-1
3.3100E-4	9.2773E-3	5.3101E-1
3.3200E-4	9.7656E-3	5.6318E-1
3.3300E-4	9.5215E-3	5.9512E-1
3.3400E-4	9.5215E-3	6.2837E-1
3.3500E-4	1.0010E-2	6.6270E-1
3.3600E-4	9.5215E-3	6.9214E-1
3.3700E-4	9.5215E-3	7.1602E-1
3.3800E-4	9.2773E-3	7.3281E-1
3.3900E-4	9.5215E-3	7.3604E-1
3.4000E-4	9.5215E-3	7.2373E-1
3.4100E-4	1.0010E-2	7.0156E-1
3.4200E-4	1.0254E-2	6.6563E-1
3.4300E-4	9.0332E-3	6.2114E-1
3.4400E-4	1.0010E-2	5.7305E-1
3.4500E-4	9.5215E-3	5.2573E-1
3.4600E-4	1.0254E-2	4.8140E-1
3.4700E-4	9.2773E-3	4.4546E-1
3.4800E-4	9.7656E-3	4.1553E-1
3.4900E-4	1.0498E-2	3.9028E-1
3.5000E-4	9.7656E-3	3.7061E-1
3.5100E-4	9.7656E-3	3.6006E-1
3.5200E-4	9.7656E-3	3.5625E-1
3.5300E-4	9.5215E-3	3.6216E-1
3.5400E-4	9.7656E-3	3.7891E-1
3.5500E-4	1.0010E-2	4.0098E-1
3.5600E-4	9.7656E-3	4.2393E-1
3.5700E-4	9.0332E-3	4.4829E-1
3.5800E-4	9.5215E-3	4.7471E-1
3.5900E-4	9.2773E-3	5.0410E-1
3.6000E-4	9.5215E-3	5.4058E-1
3.6100E-4	9.0332E-3	5.8296E-1
3.6200E-4	9.2773E-3	6.2891E-1
3.6300E-4	9.5215E-3	6.7256E-1
3.6400E-4	9.5215E-3	7.0522E-1
3.6500E-4	9.7656E-3	7.2612E-1
3.6600E-4	9.7656E-3	7.3032E-1
3.6700E-4	1.0010E-2	7.1777E-1
3.6800E-4	9.2773E-3	6.9141E-1
3.6900E-4	9.0332E-3	6.5488E-1
3.7000E-4	9.2773E-3	6.0806E-1
3.7100E-4	9.7656E-3	5.5400E-1
3.7200E-4	9.5215E-3	5.0142E-1
3.7300E-4	9.5215E-3	4.5137E-1
3.7400E-4	9.0332E-3	4.0762E-1
3.7500E-4	9.5215E-3	3.7046E-1
3.7600E-4	1.0010E-2	3.4302E-1
3.7700E-4	9.0332E-3	3.2324E-1
3.7800E-4	9.7656E-3	3.1206E-1
3.7900E-4	9.7656E-3	3.0928E-1
3.8000E-4	9.7656E-3	3.1807E-1
3.8100E-4	1.0010E-2	3.3530E-1
3.8200E-4	9.7656E-3	3.5962E-1
3.8300E-4	9.5215E-3	3.8950E-1
3.8400E-4	1.0010E-2	4.2192E-1
3.8500E-4	9.2773E-3	4.5542E-1
3.8600E-4	1.0010E-2	4.9219E-1
3.8700E-4	9.5215E-3	5.3213E-1
3.8800E-4	9.5215E-3	5.7324E-1
3.8900E-4	9.0332E-3	6.1792E-1
3.9000E-4	1.0010E-2	6.6191E-1
3.9100E-4	1.0010E-2	6.9888E-1
3.9200E-4	9.7656E-3	7.2280E-1
3.9300E-4	9.2773E-3	7.3149E-1
3.9400E-4	9.7656E-3	7.2207E-1
3.9500E-4	9.7656E-3	6.9482E-1
3.9600E-4	1.0254E-2	6.5425E-1
3.9700E-4	1.0010E-2	6.0776E-1
3.9800E-4	9.2773E-3	5.5601E-1
3.9900E-4	1.0010E-2	5.0039E-1
4.0000E-4	9.5215E-3	4.4956E-1
4.0100E-4	1.0010E-2	4.0420E-1
4.0200E-4	9.5215E-3	3.6270E-1
4.0300E-4	9.5215E-3	3.2930E-1
4.0400E-4	9.2773E-3	3.0674E-1
4.0500E-4	9.7656E-3	2.9053E-1
4.0600E-4	1.0010E-2	2.8281E-1
4.0700E-4	9.2773E-3	2.8125E-1
4.0800E-4	9.7656E-3	2.8789E-1
4.0900E-4	9.2773E-3	3.0234E-1
4.1000E-4	9.2773E-3	3.2363E-1
4.1100E-4	9.0332E-3	3.5269E-1
4.1200E-4	9.0332E-3	3.8906E-1
4.1300E-4	9.2773E-3	4.3130E-1
4.1400E-4	9.5215E-3	4.7891E-1
4.1500E-4	1.0010E-2	5.3110E-1
4.1600E-4	9.0332E-3	5.8545E-1
4.1700E-4	9.0332E-3	6.4092E-1
4.1800E-4	9.2773E-3	6.9033E-1
4.1900E-4	9.0332E-3	7.2744E-1
4.2000E-4	9.5215E-3	7.4756E-1
4.2100E-4	9.5215E-3	7.4595E-1
4.2200E-4	9.7656E-3	7.2290E-1
4.2300E-4	9.0332E-3	6.8008E-1
4.2400E-4	9.5215E-3	6.2134E-1
4.2500E-4	9.7656E-3	5.5396E-1
4.2600E-4	9.0332E-3	4.8276E-1
4.2700E-4	9.2773E-3	4.1348E-1
4.2800E-4	9.5215E-3	3.5254E-1
4.2900E-4	9.5215E-3	3.0137E-1
4.3000E-4	9.5215E-3	2.6450E-1
4.3100E-4	1.0010E-2	2.4087E-1
4.3200E-4	1.0010E-2	2.3047E-1
4.3300E-4	9.0332E-3	2.2964E-1
4.3400E-4	1.0010E-2	2.3892E-1
4.3500E-4	9.5215E-3	2.5352E-1
4.3600E-4	9.2773E-3	2.7495E-1
4.3700E-4	9.7656E-3	3.0000E-1
4.3800E-4	9.2773E-3	3.3179E-1
4.3900E-4	9.5215E-3	3.6924E-1
4.4000E-4	9.0332E-3	4.1445E-1
4.4100E-4	9.0332E-3	4.6680E-1
4.4200E-4	1.0254E-2	5.2607E-1
4.4300E-4	9.7656E-3	5.9009E-1
4.4400E-4	9.5215E-3	6.5581E-1
4.4500E-4	1.0010E-2	7.1392E-1
4.4600E-4	1.0010E-2	7.5664E-1
4.4700E-4	9.5215E-3	7.7715E-1
4.4800E-4	9.2773E-3	7.7109E-1
4.4900E-4	9.7656E-3	7.3818E-1
4.5000E-4	9.2773E-3	6.8330E-1
4.5100E-4	9.5215E-3	6.1338E-1
4.5200E-4	1.0010E-2	5.3594E-1
4.5300E-4	9.7656E-3	4.5630E-1
4.5400E-4	9.0332E-3	3.8174E-1
4.5500E-4	9.5215E-3	3.1631E-1
4.5600E-4	9.2773E-3	2.6445E-1
4.5700E-4	1.0010E-2	2.2666E-1
4.5800E-4	1.0498E-2	2.0063E-1
4.5900E-4	9.5215E-3	1.8389E-1
4.6000E-4	1.0254E-2	1.7573E-1
4.6100E-4	9.2773E-3	1.7441E-1
4.6200E-4	1.0010E-2	1.7754E-1
4.6300E-4	9.5215E-3	1.8599E-1
4.6400E-4	9.5215E-3	2.0151E-1
4.6500E-4	9.7656E-3	2.2412E-1
4.6600E-4	1.0010E-2	2.5376E-1
4.6700E-4	9.5215E-3	2.9277E-1
4.6800E-4	9.5215E-3	3.4590E-1
4.6900E-4	9.7656E-3	4.1128E-1
4.7000E-4	9.0332E-3	4.8794E-1
4.7100E-4	9.5215E-3	5.7236E-1
4.7200E-4	9.7656E-3	6.6094E-1
4.7300E-4	9.7656E-3	7.3711E-1
4.7400E-4	1.0010E-2	7.8691E-1
4.7500E-4	9.5215E-3	8.0259E-1
4.7600E-4	1.0254E-2	7.7485E-1
4.7700E-4	9.5215E-3	7.0459E-1
4.7800E-4	1.0010E-2	6.0273E-1
4.7900E-4	9.5215E-3	4.8472E-1
4.8000E-4	9.7656E-3	3.6094E-1
4.8100E-4	9.7656E-3	2.4639E-1
4.8200E-4	1.0498E-2	1.4829E-1
4.8300E-4	9.5215E-3	7.0801E-2
4.8400E-4	1.0254E-2	1.1035E-2
4.8500E-4	9.5215E-3	-3.2568E-2
4.8600E-4	9.5215E-3	-6.1865E-2
4.8700E-4	9.2773E-3	-8.1006E-2
4.8800E-4	9.2773E-3	-9.0771E-2
4.8900E-4	9.0332E-3	-9.3506E-2
4.9000E-4	9.2773E-3	-8.9893E-2
4.9100E-4	9.7656E-3	-8.4229E-2
4.9200E-4	9.2773E-3	-7.9150E-2
4.9300E-4	9.2773E-3	-7.5537E-2
4.9400E-4	1.0254E-2	-7.1484E-2
4.9500E-4	9.7656E-3	-7.0020E-2
4.9600E-4	9.5215E-3	-6.9336E-2
4.9700E-4	9.5215E-3	-6.9189E-2
4.9800E-4	1.0010E-2	-7.1191E-2
4.9900E-4	9.0332E-3	-7.4951E-2
5.0000E-4	9.7656E-3	-8.1201E-2
5.0100E-4	9.5215E-3	-8.5059E-2
5.0200E-4	1.0010E-2	-8.8672E-2
5.0300E-4	9.5215E-3	-9.0479E-2
5.0400E-4	9.5215E-3	-9.0869E-2
5.0500E-4	9.5215E-3	-8.8477E-2
5.0600E-4	1.0010E-2	-8.7646E-2
5.0700E-4	9.7656E-3	-8.5547E-2
5.0800E-4	9.5215E-3	-8.3643E-2
5.0900E-4	9.2773E-3	-8.2373E-2
5.1000E-4	9.0332E-3	-7.9590E-2
5.1100E-4	9.2773E-3	-7.5195E-2
5.1200E-4	9.5215E-3	-7.1582E-2
5.1300E-4	9.5215E-3	-6.8213E-2
5.1400E-4	9.2773E-3	-6.0986E-2
5.1500E-4	1.0254E-2	-5.3076E-2
5.1600E-4	9.7656E-3	-4.3555E-2
5.1700E-4	9.0332E-3	-2.9395E-2
5.1800E-4	8.5449E-3	-9.1797E-3
5.1900E-4	9.2773E-3	1.6846E-2
5.2000E-4	1.0010E-2	5.2344E-2
5.2100E-4	9.5215E-3	9.6240E-2
5.2200E-4	9.7656E-3	1.5298E-1
5.2300E-4	9.5215E-3	2.2656E-1
5.2400E-4	9.5215E-3	3.1768E-1
5.2500E-4	9.2773E-3	4.2695E-1
5.2600E-4	9.2773E-3	5.5293E-1
5.2700E-4	1.0010E-2	6.7852E-1
5.2800E-4	9.2773E-3	7.8120E-1
5.2900E-4	9.7656E-3	8.4561E-1
5.3000E-4	9.5215E-3	8.6426E-1
5.3100E-4	8.5449E-3	8.3179E-1
5.3200E-4	9.7656E-3	7.5840E-1
5.3300E-4	9.2773E-3	6.6167E-1
5.3400E-4	9.5215E-3	5.5811E-1
5.3500E-4	1.0010E-2	4.5576E-1
5.3600E-4	1.0254E-2	3.6460E-1
5.3700E-4	9.2773E-3	2.8936E-1
5.3800E-4	9.0332E-3	2.3350E-1
5.3900E-4	9.5215E-3	1.9541E-1
5.4000E-4	9.5215E-3	1.7593E-1
5.4100E-4	9.5215E-3	1.7124E-1
5.4200E-4	9.5215E-3	1.8042E-1
5.4300E-4	9.2773E-3	1.9800E-1
5.4400E-4	9.7656E-3	2.2344E-1
5.4500E-4	9.5215E-3	2.5366E-1
5.4600E-4	9.2773E-3	2.8706E-1
5.4700E-4	9.5215E-3	3.2358E-1
5.4800E-4	9.7656E-3	3.6562E-1
5.4900E-4	9.5215E-3	4.1382E-1
5.5000E-4	9.7656E-3	4.6958E-1
5.5100E-4	9.7656E-3	5.3613E-1
5.5200E-4	9.5215E-3	6.0874E-1
5.5300E-4	9.7656E-3	6.8687E-1
5.5400E-4	9.7656E-3	7.5996E-1
5.5500E-4	9.7656E-3	8.1348E-1
5.5600E-4	9.5215E-3	8.4258E-1
5.5700E-4	9.5215E-3	8.4438E-1
5.5800E-4	1.0010E-2	8.1343E-1
5.5900E-4	9.5215E-3	7.5898E-1
5.6000E-4	9.5215E-3	6.9053E-1
5.6100E-4	9.7656E-3	6.1313E-1
5.6200E-4	9.0332E-3	5.3374E-1
5.6300E-4	9.0332E-3	4.6128E-1
5.6400E-4	9.5215E-3	3.9561E-1
5.6500E-4	8.7891E-3	3.4209E-1
5.6600E-4	1.0010E-2	3.0264E-1
5.6700E-4	1.0010E-2	2.7769E-1
5.6800E-4	9.7656E-3	2.6421E-1
5.6900E-4	8.7891E-3	2.6235E-1
5.7000E-4	9.5215E-3	2.6929E-1
5.7100E-4	9.7656E-3	2.8394E-1
5.7200E-4	9.5215E-3	3.0601E-1
5.7300E-4	9.7656E-3	3.3286E-1
5.7400E-4	1.0010E-2	3.6504E-1
5.7500E-4	9.7656E-3	4.0405E-1
5.7600E-4	1.0010E-2	4.4917E-1
5.7700E-4	9.5215E-3	5.0059E-1
5.7800E-4	9.7656E-3	5.5806E-1
5.7900E-4	1.0010E-2	6.2104E-1
5.8000E-4	9.5215E-3	6.8667E-1
5.8100E-4	9.2773E-3	7.4990E-1
5.8200E-4	9.5215E-3	8.0024E-1
5.8300E-4	9.7656E-3	8.3286E-1
5.8400E-4	1.0254E-2	8.4258E-1
5.8500E-4	9.5215E-3	8.2607E-1
5.8600E-4	9.2773E-3	7.8623E-1
5.8700E-4	1.0498E-2	7.3115E-1
5.8800E-4	9.7656E-3	6.6621E-1
5.8900E-4	9.5215E-3	5.9751E-1
5.9000E-4	9.2773E-3	5.3052E-1
5.9100E-4	1.0010E-2	4.6855E-1
5.9200E-4	9.7656E-3	4.1572E-1
5.9300E-4	9.7656E-3	3.7490E-1
5.9400E-4	9.7656E-3	3.4575E-1
5.9500E-4	9.5215E-3	3.2974E-1
5.9600E-4	9.2773E-3	3.2441E-1
5.9700E-4	9.7656E-3	3.2988E-1
5.9800E-4	9.7656E-3	3.4419E-1
5.9900E-4	9.5215E-3	3.6567E-1
6.0000E-4	1.0254E-2	3.9272E-1
6.0100E-4	9.2773E-3	4.2524E-1
6.0200E-4	9.2773E-3	4.6099E-1
6.0300E-4	9.5215E-3	5.0024E-1
6.0400E-4	9.7656E-3	5.4321E-1
6.0500E-4	9.7656E-3	5.8984E-1
6.0600E-4	9.5215E-3	6.4126E-1
6.0700E-4	9.7656E-3	6.9619E-1
6.0800E-4	1.0010E-2	7.4648E-1
6.0900E-4	8.7891E-3	7.8672E-1
6.1000E-4	9.5215E-3	8.1284E-1
6.1100E-4	9.5215E-3	8.2046E-1
6.1200E-4	9.7656E-3	8.0547E-1
6.1300E-4	1.0010E-2	7.7144E-1
6.1400E-4	1.0010E-2	7.2305E-1
6.1500E-4	9.5215E-3	6.6528E-1
6.1600E-4	9.7656E-3	6.0142E-1
6.1700E-4	9.7656E-3	5.3799E-1
6.1800E-4	9.2773E-3	4.8125E-1
6.1900E-4	9.2773E-3	4.3384E-1
6.2000E-4	9.5215E-3	3.9502E-1
6.2100E-4	9.7656E-3	3.6616E-1
6.2200E-4	9.7656E-3	3.4717E-1
6.2300E-4	9.2773E-3	3.3931E-1
6.2400E-4	9.7656E-3	3.4033E-1
6.2500E-4	9.2773E-3	3.5151E-1
6.2600E-4	9.5215E-3	3.7080E-1
6.2700E-4	9.2773E-3	3.9800E-1
6.2800E-4	1.0010E-2	4.2910E-1
6.2900E-4	9.5215E-3	4.6548E-1
6.3000E-4	9.5215E-3	5.0640E-1
6.3100E-4	9.2773E-3	5.5073E-1
6.3200E-4	9.7656E-3	5.9629E-1
6.3300E-4	1.0010E-2	6.4419E-1
6.3400E-4	9.7656E-3	6.9248E-1
6.3500E-4	9.2773E-3	7.3750E-1
6.3600E-4	9.0332E-3	7.7598E-1
6.3700E-4	9.7656E-3	8.0293E-1
6.3800E-4	9.2773E-3	8.1719E-1
6.3900E-4	1.0254E-2	8.1714E-1
6.4000E-4	9.7656E-3	8.0039E-1
6.4100E-4	9.7656E-3	7.7017E-1
6.4200E-4	9.7656E-3	7.3032E-1
6.4300E-4	1.0010E-2	6.8120E-1
6.4400E-4	9.2773E-3	6.2671E-1
6.4500E-4	9.2773E-3	5.7324E-1
6.4600E-4	9.2773E-3	5.2417E-1
6.4700E-4	9.0332E-3	4.8169E-1
6.4800E-4	9.2773E-3	4.4810E-1
6.4900E-4	9.5215E-3	4.2197E-1
6.5000E-4	9.0332E-3	4.0552E-1
6.5100E-4	9.5215E-3	3.9868E-1
6.5200E-4	9.2773E-3	4.0005E-1
6.5300E-4	9.5215E-3	4.1108E-1
6.5400E-4	8.7891E-3	4.3179E-1
6.5500E-4	9.7656E-3	4.5796E-1
6.5600E-4	9.2773E-3	4.9053E-1
6.5700E-4	9.2773E-3	5.2866E-1
6.5800E-4	9.5215E-3	5.6846E-1
6.5900E-4	9.2773E-3	6.1123E-1
6.6000E-4	9.7656E-3	6.5703E-1
6.6100E-4	9.5215E-3	7.0249E-1
6.6200E-4	9.2773E-3	7.4575E-1
6.6300E-4	9.2773E-3	7.8228E-1
6.6400E-4	1.0010E-2	8.0854E-1
6.6500E-4	9.0332E-3	8.2012E-1
6.6600E-4	1.0254E-2	8.1587E-1
6.6700E-4	9.5215E-3	7.9727E-1
6.6800E-4	9.7656E-3	7.6699E-1
6.6900E-4	1.0254E-2	7.2734E-1
6.7000E-4	9.5215E-3	6.8306E-1
6.7100E-4	9.2773E-3	6.3560E-1
6.7200E-4	9.5215E-3	5.8809E-1
6.7300E-4	9.5215E-3	5.4478E-1
6.7400E-4	1.0254E-2	5.0449E-1
6.7500E-4	9.0332E-3	4.7007E-1
6.7600E-4	1.0254E-2	4.4292E-1
6.7700E-4	1.0010E-2	4.2725E-1
6.7800E-4	9.2773E-3	4.2041E-1
6.7900E-4	9.2773E-3	4.2349E-1
6.8000E-4	1.0010E-2	4.3433E-1
6.8100E-4	8.7891E-3	4.5308E-1
6.8200E-4	9.7656E-3	4.7446E-1
6.8300E-4	1.0010E-2	4.9946E-1
6.8400E-4	9.5215E-3	5.2783E-1
6.8500E-4	9.5215E-3	5.5928E-1
6.8600E-4	9.2773E-3	5.9155E-1
6.8700E-4	9.5215E-3	6.2319E-1
6.8800E-4	1.0010E-2	6.5728E-1
6.8900E-4	9.5215E-3	6.8960E-1
6.9000E-4	1.0010E-2	7.1899E-1
6.9100E-4	9.5215E-3	7.4536E-1
6.9200E-4	9.5215E-3	7.6719E-1
6.9300E-4	1.0254E-2	7.7837E-1
6.9400E-4	1.0010E-2	7.7773E-1
6.9500E-4	9.7656E-3	7.6616E-1
6.9600E-4	9.5215E-3	7.4424E-1
6.9700E-4	9.5215E-3	7.1387E-1
6.9800E-4	9.5215E-3	6.7983E-1
6.9900E-4	9.5215E-3	6.4639E-1
7.0000E-4	9.5215E-3	6.1489E-1
7.0100E-4	9.7656E-3	5.8550E-1
7.0200E-4	9.2773E-3	5.5918E-1
7.0300E-4	9.5215E-3	5.3755E-1
7.0400E-4	9.7656E-3	5.2056E-1
7.0500E-4	9.7656E-3	5.0776E-1
7.0600E-4	9.2773E-3	5.0078E-1
7.0700E-4	9.2773E-3	5.0103E-1
7.0800E-4	1.0010E-2	5.0869E-1
7.0900E-4	9.7656E-3	5.2173E-1
7.1000E-4	9.7656E-3	5.3838E-1
7.1100E-4	9.5215E-3	5.5601E-1
7.1200E-4	9.7656E-3	5.7773E-1
7.1300E-4	9.0332E-3	5.9854E-1
7.1400E-4	9.5215E-3	6.2031E-1
7.1500E-4	9.5215E-3	6.4355E-1
7.1600E-4	8.5449E-3	6.6802E-1
7.1700E-4	9.2773E-3	6.8613E-1
7.1800E-4	9.0332E-3	7.0132E-1
7.1900E-4	9.2773E-3	7.1445E-1
7.2000E-4	9.0332E-3	7.2441E-1
7.2100E-4	1.0010E-2	7.3115E-1
7.2200E-4	9.2773E-3	7.3491E-1
7.2300E-4	1.0010E-2	7.3203E-1
7.2400E-4	9.7656E-3	7.2046E-1
7.2500E-4	9.0332E-3	7.0342E-1
7.2600E-4	9.5215E-3	6.7974E-1
7.2700E-4	9.7656E-3	6.5679E-1
7.2800E-4	9.5215E-3	6.3608E-1
7.2900E-4	9.7656E-3	6.1675E-1
7.3000E-4	9.5215E-3	5.9951E-1
7.3100E-4	9.7656E-3	5.8740E-1
7.3200E-4	1.0254E-2	5.7622E-1
7.3300E-4	1.0010E-2	5.6582E-1
7.3400E-4	9.5215E-3	5.5859E-1
7.3500E-4	9.7656E-3	5.5444E-1
7.3600E-4	9.5215E-3	5.5117E-1
7.3700E-4	9.7656E-3	5.4976E-1
7.3800E-4	9.2773E-3	5.5225E-1
7.3900E-4	9.5215E-3	5.5679E-1
7.4000E-4	9.0332E-3	5.6440E-1
7.4100E-4	9.7656E-3	5.7554E-1
7.4200E-4	1.0010E-2	5.9033E-1
7.4300E-4	1.0010E-2	6.0547E-1
7.4400E-4	9.5215E-3	6.2358E-1
7.4500E-4	9.5215E-3	6.4106E-1
7.4600E-4	9.5215E-3	6.5908E-1
7.4700E-4	9.7656E-3	6.7510E-1
7.4800E-4	9.2773E-3	6.8989E-1
7.4900E-4	9.0332E-3	7.0215E-1
7.5000E-4	9.5215E-3	7.1382E-1
7.5100E-4	9.7656E-3	7.2349E-1
7.5200E-4	9.7656E-3	7.2983E-1
7.5300E-4	1.0010E-2	7.3232E-1
7.5400E-4	1.0010E-2	7.3130E-1
7.5500E-4	9.5215E-3	7.2549E-1
7.5600E-4	9.7656E-3	7.1582E-1
7.5700E-4	8.7891E-3	7.0332E-1
7.5800E-4	9.7656E-3	6.8940E-1
7.5900E-4	9.5215E-3	6.7373E-1
7.6000E-4	9.2773E-3	6.5640E-1
7.6100E-4	9.5215E-3	6.3936E-1
7.6200E-4	1.0010E-2	6.2637E-1
7.6300E-4	9.2773E-3	6.1372E-1
7.6400E-4	9.5215E-3	6.0376E-1
7.6500E-4	9.5215E-3	5.9609E-1
7.6600E-4	9.5215E-3	5.8911E-1
7.6700E-4	9.5215E-3	5.8130E-1
7.6800E-4	9.5215E-3	5.7798E-1
7.6900E-4	9.7656E-3	5.7695E-1
7.7000E-4	1.0010E-2	5.7959E-1
7.7100E-4	9.7656E-3	5.8623E-1
7.7200E-4	9.5215E-3	5.9473E-1
7.7300E-4	9.5215E-3	6.0400E-1
7.7400E-4	9.5215E-3	6.1597E-1
7.7500E-4	9.0332E-3	6.2988E-1
7.7600E-4	1.0010E-2	6.4399E-1
7.7700E-4	1.0254E-2	6.6001E-1
7.7800E-4	9.5215E-3	6.7769E-1
7.7900E-4	9.7656E-3	6.9419E-1
7.8000E-4	9.5215E-3	7.0781E-1
7.8100E-4	9.7656E-3	7.2002E-1
7.8200E-4	1.0010E-2	7.2852E-1
7.8300E-4	1.0010E-2	7.3032E-1
7.8400E-4	1.0010E-2	7.2866E-1
7.8500E-4	9.5215E-3	7.2192E-1
7.8600E-4	9.7656E-3	7.0977E-1
7.8700E-4	9.5215E-3	6.9297E-1
7.8800E-4	9.0332E-3	6.7427E-1
7.8900E-4	9.7656E-3	6.5312E-1
7.9000E-4	1.0010E-2	6.3149E-1
7.9100E-4	9.7656E-3	6.0967E-1
7.9200E-4	1.0010E-2	5.8755E-1
7.9300E-4	9.5215E-3	5.6851E-1
7.9400E-4	9.2773E-3	5.5195E-1
7.9500E-4	9.2773E-3	5.3740E-1
7.9600E-4	9.7656E-3	5.2617E-1
7.9700E-4	9.5215E-3	5.1953E-1
7.9800E-4	9.0332E-3	5.1680E-1
7.9900E-4	9.5215E-3	5.1865E-1
8.0000E-4	9.5215E-3	5.2476E-1
8.0100E-4	1.0010E-2	5.3823E-1
8.0200E-4	9.5215E-3	5.5874E-1
8.0300E-4	9.7656E-3	5.8408E-1
8.0400E-4	9.2773E-3	6.1348E-1
8.0500E-4	9.5215E-3	6.4663E-1
8.0600E-4	1.0010E-2	6.7876E-1
8.0700E-4	9.2773E-3	7.1035E-1
8.0800E-4	9.5215E-3	7.3770E-1
8.0900E-4	9.0332E-3	7.6006E-1
8.1000E-4	1.0010E-2	7.7769E-1
8.1100E-4	9.7656E-3	7.8643E-1
8.1200E-4	9.2773E-3	7.8535E-1
8.1300E-4	9.2773E-3	7.7549E-1
8.1400E-4	9.2773E-3	7.5640E-1
8.1500E-4	1.0010E-2	7.2798E-1
8.1600E-4	9.5215E-3	6.9375E-1
8.1700E-4	1.0254E-2	6.5557E-1
8.1800E-4	9.7656E-3	6.1636E-1
8.1900E-4	1.0254E-2	5.7881E-1
8.2000E-4	8.7891E-3	5.4404E-1
8.2100E-4	9.2773E-3	5.1411E-1
8.2200E-4	9.7656E-3	4.9048E-1
8.2300E-4	9.7656E-3	4.7139E-1
8.2400E-4	1.0010E-2	4.5845E-1
8.2500E-4	9.5215E-3	4.5244E-1
8.2600E-4	1.0010E-2	4.5459E-1
8.2700E-4	9.7656E-3	4.6191E-1
8.2800E-4	9.5215E-3	4.7568E-1
8.2900E-4	8.7891E-3	4.9570E-1
8.3000E-4	1.0010E-2	5.1973E-1
8.3100E-4	1.0254E-2	5.4644E-1
8.3200E-4	1.0254E-2	5.7695E-1
8.3300E-4	9.0332E-3	6.1465E-1
8.3400E-4	1.0010E-2	6.5391E-1
8.3500E-4	9.0332E-3	6.9482E-1
8.3600E-4	9.0332E-3	7.3599E-1
8.3700E-4	1.0010E-2	7.6748E-1
8.3800E-4	9.2773E-3	7.8662E-1
8.3900E-4	1.0010E-2	7.9312E-1
8.4000E-4	9.7656E-3	7.8726E-1
8.4100E-4	9.2773E-3	7.6919E-1
8.4200E-4	9.5215E-3	7.4351E-1
8.4300E-4	9.0332E-3	7.0835E-1
8.4400E-4	9.7656E-3	6.6631E-1
8.4500E-4	9.0332E-3	6.2109E-1
8.4600E-4	9.5215E-3	5.7314E-1
8.4700E-4	9.5215E-3	5.2812E-1
8.4800E-4	9.7656E-3	4.8755E-1
8.4900E-4	9.2773E-3	4.5386E-1
8.5000E-4	1.0010E-2	4.2681E-1
8.5100E-4	1.0010E-2	4.0840E-1
8.5200E-4	9.5215E-3	4.0005E-1
8.5300E-4	1.0010E-2	3.9961E-1
8.5400E-4	9.5215E-3	4.0840E-1
8.5500E-4	9.0332E-3	4.2378E-1
8.5600E-4	9.7656E-3	4.4639E-1
8.5700E-4	9.5215E-3	4.7271E-1
8.5800E-4	9.5215E-3	5.0718E-1
8.5900E-4	9.5215E-3	5.4585E-1
8.6000E-4	9.5215E-3	5.9165E-1
8.6100E-4	9.2773E-3	6.4258E-1
8.6200E-4	9.5215E-3	6.9717E-1
8.6300E-4	9.5215E-3	7.4883E-1
8.6400E-4	1.0254E-2	7.9385E-1
8.6500E-4	9.5215E-3	8.2295E-1
8.6600E-4	9.7656E-3	8.3398E-1
8.6700E-4	9.7656E-3	8.2544E-1
8.6800E-4	9.7656E-3	8.0078E-1
8.6900E-4	9.5215E-3	7.6108E-1
8.7000E-4	9.5215E-3	7.1421E-1
8.7100E-4	9.0332E-3	6.5898E-1
8.7200E-4	9.2773E-3	6.0146E-1
8.7300E-4	9.2773E-3	5.4370E-1
8.7400E-4	9.7656E-3	4.9106E-1
8.7500E-4	9.7656E-3	4.4243E-1
8.7600E-4	9.5215E-3	4.0464E-1
8.7700E-4	9.7656E-3	3.7627E-1
8.7800E-4	9.0332E-3	3.5913E-1
8.7900E-4	9.7656E-3	3.5322E-1
8.8000E-4	1.0010E-2	3.5688E-1
8.8100E-4	9.7656E-3	3.6846E-1
8.8200E-4	1.0010E-2	3.8682E-1
8.8300E-4	9.5215E-3	4.1016E-1
8.8400E-4	9.5215E-3	4.3691E-1
8.8500E-4	9.7656E-3	4.7012E-1
8.8600E-4	9.5215E-3	5.0845E-1
8.8700E-4	9.7656E-3	5.5352E-1
8.8800E-4	1.0498E-2	6.0562E-1
8.8900E-4	9.2773E-3	6.6235E-1
8.9000E-4	1.0498E-2	7.1895E-1
8.9100E-4	9.7656E-3	7.6997E-1
8.9200E-4	9.7656E-3	8.0820E-1
8.9300E-4	9.5215E-3	8.2739E-1
8.9400E-4	9.5215E-3	8.2705E-1
8.9500E-4	9.2773E-3	8.0625E-1
8.9600E-4	9.5215E-3	7.6909E-1
8.9700E-4	9.2773E-3	7.1919E-1
8.9800E-4	9.7656E-3	6.6113E-1
8.9900E-4	9.5215E-3	5.9604E-1
9.0000E-4	9.5215E-3	5.3286E-1
9.0100E-4	9.7656E-3	4.7173E-1
9.0200E-4	1.0010E-2	4.1826E-1
9.0300E-4	9.0332E-3	3.7432E-1
9.0400E-4	1.0010E-2	3.4248E-1
9.0500E-4	9.7656E-3	3.2334E-1
9.0600E-4	9.5215E-3	3.1660E-1
9.0700E-4	9.2773E-3	3.2056E-1
9.0800E-4	9.7656E-3	3.3330E-1
9.0900E-4	9.7656E-3	3.5259E-1
9.1000E-4	9.7656E-3	3.7461E-1
9.1100E-4	8.7891E-3	4.0269E-1
9.1200E-4	9.2773E-3	4.3672E-1
9.1300E-4	9.2773E-3	4.7622E-1
9.1400E-4	9.5215E-3	5.2549E-1
9.1500E-4	9.2773E-3	5.8110E-1
9.1600E-4	9.5215E-3	6.4321E-1
9.1700E-4	9.2773E-3	7.0781E-1
9.1800E-4	9.2773E-3	7.6743E-1
9.1900E-4	1.0010E-2	8.1118E-1
9.2000E-4	9.5215E-3	8.3594E-1
9.2100E-4	9.2773E-3	8.3594E-1
9.2200E-4	9.5215E-3	8.1118E-1
9.2300E-4	9.2773E-3	7.6523E-1
9.2400E-4	1.0010E-2	7.0356E-1
9.2500E-4	9.2773E-3	6.3228E-1
9.2600E-4	1.0010E-2	5.5581E-1
9.2700E-4	9.5215E-3	4.8018E-1
9.2800E-4	1.0254E-2	4.1240E-1
9.2900E-4	9.5215E-3	3.5884E-1
9.3000E-4	9.5215E-3	3.1694E-1
9.3100E-4	9.2773E-3	2.8896E-1
9.3200E-4	9.0332E-3	2.7344E-1
9.3300E-4	9.7656E-3	2.6997E-1
9.3400E-4	9.2773E-3	2.7319E-1
9.3500E-4	9.2773E-3	2.8643E-1
9.3600E-4	9.5215E-3	3.0513E-1
9.3700E-4	9.5215E-3	3.2944E-1
9.3800E-4	1.0254E-2	3.5718E-1
9.3900E-4	9.2773E-3	3.8979E-1
9.4000E-4	9.5215E-3	4.2686E-1
9.4100E-4	9.5215E-3	4.7075E-1
9.4200E-4	9.5215E-3	5.2334E-1
9.4300E-4	9.5215E-3	5.8652E-1
9.4400E-4	1.0010E-2	6.5679E-1
9.4500E-4	1.0010E-2	7.2817E-1
9.4600E-4	9.5215E-3	7.9023E-1
9.4700E-4	1.0010E-2	8.3164E-1
9.4800E-4	9.2773E-3	8.4502E-1
9.4900E-4	9.0332E-3	8.2788E-1
9.5000E-4	9.5215E-3	7.8120E-1
9.5100E-4	9.0332E-3	7.1396E-1
9.5200E-4	9.5215E-3	6.3169E-1
9.5300E-4	9.7656E-3	5.4497E-1
9.5400E-4	9.2773E-3	4.6133E-1
9.5500E-4	9.5215E-3	3.8784E-1
9.5600E-4	1.0010E-2	3.2554E-1
9.5700E-4	9.5215E-3	2.7954E-1
9.5800E-4	9.5215E-3	2.4751E-1
9.5900E-4	9.2773E-3	2.2930E-1
9.6000E-4	9.5215E-3	2.2070E-1
9.6100E-4	9.5215E-3	2.2168E-1
9.6200E-4	9.5215E-3	2.3008E-1
9.6300E-4	9.2773E-3	2.4282E-1
9.6400E-4	9.7656E-3	2.5972E-1
9.6500E-4	9.0332E-3	2.8394E-1
9.6600E-4	9.5215E-3	3.1602E-1
9.6700E-4	9.2773E-3	3.5586E-1
9.6800E-4	9.5215E-3	4.0347E-1
9.6900E-4	1.0010E-2	4.5947E-1
9.7000E-4	9.7656E-3	5.2524E-1
9.7100E-4	9.7656E-3	6.0020E-1
9.7200E-4	1.0010E-2	6.7861E-1
9.7300E-4	9.2773E-3	7.4795E-1
9.7400E-4	9.5215E-3	7.9756E-1
9.7500E-4	9.5215E-3	8.1660E-1
9.7600E-4	9.7656E-3	7.9429E-1
9.7700E-4	9.2773E-3	7.3188E-1
9.7800E-4	9.5215E-3	6.3975E-1
9.7900E-4	9.7656E-3	5.2725E-1
9.8000E-4	1.0010E-2	4.0469E-1
9.8100E-4	9.5215E-3	2.9082E-1
9.8200E-4	1.0010E-2	1.9043E-1
9.8300E-4	1.0010E-2	1.0928E-1
9.8400E-4	8.5449E-3	4.5752E-2
9.8500E-4	9.5215E-3	-2.0508E-3
9.8600E-4	9.0332E-3	-3.7988E-2
9.8700E-4	9.2773E-3	-6.1963E-2
9.8800E-4	1.0010E-2	-7.8223E-2
9.8900E-4	9.2773E-3	-8.6035E-2
9.9000E-4	9.5215E-3	-8.6182E-2
9.9100E-4	9.5215E-3	-8.4277E-2
9.9200E-4	9.5215E-3	-8.0029E-2
9.9300E-4	9.7656E-3	-7.3340E-2
9.9400E-4	9.5215E-3	-6.8115E-2
9.9500E-4	9.5215E-3	-6.4551E-2
9.9600E-4	9.0332E-3	-6.2598E-2
9.9700E-4	9.0332E-3	-6.4355E-2
9.9800E-4	9.5215E-3	-6.4355E-2
9.9900E-4	9.5215E-3	-6.4355E-2
