Time [s]	Aux in [V]	Main in [V]
0.0000E+0	9.7656E-3	-1.9629E-2
1.0000E-6	1.0010E-2	-2.3340E-2
2.0000E-6	9.5215E-3	-2.6807E-2
3.0000E-6	1.0010E-2	-3.1396E-2
4.0000E-6	9.7656E-3	-3.5645E-2
5.0000E-6	1.0254E-2	-3.8281E-2
6.0000E-6	1.0010E-2	-3.6328E-2
7.0000E-6	1.0498E-2	-3.3887E-2
8.0000E-6	9.5215E-3	-3.0518E-2
9.0000E-6	1.0254E-2	-2.7344E-2
1.0000E-5	1.0254E-2	-2.3389E-2
1.1000E-5	9.7656E-3	-2.0947E-2
1.2000E-5	9.2773E-3	-1.7725E-2
1.3000E-5	9.7656E-3	-1.4063E-2
1.4000E-5	9.7656E-3	-9.0820E-3
1.5000E-5	1.0254E-2	-4.1504E-3
1.6000E-5	9.2773E-3	4.1504E-3
1.7000E-5	9.2773E-3	1.7090E-2
1.8000E-5	1.0010E-2	3.7012E-2
1.9000E-5	9.0332E-3	6.2939E-2
2.0000E-5	9.5215E-3	9.6631E-2
2.1000E-5	9.2773E-3	1.3506E-1
2.2000E-5	1.0254E-2	1.7876E-1
2.3000E-5	1.0010E-2	2.3193E-1
2.4000E-5	9.5215E-3	2.9946E-1
2.5000E-5	1.0010E-2	3.8467E-1
2.6000E-5	1.0010E-2	4.8989E-1
2.7000E-5	9.2773E-3	6.1147E-1
2.8000E-5	9.7656E-3	7.3467E-1
2.9000E-5	9.2773E-3	8.3926E-1
3.0000E-5	1.0010E-2	9.0864E-1
3.1000E-5	9.5215E-3	9.3325E-1
3.2000E-5	9.7656E-3	9.0957E-1
3.3000E-5	9.7656E-3	8.4409E-1
3.4000E-5	1.0254E-2	7.5225E-1
3.5000E-5	1.0742E-2	6.4731E-1
3.6000E-5	9.5215E-3	5.4043E-1
3.7000E-5	8.7891E-3	4.4316E-1
3.8000E-5	9.5215E-3	3.6123E-1
3.9000E-5	9.5215E-3	2.9932E-1
4.0000E-5	1.0498E-2	2.5645E-1
4.1000E-5	1.0010E-2	2.3315E-1
4.2000E-5	1.0010E-2	2.2646E-1
4.3000E-5	9.2773E-3	2.3335E-1
4.4000E-5	9.5215E-3	2.4922E-1
4.5000E-5	9.2773E-3	2.7285E-1
4.6000E-5	1.0010E-2	3.0151E-1
4.7000E-5	1.0010E-2	3.3159E-1
4.8000E-5	1.0010E-2	3.6704E-1
4.9000E-5	9.2773E-3	4.0962E-1
5.0000E-5	9.7656E-3	4.5918E-1
5.1000E-5	9.7656E-3	5.1611E-1
5.2000E-5	1.0010E-2	5.8252E-1
5.3000E-5	1.0254E-2	6.5405E-1
5.4000E-5	1.0254E-2	7.2920E-1
5.5000E-5	9.5215E-3	8.0156E-1
5.6000E-5	9.2773E-3	8.5874E-1
5.7000E-5	9.2773E-3	8.9111E-1
5.8000E-5	9.0332E-3	8.9858E-1
5.9000E-5	9.2773E-3	8.7617E-1
6.0000E-5	9.2773E-3	8.2734E-1
6.1000E-5	9.2773E-3	7.6152E-1
6.2000E-5	1.0498E-2	6.8599E-1
6.3000E-5	9.7656E-3	6.0635E-1
6.4000E-5	9.7656E-3	5.2871E-1
6.5000E-5	8.5449E-3	4.5986E-1
6.6000E-5	1.0010E-2	4.0688E-1
6.7000E-5	1.0010E-2	3.7002E-1
6.8000E-5	9.7656E-3	3.4722E-1
6.9000E-5	9.7656E-3	3.3970E-1
7.0000E-5	9.5215E-3	3.4292E-1
7.1000E-5	9.7656E-3	3.5186E-1
7.2000E-5	9.5215E-3	3.6724E-1
7.3000E-5	1.0498E-2	3.8682E-1
7.4000E-5	9.5215E-3	4.0972E-1
7.5000E-5	9.5215E-3	4.3770E-1
7.6000E-5	8.5449E-3	4.7144E-1
7.7000E-5	9.5215E-3	5.1196E-1
7.8000E-5	1.0254E-2	5.6162E-1
7.9000E-5	9.7656E-3	6.1855E-1
8.0000E-5	9.2773E-3	6.8115E-1
8.1000E-5	1.0010E-2	7.4985E-1
8.2000E-5	9.2773E-3	8.1348E-1
8.3000E-5	9.7656E-3	8.6216E-1
8.4000E-5	1.0254E-2	8.8965E-1
8.5000E-5	1.0254E-2	8.9565E-1
8.6000E-5	1.0010E-2	8.7124E-1
8.7000E-5	1.0010E-2	8.2783E-1
8.8000E-5	9.5215E-3	7.6958E-1
8.9000E-5	9.5215E-3	7.0278E-1
9.0000E-5	9.7656E-3	6.2871E-1
9.1000E-5	1.0010E-2	5.5752E-1
9.2000E-5	9.7656E-3	4.9443E-1
9.3000E-5	8.7891E-3	4.4331E-1
9.4000E-5	1.0010E-2	4.0420E-1
9.5000E-5	1.0010E-2	3.7852E-1
9.6000E-5	1.0010E-2	3.6802E-1
9.7000E-5	8.7891E-3	3.6440E-1
9.8000E-5	1.0010E-2	3.6729E-1
9.9000E-5	9.2773E-3	3.7886E-1
1.0000E-4	1.0010E-2	3.9800E-1
1.0100E-4	9.5215E-3	4.2095E-1
1.0200E-4	9.2773E-3	4.4907E-1
1.0300E-4	9.7656E-3	4.8301E-1
1.0400E-4	9.5215E-3	5.2568E-1
1.0500E-4	9.7656E-3	5.7383E-1
1.0600E-4	9.0332E-3	6.2798E-1
1.0700E-4	1.0254E-2	6.8848E-1
1.0800E-4	9.7656E-3	7.5303E-1
1.0900E-4	9.7656E-3	8.1201E-1
1.1000E-4	1.0010E-2	8.6016E-1
1.1100E-4	9.7656E-3	8.9199E-1
1.1200E-4	9.5215E-3	9.0239E-1
1.1300E-4	9.5215E-3	8.8955E-1
1.1400E-4	1.0010E-2	8.5557E-1
1.1500E-4	9.2773E-3	8.0728E-1
1.1600E-4	1.0010E-2	7.4961E-1
1.1700E-4	9.5215E-3	6.8540E-1
1.1800E-4	9.2773E-3	6.1978E-1
1.1900E-4	1.0010E-2	5.5889E-1
1.2000E-4	1.0010E-2	5.0498E-1
1.2100E-4	9.5215E-3	4.5903E-1
1.2200E-4	1.0498E-2	4.2524E-1
1.2300E-4	9.5215E-3	4.0674E-1
1.2400E-4	9.2773E-3	4.0029E-1
1.2500E-4	9.2773E-3	4.0342E-1
1.2600E-4	9.5215E-3	4.1802E-1
1.2700E-4	1.0010E-2	4.4038E-1
1.2800E-4	1.0010E-2	4.6587E-1
1.2900E-4	9.0332E-3	4.9502E-1
1.3000E-4	9.0332E-3	5.2671E-1
1.3100E-4	9.2773E-3	5.6123E-1
1.3200E-4	9.7656E-3	6.0020E-1
1.3300E-4	1.0010E-2	6.4351E-1
1.3400E-4	1.0010E-2	6.9292E-1
1.3500E-4	9.5215E-3	7.4468E-1
1.3600E-4	1.0010E-2	7.9463E-1
1.3700E-4	9.2773E-3	8.3564E-1
1.3800E-4	9.2773E-3	8.6299E-1
1.3900E-4	9.7656E-3	8.7017E-1
1.4000E-4	1.0254E-2	8.6040E-1
1.4100E-4	9.0332E-3	8.3374E-1
1.4200E-4	9.5215E-3	7.9253E-1
1.4300E-4	9.2773E-3	7.3984E-1
1.4400E-4	9.7656E-3	6.7944E-1
1.4500E-4	1.0254E-2	6.1582E-1
1.4600E-4	1.0498E-2	5.5562E-1
1.4700E-4	1.0010E-2	5.0454E-1
1.4800E-4	9.7656E-3	4.6436E-1
1.4900E-4	9.5215E-3	4.3667E-1
1.5000E-4	9.5215E-3	4.1968E-1
1.5100E-4	1.0010E-2	4.1128E-1
1.5200E-4	9.5215E-3	4.1055E-1
1.5300E-4	9.7656E-3	4.1792E-1
1.5400E-4	1.0010E-2	4.3350E-1
1.5500E-4	9.7656E-3	4.5581E-1
1.5600E-4	9.2773E-3	4.8452E-1
1.5700E-4	9.2773E-3	5.1807E-1
1.5800E-4	9.0332E-3	5.5605E-1
1.5900E-4	9.5215E-3	5.9526E-1
1.6000E-4	9.2773E-3	6.3755E-1
1.6100E-4	9.7656E-3	6.8062E-1
1.6200E-4	1.0498E-2	7.2393E-1
1.6300E-4	1.0010E-2	7.6274E-1
1.6400E-4	9.7656E-3	7.9595E-1
1.6500E-4	1.0254E-2	8.1924E-1
1.6600E-4	1.0010E-2	8.2788E-1
1.6700E-4	1.0010E-2	8.2153E-1
1.6800E-4	9.2773E-3	8.0200E-1
1.6900E-4	9.2773E-3	7.7158E-1
1.7000E-4	1.0010E-2	7.3398E-1
1.7100E-4	1.0010E-2	6.9429E-1
1.7200E-4	9.5215E-3	6.5312E-1
1.7300E-4	9.7656E-3	6.1387E-1
1.7400E-4	9.5215E-3	5.7759E-1
1.7500E-4	9.7656E-3	5.4570E-1
1.7600E-4	1.0010E-2	5.1899E-1
1.7700E-4	9.7656E-3	4.9976E-1
1.7800E-4	1.0254E-2	4.8701E-1
1.7900E-4	9.7656E-3	4.8247E-1
1.8000E-4	1.0010E-2	4.8359E-1
1.8100E-4	9.2773E-3	4.9058E-1
1.8200E-4	1.0010E-2	5.0156E-1
1.8300E-4	1.0010E-2	5.1870E-1
1.8400E-4	9.5215E-3	5.3877E-1
1.8500E-4	9.7656E-3	5.6328E-1
1.8600E-4	1.0010E-2	5.9233E-1
1.8700E-4	1.0010E-2	6.2354E-1
1.8800E-4	9.7656E-3	6.5371E-1
1.8900E-4	9.2773E-3	6.8525E-1
1.9000E-4	9.2773E-3	7.1533E-1
1.9100E-4	9.5215E-3	7.3911E-1
1.9200E-4	9.7656E-3	7.5522E-1
1.9300E-4	9.2773E-3	7.6235E-1
1.9400E-4	9.7656E-3	7.6050E-1
1.9500E-4	1.0010E-2	7.4902E-1
1.9600E-4	1.0254E-2	7.2705E-1
1.9700E-4	1.0010E-2	6.9888E-1
1.9800E-4	9.5215E-3	6.6641E-1
1.9900E-4	9.7656E-3	6.3071E-1
2.0000E-4	9.2773E-3	5.9570E-1
2.0100E-4	9.2773E-3	5.6724E-1
2.0200E-4	9.7656E-3	5.4497E-1
2.0300E-4	9.0332E-3	5.2681E-1
2.0400E-4	1.0010E-2	5.1489E-1
2.0500E-4	1.0010E-2	5.0688E-1
2.0600E-4	9.7656E-3	5.0205E-1
2.0700E-4	1.0010E-2	4.9863E-1
2.0800E-4	1.0498E-2	4.9902E-1
2.0900E-4	9.5215E-3	5.0449E-1
2.1000E-4	9.2773E-3	5.1235E-1
2.1100E-4	9.7656E-3	5.2095E-1
2.1200E-4	1.0010E-2	5.3550E-1
2.1300E-4	9.2773E-3	5.5439E-1
2.1400E-4	9.5215E-3	5.7334E-1
2.1500E-4	1.0010E-2	5.9448E-1
2.1600E-4	9.5215E-3	6.1694E-1
2.1700E-4	1.0010E-2	6.3457E-1
2.1800E-4	9.2773E-3	6.4951E-1
2.1900E-4	1.0498E-2	6.6074E-1
2.2000E-4	9.2773E-3	6.7075E-1
2.2100E-4	9.5215E-3	6.7827E-1
2.2200E-4	9.5215E-3	6.8091E-1
2.2300E-4	9.5215E-3	6.7881E-1
2.2400E-4	9.7656E-3	6.7217E-1
2.2500E-4	9.5215E-3	6.6274E-1
2.2600E-4	9.7656E-3	6.4897E-1
2.2700E-4	9.5215E-3	6.3560E-1
2.2800E-4	9.2773E-3	6.2246E-1
2.2900E-4	9.2773E-3	6.0723E-1
2.3000E-4	9.7656E-3	5.8823E-1
2.3100E-4	9.7656E-3	5.7148E-1
2.3200E-4	1.0010E-2	5.5698E-1
2.3300E-4	9.2773E-3	5.4448E-1
2.3400E-4	9.5215E-3	5.3394E-1
2.3500E-4	9.2773E-3	5.2837E-1
2.3600E-4	9.7656E-3	5.2480E-1
2.3700E-4	9.5215E-3	5.2383E-1
2.3800E-4	9.7656E-3	5.2788E-1
2.3900E-4	9.5215E-3	5.3652E-1
2.4000E-4	1.0498E-2	5.4565E-1
2.4100E-4	9.7656E-3	5.5635E-1
2.4200E-4	9.5215E-3	5.6543E-1
2.4300E-4	9.5215E-3	5.7363E-1
2.4400E-4	1.0010E-2	5.8179E-1
2.4500E-4	9.5215E-3	5.8916E-1
2.4600E-4	9.5215E-3	5.9673E-1
2.4700E-4	9.0332E-3	6.0840E-1
2.4800E-4	9.7656E-3	6.1792E-1
2.4900E-4	8.7891E-3	6.2471E-1
2.5000E-4	9.2773E-3	6.2842E-1
2.5100E-4	1.0010E-2	6.2939E-1
2.5200E-4	1.0010E-2	6.2627E-1
2.5300E-4	9.5215E-3	6.2383E-1
2.5400E-4	1.0010E-2	6.2217E-1
2.5500E-4	1.0254E-2	6.1987E-1
2.5600E-4	9.5215E-3	6.1372E-1
2.5700E-4	9.5215E-3	6.0405E-1
2.5800E-4	9.2773E-3	5.9233E-1
2.5900E-4	9.0332E-3	5.7612E-1
2.6000E-4	9.2773E-3	5.6138E-1
2.6100E-4	9.2773E-3	5.4863E-1
2.6200E-4	1.0010E-2	5.4014E-1
2.6300E-4	1.0254E-2	5.3047E-1
2.6400E-4	1.0254E-2	5.2578E-1
2.6500E-4	1.0010E-2	5.2373E-1
2.6600E-4	9.7656E-3	5.2275E-1
2.6700E-4	1.0010E-2	5.2144E-1
2.6800E-4	9.5215E-3	5.2002E-1
2.6900E-4	9.0332E-3	5.1978E-1
2.7000E-4	9.5215E-3	5.1860E-1
2.7100E-4	1.0010E-2	5.2124E-1
2.7200E-4	9.5215E-3	5.2617E-1
2.7300E-4	9.5215E-3	5.3691E-1
2.7400E-4	9.5215E-3	5.4912E-1
2.7500E-4	9.7656E-3	5.6143E-1
2.7600E-4	1.0254E-2	5.7300E-1
2.7700E-4	9.5215E-3	5.8496E-1
2.7800E-4	9.2773E-3	5.9424E-1
2.7900E-4	9.2773E-3	6.0137E-1
2.8000E-4	9.7656E-3	6.0923E-1
2.8100E-4	9.5215E-3	6.1719E-1
2.8200E-4	1.0010E-2	6.2402E-1
2.8300E-4	9.7656E-3	6.3286E-1
2.8400E-4	9.7656E-3	6.4131E-1
2.8500E-4	1.0010E-2	6.4585E-1
2.8600E-4	1.0010E-2	6.4360E-1
2.8700E-4	9.7656E-3	6.3608E-1
2.8800E-4	9.7656E-3	6.2256E-1
2.8900E-4	1.0254E-2	6.0317E-1
2.9000E-4	9.7656E-3	5.8257E-1
2.9100E-4	1.0254E-2	5.6353E-1
2.9200E-4	9.7656E-3	5.4487E-1
2.9300E-4	9.2773E-3	5.2432E-1
2.9400E-4	9.7656E-3	5.0654E-1
2.9500E-4	9.2773E-3	4.9155E-1
2.9600E-4	1.0010E-2	4.7910E-1
2.9700E-4	9.0332E-3	4.7158E-1
2.9800E-4	9.5215E-3	4.7109E-1
2.9900E-4	1.0254E-2	4.7515E-1
3.0000E-4	9.5215E-3	4.8384E-1
3.0100E-4	9.5215E-3	4.9775E-1
3.0200E-4	1.0010E-2	5.1152E-1
3.0300E-4	1.0010E-2	5.2827E-1
3.0400E-4	1.0010E-2	5.4707E-1
3.0500E-4	9.5215E-3	5.6631E-1
3.0600E-4	1.0010E-2	5.8491E-1
3.0700E-4	1.0010E-2	6.0435E-1
3.0800E-4	1.0010E-2	6.2310E-1
3.0900E-4	9.7656E-3	6.4087E-1
3.1000E-4	9.2773E-3	6.5547E-1
3.1100E-4	9.7656E-3	6.6372E-1
3.1200E-4	9.5215E-3	6.6738E-1
3.1300E-4	1.0498E-2	6.6245E-1
3.1400E-4	9.5215E-3	6.5044E-1
3.1500E-4	9.2773E-3	6.3164E-1
3.1600E-4	1.0010E-2	6.1060E-1
3.1700E-4	9.7656E-3	5.8809E-1
3.1800E-4	1.0010E-2	5.6416E-1
3.1900E-4	9.2773E-3	5.3989E-1
3.2000E-4	1.0254E-2	5.1641E-1
3.2100E-4	9.7656E-3	4.9438E-1
3.2200E-4	9.7656E-3	4.7388E-1
3.2300E-4	1.0498E-2	4.5859E-1
3.2400E-4	1.0498E-2	4.4639E-1
3.2500E-4	1.0498E-2	4.4009E-1
3.2600E-4	9.7656E-3	4.4170E-1
3.2700E-4	1.0010E-2	4.4751E-1
3.2800E-4	1.0010E-2	4.5605E-1
3.2900E-4	9.5215E-3	4.7070E-1
3.3000E-4	9.7656E-3	4.9268E-1
3.3100E-4	1.0254E-2	5.1548E-1
3.3200E-4	9.5215E-3	5.4336E-1
3.3300E-4	9.7656E-3	5.7568E-1
3.3400E-4	1.0498E-2	6.0801E-1
3.3500E-4	1.0742E-2	6.3779E-1
3.3600E-4	9.2773E-3	6.6558E-1
3.3700E-4	9.5215E-3	6.8804E-1
3.3800E-4	1.0254E-2	7.0444E-1
3.3900E-4	1.0254E-2	7.1182E-1
3.4000E-4	9.5215E-3	7.0981E-1
3.4100E-4	9.5215E-3	7.0039E-1
3.4200E-4	9.2773E-3	6.8486E-1
3.4300E-4	9.7656E-3	6.5889E-1
3.4400E-4	9.7656E-3	6.2979E-1
3.4500E-4	1.0010E-2	5.9814E-1
3.4600E-4	9.7656E-3	5.6475E-1
3.4700E-4	9.2773E-3	5.2939E-1
3.4800E-4	9.2773E-3	4.9941E-1
3.4900E-4	9.5215E-3	4.7266E-1
3.5000E-4	9.7656E-3	4.5107E-1
3.5100E-4	9.5215E-3	4.3369E-1
3.5200E-4	1.0010E-2	4.2280E-1
3.5300E-4	9.7656E-3	4.1602E-1
3.5400E-4	1.0010E-2	4.1543E-1
3.5500E-4	9.2773E-3	4.2241E-1
3.5600E-4	1.0010E-2	4.3560E-1
3.5700E-4	9.7656E-3	4.5581E-1
3.5800E-4	9.5215E-3	4.8311E-1
3.5900E-4	1.0010E-2	5.1763E-1
3.6000E-4	1.0010E-2	5.5498E-1
3.6100E-4	9.2773E-3	5.9497E-1
3.6200E-4	9.7656E-3	6.3540E-1
3.6300E-4	9.2773E-3	6.7476E-1
3.6400E-4	9.7656E-3	7.0967E-1
3.6500E-4	9.5215E-3	7.3730E-1
3.6600E-4	9.7656E-3	7.5596E-1
3.6700E-4	9.5215E-3	7.6152E-1
3.6800E-4	9.5215E-3	7.5352E-1
3.6900E-4	9.2773E-3	7.3184E-1
3.7000E-4	9.2773E-3	6.9707E-1
3.7100E-4	9.7656E-3	6.5439E-1
3.7200E-4	1.0010E-2	6.0615E-1
3.7300E-4	9.5215E-3	5.5850E-1
3.7400E-4	9.2773E-3	5.1255E-1
3.7500E-4	9.5215E-3	4.7129E-1
3.7600E-4	9.7656E-3	4.3623E-1
3.7700E-4	9.0332E-3	4.1152E-1
3.7800E-4	1.0010E-2	3.9258E-1
3.7900E-4	9.7656E-3	3.8149E-1
3.8000E-4	1.0010E-2	3.7832E-1
3.8100E-4	9.0332E-3	3.8218E-1
3.8200E-4	9.7656E-3	3.9272E-1
3.8300E-4	1.0010E-2	4.1016E-1
3.8400E-4	9.5215E-3	4.3525E-1
3.8500E-4	9.5215E-3	4.6665E-1
3.8600E-4	9.5215E-3	5.0381E-1
3.8700E-4	9.2773E-3	5.4312E-1
3.8800E-4	9.5215E-3	5.8784E-1
3.8900E-4	1.0010E-2	6.3564E-1
3.9000E-4	9.7656E-3	6.8560E-1
3.9100E-4	9.5215E-3	7.3374E-1
3.9200E-4	9.7656E-3	7.7725E-1
3.9300E-4	9.2773E-3	8.0508E-1
3.9400E-4	9.7656E-3	8.1870E-1
3.9500E-4	1.0498E-2	8.1465E-1
3.9600E-4	9.5215E-3	7.9106E-1
3.9700E-4	9.0332E-3	7.5020E-1
3.9800E-4	1.0254E-2	7.0098E-1
3.9900E-4	9.7656E-3	6.4409E-1
4.0000E-4	9.7656E-3	5.8301E-1
4.0100E-4	9.2773E-3	5.2417E-1
4.0200E-4	9.5215E-3	4.7295E-1
4.0300E-4	9.5215E-3	4.3062E-1
4.0400E-4	9.7656E-3	3.9600E-1
4.0500E-4	9.5215E-3	3.7236E-1
4.0600E-4	9.7656E-3	3.5938E-1
4.0700E-4	9.7656E-3	3.5459E-1
4.0800E-4	9.5215E-3	3.5396E-1
4.0900E-4	9.7656E-3	3.5903E-1
4.1000E-4	9.7656E-3	3.7134E-1
4.1100E-4	9.5215E-3	3.8999E-1
4.1200E-4	9.7656E-3	4.1382E-1
4.1300E-4	9.2773E-3	4.4829E-1
4.1400E-4	9.7656E-3	4.9077E-1
4.1500E-4	9.5215E-3	5.4150E-1
4.1600E-4	9.7656E-3	5.9722E-1
4.1700E-4	1.0254E-2	6.6167E-1
4.1800E-4	9.7656E-3	7.2578E-1
4.1900E-4	1.0254E-2	7.8491E-1
4.2000E-4	9.0332E-3	8.2954E-1
4.2100E-4	9.5215E-3	8.5547E-1
4.2200E-4	1.0010E-2	8.5513E-1
4.2300E-4	9.5215E-3	8.3252E-1
4.2400E-4	9.2773E-3	7.8984E-1
4.2500E-4	9.7656E-3	7.3076E-1
4.2600E-4	9.7656E-3	6.6455E-1
4.2700E-4	9.5215E-3	5.9575E-1
4.2800E-4	9.7656E-3	5.2690E-1
4.2900E-4	9.2773E-3	4.6387E-1
4.3000E-4	9.7656E-3	4.1367E-1
4.3100E-4	1.0254E-2	3.7363E-1
4.3200E-4	9.5215E-3	3.4565E-1
4.3300E-4	9.0332E-3	3.3169E-1
4.3400E-4	9.7656E-3	3.2622E-1
4.3500E-4	9.2773E-3	3.2793E-1
4.3600E-4	1.0254E-2	3.3662E-1
4.3700E-4	9.5215E-3	3.5254E-1
4.3800E-4	1.0010E-2	3.7192E-1
4.3900E-4	9.0332E-3	4.0190E-1
4.4000E-4	1.0498E-2	4.3975E-1
4.4100E-4	9.7656E-3	4.8452E-1
4.4200E-4	9.0332E-3	5.3579E-1
4.4300E-4	9.5215E-3	5.9619E-1
4.4400E-4	9.0332E-3	6.6157E-1
4.4500E-4	9.2773E-3	7.3071E-1
4.4600E-4	9.7656E-3	7.9614E-1
4.4700E-4	9.2773E-3	8.4897E-1
4.4800E-4	1.0010E-2	8.7905E-1
4.4900E-4	9.2773E-3	8.8325E-1
4.5000E-4	9.7656E-3	8.5728E-1
4.5100E-4	1.0010E-2	8.0386E-1
4.5200E-4	9.2773E-3	7.3154E-1
4.5300E-4	9.2773E-3	6.4961E-1
4.5400E-4	9.2773E-3	5.6094E-1
4.5500E-4	9.7656E-3	4.7578E-1
4.5600E-4	9.7656E-3	4.0366E-1
4.5700E-4	9.2773E-3	3.4385E-1
4.5800E-4	9.2773E-3	3.0166E-1
4.5900E-4	9.2773E-3	2.7344E-1
4.6000E-4	9.2773E-3	2.5684E-1
4.6100E-4	9.5215E-3	2.4966E-1
4.6200E-4	9.2773E-3	2.5029E-1
4.6300E-4	9.7656E-3	2.5303E-1
4.6400E-4	1.0010E-2	2.6299E-1
4.6500E-4	9.0332E-3	2.7925E-1
4.6600E-4	9.5215E-3	3.0107E-1
4.6700E-4	1.0010E-2	3.3193E-1
4.6800E-4	1.0010E-2	3.7192E-1
4.6900E-4	8.7891E-3	4.1929E-1
4.7000E-4	9.7656E-3	4.7754E-1
4.7100E-4	1.0254E-2	5.4829E-1
4.7200E-4	9.7656E-3	6.2881E-1
4.7300E-4	1.0254E-2	7.1509E-1
4.7400E-4	9.5215E-3	7.9600E-1
4.7500E-4	1.0498E-2	8.5391E-1
4.7600E-4	1.0254E-2	8.8018E-1
4.7700E-4	9.7656E-3	8.6655E-1
4.7800E-4	1.0010E-2	8.1118E-1
4.7900E-4	9.5215E-3	7.2363E-1
4.8000E-4	1.0254E-2	6.1416E-1
4.8100E-4	9.5215E-3	4.9482E-1
4.8200E-4	9.7656E-3	3.7661E-1
4.8300E-4	9.0332E-3	2.6802E-1
4.8400E-4	1.0010E-2	1.7456E-1
4.8500E-4	9.5215E-3	1.0317E-1
4.8600E-4	9.5215E-3	5.0098E-2
4.8700E-4	9.2773E-3	1.5381E-2
4.8800E-4	9.2773E-3	-4.7852E-3
4.8900E-4	9.5215E-3	-1.2500E-2
4.9000E-4	9.7656E-3	-1.4355E-2
4.9100E-4	9.7656E-3	-1.2695E-2
4.9200E-4	9.5215E-3	-1.1230E-2
4.9300E-4	9.7656E-3	-6.9824E-3
4.9400E-4	9.2773E-3	-3.8086E-3
4.9500E-4	1.0010E-2	-1.3184E-3
4.9600E-4	9.5215E-3	-5.3711E-4
4.9700E-4	9.7656E-3	-8.7891E-4
4.9800E-4	9.7656E-3	-3.7109E-3
4.9900E-4	1.0010E-2	-6.5430E-3
5.0000E-4	9.7656E-3	-9.5703E-3
5.0100E-4	9.0332E-3	-1.1816E-2
5.0200E-4	9.5215E-3	-1.2842E-2
5.0300E-4	9.7656E-3	-1.4844E-2
5.0400E-4	9.7656E-3	-1.8018E-2
5.0500E-4	9.0332E-3	-1.9922E-2
5.0600E-4	9.5215E-3	-2.1094E-2
5.0700E-4	1.0254E-2	-2.1582E-2
5.0800E-4	1.0010E-2	-1.9922E-2
5.0900E-4	9.5215E-3	-1.8408E-2
5.1000E-4	1.0010E-2	-1.7725E-2
5.1100E-4	9.7656E-3	-1.6162E-2
5.1200E-4	9.7656E-3	-1.3477E-2
5.1300E-4	9.5215E-3	-1.1621E-2
5.1400E-4	9.5215E-3	-7.1289E-3
5.1500E-4	1.0010E-2	1.0254E-3
5.1600E-4	1.0010E-2	1.0254E-2
5.1700E-4	9.2773E-3	2.0166E-2
5.1800E-4	9.5215E-3	3.5205E-2
5.1900E-4	1.0254E-2	5.4199E-2
5.2000E-4	9.5215E-3	7.6318E-2
5.2100E-4	9.5215E-3	1.0762E-1
5.2200E-4	9.7656E-3	1.5029E-1
5.2300E-4	9.5215E-3	2.0615E-1
5.2400E-4	1.0010E-2	2.7856E-1
5.2500E-4	9.0332E-3	3.7129E-1
5.2600E-4	1.0010E-2	4.8364E-1
5.2700E-4	9.5215E-3	6.1147E-1
5.2800E-4	9.5215E-3	7.3843E-1
5.2900E-4	9.2773E-3	8.4585E-1
5.3000E-4	9.2773E-3	9.1875E-1
5.3100E-4	9.0332E-3	9.4536E-1
5.3200E-4	9.5215E-3	9.1963E-1
5.3300E-4	9.2773E-3	8.5073E-1
5.3400E-4	9.5215E-3	7.5386E-1
5.3500E-4	9.5215E-3	6.4297E-1
5.3600E-4	1.0010E-2	5.3086E-1
5.3700E-4	9.5215E-3	4.3003E-1
5.3800E-4	1.0010E-2	3.4678E-1
5.3900E-4	1.0010E-2	2.8726E-1
5.4000E-4	9.2773E-3	2.5220E-1
5.4100E-4	9.7656E-3	2.3628E-1
5.4200E-4	9.7656E-3	2.3555E-1
5.4300E-4	9.0332E-3	2.4668E-1
5.4400E-4	9.5215E-3	2.6567E-1
5.4500E-4	9.2773E-3	2.8682E-1
5.4600E-4	1.0010E-2	3.1152E-1
5.4700E-4	1.0498E-2	3.4312E-1
5.4800E-4	1.0254E-2	3.8047E-1
5.4900E-4	9.2773E-3	4.2124E-1
5.5000E-4	1.0010E-2	4.6997E-1
5.5100E-4	9.5215E-3	5.2744E-1
5.5200E-4	9.7656E-3	5.8955E-1
5.5300E-4	9.5215E-3	6.6040E-1
5.5400E-4	1.0254E-2	7.3623E-1
5.5500E-4	9.7656E-3	8.0894E-1
5.5600E-4	1.0010E-2	8.6504E-1
5.5700E-4	9.7656E-3	8.9951E-1
5.5800E-4	1.0010E-2	9.0391E-1
5.5900E-4	1.0010E-2	8.7993E-1
5.6000E-4	9.5215E-3	8.2715E-1
5.6100E-4	9.2773E-3	7.5557E-1
5.6200E-4	9.7656E-3	6.7559E-1
5.6300E-4	9.5215E-3	5.9404E-1
5.6400E-4	1.0254E-2	5.1602E-1
5.6500E-4	9.7656E-3	4.4863E-1
5.6600E-4	1.0254E-2	3.9775E-1
5.6700E-4	9.2773E-3	3.5786E-1
5.6800E-4	9.5215E-3	3.3120E-1
5.6900E-4	9.5215E-3	3.1665E-1
5.7000E-4	1.0498E-2	3.1484E-1
5.7100E-4	9.5215E-3	3.2305E-1
5.7200E-4	1.0010E-2	3.4106E-1
5.7300E-4	9.7656E-3	3.6543E-1
5.7400E-4	9.5215E-3	3.9546E-1
5.7500E-4	9.2773E-3	4.2993E-1
5.7600E-4	9.7656E-3	4.6753E-1
5.7700E-4	1.0010E-2	5.1016E-1
5.7800E-4	1.0010E-2	5.5845E-1
5.7900E-4	1.0742E-2	6.1294E-1
5.8000E-4	9.2773E-3	6.7310E-1
5.8100E-4	9.7656E-3	7.3823E-1
5.8200E-4	9.5215E-3	8.0391E-1
5.8300E-4	1.0254E-2	8.5732E-1
5.8400E-4	9.2773E-3	8.9053E-1
5.8500E-4	9.2773E-3	9.0063E-1
5.8600E-4	9.7656E-3	8.8638E-1
5.8700E-4	9.7656E-3	8.4736E-1
5.8800E-4	9.5215E-3	7.9331E-1
5.8900E-4	9.5215E-3	7.2822E-1
5.9000E-4	9.5215E-3	6.5845E-1
5.9100E-4	1.0010E-2	5.8755E-1
5.9200E-4	9.7656E-3	5.2256E-1
5.9300E-4	1.0010E-2	4.6875E-1
5.9400E-4	9.5215E-3	4.2979E-1
5.9500E-4	9.5215E-3	4.0278E-1
5.9600E-4	9.2773E-3	3.8901E-1
5.9700E-4	9.7656E-3	3.8403E-1
5.9800E-4	9.2773E-3	3.8486E-1
5.9900E-4	9.5215E-3	3.9326E-1
6.0000E-4	9.5215E-3	4.0898E-1
6.0100E-4	9.5215E-3	4.3081E-1
6.0200E-4	9.7656E-3	4.5962E-1
6.0300E-4	9.7656E-3	4.9624E-1
6.0400E-4	1.0254E-2	5.3970E-1
6.0500E-4	9.5215E-3	5.8833E-1
6.0600E-4	9.7656E-3	6.4268E-1
6.0700E-4	9.5215E-3	7.0220E-1
6.0800E-4	9.5215E-3	7.6396E-1
6.0900E-4	1.0254E-2	8.1797E-1
6.1000E-4	9.5215E-3	8.6187E-1
6.1100E-4	9.5215E-3	8.8784E-1
6.1200E-4	9.2773E-3	8.9326E-1
6.1300E-4	9.2773E-3	8.7900E-1
6.1400E-4	9.2773E-3	8.4858E-1
6.1500E-4	9.7656E-3	8.0186E-1
6.1600E-4	9.2773E-3	7.4468E-1
6.1700E-4	9.0332E-3	6.8037E-1
6.1800E-4	9.7656E-3	6.1274E-1
6.1900E-4	9.2773E-3	5.4897E-1
6.2000E-4	9.2773E-3	4.9395E-1
6.2100E-4	9.0332E-3	4.5093E-1
6.2200E-4	9.2773E-3	4.2207E-1
6.2300E-4	9.2773E-3	4.0674E-1
6.2400E-4	1.0010E-2	4.0288E-1
6.2500E-4	9.7656E-3	4.0854E-1
6.2600E-4	9.0332E-3	4.2002E-1
6.2700E-4	9.7656E-3	4.3701E-1
6.2800E-4	9.7656E-3	4.5781E-1
6.2900E-4	9.2773E-3	4.8423E-1
6.3000E-4	9.7656E-3	5.1309E-1
6.3100E-4	1.0010E-2	5.4819E-1
6.3200E-4	9.5215E-3	5.8882E-1
6.3300E-4	8.7891E-3	6.3608E-1
6.3400E-4	9.5215E-3	6.8398E-1
6.3500E-4	9.5215E-3	7.3564E-1
6.3600E-4	9.7656E-3	7.8428E-1
6.3700E-4	9.5215E-3	8.2695E-1
6.3800E-4	9.5215E-3	8.5698E-1
6.3900E-4	9.7656E-3	8.7432E-1
6.4000E-4	1.0010E-2	8.7461E-1
6.4100E-4	9.2773E-3	8.5869E-1
6.4200E-4	9.7656E-3	8.2905E-1
6.4300E-4	9.0332E-3	7.8872E-1
6.4400E-4	9.5215E-3	7.3760E-1
6.4500E-4	9.5215E-3	6.8208E-1
6.4600E-4	9.0332E-3	6.2686E-1
6.4700E-4	9.2773E-3	5.7402E-1
6.4800E-4	1.0010E-2	5.2803E-1
6.4900E-4	9.5215E-3	4.9497E-1
6.5000E-4	9.7656E-3	4.7407E-1
6.5100E-4	9.7656E-3	4.6255E-1
6.5200E-4	9.7656E-3	4.6108E-1
6.5300E-4	9.5215E-3	4.6714E-1
6.5400E-4	9.7656E-3	4.7900E-1
6.5500E-4	9.2773E-3	4.9521E-1
6.5600E-4	9.5215E-3	5.1797E-1
6.5700E-4	9.5215E-3	5.4712E-1
6.5800E-4	9.7656E-3	5.8208E-1
6.5900E-4	9.2773E-3	6.2148E-1
6.6000E-4	9.2773E-3	6.6489E-1
6.6100E-4	9.5215E-3	7.1187E-1
6.6200E-4	9.2773E-3	7.5503E-1
6.6300E-4	1.0254E-2	7.9419E-1
6.6400E-4	9.5215E-3	8.2588E-1
6.6500E-4	9.5215E-3	8.4858E-1
6.6600E-4	9.0332E-3	8.5796E-1
6.6700E-4	9.5215E-3	8.5552E-1
6.6800E-4	9.7656E-3	8.3828E-1
6.6900E-4	9.0332E-3	8.0840E-1
6.7000E-4	1.0498E-2	7.6807E-1
6.7100E-4	9.2773E-3	7.2192E-1
6.7200E-4	9.7656E-3	6.7314E-1
6.7300E-4	9.5215E-3	6.2485E-1
6.7400E-4	1.0010E-2	5.8252E-1
6.7500E-4	1.0254E-2	5.4844E-1
6.7600E-4	9.7656E-3	5.2236E-1
6.7700E-4	9.7656E-3	5.0503E-1
6.7800E-4	9.5215E-3	4.9619E-1
6.7900E-4	1.0010E-2	4.9341E-1
6.8000E-4	9.5215E-3	4.9648E-1
6.8100E-4	9.5215E-3	5.0229E-1
6.8200E-4	9.7656E-3	5.1196E-1
6.8300E-4	9.5215E-3	5.2749E-1
6.8400E-4	9.7656E-3	5.4766E-1
6.8500E-4	1.0010E-2	5.6982E-1
6.8600E-4	1.0010E-2	5.9746E-1
6.8700E-4	9.7656E-3	6.2720E-1
6.8800E-4	9.5215E-3	6.5732E-1
6.8900E-4	9.2773E-3	6.9009E-1
6.9000E-4	1.0010E-2	7.2363E-1
6.9100E-4	9.7656E-3	7.5371E-1
6.9200E-4	9.2773E-3	7.7861E-1
6.9300E-4	9.2773E-3	7.9712E-1
6.9400E-4	9.7656E-3	8.0420E-1
6.9500E-4	9.2773E-3	8.0146E-1
6.9600E-4	1.0498E-2	7.8955E-1
6.9700E-4	1.0010E-2	7.7075E-1
6.9800E-4	9.2773E-3	7.4561E-1
6.9900E-4	1.0254E-2	7.1543E-1
7.0000E-4	1.0010E-2	6.8110E-1
7.0100E-4	9.2773E-3	6.4717E-1
7.0200E-4	1.0254E-2	6.1504E-1
7.0300E-4	1.0254E-2	5.8838E-1
7.0400E-4	9.5215E-3	5.6782E-1
7.0500E-4	9.5215E-3	5.5610E-1
7.0600E-4	8.7891E-3	5.5088E-1
7.0700E-4	1.0010E-2	5.5273E-1
7.0800E-4	9.5215E-3	5.5864E-1
7.0900E-4	9.5215E-3	5.6860E-1
7.1000E-4	9.5215E-3	5.7871E-1
7.1100E-4	9.5215E-3	5.9199E-1
7.1200E-4	1.0010E-2	6.0615E-1
7.1300E-4	1.0010E-2	6.1963E-1
7.1400E-4	9.7656E-3	6.3608E-1
7.1500E-4	9.5215E-3	6.5742E-1
7.1600E-4	9.5215E-3	6.7798E-1
7.1700E-4	9.0332E-3	6.9844E-1
7.1800E-4	1.0010E-2	7.1914E-1
7.1900E-4	8.7891E-3	7.3730E-1
7.2000E-4	1.0010E-2	7.5151E-1
7.2100E-4	9.5215E-3	7.5996E-1
7.2200E-4	9.2773E-3	7.6294E-1
7.2300E-4	1.0010E-2	7.6079E-1
7.2400E-4	9.5215E-3	7.5103E-1
7.2500E-4	9.5215E-3	7.3418E-1
7.2600E-4	9.7656E-3	7.1533E-1
7.2700E-4	9.7656E-3	6.9312E-1
7.2800E-4	9.7656E-3	6.6938E-1
7.2900E-4	9.5215E-3	6.4673E-1
7.3000E-4	9.5215E-3	6.2749E-1
7.3100E-4	9.5215E-3	6.0981E-1
7.3200E-4	9.0332E-3	5.9404E-1
7.3300E-4	9.7656E-3	5.8208E-1
7.3400E-4	1.0254E-2	5.7329E-1
7.3500E-4	9.2773E-3	5.6445E-1
7.3600E-4	1.0010E-2	5.5815E-1
7.3700E-4	1.0010E-2	5.5835E-1
7.3800E-4	1.0010E-2	5.6084E-1
7.3900E-4	1.0010E-2	5.6572E-1
7.4000E-4	9.5215E-3	5.7666E-1
7.4100E-4	9.0332E-3	5.9126E-1
7.4200E-4	9.7656E-3	6.0474E-1
7.4300E-4	1.0498E-2	6.2095E-1
7.4400E-4	9.0332E-3	6.3789E-1
7.4500E-4	9.7656E-3	6.5156E-1
7.4600E-4	1.0010E-2	6.6338E-1
7.4700E-4	9.7656E-3	6.7588E-1
7.4800E-4	9.7656E-3	6.8682E-1
7.4900E-4	9.2773E-3	6.9619E-1
7.5000E-4	9.5215E-3	7.0508E-1
7.5100E-4	9.2773E-3	7.1411E-1
7.5200E-4	1.0010E-2	7.1978E-1
7.5300E-4	9.5215E-3	7.2178E-1
7.5400E-4	1.0010E-2	7.2114E-1
7.5500E-4	1.0010E-2	7.1694E-1
7.5600E-4	9.5215E-3	7.0913E-1
7.5700E-4	9.0332E-3	7.0127E-1
7.5800E-4	9.5215E-3	6.9155E-1
7.5900E-4	1.0254E-2	6.8110E-1
7.6000E-4	1.0254E-2	6.7046E-1
7.6100E-4	9.5215E-3	6.5815E-1
7.6200E-4	9.7656E-3	6.4673E-1
7.6300E-4	1.0010E-2	6.3521E-1
7.6400E-4	9.5215E-3	6.2363E-1
7.6500E-4	9.7656E-3	6.1255E-1
7.6600E-4	1.0254E-2	6.0503E-1
7.6700E-4	9.5215E-3	5.9736E-1
7.6800E-4	9.7656E-3	5.9238E-1
7.6900E-4	9.5215E-3	5.8892E-1
7.7000E-4	9.7656E-3	5.8877E-1
7.7100E-4	9.5215E-3	5.8936E-1
7.7200E-4	9.2773E-3	5.9180E-1
7.7300E-4	9.5215E-3	6.0039E-1
7.7400E-4	9.2773E-3	6.1411E-1
7.7500E-4	1.0498E-2	6.2964E-1
7.7600E-4	1.0254E-2	6.4585E-1
7.7700E-4	9.0332E-3	6.6230E-1
7.7800E-4	9.7656E-3	6.7593E-1
7.7900E-4	1.0254E-2	6.8867E-1
7.8000E-4	1.0010E-2	6.9985E-1
7.8100E-4	9.0332E-3	7.0972E-1
7.8200E-4	9.5215E-3	7.1709E-1
7.8300E-4	9.7656E-3	7.2104E-1
7.8400E-4	9.7656E-3	7.1973E-1
7.8500E-4	9.0332E-3	7.1548E-1
7.8600E-4	1.0010E-2	7.0688E-1
7.8700E-4	9.0332E-3	6.9487E-1
7.8800E-4	9.7656E-3	6.7842E-1
7.8900E-4	9.7656E-3	6.5952E-1
7.9000E-4	9.2773E-3	6.3979E-1
7.9100E-4	9.5215E-3	6.2295E-1
7.9200E-4	1.0254E-2	6.0400E-1
7.9300E-4	9.7656E-3	5.8657E-1
7.9400E-4	9.7656E-3	5.7007E-1
7.9500E-4	9.5215E-3	5.5571E-1
7.9600E-4	9.7656E-3	5.4219E-1
7.9700E-4	9.5215E-3	5.3511E-1
7.9800E-4	9.5215E-3	5.3428E-1
7.9900E-4	9.5215E-3	5.3955E-1
8.0000E-4	1.0010E-2	5.4883E-1
8.0100E-4	9.5215E-3	5.6235E-1
8.0200E-4	9.7656E-3	5.7827E-1
8.0300E-4	9.7656E-3	5.9624E-1
8.0400E-4	9.7656E-3	6.1724E-1
8.0500E-4	1.0010E-2	6.3999E-1
8.0600E-4	1.0498E-2	6.6484E-1
8.0700E-4	1.0010E-2	6.9214E-1
8.0800E-4	9.5215E-3	7.1948E-1
8.0900E-4	1.0254E-2	7.4868E-1
8.1000E-4	9.7656E-3	7.7578E-1
8.1100E-4	9.5215E-3	7.9741E-1
8.1200E-4	1.0010E-2	8.1123E-1
8.1300E-4	9.7656E-3	8.1294E-1
8.1400E-4	1.0254E-2	8.0146E-1
8.1500E-4	9.5215E-3	7.7852E-1
8.1600E-4	9.2773E-3	7.4722E-1
8.1700E-4	1.0010E-2	7.0781E-1
8.1800E-4	9.2773E-3	6.6616E-1
8.1900E-4	9.2773E-3	6.2187E-1
8.2000E-4	9.7656E-3	5.8086E-1
8.2100E-4	9.0332E-3	5.4326E-1
8.2200E-4	1.0010E-2	5.1445E-1
8.2300E-4	1.0254E-2	4.9243E-1
8.2400E-4	1.0010E-2	4.8110E-1
8.2500E-4	9.2773E-3	4.7656E-1
8.2600E-4	1.0010E-2	4.7856E-1
8.2700E-4	9.5215E-3	4.8438E-1
8.2800E-4	9.7656E-3	4.9741E-1
8.2900E-4	9.5215E-3	5.1504E-1
8.3000E-4	9.7656E-3	5.3867E-1
8.3100E-4	9.0332E-3	5.6670E-1
8.3200E-4	9.5215E-3	6.0112E-1
8.3300E-4	9.7656E-3	6.3823E-1
8.3400E-4	1.0254E-2	6.7666E-1
8.3500E-4	9.7656E-3	7.1470E-1
8.3600E-4	9.7656E-3	7.5010E-1
8.3700E-4	9.7656E-3	7.8281E-1
8.3800E-4	9.2773E-3	8.0908E-1
8.3900E-4	9.5215E-3	8.2559E-1
8.4000E-4	1.0254E-2	8.3110E-1
8.4100E-4	9.7656E-3	8.2437E-1
8.4200E-4	9.7656E-3	8.0132E-1
8.4300E-4	1.0010E-2	7.6807E-1
8.4400E-4	1.0254E-2	7.2598E-1
8.4500E-4	9.0332E-3	6.7705E-1
8.4600E-4	1.0010E-2	6.2764E-1
8.4700E-4	1.0010E-2	5.8188E-1
8.4800E-4	1.0010E-2	5.4102E-1
8.4900E-4	9.7656E-3	5.0674E-1
8.5000E-4	9.5215E-3	4.8071E-1
8.5100E-4	9.7656E-3	4.6240E-1
8.5200E-4	1.0010E-2	4.5132E-1
8.5300E-4	9.0332E-3	4.4678E-1
8.5400E-4	1.0010E-2	4.5049E-1
8.5500E-4	1.0254E-2	4.5952E-1
8.5600E-4	1.0010E-2	4.7563E-1
8.5700E-4	1.0010E-2	4.9717E-1
8.5800E-4	9.5215E-3	5.2417E-1
8.5900E-4	9.7656E-3	5.5547E-1
8.6000E-4	1.0010E-2	5.9434E-1
8.6100E-4	9.5215E-3	6.3750E-1
8.6200E-4	9.5215E-3	6.8638E-1
8.6300E-4	1.0254E-2	7.3979E-1
8.6400E-4	9.2773E-3	7.9224E-1
8.6500E-4	9.2773E-3	8.3721E-1
8.6600E-4	1.0010E-2	8.6743E-1
8.6700E-4	1.0254E-2	8.7964E-1
8.6800E-4	9.5215E-3	8.7051E-1
8.6900E-4	1.0010E-2	8.4385E-1
8.7000E-4	9.7656E-3	8.0254E-1
8.7100E-4	9.5215E-3	7.5132E-1
8.7200E-4	1.0010E-2	6.9482E-1
8.7300E-4	9.7656E-3	6.3506E-1
8.7400E-4	1.0498E-2	5.7441E-1
8.7500E-4	9.7656E-3	5.1948E-1
8.7600E-4	9.5215E-3	4.7515E-1
8.7700E-4	1.0254E-2	4.4072E-1
8.7800E-4	9.5215E-3	4.1724E-1
8.7900E-4	1.0254E-2	4.0615E-1
8.8000E-4	9.7656E-3	4.0366E-1
8.8100E-4	9.5215E-3	4.0889E-1
8.8200E-4	1.0254E-2	4.1992E-1
8.8300E-4	9.7656E-3	4.3833E-1
8.8400E-4	1.0010E-2	4.6079E-1
8.8500E-4	9.5215E-3	4.9058E-1
8.8600E-4	9.7656E-3	5.2563E-1
8.8700E-4	9.5215E-3	5.6621E-1
8.8800E-4	9.2773E-3	6.0913E-1
8.8900E-4	9.2773E-3	6.5986E-1
8.9000E-4	9.2773E-3	7.1387E-1
8.9100E-4	9.7656E-3	7.7183E-1
8.9200E-4	9.5215E-3	8.2637E-1
8.9300E-4	9.5215E-3	8.7173E-1
8.9400E-4	9.7656E-3	8.9917E-1
8.9500E-4	1.0010E-2	9.0376E-1
8.9600E-4	1.0010E-2	8.8330E-1
8.9700E-4	9.2773E-3	8.4131E-1
8.9800E-4	1.0010E-2	7.8447E-1
8.9900E-4	9.5215E-3	7.1758E-1
9.0000E-4	1.0010E-2	6.4448E-1
9.0100E-4	1.0498E-2	5.7119E-1
9.0200E-4	9.5215E-3	5.0547E-1
9.0300E-4	1.0010E-2	4.5000E-1
9.0400E-4	9.0332E-3	4.0620E-1
9.0500E-4	9.5215E-3	3.7856E-1
9.0600E-4	1.0254E-2	3.6294E-1
9.0700E-4	9.5215E-3	3.5840E-1
9.0800E-4	9.5215E-3	3.6436E-1
9.0900E-4	1.0010E-2	3.7764E-1
9.1000E-4	1.0254E-2	3.9780E-1
9.1100E-4	9.5215E-3	4.2314E-1
9.1200E-4	1.0010E-2	4.5308E-1
9.1300E-4	9.2773E-3	4.8877E-1
9.1400E-4	9.2773E-3	5.3149E-1
9.1500E-4	9.5215E-3	5.7935E-1
9.1600E-4	9.7656E-3	6.3608E-1
9.1700E-4	1.0010E-2	6.9995E-1
9.1800E-4	9.7656E-3	7.6519E-1
9.1900E-4	9.2773E-3	8.2319E-1
9.2000E-4	1.0254E-2	8.6753E-1
9.2100E-4	9.5215E-3	8.9106E-1
9.2200E-4	9.0332E-3	8.8984E-1
9.2300E-4	1.0010E-2	8.6191E-1
9.2400E-4	9.7656E-3	8.1289E-1
9.2500E-4	9.5215E-3	7.5049E-1
9.2600E-4	1.0010E-2	6.7969E-1
9.2700E-4	1.0254E-2	6.0430E-1
9.2800E-4	9.2773E-3	5.3164E-1
9.2900E-4	9.2773E-3	4.6611E-1
9.3000E-4	9.2773E-3	4.1069E-1
9.3100E-4	9.7656E-3	3.6890E-1
9.3200E-4	9.2773E-3	3.3853E-1
9.3300E-4	1.0254E-2	3.2061E-1
9.3400E-4	9.7656E-3	3.1523E-1
9.3500E-4	9.7656E-3	3.1665E-1
9.3600E-4	1.0498E-2	3.2480E-1
9.3700E-4	9.2773E-3	3.4146E-1
9.3800E-4	9.0332E-3	3.6411E-1
9.3900E-4	1.0010E-2	3.9165E-1
9.4000E-4	9.7656E-3	4.2637E-1
9.4100E-4	9.5215E-3	4.6592E-1
9.4200E-4	9.5215E-3	5.1274E-1
9.4300E-4	9.5215E-3	5.6636E-1
9.4400E-4	1.0254E-2	6.2949E-1
9.4500E-4	9.2773E-3	7.0225E-1
9.4600E-4	1.0498E-2	7.7603E-1
9.4700E-4	1.0254E-2	8.3760E-1
9.4800E-4	9.5215E-3	8.7993E-1
9.4900E-4	1.0010E-2	8.9478E-1
9.5000E-4	1.0010E-2	8.7646E-1
9.5100E-4	9.0332E-3	8.2993E-1
9.5200E-4	1.0010E-2	7.6431E-1
9.5300E-4	9.7656E-3	6.8384E-1
9.5400E-4	1.0010E-2	5.9668E-1
9.5500E-4	1.0254E-2	5.0952E-1
9.5600E-4	9.7656E-3	4.3374E-1
9.5700E-4	9.5215E-3	3.6782E-1
9.5800E-4	9.2773E-3	3.1792E-1
9.5900E-4	9.5215E-3	2.8296E-1
9.6000E-4	9.5215E-3	2.6299E-1
9.6100E-4	9.7656E-3	2.5117E-1
9.6200E-4	9.5215E-3	2.5166E-1
9.6300E-4	9.7656E-3	2.5903E-1
9.6400E-4	9.2773E-3	2.7217E-1
9.6500E-4	9.7656E-3	2.8940E-1
9.6600E-4	1.0254E-2	3.1382E-1
9.6700E-4	1.0254E-2	3.4380E-1
9.6800E-4	9.2773E-3	3.8350E-1
9.6900E-4	8.7891E-3	4.3374E-1
9.7000E-4	1.0010E-2	4.9570E-1
9.7100E-4	9.2773E-3	5.6655E-1
9.7200E-4	1.0010E-2	6.4868E-1
9.7300E-4	9.2773E-3	7.3296E-1
9.7400E-4	9.5215E-3	8.0439E-1
9.7500E-4	9.7656E-3	8.5308E-1
9.7600E-4	9.5215E-3	8.6943E-1
9.7700E-4	9.5215E-3	8.4351E-1
9.7800E-4	9.7656E-3	7.7920E-1
9.7900E-4	1.0254E-2	6.8433E-1
9.8000E-4	9.5215E-3	5.6987E-1
9.8100E-4	9.5215E-3	4.4702E-1
9.8200E-4	9.7656E-3	3.2793E-1
9.8300E-4	9.7656E-3	2.1924E-1
9.8400E-4	9.2773E-3	1.2969E-1
9.8500E-4	1.0254E-2	5.9961E-2
9.8600E-4	9.7656E-3	1.0010E-2
9.8700E-4	1.0498E-2	-2.1045E-2
9.8800E-4	9.5215E-3	-3.7305E-2
9.8900E-4	9.5215E-3	-4.1895E-2
9.9000E-4	9.5215E-3	-3.7598E-2
9.9100E-4	9.5215E-3	-3.1299E-2
9.9200E-4	1.0010E-2	-2.6465E-2
9.9300E-4	1.0254E-2	-2.2217E-2
9.9400E-4	9.5215E-3	-1.8604E-2
9.9500E-4	9.5215E-3	-1.6748E-2
9.9600E-4	9.5215E-3	-1.3135E-2
9.9700E-4	9.0332E-3	-1.1621E-2
9.9800E-4	8.7891E-3	-1.1621E-2
9.9900E-4	1.0498E-2	-1.1621E-2
