Time [s]	Aux in [V]	Main in [V]
0.0000E+0	1.0010E-2	-9.1406E-2
1.0000E-6	9.2773E-3	-9.1797E-2
2.0000E-6	9.5215E-3	-9.2041E-2
3.0000E-6	9.2773E-3	-9.0723E-2
4.0000E-6	9.5215E-3	-8.6279E-2
5.0000E-6	9.5215E-3	-8.2031E-2
6.0000E-6	9.2773E-3	-7.6172E-2
7.0000E-6	9.0332E-3	-7.0117E-2
8.0000E-6	9.2773E-3	-6.1133E-2
9.0000E-6	9.7656E-3	-4.7949E-2
1.0000E-5	9.5215E-3	-2.8662E-2
1.1000E-5	9.5215E-3	-4.3945E-3
1.2000E-5	9.5215E-3	2.8613E-2
1.3000E-5	1.0010E-2	6.6504E-2
1.4000E-5	9.5215E-3	1.1157E-1
1.5000E-5	1.0254E-2	1.6592E-1
1.6000E-5	9.2773E-3	2.3447E-1
1.7000E-5	9.5215E-3	3.2163E-1
1.8000E-5	9.0332E-3	4.3179E-1
1.9000E-5	9.7656E-3	5.5552E-1
2.0000E-5	9.7656E-3	6.7485E-1
2.1000E-5	9.0332E-3	7.7119E-1
2.2000E-5	9.5215E-3	8.2979E-1
2.3000E-5	9.7656E-3	8.3872E-1
2.4000E-5	9.0332E-3	8.0005E-1
2.5000E-5	9.5215E-3	7.2505E-1
2.6000E-5	1.0254E-2	6.2822E-1
2.7000E-5	9.2773E-3	5.2383E-1
2.8000E-5	9.2773E-3	4.2119E-1
2.9000E-5	9.2773E-3	3.2959E-1
3.0000E-5	9.5215E-3	2.5552E-1
3.1000E-5	9.5215E-3	2.0259E-1
3.2000E-5	9.0332E-3	1.6733E-1
3.3000E-5	9.2773E-3	1.4951E-1
3.4000E-5	9.2773E-3	1.4722E-1
3.5000E-5	9.2773E-3	1.5742E-1
3.6000E-5	9.5215E-3	1.7798E-1
3.7000E-5	9.5215E-3	2.0415E-1
3.8000E-5	9.0332E-3	2.3574E-1
3.9000E-5	1.0010E-2	2.7031E-1
4.0000E-5	9.5215E-3	3.0957E-1
4.1000E-5	9.2773E-3	3.5342E-1
4.2000E-5	1.0010E-2	4.0542E-1
4.3000E-5	9.2773E-3	4.6616E-1
4.4000E-5	9.5215E-3	5.3394E-1
4.5000E-5	9.7656E-3	6.0947E-1
4.6000E-5	9.7656E-3	6.8394E-1
4.7000E-5	9.0332E-3	7.5005E-1
4.8000E-5	1.0010E-2	7.9678E-1
4.9000E-5	9.2773E-3	8.1865E-1
5.0000E-5	9.2773E-3	8.1011E-1
5.1000E-5	9.2773E-3	7.7412E-1
5.2000E-5	9.2773E-3	7.1748E-1
5.3000E-5	9.7656E-3	6.4663E-1
5.4000E-5	9.2773E-3	5.7026E-1
5.5000E-5	9.5215E-3	4.9526E-1
5.6000E-5	1.0254E-2	4.2671E-1
5.7000E-5	1.0010E-2	3.6748E-1
5.8000E-5	9.5215E-3	3.2065E-1
5.9000E-5	9.2773E-3	2.8872E-1
6.0000E-5	9.5215E-3	2.6772E-1
6.1000E-5	9.0332E-3	2.5840E-1
6.2000E-5	9.7656E-3	2.5732E-1
6.3000E-5	9.7656E-3	2.6636E-1
6.4000E-5	9.2773E-3	2.8159E-1
6.5000E-5	1.0010E-2	3.0542E-1
6.6000E-5	9.5215E-3	3.3589E-1
6.7000E-5	9.2773E-3	3.7280E-1
6.8000E-5	9.0332E-3	4.1655E-1
6.9000E-5	1.0010E-2	4.6724E-1
7.0000E-5	9.0332E-3	5.2314E-1
7.1000E-5	9.2773E-3	5.8350E-1
7.2000E-5	9.0332E-3	6.4883E-1
7.3000E-5	1.0010E-2	7.1069E-1
7.4000E-5	9.5215E-3	7.6372E-1
7.5000E-5	9.5215E-3	7.9834E-1
7.6000E-5	9.5215E-3	8.1167E-1
7.7000E-5	9.0332E-3	8.0083E-1
7.8000E-5	9.2773E-3	7.6860E-1
7.9000E-5	9.2773E-3	7.1724E-1
8.0000E-5	9.5215E-3	6.5503E-1
8.1000E-5	9.5215E-3	5.8745E-1
8.2000E-5	9.2773E-3	5.1919E-1
8.3000E-5	9.5215E-3	4.5693E-1
8.4000E-5	9.5215E-3	4.0298E-1
8.5000E-5	1.0254E-2	3.6074E-1
8.6000E-5	9.2773E-3	3.2993E-1
8.7000E-5	9.7656E-3	3.1021E-1
8.8000E-5	9.5215E-3	3.0093E-1
8.9000E-5	9.2773E-3	3.0283E-1
9.0000E-5	9.2773E-3	3.1123E-1
9.1000E-5	9.7656E-3	3.2676E-1
9.2000E-5	9.2773E-3	3.4697E-1
9.3000E-5	9.5215E-3	3.6865E-1
9.4000E-5	9.7656E-3	3.9482E-1
9.5000E-5	9.7656E-3	4.2661E-1
9.6000E-5	9.2773E-3	4.6367E-1
9.7000E-5	9.2773E-3	5.0737E-1
9.8000E-5	9.5215E-3	5.6113E-1
9.9000E-5	9.7656E-3	6.1924E-1
1.0000E-4	9.2773E-3	6.7910E-1
1.0100E-4	9.5215E-3	7.3447E-1
1.0200E-4	9.2773E-3	7.8032E-1
1.0300E-4	9.5215E-3	8.0659E-1
1.0400E-4	9.5215E-3	8.0967E-1
1.0500E-4	9.7656E-3	7.8936E-1
1.0600E-4	9.2773E-3	7.4888E-1
1.0700E-4	9.5215E-3	6.9429E-1
1.0800E-4	9.2773E-3	6.3247E-1
1.0900E-4	9.5215E-3	5.6890E-1
1.1000E-4	9.2773E-3	5.0771E-1
1.1100E-4	9.5215E-3	4.5503E-1
1.1200E-4	1.0010E-2	4.0889E-1
1.1300E-4	9.5215E-3	3.7202E-1
1.1400E-4	9.5215E-3	3.4971E-1
1.1500E-4	1.0010E-2	3.4082E-1
1.1600E-4	9.0332E-3	3.3970E-1
1.1700E-4	1.0010E-2	3.4702E-1
1.1800E-4	9.7656E-3	3.6099E-1
1.1900E-4	9.5215E-3	3.7886E-1
1.2000E-4	1.0254E-2	4.0029E-1
1.2100E-4	9.7656E-3	4.2866E-1
1.2200E-4	8.7891E-3	4.6289E-1
1.2300E-4	9.5215E-3	5.0327E-1
1.2400E-4	9.5215E-3	5.4829E-1
1.2500E-4	9.2773E-3	5.9863E-1
1.2600E-4	9.0332E-3	6.5156E-1
1.2700E-4	9.7656E-3	7.0459E-1
1.2800E-4	9.2773E-3	7.5239E-1
1.2900E-4	1.0010E-2	7.8848E-1
1.3000E-4	1.0010E-2	8.0762E-1
1.3100E-4	9.5215E-3	8.0869E-1
1.3200E-4	9.5215E-3	7.9297E-1
1.3300E-4	9.0332E-3	7.5869E-1
1.3400E-4	9.7656E-3	7.1240E-1
1.3500E-4	9.5215E-3	6.5938E-1
1.3600E-4	9.5215E-3	6.0156E-1
1.3700E-4	9.7656E-3	5.4272E-1
1.3800E-4	9.7656E-3	4.8794E-1
1.3900E-4	9.7656E-3	4.4165E-1
1.4000E-4	1.0010E-2	4.0566E-1
1.4100E-4	9.7656E-3	3.8130E-1
1.4200E-4	8.7891E-3	3.6655E-1
1.4300E-4	9.5215E-3	3.6426E-1
1.4400E-4	9.2773E-3	3.7012E-1
1.4500E-4	9.7656E-3	3.8257E-1
1.4600E-4	9.2773E-3	3.9854E-1
1.4700E-4	9.5215E-3	4.2002E-1
1.4800E-4	9.5215E-3	4.4526E-1
1.4900E-4	9.7656E-3	4.7456E-1
1.5000E-4	9.2773E-3	5.0615E-1
1.5100E-4	9.7656E-3	5.4253E-1
1.5200E-4	9.2773E-3	5.8052E-1
1.5300E-4	9.5215E-3	6.2090E-1
1.5400E-4	9.2773E-3	6.6177E-1
1.5500E-4	9.2773E-3	6.9941E-1
1.5600E-4	9.7656E-3	7.3198E-1
1.5700E-4	9.7656E-3	7.5386E-1
1.5800E-4	9.2773E-3	7.6284E-1
1.5900E-4	9.5215E-3	7.5923E-1
1.6000E-4	8.7891E-3	7.4395E-1
1.6100E-4	1.0254E-2	7.1519E-1
1.6200E-4	8.7891E-3	6.7935E-1
1.6300E-4	9.2773E-3	6.3696E-1
1.6400E-4	9.5215E-3	5.9268E-1
1.6500E-4	9.5215E-3	5.5137E-1
1.6600E-4	1.0010E-2	5.1470E-1
1.6700E-4	9.7656E-3	4.8618E-1
1.6800E-4	9.5215E-3	4.6572E-1
1.6900E-4	1.0010E-2	4.5098E-1
1.7000E-4	9.2773E-3	4.4072E-1
1.7100E-4	9.5215E-3	4.3579E-1
1.7200E-4	9.2773E-3	4.3818E-1
1.7300E-4	9.2773E-3	4.4722E-1
1.7400E-4	9.7656E-3	4.6055E-1
1.7500E-4	9.2773E-3	4.7705E-1
1.7600E-4	9.5215E-3	5.0063E-1
1.7700E-4	9.2773E-3	5.2739E-1
1.7800E-4	9.5215E-3	5.5488E-1
1.7900E-4	1.0010E-2	5.8560E-1
1.8000E-4	9.2773E-3	6.2056E-1
1.8100E-4	9.0332E-3	6.5430E-1
1.8200E-4	9.2773E-3	6.8403E-1
1.8300E-4	9.0332E-3	7.1191E-1
1.8400E-4	9.2773E-3	7.3325E-1
1.8500E-4	9.7656E-3	7.4624E-1
1.8600E-4	9.5215E-3	7.4810E-1
1.8700E-4	1.0010E-2	7.3799E-1
1.8800E-4	9.7656E-3	7.1597E-1
1.8900E-4	9.2773E-3	6.8550E-1
1.9000E-4	9.5215E-3	6.4717E-1
1.9100E-4	9.0332E-3	6.0825E-1
1.9200E-4	9.0332E-3	5.6851E-1
1.9300E-4	9.0332E-3	5.3193E-1
1.9400E-4	9.7656E-3	4.9897E-1
1.9500E-4	9.0332E-3	4.7329E-1
1.9600E-4	9.0332E-3	4.5317E-1
1.9700E-4	9.5215E-3	4.4419E-1
1.9800E-4	9.5215E-3	4.4341E-1
1.9900E-4	9.2773E-3	4.5068E-1
2.0000E-4	8.5449E-3	4.6416E-1
2.0100E-4	8.7891E-3	4.8198E-1
2.0200E-4	9.5215E-3	4.9937E-1
2.0300E-4	9.2773E-3	5.1626E-1
2.0400E-4	9.5215E-3	5.3281E-1
2.0500E-4	9.7656E-3	5.4775E-1
2.0600E-4	9.7656E-3	5.6377E-1
2.0700E-4	9.7656E-3	5.8184E-1
2.0800E-4	9.2773E-3	6.0146E-1
2.0900E-4	9.5215E-3	6.2075E-1
2.1000E-4	9.2773E-3	6.4028E-1
2.1100E-4	1.0010E-2	6.5342E-1
2.1200E-4	9.5215E-3	6.6333E-1
2.1300E-4	9.7656E-3	6.7354E-1
2.1400E-4	9.7656E-3	6.7939E-1
2.1500E-4	9.2773E-3	6.7915E-1
2.1600E-4	9.2773E-3	6.7700E-1
2.1700E-4	9.5215E-3	6.7056E-1
2.1800E-4	9.2773E-3	6.5469E-1
2.1900E-4	1.0010E-2	6.3770E-1
2.2000E-4	9.5215E-3	6.2041E-1
2.2100E-4	9.5215E-3	6.0112E-1
2.2200E-4	9.7656E-3	5.8101E-1
2.2300E-4	9.2773E-3	5.6392E-1
2.2400E-4	9.5215E-3	5.4702E-1
2.2500E-4	9.7656E-3	5.3481E-1
2.2600E-4	9.5215E-3	5.2778E-1
2.2700E-4	9.7656E-3	5.2666E-1
2.2800E-4	1.0010E-2	5.2915E-1
2.2900E-4	9.2773E-3	5.3462E-1
2.3000E-4	9.5215E-3	5.4009E-1
2.3100E-4	9.5215E-3	5.4604E-1
2.3200E-4	9.0332E-3	5.5415E-1
2.3300E-4	9.5215E-3	5.6211E-1
2.3400E-4	9.0332E-3	5.7188E-1
2.3500E-4	1.0010E-2	5.8389E-1
2.3600E-4	9.5215E-3	5.9800E-1
2.3700E-4	9.2773E-3	6.0991E-1
2.3800E-4	9.7656E-3	6.2290E-1
2.3900E-4	9.2773E-3	6.3354E-1
2.4000E-4	9.5215E-3	6.4014E-1
2.4100E-4	9.7656E-3	6.4492E-1
2.4200E-4	9.2773E-3	6.4785E-1
2.4300E-4	9.5215E-3	6.4985E-1
2.4400E-4	9.5215E-3	6.5103E-1
2.4500E-4	9.0332E-3	6.5283E-1
2.4600E-4	9.7656E-3	6.5142E-1
2.4700E-4	9.5215E-3	6.4746E-1
2.4800E-4	9.5215E-3	6.3843E-1
2.4900E-4	9.5215E-3	6.2715E-1
2.5000E-4	9.7656E-3	6.1211E-1
2.5100E-4	9.2773E-3	5.9653E-1
2.5200E-4	1.0010E-2	5.8105E-1
2.5300E-4	9.0332E-3	5.6650E-1
2.5400E-4	9.5215E-3	5.5312E-1
2.5500E-4	1.0010E-2	5.3999E-1
2.5600E-4	9.5215E-3	5.3071E-1
2.5700E-4	9.2773E-3	5.2363E-1
2.5800E-4	9.5215E-3	5.1958E-1
2.5900E-4	9.2773E-3	5.1831E-1
2.6000E-4	9.2773E-3	5.1943E-1
2.6100E-4	9.5215E-3	5.2100E-1
2.6200E-4	9.2773E-3	5.2622E-1
2.6300E-4	9.5215E-3	5.3203E-1
2.6400E-4	9.7656E-3	5.3760E-1
2.6500E-4	9.7656E-3	5.4614E-1
2.6600E-4	9.7656E-3	5.5679E-1
2.6700E-4	9.2773E-3	5.6880E-1
2.6800E-4	9.5215E-3	5.8545E-1
2.6900E-4	9.5215E-3	6.0518E-1
2.7000E-4	9.0332E-3	6.2798E-1
2.7100E-4	9.7656E-3	6.5142E-1
2.7200E-4	1.0010E-2	6.7266E-1
2.7300E-4	1.0010E-2	6.8901E-1
2.7400E-4	8.7891E-3	7.0054E-1
2.7500E-4	9.5215E-3	7.0488E-1
2.7600E-4	9.7656E-3	7.0278E-1
2.7700E-4	9.2773E-3	6.9492E-1
2.7800E-4	9.7656E-3	6.8105E-1
2.7900E-4	9.7656E-3	6.6392E-1
2.8000E-4	9.5215E-3	6.4414E-1
2.8100E-4	1.0010E-2	6.2148E-1
2.8200E-4	9.5215E-3	5.9722E-1
2.8300E-4	9.5215E-3	5.7310E-1
2.8400E-4	9.7656E-3	5.4985E-1
2.8500E-4	1.0254E-2	5.2905E-1
2.8600E-4	9.5215E-3	5.1138E-1
2.8700E-4	9.7656E-3	4.9683E-1
2.8800E-4	9.0332E-3	4.8647E-1
2.8900E-4	1.0010E-2	4.8057E-1
2.9000E-4	9.2773E-3	4.7808E-1
2.9100E-4	9.2773E-3	4.8076E-1
2.9200E-4	9.7656E-3	4.8901E-1
2.9300E-4	9.5215E-3	5.0059E-1
2.9400E-4	9.5215E-3	5.1616E-1
2.9500E-4	9.5215E-3	5.3481E-1
2.9600E-4	9.5215E-3	5.5566E-1
2.9700E-4	9.7656E-3	5.7974E-1
2.9800E-4	9.2773E-3	6.0757E-1
2.9900E-4	9.5215E-3	6.3442E-1
3.0000E-4	8.7891E-3	6.6187E-1
3.0100E-4	9.5215E-3	6.8813E-1
3.0200E-4	9.7656E-3	7.0962E-1
3.0300E-4	1.0010E-2	7.2349E-1
3.0400E-4	9.5215E-3	7.2847E-1
3.0500E-4	1.0254E-2	7.2500E-1
3.0600E-4	9.5215E-3	7.1143E-1
3.0700E-4	9.0332E-3	6.8789E-1
3.0800E-4	9.5215E-3	6.5898E-1
3.0900E-4	9.2773E-3	6.2764E-1
3.1000E-4	9.7656E-3	5.9189E-1
3.1100E-4	1.0254E-2	5.5542E-1
3.1200E-4	9.0332E-3	5.2271E-1
3.1300E-4	9.5215E-3	4.9287E-1
3.1400E-4	9.7656E-3	4.6709E-1
3.1500E-4	9.5215E-3	4.4678E-1
3.1600E-4	9.5215E-3	4.3223E-1
3.1700E-4	9.0332E-3	4.2344E-1
3.1800E-4	9.7656E-3	4.2188E-1
3.1900E-4	1.0010E-2	4.2847E-1
3.2000E-4	9.7656E-3	4.4194E-1
3.2100E-4	9.5215E-3	4.6323E-1
3.2200E-4	1.0010E-2	4.9087E-1
3.2300E-4	9.7656E-3	5.2129E-1
3.2400E-4	9.5215E-3	5.5347E-1
3.2500E-4	1.0010E-2	5.8945E-1
3.2600E-4	9.5215E-3	6.2764E-1
3.2700E-4	1.0254E-2	6.6543E-1
3.2800E-4	9.7656E-3	7.0396E-1
3.2900E-4	9.0332E-3	7.3838E-1
3.3000E-4	9.2773E-3	7.6655E-1
3.3100E-4	9.5215E-3	7.8301E-1
3.3200E-4	9.5215E-3	7.8657E-1
3.3300E-4	9.2773E-3	7.7383E-1
3.3400E-4	9.7656E-3	7.5005E-1
3.3500E-4	9.7656E-3	7.1401E-1
3.3600E-4	8.7891E-3	6.7036E-1
3.3700E-4	9.7656E-3	6.2207E-1
3.3800E-4	9.5215E-3	5.7656E-1
3.3900E-4	1.0254E-2	5.3086E-1
3.4000E-4	8.7891E-3	4.8970E-1
3.4100E-4	1.0010E-2	4.5464E-1
3.4200E-4	9.7656E-3	4.2554E-1
3.4300E-4	9.2773E-3	4.0229E-1
3.4400E-4	9.5215E-3	3.8696E-1
3.4500E-4	9.5215E-3	3.7959E-1
3.4600E-4	9.2773E-3	3.8086E-1
3.4700E-4	9.7656E-3	3.9087E-1
3.4800E-4	9.2773E-3	4.0947E-1
3.4900E-4	9.7656E-3	4.3521E-1
3.5000E-4	9.7656E-3	4.6660E-1
3.5100E-4	9.2773E-3	5.0234E-1
3.5200E-4	9.5215E-3	5.4175E-1
3.5300E-4	9.0332E-3	5.8374E-1
3.5400E-4	9.5215E-3	6.3218E-1
3.5500E-4	9.5215E-3	6.8110E-1
3.5600E-4	9.0332E-3	7.2690E-1
3.5700E-4	9.5215E-3	7.6572E-1
3.5800E-4	9.5215E-3	7.9126E-1
3.5900E-4	9.2773E-3	7.9727E-1
3.6000E-4	9.7656E-3	7.8604E-1
3.6100E-4	9.2773E-3	7.5928E-1
3.6200E-4	8.7891E-3	7.1924E-1
3.6300E-4	8.7891E-3	6.7100E-1
3.6400E-4	9.0332E-3	6.1787E-1
3.6500E-4	9.0332E-3	5.6338E-1
3.6600E-4	9.0332E-3	5.0801E-1
3.6700E-4	1.0498E-2	4.5830E-1
3.6800E-4	9.0332E-3	4.1587E-1
3.6900E-4	1.0010E-2	3.8306E-1
3.7000E-4	9.7656E-3	3.5981E-1
3.7100E-4	9.0332E-3	3.4976E-1
3.7200E-4	9.5215E-3	3.4678E-1
3.7300E-4	9.7656E-3	3.5327E-1
3.7400E-4	9.5215E-3	3.6729E-1
3.7500E-4	9.2773E-3	3.8838E-1
3.7600E-4	9.7656E-3	4.1196E-1
3.7700E-4	1.0010E-2	4.4146E-1
3.7800E-4	9.7656E-3	4.7378E-1
3.7900E-4	9.7656E-3	5.1191E-1
3.8000E-4	8.5449E-3	5.5791E-1
3.8100E-4	9.5215E-3	6.1182E-1
3.8200E-4	9.5215E-3	6.6973E-1
3.8300E-4	9.2773E-3	7.2681E-1
3.8400E-4	9.2773E-3	7.7187E-1
3.8500E-4	9.7656E-3	7.9775E-1
3.8600E-4	9.5215E-3	8.0381E-1
3.8700E-4	9.5215E-3	7.8984E-1
3.8800E-4	9.7656E-3	7.5884E-1
3.8900E-4	9.2773E-3	7.1548E-1
3.9000E-4	9.7656E-3	6.6509E-1
3.9100E-4	1.0010E-2	6.0835E-1
3.9200E-4	9.2773E-3	5.4819E-1
3.9300E-4	9.5215E-3	4.8652E-1
3.9400E-4	9.5215E-3	4.3218E-1
3.9500E-4	9.2773E-3	3.8379E-1
3.9600E-4	9.5215E-3	3.4756E-1
3.9700E-4	1.0254E-2	3.2446E-1
3.9800E-4	9.2773E-3	3.1152E-1
3.9900E-4	9.2773E-3	3.0337E-1
4.0000E-4	9.5215E-3	3.0586E-1
4.0100E-4	1.0010E-2	3.1348E-1
4.0200E-4	9.0332E-3	3.2671E-1
4.0300E-4	9.7656E-3	3.4795E-1
4.0400E-4	9.7656E-3	3.7812E-1
4.0500E-4	9.7656E-3	4.1353E-1
4.0600E-4	9.0332E-3	4.5674E-1
4.0700E-4	9.5215E-3	5.0493E-1
4.0800E-4	9.5215E-3	5.6055E-1
4.0900E-4	9.7656E-3	6.2090E-1
4.1000E-4	9.7656E-3	6.8145E-1
4.1100E-4	1.0010E-2	7.3438E-1
4.1200E-4	9.0332E-3	7.7471E-1
4.1300E-4	1.0010E-2	7.9365E-1
4.1400E-4	9.5215E-3	7.9053E-1
4.1500E-4	1.0254E-2	7.6763E-1
4.1600E-4	1.0010E-2	7.2690E-1
4.1700E-4	9.5215E-3	6.7070E-1
4.1800E-4	9.2773E-3	6.0679E-1
4.1900E-4	9.7656E-3	5.3989E-1
4.2000E-4	9.2773E-3	4.7280E-1
4.2100E-4	9.7656E-3	4.1201E-1
4.2200E-4	9.0332E-3	3.6304E-1
4.2300E-4	9.7656E-3	3.2578E-1
4.2400E-4	9.5215E-3	2.9941E-1
4.2500E-4	9.5215E-3	2.8359E-1
4.2600E-4	8.7891E-3	2.7813E-1
4.2700E-4	1.0010E-2	2.8252E-1
4.2800E-4	9.7656E-3	2.9482E-1
4.2900E-4	9.2773E-3	3.1592E-1
4.3000E-4	9.2773E-3	3.4346E-1
4.3100E-4	8.7891E-3	3.7603E-1
4.3200E-4	9.0332E-3	4.1060E-1
4.3300E-4	9.7656E-3	4.4858E-1
4.3400E-4	9.0332E-3	4.8916E-1
4.3500E-4	1.0010E-2	5.3530E-1
4.3600E-4	9.7656E-3	5.8882E-1
4.3700E-4	9.5215E-3	6.4707E-1
4.3800E-4	9.7656E-3	6.9990E-1
4.3900E-4	9.7656E-3	7.3872E-1
4.4000E-4	9.2773E-3	7.6040E-1
4.4100E-4	9.5215E-3	7.5981E-1
4.4200E-4	1.0010E-2	7.3599E-1
4.4300E-4	1.0254E-2	6.9585E-1
4.4400E-4	9.2773E-3	6.4272E-1
4.4500E-4	1.0254E-2	5.7793E-1
4.4600E-4	9.7656E-3	5.0522E-1
4.4700E-4	9.5215E-3	4.3140E-1
4.4800E-4	9.2773E-3	3.6348E-1
4.4900E-4	8.7891E-3	3.0752E-1
4.5000E-4	9.5215E-3	2.6758E-1
4.5100E-4	9.5215E-3	2.4263E-1
4.5200E-4	9.0332E-3	2.2842E-1
4.5300E-4	9.7656E-3	2.2275E-1
4.5400E-4	9.5215E-3	2.2437E-1
4.5500E-4	9.5215E-3	2.2988E-1
4.5600E-4	1.0254E-2	2.3940E-1
4.5700E-4	9.0332E-3	2.5654E-1
4.5800E-4	9.7656E-3	2.7759E-1
4.5900E-4	1.0010E-2	3.0562E-1
4.6000E-4	9.7656E-3	3.4136E-1
4.6100E-4	9.5215E-3	3.8477E-1
4.6200E-4	9.7656E-3	4.3438E-1
4.6300E-4	9.7656E-3	4.9375E-1
4.6400E-4	9.7656E-3	5.6060E-1
4.6500E-4	9.2773E-3	6.2681E-1
4.6600E-4	9.7656E-3	6.8228E-1
4.6700E-4	9.5215E-3	7.2236E-1
4.6800E-4	9.2773E-3	7.3848E-1
4.6900E-4	9.0332E-3	7.2056E-1
4.7000E-4	9.2773E-3	6.7109E-1
4.7100E-4	9.7656E-3	5.9688E-1
4.7200E-4	1.0010E-2	5.0400E-1
4.7300E-4	9.7656E-3	4.0010E-1
4.7400E-4	9.2773E-3	2.9688E-1
4.7500E-4	9.5215E-3	2.0171E-1
4.7600E-4	9.2773E-3	1.2046E-1
4.7700E-4	9.2773E-3	5.5078E-2
4.7800E-4	9.0332E-3	7.5195E-3
4.7900E-4	9.5215E-3	-2.5391E-2
4.8000E-4	9.2773E-3	-4.6289E-2
4.8100E-4	9.7656E-3	-5.5615E-2
4.8200E-4	9.2773E-3	-5.9326E-2
4.8300E-4	9.7656E-3	-5.9717E-2
4.8400E-4	1.0010E-2	-5.9375E-2
4.8500E-4	9.7656E-3	-5.8740E-2
4.8600E-4	9.5215E-3	-6.1865E-2
4.8700E-4	9.5215E-3	-6.3086E-2
4.8800E-4	9.7656E-3	-6.5039E-2
4.8900E-4	1.0254E-2	-6.6553E-2
4.9000E-4	9.2773E-3	-6.9238E-2
4.9100E-4	9.5215E-3	-7.0654E-2
4.9200E-4	1.0010E-2	-7.3779E-2
4.9300E-4	9.7656E-3	-7.5000E-2
4.9400E-4	9.2773E-3	-7.5928E-2
4.9500E-4	9.7656E-3	-7.5635E-2
4.9600E-4	9.0332E-3	-7.4463E-2
4.9700E-4	9.0332E-3	-7.3193E-2
4.9800E-4	1.0254E-2	-7.3535E-2
4.9900E-4	9.7656E-3	-7.2607E-2
5.0000E-4	9.7656E-3	-6.9238E-2
5.0100E-4	8.7891E-3	-6.4746E-2
5.0200E-4	1.0254E-2	-5.9668E-2
5.0300E-4	9.5215E-3	-5.3857E-2
5.0400E-4	1.0010E-2	-5.0586E-2
5.0500E-4	9.2773E-3	-4.9365E-2
5.0600E-4	9.5215E-3	-4.8291E-2
5.0700E-4	9.5215E-3	-4.5801E-2
5.0800E-4	9.5215E-3	-4.0723E-2
5.0900E-4	9.2773E-3	-2.8369E-2
5.1000E-4	9.5215E-3	-9.7656E-3
5.1100E-4	9.5215E-3	1.4746E-2
5.1200E-4	9.0332E-3	4.7607E-2
5.1300E-4	9.7656E-3	8.8477E-2
5.1400E-4	9.2773E-3	1.4023E-1
5.1500E-4	1.0254E-2	2.0386E-1
5.1600E-4	9.7656E-3	2.8311E-1
5.1700E-4	9.7656E-3	3.7812E-1
5.1800E-4	9.0332E-3	4.8535E-1
5.1900E-4	1.0498E-2	5.9478E-1
5.2000E-4	1.0254E-2	6.9487E-1
5.2100E-4	9.0332E-3	7.6948E-1
5.2200E-4	9.5215E-3	8.0898E-1
5.2300E-4	9.7656E-3	8.1050E-1
5.2400E-4	9.7656E-3	7.7295E-1
5.2500E-4	9.5215E-3	7.0571E-1
5.2600E-4	9.2773E-3	6.1973E-1
5.2700E-4	9.5215E-3	5.2715E-1
5.2800E-4	9.2773E-3	4.3628E-1
5.2900E-4	9.5215E-3	3.5469E-1
5.3000E-4	9.7656E-3	2.8716E-1
5.3100E-4	9.7656E-3	2.3936E-1
5.3200E-4	9.7656E-3	2.0771E-1
5.3300E-4	9.2773E-3	1.9185E-1
5.3400E-4	9.2773E-3	1.9141E-1
5.3500E-4	9.5215E-3	2.0225E-1
5.3600E-4	9.5215E-3	2.1987E-1
5.3700E-4	9.5215E-3	2.4277E-1
5.3800E-4	9.7656E-3	2.6890E-1
5.3900E-4	9.2773E-3	2.9697E-1
5.4000E-4	9.7656E-3	3.2896E-1
5.4100E-4	9.5215E-3	3.6602E-1
5.4200E-4	8.7891E-3	4.1172E-1
5.4300E-4	9.5215E-3	4.6548E-1
5.4400E-4	9.5215E-3	5.2705E-1
5.4500E-4	9.5215E-3	5.9448E-1
5.4600E-4	1.0010E-2	6.6323E-1
5.4700E-4	9.2773E-3	7.2163E-1
5.4800E-4	9.5215E-3	7.6084E-1
5.4900E-4	9.2773E-3	7.7871E-1
5.5000E-4	9.5215E-3	7.7153E-1
5.5100E-4	1.0254E-2	7.4019E-1
5.5200E-4	9.7656E-3	6.8979E-1
5.5300E-4	9.0332E-3	6.2876E-1
5.5400E-4	9.7656E-3	5.6021E-1
5.5500E-4	9.5215E-3	4.8916E-1
5.5600E-4	1.0010E-2	4.2227E-1
5.5700E-4	9.2773E-3	3.6450E-1
5.5800E-4	9.5215E-3	3.1929E-1
5.5900E-4	9.2773E-3	2.8984E-1
5.6000E-4	9.2773E-3	2.7573E-1
5.6100E-4	9.7656E-3	2.7251E-1
5.6200E-4	9.2773E-3	2.7759E-1
5.6300E-4	9.0332E-3	2.8735E-1
5.6400E-4	1.0010E-2	3.0068E-1
5.6500E-4	8.7891E-3	3.1963E-1
5.6600E-4	9.7656E-3	3.4302E-1
5.6700E-4	9.5215E-3	3.7227E-1
5.6800E-4	9.0332E-3	4.0898E-1
5.6900E-4	9.0332E-3	4.5005E-1
5.7000E-4	9.2773E-3	4.9673E-1
5.7100E-4	9.5215E-3	5.5039E-1
5.7200E-4	1.0010E-2	6.1113E-1
5.7300E-4	9.5215E-3	6.7280E-1
5.7400E-4	9.5215E-3	7.3164E-1
5.7500E-4	1.0254E-2	7.7412E-1
5.7600E-4	9.5215E-3	7.9663E-1
5.7700E-4	9.7656E-3	7.9639E-1
5.7800E-4	9.2773E-3	7.7471E-1
5.7900E-4	9.7656E-3	7.3262E-1
5.8000E-4	9.7656E-3	6.7954E-1
5.8100E-4	9.7656E-3	6.1816E-1
5.8200E-4	9.5215E-3	5.5308E-1
5.8300E-4	9.2773E-3	4.9009E-1
5.8400E-4	9.5215E-3	4.3169E-1
5.8500E-4	9.5215E-3	3.8379E-1
5.8600E-4	9.7656E-3	3.4927E-1
5.8700E-4	9.2773E-3	3.2485E-1
5.8800E-4	1.0254E-2	3.1128E-1
5.8900E-4	9.5215E-3	3.1118E-1
5.9000E-4	9.0332E-3	3.1914E-1
5.9100E-4	9.5215E-3	3.3320E-1
5.9200E-4	9.7656E-3	3.5459E-1
5.9300E-4	9.7656E-3	3.8188E-1
5.9400E-4	9.2773E-3	4.1362E-1
5.9500E-4	1.0254E-2	4.5161E-1
5.9600E-4	9.5215E-3	4.9473E-1
5.9700E-4	9.0332E-3	5.4072E-1
5.9800E-4	9.2773E-3	5.9106E-1
5.9900E-4	8.7891E-3	6.4448E-1
6.0000E-4	9.2773E-3	6.9731E-1
6.0100E-4	9.7656E-3	7.4399E-1
6.0200E-4	9.2773E-3	7.7930E-1
6.0300E-4	9.5215E-3	7.9829E-1
6.0400E-4	9.7656E-3	7.9775E-1
6.0500E-4	9.5215E-3	7.7744E-1
6.0600E-4	9.5215E-3	7.4224E-1
6.0700E-4	9.7656E-3	6.9644E-1
6.0800E-4	1.0010E-2	6.4077E-1
6.0900E-4	9.5215E-3	5.8223E-1
6.1000E-4	1.0254E-2	5.2275E-1
6.1100E-4	1.0010E-2	4.6597E-1
6.1200E-4	9.2773E-3	4.1616E-1
6.1300E-4	1.0010E-2	3.7852E-1
6.1400E-4	9.7656E-3	3.5107E-1
6.1500E-4	9.5215E-3	3.3506E-1
6.1600E-4	9.2773E-3	3.3057E-1
6.1700E-4	9.7656E-3	3.3437E-1
6.1800E-4	1.0010E-2	3.4448E-1
6.1900E-4	9.5215E-3	3.6177E-1
6.2000E-4	9.7656E-3	3.8623E-1
6.2100E-4	9.0332E-3	4.1582E-1
6.2200E-4	1.0010E-2	4.5132E-1
6.2300E-4	9.5215E-3	4.9072E-1
6.2400E-4	9.5215E-3	5.3447E-1
6.2500E-4	9.0332E-3	5.8120E-1
6.2600E-4	9.2773E-3	6.2910E-1
6.2700E-4	1.0010E-2	6.7798E-1
6.2800E-4	9.5215E-3	7.2734E-1
6.2900E-4	9.7656E-3	7.6563E-1
6.3000E-4	9.5215E-3	7.9102E-1
6.3100E-4	9.7656E-3	8.0112E-1
6.3200E-4	9.5215E-3	7.9404E-1
6.3300E-4	9.5215E-3	7.6875E-1
6.3400E-4	9.2773E-3	7.3359E-1
6.3500E-4	9.2773E-3	6.8711E-1
6.3600E-4	9.7656E-3	6.3306E-1
6.3700E-4	1.0254E-2	5.7607E-1
6.3800E-4	1.0010E-2	5.1958E-1
6.3900E-4	9.5215E-3	4.6753E-1
6.4000E-4	9.2773E-3	4.2563E-1
6.4100E-4	9.2773E-3	3.9683E-1
6.4200E-4	9.7656E-3	3.7974E-1
6.4300E-4	9.7656E-3	3.7319E-1
6.4400E-4	9.7656E-3	3.7847E-1
6.4500E-4	1.0010E-2	3.9199E-1
6.4600E-4	9.2773E-3	4.1455E-1
6.4700E-4	9.7656E-3	4.4214E-1
6.4800E-4	1.0010E-2	4.7573E-1
6.4900E-4	9.7656E-3	5.0908E-1
6.5000E-4	9.2773E-3	5.4365E-1
6.5100E-4	9.5215E-3	5.7974E-1
6.5200E-4	9.2773E-3	6.1816E-1
6.5300E-4	1.0254E-2	6.5771E-1
6.5400E-4	9.2773E-3	6.9932E-1
6.5500E-4	9.0332E-3	7.3989E-1
6.5600E-4	9.2773E-3	7.7178E-1
6.5700E-4	9.7656E-3	7.9189E-1
6.5800E-4	9.2773E-3	7.9629E-1
6.5900E-4	9.7656E-3	7.8584E-1
6.6000E-4	9.5215E-3	7.6055E-1
6.6100E-4	9.5215E-3	7.2339E-1
6.6200E-4	9.5215E-3	6.8037E-1
6.6300E-4	9.2773E-3	6.3345E-1
6.6400E-4	9.7656E-3	5.8496E-1
6.6500E-4	9.2773E-3	5.3940E-1
6.6600E-4	9.2773E-3	4.9868E-1
6.6700E-4	9.5215E-3	4.6211E-1
6.6800E-4	1.0010E-2	4.3472E-1
6.6900E-4	1.0010E-2	4.1670E-1
6.7000E-4	9.2773E-3	4.0786E-1
6.7100E-4	9.2773E-3	4.0547E-1
6.7200E-4	9.7656E-3	4.1226E-1
6.7300E-4	9.5215E-3	4.2505E-1
6.7400E-4	1.0498E-2	4.4258E-1
6.7500E-4	9.5215E-3	4.6445E-1
6.7600E-4	1.0010E-2	4.9302E-1
6.7700E-4	1.0254E-2	5.2427E-1
6.7800E-4	1.0010E-2	5.5728E-1
6.7900E-4	1.0010E-2	5.9092E-1
6.8000E-4	9.7656E-3	6.2363E-1
6.8100E-4	9.5215E-3	6.5439E-1
6.8200E-4	1.0254E-2	6.8306E-1
6.8300E-4	9.0332E-3	7.0835E-1
6.8400E-4	9.2773E-3	7.2939E-1
6.8500E-4	9.5215E-3	7.4292E-1
6.8600E-4	9.5215E-3	7.4614E-1
6.8700E-4	9.7656E-3	7.4092E-1
6.8800E-4	9.5215E-3	7.2739E-1
6.8900E-4	9.5215E-3	7.0688E-1
6.9000E-4	1.0254E-2	6.8169E-1
6.9100E-4	9.7656E-3	6.5400E-1
6.9200E-4	9.7656E-3	6.2358E-1
6.9300E-4	1.0254E-2	5.9487E-1
6.9400E-4	1.0010E-2	5.6807E-1
6.9500E-4	1.0010E-2	5.4126E-1
6.9600E-4	9.5215E-3	5.1909E-1
6.9700E-4	9.5215E-3	5.0288E-1
6.9800E-4	1.0010E-2	4.8989E-1
6.9900E-4	9.5215E-3	4.8105E-1
7.0000E-4	1.0498E-2	4.8208E-1
7.0100E-4	1.0010E-2	4.8999E-1
7.0200E-4	9.2773E-3	5.0278E-1
7.0300E-4	9.2773E-3	5.2144E-1
7.0400E-4	9.5215E-3	5.4341E-1
7.0500E-4	9.5215E-3	5.6597E-1
7.0600E-4	9.2773E-3	5.9023E-1
7.0700E-4	9.5215E-3	6.1631E-1
7.0800E-4	9.5215E-3	6.4199E-1
7.0900E-4	9.2773E-3	6.6670E-1
7.1000E-4	9.0332E-3	6.8970E-1
7.1100E-4	9.2773E-3	7.0747E-1
7.1200E-4	9.0332E-3	7.1816E-1
7.1300E-4	9.2773E-3	7.2188E-1
7.1400E-4	1.0498E-2	7.1924E-1
7.1500E-4	1.0010E-2	7.0923E-1
7.1600E-4	1.0010E-2	6.9438E-1
7.1700E-4	9.2773E-3	6.7764E-1
7.1800E-4	9.7656E-3	6.5815E-1
7.1900E-4	1.0254E-2	6.3706E-1
7.2000E-4	9.5215E-3	6.1470E-1
7.2100E-4	9.2773E-3	5.9116E-1
7.2200E-4	1.0254E-2	5.6709E-1
7.2300E-4	1.0254E-2	5.4668E-1
7.2400E-4	9.5215E-3	5.3110E-1
7.2500E-4	9.7656E-3	5.2095E-1
7.2600E-4	9.7656E-3	5.1499E-1
7.2700E-4	9.2773E-3	5.1318E-1
7.2800E-4	9.5215E-3	5.1294E-1
7.2900E-4	9.0332E-3	5.1274E-1
7.3000E-4	9.0332E-3	5.1436E-1
7.3100E-4	9.5215E-3	5.1992E-1
7.3200E-4	9.5215E-3	5.2969E-1
7.3300E-4	9.2773E-3	5.3999E-1
7.3400E-4	8.7891E-3	5.5454E-1
7.3500E-4	9.5215E-3	5.7148E-1
7.3600E-4	1.0010E-2	5.8574E-1
7.3700E-4	9.2773E-3	5.9795E-1
7.3800E-4	8.7891E-3	6.1284E-1
7.3900E-4	9.7656E-3	6.2559E-1
7.4000E-4	9.2773E-3	6.3755E-1
7.4100E-4	9.5215E-3	6.5146E-1
7.4200E-4	9.5215E-3	6.6548E-1
7.4300E-4	9.5215E-3	6.7500E-1
7.4400E-4	9.2773E-3	6.8223E-1
7.4500E-4	9.7656E-3	6.8643E-1
7.4600E-4	1.0010E-2	6.8726E-1
7.4700E-4	9.0332E-3	6.8311E-1
7.4800E-4	9.5215E-3	6.7578E-1
7.4900E-4	9.5215E-3	6.6528E-1
7.5000E-4	9.7656E-3	6.5361E-1
7.5100E-4	9.7656E-3	6.4038E-1
7.5200E-4	9.2773E-3	6.2876E-1
7.5300E-4	8.7891E-3	6.1841E-1
7.5400E-4	9.5215E-3	6.0718E-1
7.5500E-4	9.5215E-3	5.9482E-1
7.5600E-4	1.0254E-2	5.8345E-1
7.5700E-4	9.7656E-3	5.7085E-1
7.5800E-4	1.0010E-2	5.5874E-1
7.5900E-4	9.5215E-3	5.4873E-1
7.6000E-4	9.5215E-3	5.4082E-1
7.6100E-4	9.2773E-3	5.3442E-1
7.6200E-4	1.0010E-2	5.3169E-1
7.6300E-4	1.0010E-2	5.3379E-1
7.6400E-4	9.0332E-3	5.4097E-1
7.6500E-4	9.5215E-3	5.5132E-1
7.6600E-4	9.0332E-3	5.6436E-1
7.6700E-4	9.2773E-3	5.8140E-1
7.6800E-4	9.0332E-3	6.0078E-1
7.6900E-4	9.2773E-3	6.2026E-1
7.7000E-4	9.5215E-3	6.4067E-1
7.7100E-4	9.5215E-3	6.6113E-1
7.7200E-4	9.2773E-3	6.7817E-1
7.7300E-4	9.2773E-3	6.9175E-1
7.7400E-4	9.0332E-3	7.0098E-1
7.7500E-4	9.7656E-3	7.0430E-1
7.7600E-4	9.2773E-3	7.0273E-1
7.7700E-4	9.2773E-3	6.9375E-1
7.7800E-4	9.2773E-3	6.8110E-1
7.7900E-4	9.7656E-3	6.6460E-1
7.8000E-4	9.2773E-3	6.4375E-1
7.8100E-4	9.5215E-3	6.2026E-1
7.8200E-4	9.2773E-3	5.9658E-1
7.8300E-4	9.0332E-3	5.7095E-1
7.8400E-4	1.0010E-2	5.4668E-1
7.8500E-4	9.7656E-3	5.2651E-1
7.8600E-4	8.7891E-3	5.0913E-1
7.8700E-4	1.0010E-2	4.9629E-1
7.8800E-4	9.7656E-3	4.8745E-1
7.8900E-4	9.5215E-3	4.8379E-1
7.9000E-4	9.5215E-3	4.8457E-1
7.9100E-4	9.0332E-3	4.9087E-1
7.9200E-4	1.0010E-2	5.0073E-1
7.9300E-4	9.0332E-3	5.1255E-1
7.9400E-4	9.5215E-3	5.2676E-1
7.9500E-4	1.0010E-2	5.4380E-1
7.9600E-4	9.5215E-3	5.6245E-1
7.9700E-4	9.7656E-3	5.8418E-1
7.9800E-4	9.2773E-3	6.1177E-1
7.9900E-4	9.5215E-3	6.4136E-1
8.0000E-4	8.7891E-3	6.7139E-1
8.0100E-4	9.5215E-3	7.0112E-1
8.0200E-4	9.2773E-3	7.2671E-1
8.0300E-4	9.5215E-3	7.4590E-1
8.0400E-4	9.7656E-3	7.5688E-1
8.0500E-4	9.2773E-3	7.5781E-1
8.0600E-4	9.5215E-3	7.4819E-1
8.0700E-4	1.0010E-2	7.2896E-1
8.0800E-4	9.0332E-3	7.0205E-1
8.0900E-4	1.0010E-2	6.6714E-1
8.1000E-4	9.7656E-3	6.2837E-1
8.1100E-4	9.7656E-3	5.8784E-1
8.1200E-4	9.5215E-3	5.4844E-1
8.1300E-4	1.0010E-2	5.0977E-1
8.1400E-4	9.7656E-3	4.7729E-1
8.1500E-4	9.5215E-3	4.5298E-1
8.1600E-4	9.5215E-3	4.3667E-1
8.1700E-4	9.2773E-3	4.2739E-1
8.1800E-4	9.7656E-3	4.2607E-1
8.1900E-4	1.0010E-2	4.3179E-1
8.2000E-4	9.2773E-3	4.4282E-1
8.2100E-4	9.7656E-3	4.5972E-1
8.2200E-4	9.2773E-3	4.8276E-1
8.2300E-4	9.2773E-3	5.1118E-1
8.2400E-4	9.7656E-3	5.4424E-1
8.2500E-4	9.5215E-3	5.8110E-1
8.2600E-4	9.5215E-3	6.1987E-1
8.2700E-4	9.5215E-3	6.6245E-1
8.2800E-4	9.5215E-3	7.0249E-1
8.2900E-4	9.2773E-3	7.3667E-1
8.3000E-4	9.2773E-3	7.6143E-1
8.3100E-4	9.2773E-3	7.7593E-1
8.3200E-4	9.7656E-3	7.7314E-1
8.3300E-4	9.5215E-3	7.6011E-1
8.3400E-4	9.5215E-3	7.3574E-1
8.3500E-4	9.2773E-3	7.0229E-1
8.3600E-4	1.0010E-2	6.6108E-1
8.3700E-4	9.7656E-3	6.1753E-1
8.3800E-4	1.0010E-2	5.7080E-1
8.3900E-4	9.7656E-3	5.2500E-1
8.4000E-4	9.7656E-3	4.8330E-1
8.4100E-4	1.0010E-2	4.4727E-1
8.4200E-4	9.7656E-3	4.1831E-1
8.4300E-4	9.5215E-3	3.9927E-1
8.4400E-4	9.5215E-3	3.8892E-1
8.4500E-4	9.2773E-3	3.8833E-1
8.4600E-4	9.5215E-3	3.9614E-1
8.4700E-4	9.5215E-3	4.1182E-1
8.4800E-4	9.7656E-3	4.3115E-1
8.4900E-4	9.5215E-3	4.5547E-1
8.5000E-4	9.7656E-3	4.8428E-1
8.5100E-4	9.2773E-3	5.1831E-1
8.5200E-4	9.5215E-3	5.5527E-1
8.5300E-4	9.5215E-3	5.9722E-1
8.5400E-4	9.5215E-3	6.4414E-1
8.5500E-4	8.5449E-3	6.9077E-1
8.5600E-4	9.7656E-3	7.3208E-1
8.5700E-4	1.0010E-2	7.6499E-1
8.5800E-4	9.5215E-3	7.8213E-1
8.5900E-4	9.5215E-3	7.8535E-1
8.6000E-4	9.2773E-3	7.7422E-1
8.6100E-4	1.0010E-2	7.5034E-1
8.6200E-4	9.7656E-3	7.1743E-1
8.6300E-4	9.5215E-3	6.8057E-1
8.6400E-4	1.0010E-2	6.3696E-1
8.6500E-4	9.7656E-3	5.8770E-1
8.6600E-4	9.5215E-3	5.3779E-1
8.6700E-4	9.7656E-3	4.8833E-1
8.6800E-4	9.5215E-3	4.4395E-1
8.6900E-4	9.5215E-3	4.0693E-1
8.7000E-4	9.5215E-3	3.7998E-1
8.7100E-4	1.0254E-2	3.6216E-1
8.7200E-4	9.5215E-3	3.5474E-1
8.7300E-4	9.7656E-3	3.5522E-1
8.7400E-4	9.2773E-3	3.6274E-1
8.7500E-4	9.2773E-3	3.7778E-1
8.7600E-4	9.5215E-3	3.9873E-1
8.7700E-4	1.0010E-2	4.2300E-1
8.7800E-4	9.5215E-3	4.5234E-1
8.7900E-4	9.0332E-3	4.8774E-1
8.8000E-4	9.5215E-3	5.2896E-1
8.8100E-4	1.0010E-2	5.7617E-1
8.8200E-4	9.5215E-3	6.2729E-1
8.8300E-4	9.7656E-3	6.7817E-1
8.8400E-4	9.2773E-3	7.2144E-1
8.8500E-4	9.7656E-3	7.4956E-1
8.8600E-4	9.7656E-3	7.6011E-1
8.8700E-4	9.5215E-3	7.5767E-1
8.8800E-4	9.2773E-3	7.3760E-1
8.8900E-4	9.5215E-3	7.0723E-1
8.9000E-4	9.5215E-3	6.7007E-1
8.9100E-4	9.2773E-3	6.2563E-1
8.9200E-4	1.0010E-2	5.7266E-1
8.9300E-4	1.0010E-2	5.1738E-1
8.9400E-4	9.5215E-3	4.6216E-1
8.9500E-4	9.0332E-3	4.1094E-1
8.9600E-4	9.5215E-3	3.6904E-1
8.9700E-4	9.5215E-3	3.4004E-1
8.9800E-4	9.2773E-3	3.2358E-1
8.9900E-4	1.0010E-2	3.1675E-1
9.0000E-4	9.2773E-3	3.1997E-1
9.0100E-4	1.0254E-2	3.3228E-1
9.0200E-4	1.0254E-2	3.5010E-1
9.0300E-4	9.2773E-3	3.7461E-1
9.0400E-4	9.5215E-3	4.0483E-1
9.0500E-4	9.5215E-3	4.3745E-1
9.0600E-4	9.5215E-3	4.7217E-1
9.0700E-4	9.0332E-3	5.0913E-1
9.0800E-4	9.2773E-3	5.5112E-1
9.0900E-4	9.2773E-3	5.9971E-1
9.1000E-4	9.2773E-3	6.4888E-1
9.1100E-4	9.5215E-3	6.9146E-1
9.1200E-4	9.2773E-3	7.2339E-1
9.1300E-4	9.7656E-3	7.3882E-1
9.1400E-4	9.0332E-3	7.3682E-1
9.1500E-4	9.7656E-3	7.2231E-1
9.1600E-4	9.2773E-3	6.9551E-1
9.1700E-4	9.2773E-3	6.5840E-1
9.1800E-4	9.2773E-3	6.1143E-1
9.1900E-4	9.2773E-3	5.5327E-1
9.2000E-4	9.2773E-3	4.9141E-1
9.2100E-4	9.7656E-3	4.3184E-1
9.2200E-4	9.2773E-3	3.7900E-1
9.2300E-4	9.7656E-3	3.3579E-1
9.2400E-4	9.0332E-3	3.0732E-1
9.2500E-4	9.7656E-3	2.8960E-1
9.2600E-4	9.2773E-3	2.8384E-1
9.2700E-4	9.7656E-3	2.8799E-1
9.2800E-4	9.5215E-3	3.0059E-1
9.2900E-4	9.7656E-3	3.1602E-1
9.3000E-4	1.0010E-2	3.3633E-1
9.3100E-4	9.7656E-3	3.5981E-1
9.3200E-4	9.5215E-3	3.8765E-1
9.3300E-4	1.0010E-2	4.1797E-1
9.3400E-4	9.2773E-3	4.5493E-1
9.3500E-4	9.5215E-3	4.9824E-1
9.3600E-4	1.0010E-2	5.4844E-1
9.3700E-4	9.2773E-3	6.0210E-1
9.3800E-4	9.2773E-3	6.5518E-1
9.3900E-4	9.2773E-3	6.9824E-1
9.4000E-4	9.5215E-3	7.2407E-1
9.4100E-4	9.7656E-3	7.3340E-1
9.4200E-4	1.0254E-2	7.2046E-1
9.4300E-4	1.0010E-2	6.8662E-1
9.4400E-4	9.2773E-3	6.3916E-1
9.4500E-4	9.0332E-3	5.8218E-1
9.4600E-4	9.7656E-3	5.1519E-1
9.4700E-4	9.7656E-3	4.4717E-1
9.4800E-4	9.7656E-3	3.8477E-1
9.4900E-4	9.5215E-3	3.2935E-1
9.5000E-4	1.0010E-2	2.8271E-1
9.5100E-4	9.5215E-3	2.4951E-1
9.5200E-4	1.0254E-2	2.2935E-1
9.5300E-4	9.5215E-3	2.2168E-1
9.5400E-4	9.2773E-3	2.2456E-1
9.5500E-4	9.7656E-3	2.3594E-1
9.5600E-4	9.0332E-3	2.5249E-1
9.5700E-4	9.7656E-3	2.7124E-1
9.5800E-4	9.2773E-3	2.9219E-1
9.5900E-4	9.7656E-3	3.1753E-1
9.6000E-4	8.5449E-3	3.4888E-1
9.6100E-4	9.7656E-3	3.8652E-1
9.6200E-4	9.2773E-3	4.3374E-1
9.6300E-4	9.5215E-3	4.8936E-1
9.6400E-4	9.5215E-3	5.5410E-1
9.6500E-4	9.7656E-3	6.1958E-1
9.6600E-4	9.5215E-3	6.7349E-1
9.6700E-4	9.7656E-3	7.1055E-1
9.6800E-4	9.5215E-3	7.2354E-1
9.6900E-4	1.0010E-2	7.0034E-1
9.7000E-4	9.7656E-3	6.4619E-1
9.7100E-4	1.0010E-2	5.7036E-1
9.7200E-4	9.5215E-3	4.7813E-1
9.7300E-4	9.5215E-3	3.7466E-1
9.7400E-4	9.0332E-3	2.7578E-1
9.7500E-4	9.2773E-3	1.8633E-1
9.7600E-4	9.0332E-3	1.1079E-1
9.7700E-4	9.7656E-3	4.9561E-2
9.7800E-4	9.5215E-3	6.5918E-3
9.7900E-4	1.0254E-2	-2.5146E-2
9.8000E-4	9.7656E-3	-4.5752E-2
9.8100E-4	9.2773E-3	-5.8398E-2
9.8200E-4	9.2773E-3	-6.4258E-2
9.8300E-4	9.2773E-3	-6.6309E-2
9.8400E-4	9.5215E-3	-6.5967E-2
9.8500E-4	9.2773E-3	-6.6553E-2
9.8600E-4	1.0010E-2	-6.6602E-2
9.8700E-4	1.0254E-2	-6.7676E-2
9.8800E-4	9.5215E-3	-6.9678E-2
9.8900E-4	1.0010E-2	-7.0801E-2
9.9000E-4	1.0254E-2	-6.8848E-2
9.9100E-4	9.7656E-3	-6.8018E-2
9.9200E-4	9.2773E-3	-6.7139E-2
9.9300E-4	9.2773E-3	-6.6553E-2
9.9400E-4	9.5215E-3	-6.5918E-2
9.9500E-4	9.5215E-3	-6.5869E-2
9.9600E-4	1.0010E-2	-6.5967E-2
9.9700E-4	9.7656E-3	-6.7627E-2
9.9800E-4	9.7656E-3	-6.7627E-2
9.9900E-4	9.7656E-3	-6.7627E-2
