Time [s]	Aux in [V]	Main in [V]
0.0000E+0	9.5215E-3	-1.2383E-1
1.0000E-6	1.0010E-2	-1.2139E-1
2.0000E-6	9.7656E-3	-1.1729E-1
3.0000E-6	9.5215E-3	-1.1196E-1
4.0000E-6	9.2773E-3	-1.0771E-1
5.0000E-6	1.0498E-2	-1.0430E-1
6.0000E-6	1.0010E-2	-9.7510E-2
7.0000E-6	9.7656E-3	-8.7793E-2
8.0000E-6	9.0332E-3	-7.3730E-2
9.0000E-6	9.2773E-3	-5.3516E-2
1.0000E-5	9.0332E-3	-2.6123E-2
1.1000E-5	9.7656E-3	9.9121E-3
1.2000E-5	1.0254E-2	5.2881E-2
1.3000E-5	9.5215E-3	1.0469E-1
1.4000E-5	9.5215E-3	1.6597E-1
1.5000E-5	9.0332E-3	2.3501E-1
1.6000E-5	1.0010E-2	3.0684E-1
1.7000E-5	9.0332E-3	3.7739E-1
1.8000E-5	8.7891E-3	4.4111E-1
1.9000E-5	9.0332E-3	4.8750E-1
2.0000E-5	9.7656E-3	5.1758E-1
2.1000E-5	9.7656E-3	5.3057E-1
2.2000E-5	9.5215E-3	5.2539E-1
2.3000E-5	1.0254E-2	5.0449E-1
2.4000E-5	9.7656E-3	4.7588E-1
2.5000E-5	9.2773E-3	4.3564E-1
2.6000E-5	9.7656E-3	3.8936E-1
2.7000E-5	9.5215E-3	3.4238E-1
2.8000E-5	9.5215E-3	2.9678E-1
2.9000E-5	1.0010E-2	2.5640E-1
3.0000E-5	9.0332E-3	2.2451E-1
3.1000E-5	1.0010E-2	2.0142E-1
3.2000E-5	9.0332E-3	1.8760E-1
3.3000E-5	9.5215E-3	1.8325E-1
3.4000E-5	9.5215E-3	1.8452E-1
3.5000E-5	1.0254E-2	1.9233E-1
3.6000E-5	9.5215E-3	2.0581E-1
3.7000E-5	9.7656E-3	2.2339E-1
3.8000E-5	9.7656E-3	2.4277E-1
3.9000E-5	1.0010E-2	2.6729E-1
4.0000E-5	8.5449E-3	2.9482E-1
4.1000E-5	9.2773E-3	3.2148E-1
4.2000E-5	9.2773E-3	3.4937E-1
4.3000E-5	9.5215E-3	3.7866E-1
4.4000E-5	1.0010E-2	4.0542E-1
4.5000E-5	9.7656E-3	4.3096E-1
4.6000E-5	1.0254E-2	4.5347E-1
4.7000E-5	9.0332E-3	4.7178E-1
4.8000E-5	9.5215E-3	4.8276E-1
4.9000E-5	1.0498E-2	4.9121E-1
5.0000E-5	1.0010E-2	4.9429E-1
5.1000E-5	9.7656E-3	4.9297E-1
5.2000E-5	1.0010E-2	4.8535E-1
5.3000E-5	9.2773E-3	4.7051E-1
5.4000E-5	9.5215E-3	4.4712E-1
5.5000E-5	9.0332E-3	4.1841E-1
5.6000E-5	9.5215E-3	3.8677E-1
5.7000E-5	9.7656E-3	3.5381E-1
5.8000E-5	9.5215E-3	3.2563E-1
5.9000E-5	9.0332E-3	3.0176E-1
6.0000E-5	9.5215E-3	2.8149E-1
6.1000E-5	9.5215E-3	2.6875E-1
6.2000E-5	9.0332E-3	2.6372E-1
6.3000E-5	9.2773E-3	2.6343E-1
6.4000E-5	1.0010E-2	2.6899E-1
6.5000E-5	9.5215E-3	2.8013E-1
6.6000E-5	9.5215E-3	2.9292E-1
6.7000E-5	9.5215E-3	3.0552E-1
6.8000E-5	1.0010E-2	3.2085E-1
6.9000E-5	1.0010E-2	3.3638E-1
7.0000E-5	9.2773E-3	3.5190E-1
7.1000E-5	9.0332E-3	3.6782E-1
7.2000E-5	9.5215E-3	3.8398E-1
7.3000E-5	9.5215E-3	3.9912E-1
7.4000E-5	9.2773E-3	4.1475E-1
7.5000E-5	9.7656E-3	4.2988E-1
7.6000E-5	1.0010E-2	4.4062E-1
7.7000E-5	9.7656E-3	4.4854E-1
7.8000E-5	1.0010E-2	4.5190E-1
7.9000E-5	9.5215E-3	4.5068E-1
8.0000E-5	9.0332E-3	4.4546E-1
8.1000E-5	9.5215E-3	4.4033E-1
8.2000E-5	9.2773E-3	4.3296E-1
8.3000E-5	9.7656E-3	4.2554E-1
8.4000E-5	9.5215E-3	4.1465E-1
8.5000E-5	9.7656E-3	4.0220E-1
8.6000E-5	9.2773E-3	3.8853E-1
8.7000E-5	9.5215E-3	3.7690E-1
8.8000E-5	9.2773E-3	3.6670E-1
8.9000E-5	1.0254E-2	3.5957E-1
9.0000E-5	9.2773E-3	3.5562E-1
9.1000E-5	9.5215E-3	3.5259E-1
9.2000E-5	9.0332E-3	3.5137E-1
9.3000E-5	9.5215E-3	3.5229E-1
9.4000E-5	9.2773E-3	3.5332E-1
9.5000E-5	9.7656E-3	3.5571E-1
9.6000E-5	9.5215E-3	3.5938E-1
9.7000E-5	9.2773E-3	3.6416E-1
9.8000E-5	9.5215E-3	3.6875E-1
9.9000E-5	9.5215E-3	3.7559E-1
1.0000E-4	8.7891E-3	3.8110E-1
1.0100E-4	9.7656E-3	3.8838E-1
1.0200E-4	9.7656E-3	3.9502E-1
1.0300E-4	9.7656E-3	4.0107E-1
1.0400E-4	1.0010E-2	4.0518E-1
1.0500E-4	9.5215E-3	4.0942E-1
1.0600E-4	9.2773E-3	4.1133E-1
1.0700E-4	1.0010E-2	4.1323E-1
1.0800E-4	9.2773E-3	4.1475E-1
1.0900E-4	9.5215E-3	4.1758E-1
1.1000E-4	9.7656E-3	4.1948E-1
1.1100E-4	1.0010E-2	4.2271E-1
1.1200E-4	9.7656E-3	4.2588E-1
1.1300E-4	9.5215E-3	4.3140E-1
1.1400E-4	9.5215E-3	4.3999E-1
1.1500E-4	9.7656E-3	4.4717E-1
1.1600E-4	9.7656E-3	4.5337E-1
1.1700E-4	1.0254E-2	4.5737E-1
1.1800E-4	9.7656E-3	4.5649E-1
1.1900E-4	9.2773E-3	4.4907E-1
1.2000E-4	1.0254E-2	4.4097E-1
1.2100E-4	9.7656E-3	4.3154E-1
1.2200E-4	9.5215E-3	4.1968E-1
1.2300E-4	9.0332E-3	4.0498E-1
1.2400E-4	9.7656E-3	3.8906E-1
1.2500E-4	9.5215E-3	3.7393E-1
1.2600E-4	9.2773E-3	3.5811E-1
1.2700E-4	1.0010E-2	3.4482E-1
1.2800E-4	1.0010E-2	3.3672E-1
1.2900E-4	9.5215E-3	3.3027E-1
1.3000E-4	9.7656E-3	3.2456E-1
1.3100E-4	1.0254E-2	3.2026E-1
1.3200E-4	9.2773E-3	3.1865E-1
1.3300E-4	9.5215E-3	3.1870E-1
1.3400E-4	9.2773E-3	3.2236E-1
1.3500E-4	1.0010E-2	3.3027E-1
1.3600E-4	9.5215E-3	3.4248E-1
1.3700E-4	9.7656E-3	3.5859E-1
1.3800E-4	9.7656E-3	3.7808E-1
1.3900E-4	9.5215E-3	3.9907E-1
1.4000E-4	9.2773E-3	4.2178E-1
1.4100E-4	1.0010E-2	4.4360E-1
1.4200E-4	9.5215E-3	4.6152E-1
1.4300E-4	9.2773E-3	4.7549E-1
1.4400E-4	9.5215E-3	4.8833E-1
1.4500E-4	9.7656E-3	4.9517E-1
1.4600E-4	9.2773E-3	4.9858E-1
1.4700E-4	8.7891E-3	4.9717E-1
1.4800E-4	9.7656E-3	4.9043E-1
1.4900E-4	9.7656E-3	4.8066E-1
1.5000E-4	9.5215E-3	4.6714E-1
1.5100E-4	9.7656E-3	4.4409E-1
1.5200E-4	9.0332E-3	4.1714E-1
1.5300E-4	1.0010E-2	3.8945E-1
1.5400E-4	9.0332E-3	3.5723E-1
1.5500E-4	9.0332E-3	3.2622E-1
1.5600E-4	9.0332E-3	3.0537E-1
1.5700E-4	9.7656E-3	2.8945E-1
1.5800E-4	9.5215E-3	2.7979E-1
1.5900E-4	9.2773E-3	2.7720E-1
1.6000E-4	9.5215E-3	2.7983E-1
1.6100E-4	1.0254E-2	2.8560E-1
1.6200E-4	9.2773E-3	2.9648E-1
1.6300E-4	9.7656E-3	3.1069E-1
1.6400E-4	9.2773E-3	3.2617E-1
1.6500E-4	9.2773E-3	3.4478E-1
1.6600E-4	9.0332E-3	3.6416E-1
1.6700E-4	9.2773E-3	3.8770E-1
1.6800E-4	9.2773E-3	4.1431E-1
1.6900E-4	9.0332E-3	4.4678E-1
1.7000E-4	9.5215E-3	4.8086E-1
1.7100E-4	9.2773E-3	5.1104E-1
1.7200E-4	9.2773E-3	5.3115E-1
1.7300E-4	9.7656E-3	5.4424E-1
1.7400E-4	9.5215E-3	5.4883E-1
1.7500E-4	9.2773E-3	5.4277E-1
1.7600E-4	8.7891E-3	5.3145E-1
1.7700E-4	1.0010E-2	5.1553E-1
1.7800E-4	9.2773E-3	4.8867E-1
1.7900E-4	9.2773E-3	4.5088E-1
1.8000E-4	9.2773E-3	4.0859E-1
1.8100E-4	1.0010E-2	3.6309E-1
1.8200E-4	9.0332E-3	3.1841E-1
1.8300E-4	9.5215E-3	2.7871E-1
1.8400E-4	9.5215E-3	2.4995E-1
1.8500E-4	9.5215E-3	2.2905E-1
1.8600E-4	9.2773E-3	2.1675E-1
1.8700E-4	9.5215E-3	2.1636E-1
1.8800E-4	9.5215E-3	2.2378E-1
1.8900E-4	9.5215E-3	2.3306E-1
1.9000E-4	1.0010E-2	2.4688E-1
1.9100E-4	9.7656E-3	2.6602E-1
1.9200E-4	9.0332E-3	2.8608E-1
1.9300E-4	9.2773E-3	3.0840E-1
1.9400E-4	9.5215E-3	3.3506E-1
1.9500E-4	9.2773E-3	3.6597E-1
1.9600E-4	9.2773E-3	3.9985E-1
1.9700E-4	9.2773E-3	4.3579E-1
1.9800E-4	9.7656E-3	4.7446E-1
1.9900E-4	9.2773E-3	5.0991E-1
2.0000E-4	9.0332E-3	5.3887E-1
2.0100E-4	9.0332E-3	5.5923E-1
2.0200E-4	9.5215E-3	5.6880E-1
2.0300E-4	9.2773E-3	5.6558E-1
2.0400E-4	9.2773E-3	5.5088E-1
2.0500E-4	9.7656E-3	5.2202E-1
2.0600E-4	1.0010E-2	4.8164E-1
2.0700E-4	9.2773E-3	4.3184E-1
2.0800E-4	9.0332E-3	3.7754E-1
2.0900E-4	9.2773E-3	3.2158E-1
2.1000E-4	9.2773E-3	2.7212E-1
2.1100E-4	9.2773E-3	2.3125E-1
2.1200E-4	9.2773E-3	2.0210E-1
2.1300E-4	9.2773E-3	1.8389E-1
2.1400E-4	9.2773E-3	1.7998E-1
2.1500E-4	9.7656E-3	1.8662E-1
2.1600E-4	9.2773E-3	2.0264E-1
2.1700E-4	8.7891E-3	2.2158E-1
2.1800E-4	8.7891E-3	2.4258E-1
2.1900E-4	9.5215E-3	2.6431E-1
2.2000E-4	9.5215E-3	2.8789E-1
2.2100E-4	9.2773E-3	3.1128E-1
2.2200E-4	9.7656E-3	3.3892E-1
2.2300E-4	9.7656E-3	3.7056E-1
2.2400E-4	9.5215E-3	4.0630E-1
2.2500E-4	9.2773E-3	4.4658E-1
2.2600E-4	9.0332E-3	4.9023E-1
2.2700E-4	1.0254E-2	5.3379E-1
2.2800E-4	9.0332E-3	5.7144E-1
2.2900E-4	1.0010E-2	5.9736E-1
2.3000E-4	9.5215E-3	6.0493E-1
2.3100E-4	9.5215E-3	5.9458E-1
2.3200E-4	9.0332E-3	5.6528E-1
2.3300E-4	9.7656E-3	5.2275E-1
2.3400E-4	9.5215E-3	4.7051E-1
2.3500E-4	9.7656E-3	4.1611E-1
2.3600E-4	9.5215E-3	3.6108E-1
2.3700E-4	9.7656E-3	3.1035E-1
2.3800E-4	8.7891E-3	2.6714E-1
2.3900E-4	9.7656E-3	2.3496E-1
2.4000E-4	9.7656E-3	2.0898E-1
2.4100E-4	9.5215E-3	1.9087E-1
2.4200E-4	9.2773E-3	1.8232E-1
2.4300E-4	1.0010E-2	1.8413E-1
2.4400E-4	9.2773E-3	1.8799E-1
2.4500E-4	1.0010E-2	2.0059E-1
2.4600E-4	1.0010E-2	2.1821E-1
2.4700E-4	9.0332E-3	2.4043E-1
2.4800E-4	9.7656E-3	2.6646E-1
2.4900E-4	1.0010E-2	3.0000E-1
2.5000E-4	9.5215E-3	3.4009E-1
2.5100E-4	9.5215E-3	3.8359E-1
2.5200E-4	9.0332E-3	4.3013E-1
2.5300E-4	1.0010E-2	4.7988E-1
2.5400E-4	9.2773E-3	5.3081E-1
2.5500E-4	9.5215E-3	5.7573E-1
2.5600E-4	9.5215E-3	6.1460E-1
2.5700E-4	9.7656E-3	6.4033E-1
2.5800E-4	9.5215E-3	6.4604E-1
2.5900E-4	9.7656E-3	6.3198E-1
2.6000E-4	9.0332E-3	5.9727E-1
2.6100E-4	9.0332E-3	5.4766E-1
2.6200E-4	9.5215E-3	4.8779E-1
2.6300E-4	9.2773E-3	4.2080E-1
2.6400E-4	9.5215E-3	3.5586E-1
2.6500E-4	9.5215E-3	2.9893E-1
2.6600E-4	9.5215E-3	2.5146E-1
2.6700E-4	9.7656E-3	2.1602E-1
2.6800E-4	9.0332E-3	1.9443E-1
2.6900E-4	9.5215E-3	1.8379E-1
2.7000E-4	9.5215E-3	1.8208E-1
2.7100E-4	1.0010E-2	1.8784E-1
2.7200E-4	9.2773E-3	1.9912E-1
2.7300E-4	1.0010E-2	2.1602E-1
2.7400E-4	9.2773E-3	2.3604E-1
2.7500E-4	9.2773E-3	2.5938E-1
2.7600E-4	1.0010E-2	2.8555E-1
2.7700E-4	9.7656E-3	3.1733E-1
2.7800E-4	1.0010E-2	3.5459E-1
2.7900E-4	9.7656E-3	3.9790E-1
2.8000E-4	9.5215E-3	4.4917E-1
2.8100E-4	9.5215E-3	5.0845E-1
2.8200E-4	9.2773E-3	5.7148E-1
2.8300E-4	9.5215E-3	6.2896E-1
2.8400E-4	9.5215E-3	6.7329E-1
2.8500E-4	9.2773E-3	6.9966E-1
2.8600E-4	9.0332E-3	7.0195E-1
2.8700E-4	1.0254E-2	6.8047E-1
2.8800E-4	9.7656E-3	6.3887E-1
2.8900E-4	9.2773E-3	5.8374E-1
2.9000E-4	9.0332E-3	5.1919E-1
2.9100E-4	9.2773E-3	4.5063E-1
2.9200E-4	9.5215E-3	3.8516E-1
2.9300E-4	9.2773E-3	3.2754E-1
2.9400E-4	9.2773E-3	2.8062E-1
2.9500E-4	9.7656E-3	2.4370E-1
2.9600E-4	9.0332E-3	2.2124E-1
2.9700E-4	9.7656E-3	2.0859E-1
2.9800E-4	9.2773E-3	2.0498E-1
2.9900E-4	1.0010E-2	2.0962E-1
3.0000E-4	9.5215E-3	2.2515E-1
3.0100E-4	9.2773E-3	2.4722E-1
3.0200E-4	9.5215E-3	2.7275E-1
3.0300E-4	9.7656E-3	3.0327E-1
3.0400E-4	9.7656E-3	3.3901E-1
3.0500E-4	9.5215E-3	3.7563E-1
3.0600E-4	9.2773E-3	4.1631E-1
3.0700E-4	9.2773E-3	4.6543E-1
3.0800E-4	8.7891E-3	5.2070E-1
3.0900E-4	9.7656E-3	5.7861E-1
3.1000E-4	1.0010E-2	6.3623E-1
3.1100E-4	1.0498E-2	6.8623E-1
3.1200E-4	1.0254E-2	7.1743E-1
3.1300E-4	9.5215E-3	7.2788E-1
3.1400E-4	9.0332E-3	7.1567E-1
3.1500E-4	9.7656E-3	6.8564E-1
3.1600E-4	9.5215E-3	6.3901E-1
3.1700E-4	9.5215E-3	5.8320E-1
3.1800E-4	9.0332E-3	5.2168E-1
3.1900E-4	9.5215E-3	4.6069E-1
3.2000E-4	9.5215E-3	4.0288E-1
3.2100E-4	9.7656E-3	3.5474E-1
3.2200E-4	9.2773E-3	3.1753E-1
3.2300E-4	9.2773E-3	2.9170E-1
3.2400E-4	9.2773E-3	2.7827E-1
3.2500E-4	9.2773E-3	2.7256E-1
3.2600E-4	9.5215E-3	2.7261E-1
3.2700E-4	1.0010E-2	2.8037E-1
3.2800E-4	9.7656E-3	2.9458E-1
3.2900E-4	9.5215E-3	3.1064E-1
3.3000E-4	1.0010E-2	3.3149E-1
3.3100E-4	1.0010E-2	3.5542E-1
3.3200E-4	9.5215E-3	3.8071E-1
3.3300E-4	9.5215E-3	4.0859E-1
3.3400E-4	9.5215E-3	4.4160E-1
3.3500E-4	9.2773E-3	4.7930E-1
3.3600E-4	9.5215E-3	5.2070E-1
3.3700E-4	9.2773E-3	5.6484E-1
3.3800E-4	9.2773E-3	6.0791E-1
3.3900E-4	1.0010E-2	6.4624E-1
3.4000E-4	9.5215E-3	6.7373E-1
3.4100E-4	9.5215E-3	6.8950E-1
3.4200E-4	9.2773E-3	6.9229E-1
3.4300E-4	1.0010E-2	6.8071E-1
3.4400E-4	9.2773E-3	6.5469E-1
3.4500E-4	8.7891E-3	6.2095E-1
3.4600E-4	9.2773E-3	5.8022E-1
3.4700E-4	9.7656E-3	5.3701E-1
3.4800E-4	9.2773E-3	4.9800E-1
3.4900E-4	1.0254E-2	4.6519E-1
3.5000E-4	1.0010E-2	4.3530E-1
3.5100E-4	1.0010E-2	4.1240E-1
3.5200E-4	9.7656E-3	3.9468E-1
3.5300E-4	1.0010E-2	3.8047E-1
3.5400E-4	9.2773E-3	3.7295E-1
3.5500E-4	9.0332E-3	3.7217E-1
3.5600E-4	1.0010E-2	3.7847E-1
3.5700E-4	1.0010E-2	3.9019E-1
3.5800E-4	9.2773E-3	4.0635E-1
3.5900E-4	1.0498E-2	4.2368E-1
3.6000E-4	9.2773E-3	4.4531E-1
3.6100E-4	9.7656E-3	4.6670E-1
3.6200E-4	9.0332E-3	4.8896E-1
3.6300E-4	9.5215E-3	5.1265E-1
3.6400E-4	1.0010E-2	5.3613E-1
3.6500E-4	1.0010E-2	5.5640E-1
3.6600E-4	9.5215E-3	5.7520E-1
3.6700E-4	9.5215E-3	5.8926E-1
3.6800E-4	9.5215E-3	5.9619E-1
3.6900E-4	9.2773E-3	5.9805E-1
3.7000E-4	9.5215E-3	5.9629E-1
3.7100E-4	9.5215E-3	5.8906E-1
3.7200E-4	9.7656E-3	5.7910E-1
3.7300E-4	9.2773E-3	5.6768E-1
3.7400E-4	9.5215E-3	5.5366E-1
3.7500E-4	9.7656E-3	5.3716E-1
3.7600E-4	9.5215E-3	5.2056E-1
3.7700E-4	9.7656E-3	5.0557E-1
3.7800E-4	9.2773E-3	4.9282E-1
3.7900E-4	1.0010E-2	4.8354E-1
3.8000E-4	9.0332E-3	4.7666E-1
3.8100E-4	9.5215E-3	4.7427E-1
3.8200E-4	9.5215E-3	4.7271E-1
3.8300E-4	1.0010E-2	4.7158E-1
3.8400E-4	9.5215E-3	4.7031E-1
3.8500E-4	9.0332E-3	4.7070E-1
3.8600E-4	9.2773E-3	4.6792E-1
3.8700E-4	9.5215E-3	4.6348E-1
3.8800E-4	9.5215E-3	4.5952E-1
3.8900E-4	9.2773E-3	4.5586E-1
3.9000E-4	9.2773E-3	4.5088E-1
3.9100E-4	1.0010E-2	4.4521E-1
3.9200E-4	8.7891E-3	4.3940E-1
3.9300E-4	9.2773E-3	4.3501E-1
3.9400E-4	9.7656E-3	4.3291E-1
3.9500E-4	1.0010E-2	4.3452E-1
3.9600E-4	9.7656E-3	4.4146E-1
3.9700E-4	9.5215E-3	4.5474E-1
3.9800E-4	8.7891E-3	4.6768E-1
3.9900E-4	9.0332E-3	4.8096E-1
4.0000E-4	9.2773E-3	4.9463E-1
4.0100E-4	9.5215E-3	5.0898E-1
4.0200E-4	9.2773E-3	5.2295E-1
4.0300E-4	1.0010E-2	5.3931E-1
4.0400E-4	1.0254E-2	5.5610E-1
4.0500E-4	9.7656E-3	5.7271E-1
4.0600E-4	8.7891E-3	5.8872E-1
4.0700E-4	9.7656E-3	6.0078E-1
4.0800E-4	9.2773E-3	6.0845E-1
4.0900E-4	1.0010E-2	6.1079E-1
4.1000E-4	9.2773E-3	6.0762E-1
4.1100E-4	1.0010E-2	5.9565E-1
4.1200E-4	9.2773E-3	5.7705E-1
4.1300E-4	1.0254E-2	5.5278E-1
4.1400E-4	9.5215E-3	5.2490E-1
4.1500E-4	9.0332E-3	4.9282E-1
4.1600E-4	9.2773E-3	4.6040E-1
4.1700E-4	9.0332E-3	4.2881E-1
4.1800E-4	9.2773E-3	4.0229E-1
4.1900E-4	9.2773E-3	3.7871E-1
4.2000E-4	9.5215E-3	3.6167E-1
4.2100E-4	1.0010E-2	3.4966E-1
4.2200E-4	9.5215E-3	3.4224E-1
4.2300E-4	9.2773E-3	3.3447E-1
4.2400E-4	9.5215E-3	3.3296E-1
4.2500E-4	9.2773E-3	3.3511E-1
4.2600E-4	9.7656E-3	3.4204E-1
4.2700E-4	9.5215E-3	3.5562E-1
4.2800E-4	9.2773E-3	3.7559E-1
4.2900E-4	9.0332E-3	3.9814E-1
4.3000E-4	9.2773E-3	4.2534E-1
4.3100E-4	9.7656E-3	4.5566E-1
4.3200E-4	9.5215E-3	4.9092E-1
4.3300E-4	1.0010E-2	5.3115E-1
4.3400E-4	1.0254E-2	5.7358E-1
4.3500E-4	9.5215E-3	6.1338E-1
4.3600E-4	9.7656E-3	6.4844E-1
4.3700E-4	9.2773E-3	6.7266E-1
4.3800E-4	1.0010E-2	6.8018E-1
4.3900E-4	9.7656E-3	6.6978E-1
4.4000E-4	1.0010E-2	6.4185E-1
4.4100E-4	9.2773E-3	5.9766E-1
4.4200E-4	9.5215E-3	5.4048E-1
4.4300E-4	1.0254E-2	4.7852E-1
4.4400E-4	9.5215E-3	4.1597E-1
4.4500E-4	1.0010E-2	3.5698E-1
4.4600E-4	9.7656E-3	3.0557E-1
4.4700E-4	9.7656E-3	2.6445E-1
4.4800E-4	1.0010E-2	2.3516E-1
4.4900E-4	9.7656E-3	2.1699E-1
4.5000E-4	9.5215E-3	2.0610E-1
4.5100E-4	9.5215E-3	2.0342E-1
4.5200E-4	1.0254E-2	2.0410E-1
4.5300E-4	1.0254E-2	2.0913E-1
4.5400E-4	9.5215E-3	2.1855E-1
4.5500E-4	9.0332E-3	2.3481E-1
4.5600E-4	9.5215E-3	2.5659E-1
4.5700E-4	9.2773E-3	2.8672E-1
4.5800E-4	9.2773E-3	3.2642E-1
4.5900E-4	9.7656E-3	3.7358E-1
4.6000E-4	9.2773E-3	4.2954E-1
4.6100E-4	9.7656E-3	4.9272E-1
4.6200E-4	9.7656E-3	5.6143E-1
4.6300E-4	9.2773E-3	6.2554E-1
4.6400E-4	9.7656E-3	6.7593E-1
4.6500E-4	9.5215E-3	7.0381E-1
4.6600E-4	8.7891E-3	7.0215E-1
4.6700E-4	9.5215E-3	6.6714E-1
4.6800E-4	9.2773E-3	5.9980E-1
4.6900E-4	9.7656E-3	5.0996E-1
4.7000E-4	9.0332E-3	4.0615E-1
4.7100E-4	1.0254E-2	2.9814E-1
4.7200E-4	9.5215E-3	1.9429E-1
4.7300E-4	9.5215E-3	1.0283E-1
4.7400E-4	9.7656E-3	2.8467E-2
4.7500E-4	1.0254E-2	-2.6465E-2
4.7600E-4	9.5215E-3	-6.6797E-2
4.7700E-4	9.5215E-3	-9.3164E-2
4.7800E-4	9.7656E-3	-1.1118E-1
4.7900E-4	1.0254E-2	-1.2231E-1
4.8000E-4	1.0010E-2	-1.3232E-1
4.8100E-4	9.5215E-3	-1.3926E-1
4.8200E-4	9.5215E-3	-1.4663E-1
4.8300E-4	9.2773E-3	-1.5049E-1
4.8400E-4	1.0010E-2	-1.5439E-1
4.8500E-4	9.2773E-3	-1.5527E-1
4.8600E-4	9.5215E-3	-1.5425E-1
4.8700E-4	9.7656E-3	-1.5088E-1
4.8800E-4	9.5215E-3	-1.4937E-1
4.8900E-4	9.5215E-3	-1.4927E-1
4.9000E-4	9.7656E-3	-1.5151E-1
4.9100E-4	1.0010E-2	-1.5591E-1
4.9200E-4	9.5215E-3	-1.6094E-1
4.9300E-4	9.2773E-3	-1.6611E-1
4.9400E-4	9.0332E-3	-1.6792E-1
4.9500E-4	9.5215E-3	-1.6904E-1
4.9600E-4	9.5215E-3	-1.7012E-1
4.9700E-4	9.2773E-3	-1.7017E-1
4.9800E-4	9.7656E-3	-1.6494E-1
4.9900E-4	9.5215E-3	-1.6138E-1
5.0000E-4	9.2773E-3	-1.5654E-1
5.0100E-4	1.0010E-2	-1.5068E-1
5.0200E-4	9.2773E-3	-1.4492E-1
5.0300E-4	9.5215E-3	-1.4282E-1
5.0400E-4	9.2773E-3	-1.3945E-1
5.0500E-4	1.0254E-2	-1.3540E-1
5.0600E-4	1.0254E-2	-1.2700E-1
5.0700E-4	1.0010E-2	-1.1719E-1
5.0800E-4	9.2773E-3	-1.0430E-1
5.0900E-4	9.7656E-3	-8.5059E-2
5.1000E-4	9.5215E-3	-5.7373E-2
5.1100E-4	9.5215E-3	-2.1631E-2
5.1200E-4	9.2773E-3	2.3633E-2
5.1300E-4	1.0254E-2	8.1396E-2
5.1400E-4	1.0010E-2	1.5176E-1
5.1500E-4	1.0010E-2	2.3364E-1
5.1600E-4	9.7656E-3	3.2764E-1
5.1700E-4	1.0010E-2	4.3506E-1
5.1800E-4	9.5215E-3	5.4375E-1
5.1900E-4	1.0010E-2	6.4019E-1
5.2000E-4	9.5215E-3	7.0981E-1
5.2100E-4	9.7656E-3	7.4585E-1
5.2200E-4	9.5215E-3	7.4106E-1
5.2300E-4	9.2773E-3	6.9731E-1
5.2400E-4	9.2773E-3	6.2754E-1
5.2500E-4	9.0332E-3	5.4453E-1
5.2600E-4	9.5215E-3	4.5361E-1
5.2700E-4	9.5215E-3	3.6729E-1
5.2800E-4	9.5215E-3	2.9346E-1
5.2900E-4	1.0254E-2	2.3320E-1
5.3000E-4	9.7656E-3	1.8906E-1
5.3100E-4	1.0010E-2	1.6504E-1
5.3200E-4	9.7656E-3	1.5435E-1
5.3300E-4	9.5215E-3	1.5571E-1
5.3400E-4	9.5215E-3	1.6602E-1
5.3500E-4	9.5215E-3	1.8213E-1
5.3600E-4	1.0010E-2	2.0239E-1
5.3700E-4	1.0254E-2	2.2671E-1
5.3800E-4	9.5215E-3	2.5444E-1
5.3900E-4	9.7656E-3	2.8423E-1
5.4000E-4	1.0010E-2	3.1855E-1
5.4100E-4	1.0010E-2	3.5762E-1
5.4200E-4	9.5215E-3	4.0190E-1
5.4300E-4	9.7656E-3	4.5078E-1
5.4400E-4	1.0254E-2	5.0425E-1
5.4500E-4	9.7656E-3	5.5845E-1
5.4600E-4	9.7656E-3	6.0786E-1
5.4700E-4	1.0254E-2	6.4600E-1
5.4800E-4	1.0254E-2	6.6929E-1
5.4900E-4	9.2773E-3	6.7388E-1
5.5000E-4	9.2773E-3	6.6182E-1
5.5100E-4	9.5215E-3	6.3418E-1
5.5200E-4	9.5215E-3	5.9409E-1
5.5300E-4	9.5215E-3	5.4849E-1
5.5400E-4	9.5215E-3	5.0366E-1
5.5500E-4	1.0010E-2	4.5952E-1
5.5600E-4	9.2773E-3	4.1880E-1
5.5700E-4	9.7656E-3	3.8330E-1
5.5800E-4	1.0010E-2	3.5557E-1
5.5900E-4	9.2773E-3	3.3379E-1
5.6000E-4	9.5215E-3	3.1978E-1
5.6100E-4	1.0010E-2	3.1396E-1
5.6200E-4	9.5215E-3	3.1631E-1
5.6300E-4	9.7656E-3	3.2217E-1
5.6400E-4	1.0010E-2	3.3374E-1
5.6500E-4	9.7656E-3	3.5103E-1
5.6600E-4	9.2773E-3	3.7012E-1
5.6700E-4	1.0010E-2	3.9453E-1
5.6800E-4	9.5215E-3	4.2271E-1
5.6900E-4	9.5215E-3	4.5215E-1
5.7000E-4	9.2773E-3	4.8159E-1
5.7100E-4	9.0332E-3	5.1079E-1
5.7200E-4	9.5215E-3	5.3481E-1
5.7300E-4	9.5215E-3	5.5557E-1
5.7400E-4	9.5215E-3	5.7144E-1
5.7500E-4	8.7891E-3	5.8208E-1
5.7600E-4	9.7656E-3	5.8745E-1
5.7700E-4	1.0010E-2	5.9165E-1
5.7800E-4	9.2773E-3	5.9111E-1
5.7900E-4	9.2773E-3	5.8418E-1
5.8000E-4	9.2773E-3	5.7051E-1
5.8100E-4	9.7656E-3	5.5151E-1
5.8200E-4	9.2773E-3	5.2710E-1
5.8300E-4	9.2773E-3	4.9985E-1
5.8400E-4	9.2773E-3	4.7412E-1
5.8500E-4	9.5215E-3	4.5332E-1
5.8600E-4	9.2773E-3	4.3765E-1
5.8700E-4	9.5215E-3	4.2812E-1
5.8800E-4	9.5215E-3	4.2246E-1
5.8900E-4	9.7656E-3	4.2114E-1
5.9000E-4	9.2773E-3	4.2095E-1
5.9100E-4	9.5215E-3	4.2197E-1
5.9200E-4	9.5215E-3	4.2402E-1
5.9300E-4	9.5215E-3	4.2876E-1
5.9400E-4	9.7656E-3	4.3428E-1
5.9500E-4	9.2773E-3	4.4199E-1
5.9600E-4	9.2773E-3	4.5088E-1
5.9700E-4	9.2773E-3	4.5879E-1
5.9800E-4	9.5215E-3	4.6563E-1
5.9900E-4	9.2773E-3	4.6885E-1
6.0000E-4	9.2773E-3	4.7134E-1
6.0100E-4	9.2773E-3	4.7295E-1
6.0200E-4	9.5215E-3	4.7446E-1
6.0300E-4	1.0010E-2	4.7720E-1
6.0400E-4	9.5215E-3	4.8447E-1
6.0500E-4	9.2773E-3	4.9111E-1
6.0600E-4	9.7656E-3	4.9902E-1
6.0700E-4	9.5215E-3	5.0630E-1
6.0800E-4	9.5215E-3	5.1177E-1
6.0900E-4	9.7656E-3	5.1797E-1
6.1000E-4	9.5215E-3	5.2544E-1
6.1100E-4	1.0010E-2	5.3301E-1
6.1200E-4	1.0010E-2	5.4224E-1
6.1300E-4	1.0254E-2	5.5469E-1
6.1400E-4	9.5215E-3	5.6611E-1
6.1500E-4	9.2773E-3	5.7666E-1
6.1600E-4	9.7656E-3	5.8467E-1
6.1700E-4	9.7656E-3	5.8740E-1
6.1800E-4	9.2773E-3	5.8457E-1
6.1900E-4	1.0010E-2	5.7544E-1
6.2000E-4	9.5215E-3	5.6094E-1
6.2100E-4	9.5215E-3	5.4121E-1
6.2200E-4	9.7656E-3	5.2095E-1
6.2300E-4	1.0010E-2	4.9946E-1
6.2400E-4	9.5215E-3	4.7744E-1
6.2500E-4	9.2773E-3	4.5615E-1
6.2600E-4	1.0010E-2	4.3804E-1
6.2700E-4	9.7656E-3	4.2227E-1
6.2800E-4	9.2773E-3	4.0825E-1
6.2900E-4	9.7656E-3	3.9878E-1
6.3000E-4	9.7656E-3	3.9248E-1
6.3100E-4	9.2773E-3	3.8750E-1
6.3200E-4	9.2773E-3	3.8511E-1
6.3300E-4	9.5215E-3	3.8921E-1
6.3400E-4	9.2773E-3	3.9824E-1
6.3500E-4	9.2773E-3	4.1235E-1
6.3600E-4	9.2773E-3	4.3389E-1
6.3700E-4	9.2773E-3	4.6118E-1
6.3800E-4	9.0332E-3	4.9028E-1
6.3900E-4	9.0332E-3	5.2271E-1
6.4000E-4	9.2773E-3	5.5801E-1
6.4100E-4	9.7656E-3	5.9370E-1
6.4200E-4	9.5215E-3	6.2578E-1
6.4300E-4	9.2773E-3	6.5396E-1
6.4400E-4	9.5215E-3	6.7153E-1
6.4500E-4	9.7656E-3	6.7690E-1
6.4600E-4	9.5215E-3	6.6973E-1
6.4700E-4	1.0010E-2	6.5156E-1
6.4800E-4	9.5215E-3	6.2065E-1
6.4900E-4	1.0010E-2	5.8125E-1
6.5000E-4	9.0332E-3	5.3486E-1
6.5100E-4	1.0010E-2	4.8623E-1
6.5200E-4	9.5215E-3	4.3818E-1
6.5300E-4	1.0254E-2	3.9468E-1
6.5400E-4	9.7656E-3	3.5786E-1
6.5500E-4	9.5215E-3	3.3008E-1
6.5600E-4	9.2773E-3	3.0815E-1
6.5700E-4	9.5215E-3	2.9219E-1
6.5800E-4	9.5215E-3	2.8398E-1
6.5900E-4	9.5215E-3	2.8442E-1
6.6000E-4	1.0010E-2	2.9004E-1
6.6100E-4	1.0010E-2	3.0234E-1
6.6200E-4	9.2773E-3	3.2036E-1
6.6300E-4	9.0332E-3	3.4321E-1
6.6400E-4	1.0254E-2	3.6836E-1
6.6500E-4	9.5215E-3	3.9800E-1
6.6600E-4	9.5215E-3	4.3247E-1
6.6700E-4	9.5215E-3	4.7241E-1
6.6800E-4	9.2773E-3	5.1689E-1
6.6900E-4	1.0254E-2	5.6665E-1
6.7000E-4	9.0332E-3	6.1875E-1
6.7100E-4	1.0010E-2	6.6572E-1
6.7200E-4	9.5215E-3	6.9878E-1
6.7300E-4	9.5215E-3	7.1553E-1
6.7400E-4	9.7656E-3	7.1289E-1
6.7500E-4	8.7891E-3	6.8989E-1
6.7600E-4	9.2773E-3	6.5166E-1
6.7700E-4	9.2773E-3	6.0249E-1
6.7800E-4	9.2773E-3	5.4595E-1
6.7900E-4	9.7656E-3	4.8330E-1
6.8000E-4	9.5215E-3	4.2183E-1
6.8100E-4	8.7891E-3	3.6377E-1
6.8200E-4	9.2773E-3	3.1548E-1
6.8300E-4	9.5215E-3	2.7534E-1
6.8400E-4	9.5215E-3	2.4805E-1
6.8500E-4	1.0010E-2	2.3101E-1
6.8600E-4	8.7891E-3	2.2397E-1
6.8700E-4	9.5215E-3	2.2549E-1
6.8800E-4	9.2773E-3	2.3545E-1
6.8900E-4	9.0332E-3	2.5059E-1
6.9000E-4	9.2773E-3	2.6943E-1
6.9100E-4	9.7656E-3	2.9175E-1
6.9200E-4	9.7656E-3	3.1763E-1
6.9300E-4	1.0010E-2	3.4990E-1
6.9400E-4	1.0010E-2	3.8608E-1
6.9500E-4	9.5215E-3	4.2832E-1
6.9600E-4	9.5215E-3	4.7842E-1
6.9700E-4	9.7656E-3	5.3525E-1
6.9800E-4	1.0010E-2	5.9111E-1
6.9900E-4	9.2773E-3	6.4307E-1
7.0000E-4	9.7656E-3	6.8330E-1
7.0100E-4	9.7656E-3	7.0532E-1
7.0200E-4	9.5215E-3	7.0503E-1
7.0300E-4	9.7656E-3	6.8320E-1
7.0400E-4	1.0010E-2	6.4146E-1
7.0500E-4	1.0010E-2	5.8569E-1
7.0600E-4	1.0498E-2	5.2012E-1
7.0700E-4	9.5215E-3	4.5068E-1
7.0800E-4	9.7656E-3	3.8394E-1
7.0900E-4	9.5215E-3	3.2534E-1
7.1000E-4	9.7656E-3	2.7813E-1
7.1100E-4	1.0010E-2	2.4282E-1
7.1200E-4	9.5215E-3	2.1978E-1
7.1300E-4	9.7656E-3	2.0596E-1
7.1400E-4	9.0332E-3	1.9966E-1
7.1500E-4	9.5215E-3	2.0005E-1
7.1600E-4	9.0332E-3	2.0703E-1
7.1700E-4	1.0010E-2	2.1982E-1
7.1800E-4	1.0010E-2	2.3618E-1
7.1900E-4	9.2773E-3	2.5894E-1
7.2000E-4	9.7656E-3	2.8584E-1
7.2100E-4	1.0254E-2	3.1802E-1
7.2200E-4	9.7656E-3	3.5322E-1
7.2300E-4	1.0010E-2	3.9360E-1
7.2400E-4	1.0254E-2	4.4087E-1
7.2500E-4	9.7656E-3	4.9238E-1
7.2600E-4	9.5215E-3	5.4595E-1
7.2700E-4	9.2773E-3	5.9756E-1
7.2800E-4	9.0332E-3	6.4121E-1
7.2900E-4	9.0332E-3	6.7017E-1
7.3000E-4	8.7891E-3	6.8018E-1
7.3100E-4	1.0010E-2	6.6479E-1
7.3200E-4	1.0010E-2	6.2842E-1
7.3300E-4	1.0010E-2	5.7397E-1
7.3400E-4	9.7656E-3	5.0503E-1
7.3500E-4	1.0010E-2	4.3057E-1
7.3600E-4	9.7656E-3	3.6104E-1
7.3700E-4	1.0010E-2	2.9775E-1
7.3800E-4	9.5215E-3	2.4736E-1
7.3900E-4	9.5215E-3	2.1133E-1
7.4000E-4	1.0010E-2	1.8726E-1
7.4100E-4	9.2773E-3	1.7446E-1
7.4200E-4	9.7656E-3	1.7109E-1
7.4300E-4	9.7656E-3	1.7471E-1
7.4400E-4	9.2773E-3	1.8193E-1
7.4500E-4	9.5215E-3	1.9658E-1
7.4600E-4	9.7656E-3	2.1606E-1
7.4700E-4	1.0010E-2	2.4058E-1
7.4800E-4	1.0254E-2	2.7036E-1
7.4900E-4	9.5215E-3	3.0464E-1
7.5000E-4	9.5215E-3	3.4263E-1
7.5100E-4	9.2773E-3	3.8672E-1
7.5200E-4	8.7891E-3	4.3604E-1
7.5300E-4	9.2773E-3	4.9155E-1
7.5400E-4	9.2773E-3	5.5264E-1
7.5500E-4	1.0010E-2	6.1025E-1
7.5600E-4	9.5215E-3	6.5552E-1
7.5700E-4	9.5215E-3	6.8232E-1
7.5800E-4	9.7656E-3	6.8633E-1
7.5900E-4	9.5215E-3	6.6387E-1
7.6000E-4	9.2773E-3	6.2051E-1
7.6100E-4	1.0010E-2	5.6133E-1
7.6200E-4	1.0010E-2	4.9507E-1
7.6300E-4	9.5215E-3	4.2354E-1
7.6400E-4	9.0332E-3	3.5767E-1
7.6500E-4	1.0010E-2	3.0117E-1
7.6600E-4	9.0332E-3	2.5571E-1
7.6700E-4	9.2773E-3	2.2095E-1
7.6800E-4	1.0010E-2	2.0010E-1
7.6900E-4	1.0254E-2	1.8916E-1
7.7000E-4	9.2773E-3	1.8599E-1
7.7100E-4	1.0010E-2	1.9268E-1
7.7200E-4	9.7656E-3	2.0781E-1
7.7300E-4	9.5215E-3	2.2866E-1
7.7400E-4	9.7656E-3	2.5293E-1
7.7500E-4	9.7656E-3	2.8291E-1
7.7600E-4	9.2773E-3	3.1475E-1
7.7700E-4	8.7891E-3	3.4839E-1
7.7800E-4	9.7656E-3	3.8472E-1
7.7900E-4	1.0010E-2	4.2686E-1
7.8000E-4	9.5215E-3	4.7202E-1
7.8100E-4	9.5215E-3	5.1992E-1
7.8200E-4	9.5215E-3	5.7256E-1
7.8300E-4	9.7656E-3	6.2134E-1
7.8400E-4	9.2773E-3	6.5732E-1
7.8500E-4	9.7656E-3	6.7622E-1
7.8600E-4	9.7656E-3	6.7695E-1
7.8700E-4	9.2773E-3	6.5439E-1
7.8800E-4	9.2773E-3	6.1240E-1
7.8900E-4	9.7656E-3	5.5874E-1
7.9000E-4	9.0332E-3	4.9629E-1
7.9100E-4	9.7656E-3	4.3208E-1
7.9200E-4	1.0010E-2	3.6909E-1
7.9300E-4	9.2773E-3	3.1650E-1
7.9400E-4	9.5215E-3	2.7495E-1
7.9500E-4	1.0254E-2	2.4614E-1
7.9600E-4	8.7891E-3	2.2778E-1
7.9700E-4	9.7656E-3	2.1895E-1
7.9800E-4	9.0332E-3	2.1699E-1
7.9900E-4	9.5215E-3	2.2124E-1
8.0000E-4	1.0254E-2	2.3198E-1
8.0100E-4	1.0254E-2	2.4482E-1
8.0200E-4	9.7656E-3	2.6479E-1
8.0300E-4	1.0010E-2	2.8906E-1
8.0400E-4	9.5215E-3	3.1641E-1
8.0500E-4	9.7656E-3	3.4790E-1
8.0600E-4	9.5215E-3	3.8755E-1
8.0700E-4	9.2773E-3	4.2891E-1
8.0800E-4	9.7656E-3	4.7715E-1
8.0900E-4	1.0010E-2	5.3032E-1
8.1000E-4	9.2773E-3	5.8579E-1
8.1100E-4	9.5215E-3	6.3203E-1
8.1200E-4	9.0332E-3	6.6724E-1
8.1300E-4	1.0010E-2	6.8423E-1
8.1400E-4	9.5215E-3	6.8267E-1
8.1500E-4	9.7656E-3	6.6074E-1
8.1600E-4	1.0010E-2	6.2891E-1
8.1700E-4	9.2773E-3	5.8755E-1
8.1800E-4	1.0010E-2	5.3901E-1
8.1900E-4	9.7656E-3	4.8623E-1
8.2000E-4	9.7656E-3	4.3550E-1
8.2100E-4	9.5215E-3	3.8735E-1
8.2200E-4	1.0254E-2	3.4663E-1
8.2300E-4	9.5215E-3	3.1582E-1
8.2400E-4	9.7656E-3	2.9692E-1
8.2500E-4	1.0010E-2	2.8623E-1
8.2600E-4	9.2773E-3	2.8301E-1
8.2700E-4	1.0254E-2	2.8843E-1
8.2800E-4	1.0010E-2	2.9995E-1
8.2900E-4	1.0010E-2	3.1636E-1
8.3000E-4	9.5215E-3	3.3569E-1
8.3100E-4	9.5215E-3	3.5776E-1
8.3200E-4	9.2773E-3	3.8369E-1
8.3300E-4	9.2773E-3	4.1235E-1
8.3400E-4	9.7656E-3	4.4580E-1
8.3500E-4	9.5215E-3	4.8262E-1
8.3600E-4	1.0010E-2	5.2261E-1
8.3700E-4	9.2773E-3	5.6196E-1
8.3800E-4	1.0254E-2	5.9932E-1
8.3900E-4	1.0010E-2	6.2808E-1
8.4000E-4	9.0332E-3	6.4980E-1
8.4100E-4	9.2773E-3	6.6216E-1
8.4200E-4	9.0332E-3	6.6221E-1
8.4300E-4	9.5215E-3	6.5034E-1
8.4400E-4	9.0332E-3	6.2690E-1
8.4500E-4	9.5215E-3	5.9248E-1
8.4600E-4	9.5215E-3	5.5015E-1
8.4700E-4	9.2773E-3	5.0830E-1
8.4800E-4	1.0010E-2	4.6870E-1
8.4900E-4	9.5215E-3	4.3291E-1
8.5000E-4	9.7656E-3	4.0518E-1
8.5100E-4	9.2773E-3	3.8506E-1
8.5200E-4	1.0010E-2	3.7065E-1
8.5300E-4	1.0010E-2	3.6060E-1
8.5400E-4	9.5215E-3	3.5825E-1
8.5500E-4	9.2773E-3	3.5908E-1
8.5600E-4	9.5215E-3	3.6543E-1
8.5700E-4	9.2773E-3	3.7583E-1
8.5800E-4	9.5215E-3	3.8872E-1
8.5900E-4	9.7656E-3	4.0386E-1
8.6000E-4	9.5215E-3	4.2046E-1
8.6100E-4	9.2773E-3	4.3735E-1
8.6200E-4	9.5215E-3	4.5439E-1
8.6300E-4	9.5215E-3	4.7007E-1
8.6400E-4	1.0010E-2	4.8433E-1
8.6500E-4	9.7656E-3	5.0239E-1
8.6600E-4	9.2773E-3	5.2012E-1
8.6700E-4	9.5215E-3	5.3555E-1
8.6800E-4	9.0332E-3	5.5312E-1
8.6900E-4	1.0010E-2	5.6987E-1
8.7000E-4	1.0254E-2	5.8091E-1
8.7100E-4	9.7656E-3	5.8760E-1
8.7200E-4	9.0332E-3	5.8975E-1
8.7300E-4	9.7656E-3	5.8770E-1
8.7400E-4	9.0332E-3	5.8096E-1
8.7500E-4	1.0254E-2	5.7056E-1
8.7600E-4	1.0010E-2	5.5933E-1
8.7700E-4	1.0010E-2	5.4790E-1
8.7800E-4	9.5215E-3	5.3667E-1
8.7900E-4	9.2773E-3	5.2822E-1
8.8000E-4	8.7891E-3	5.2300E-1
8.8100E-4	9.5215E-3	5.1982E-1
8.8200E-4	9.2773E-3	5.1904E-1
8.8300E-4	9.7656E-3	5.1748E-1
8.8400E-4	9.2773E-3	5.1396E-1
8.8500E-4	9.7656E-3	5.0757E-1
8.8600E-4	9.5215E-3	4.9917E-1
8.8700E-4	9.2773E-3	4.8906E-1
8.8800E-4	9.2773E-3	4.7896E-1
8.8900E-4	9.7656E-3	4.7012E-1
8.9000E-4	9.7656E-3	4.6396E-1
8.9100E-4	9.7656E-3	4.5967E-1
8.9200E-4	9.5215E-3	4.5649E-1
8.9300E-4	9.7656E-3	4.5586E-1
8.9400E-4	9.5215E-3	4.5601E-1
8.9500E-4	1.0010E-2	4.5625E-1
8.9600E-4	9.2773E-3	4.5972E-1
8.9700E-4	9.5215E-3	4.6431E-1
8.9800E-4	9.2773E-3	4.6826E-1
8.9900E-4	9.5215E-3	4.7583E-1
9.0000E-4	8.7891E-3	4.8682E-1
9.0100E-4	1.0010E-2	4.9683E-1
9.0200E-4	1.0010E-2	5.0908E-1
9.0300E-4	9.2773E-3	5.2651E-1
9.0400E-4	9.5215E-3	5.4380E-1
9.0500E-4	1.0254E-2	5.6055E-1
9.0600E-4	9.7656E-3	5.7783E-1
9.0700E-4	9.5215E-3	5.9312E-1
9.0800E-4	9.5215E-3	6.0439E-1
9.0900E-4	9.2773E-3	6.0874E-1
9.1000E-4	1.0010E-2	6.0796E-1
9.1100E-4	9.2773E-3	6.0000E-1
9.1200E-4	9.7656E-3	5.8413E-1
9.1300E-4	9.2773E-3	5.6021E-1
9.1400E-4	9.2773E-3	5.3193E-1
9.1500E-4	9.5215E-3	4.9897E-1
9.1600E-4	9.5215E-3	4.6465E-1
9.1700E-4	1.0498E-2	4.3281E-1
9.1800E-4	9.7656E-3	4.0381E-1
9.1900E-4	1.0010E-2	3.7861E-1
9.2000E-4	9.5215E-3	3.5781E-1
9.2100E-4	1.0010E-2	3.4014E-1
9.2200E-4	9.2773E-3	3.2900E-1
9.2300E-4	9.5215E-3	3.2446E-1
9.2400E-4	9.7656E-3	3.2671E-1
9.2500E-4	9.5215E-3	3.3672E-1
9.2600E-4	9.7656E-3	3.5352E-1
9.2700E-4	9.0332E-3	3.7324E-1
9.2800E-4	9.7656E-3	3.9707E-1
9.2900E-4	9.5215E-3	4.2397E-1
9.3000E-4	9.7656E-3	4.5396E-1
9.3100E-4	9.2773E-3	4.8862E-1
9.3200E-4	9.2773E-3	5.2856E-1
9.3300E-4	9.5215E-3	5.7002E-1
9.3400E-4	9.5215E-3	6.1323E-1
9.3500E-4	9.5215E-3	6.5093E-1
9.3600E-4	9.2773E-3	6.7778E-1
9.3700E-4	9.5215E-3	6.8887E-1
9.3800E-4	9.2773E-3	6.8574E-1
9.3900E-4	1.0010E-2	6.6499E-1
9.4000E-4	9.2773E-3	6.3032E-1
9.4100E-4	9.7656E-3	5.8447E-1
9.4200E-4	9.2773E-3	5.3071E-1
9.4300E-4	9.5215E-3	4.7124E-1
9.4400E-4	9.2773E-3	4.1182E-1
9.4500E-4	9.7656E-3	3.5405E-1
9.4600E-4	9.7656E-3	3.0312E-1
9.4700E-4	1.0010E-2	2.6284E-1
9.4800E-4	9.2773E-3	2.3145E-1
9.4900E-4	9.7656E-3	2.1040E-1
9.5000E-4	9.2773E-3	1.9951E-1
9.5100E-4	9.7656E-3	1.9712E-1
9.5200E-4	1.0010E-2	2.0015E-1
9.5300E-4	9.5215E-3	2.0991E-1
9.5400E-4	9.2773E-3	2.2251E-1
9.5500E-4	1.0010E-2	2.3784E-1
9.5600E-4	9.5215E-3	2.5659E-1
9.5700E-4	1.0254E-2	2.8242E-1
9.5800E-4	9.0332E-3	3.1401E-1
9.5900E-4	9.5215E-3	3.5254E-1
9.6000E-4	9.5215E-3	4.0200E-1
9.6100E-4	1.0010E-2	4.5991E-1
9.6200E-4	9.2773E-3	5.2339E-1
9.6300E-4	9.5215E-3	5.9019E-1
9.6400E-4	9.2773E-3	6.5098E-1
9.6500E-4	9.5215E-3	6.9331E-1
9.6600E-4	9.2773E-3	7.0957E-1
9.6700E-4	9.0332E-3	6.9111E-1
9.6800E-4	9.5215E-3	6.3467E-1
9.6900E-4	9.2773E-3	5.5059E-1
9.7000E-4	9.5215E-3	4.4868E-1
9.7100E-4	1.0010E-2	3.3818E-1
9.7200E-4	9.5215E-3	2.3164E-1
9.7300E-4	9.7656E-3	1.3569E-1
9.7400E-4	9.7656E-3	5.3223E-2
9.7500E-4	9.2773E-3	-1.3770E-2
9.7600E-4	9.5215E-3	-6.3037E-2
9.7700E-4	9.0332E-3	-9.7754E-2
9.7800E-4	1.0010E-2	-1.1943E-1
9.7900E-4	9.7656E-3	-1.3042E-1
9.8000E-4	9.5215E-3	-1.3481E-1
9.8100E-4	1.0254E-2	-1.3623E-1
9.8200E-4	9.5215E-3	-1.3682E-1
9.8300E-4	8.5449E-3	-1.3760E-1
9.8400E-4	9.5215E-3	-1.3911E-1
9.8500E-4	9.2773E-3	-1.4277E-1
9.8600E-4	1.0010E-2	-1.4570E-1
9.8700E-4	9.2773E-3	-1.4810E-1
9.8800E-4	9.5215E-3	-1.5034E-1
9.8900E-4	9.5215E-3	-1.5215E-1
9.9000E-4	9.0332E-3	-1.5215E-1
9.9100E-4	9.5215E-3	-1.5410E-1
9.9200E-4	1.0010E-2	-1.5835E-1
9.9300E-4	8.7891E-3	-1.6211E-1
9.9400E-4	9.0332E-3	-1.6519E-1
9.9500E-4	9.2773E-3	-1.6733E-1
9.9600E-4	9.0332E-3	-1.6719E-1
9.9700E-4	9.5215E-3	-1.6333E-1
9.9800E-4	9.2773E-3	-1.6333E-1
9.9900E-4	1.0010E-2	-1.6333E-1
