Time [s]	Aux in [V]	Main in [V]
0.0000E+0	9.7656E-3	-1.6699E-1
1.0000E-6	9.7656E-3	-1.6494E-1
2.0000E-6	9.2773E-3	-1.6313E-1
3.0000E-6	9.2773E-3	-1.6289E-1
4.0000E-6	9.0332E-3	-1.6040E-1
5.0000E-6	9.2773E-3	-1.5928E-1
6.0000E-6	9.2773E-3	-1.6035E-1
7.0000E-6	9.7656E-3	-1.5903E-1
8.0000E-6	1.0010E-2	-1.5649E-1
9.0000E-6	9.7656E-3	-1.5337E-1
1.0000E-5	9.7656E-3	-1.4873E-1
1.1000E-5	9.5215E-3	-1.4087E-1
1.2000E-5	9.5215E-3	-1.2944E-1
1.3000E-5	9.0332E-3	-1.1318E-1
1.4000E-5	9.2773E-3	-9.2041E-2
1.5000E-5	9.0332E-3	-6.3037E-2
1.6000E-5	9.0332E-3	-2.6025E-2
1.7000E-5	9.7656E-3	1.8799E-2
1.8000E-5	9.5215E-3	7.5684E-2
1.9000E-5	9.7656E-3	1.4619E-1
2.0000E-5	9.7656E-3	2.2798E-1
2.1000E-5	9.5215E-3	3.2500E-1
2.2000E-5	9.7656E-3	4.2524E-1
2.3000E-5	1.0254E-2	5.1895E-1
2.4000E-5	9.5215E-3	5.9497E-1
2.5000E-5	1.0010E-2	6.4507E-1
2.6000E-5	9.5215E-3	6.6094E-1
2.7000E-5	9.0332E-3	6.4561E-1
2.8000E-5	9.2773E-3	6.0576E-1
2.9000E-5	9.5215E-3	5.4800E-1
3.0000E-5	1.0010E-2	4.8037E-1
3.1000E-5	9.5215E-3	4.0762E-1
3.2000E-5	9.0332E-3	3.3569E-1
3.3000E-5	1.0254E-2	2.6982E-1
3.4000E-5	9.5215E-3	2.1636E-1
3.5000E-5	9.7656E-3	1.7563E-1
3.6000E-5	9.5215E-3	1.4814E-1
3.7000E-5	1.0010E-2	1.3711E-1
3.8000E-5	9.5215E-3	1.3823E-1
3.9000E-5	1.0010E-2	1.4756E-1
4.0000E-5	1.0010E-2	1.6465E-1
4.1000E-5	1.0254E-2	1.8862E-1
4.2000E-5	9.7656E-3	2.1436E-1
4.3000E-5	9.5215E-3	2.4063E-1
4.4000E-5	9.5215E-3	2.7007E-1
4.5000E-5	9.5215E-3	3.0239E-1
4.6000E-5	9.7656E-3	3.3643E-1
4.7000E-5	9.7656E-3	3.7617E-1
4.8000E-5	9.0332E-3	4.2446E-1
4.9000E-5	9.2773E-3	4.7339E-1
5.0000E-5	9.5215E-3	5.1924E-1
5.1000E-5	1.0254E-2	5.6152E-1
5.2000E-5	9.7656E-3	5.9370E-1
5.3000E-5	9.5215E-3	6.0698E-1
5.4000E-5	9.0332E-3	6.0449E-1
5.5000E-5	9.5215E-3	5.8726E-1
5.6000E-5	9.5215E-3	5.5767E-1
5.7000E-5	1.0010E-2	5.2246E-1
5.8000E-5	9.7656E-3	4.8433E-1
5.9000E-5	9.5215E-3	4.4854E-1
6.0000E-5	1.0010E-2	4.1660E-1
6.1000E-5	1.0010E-2	3.8799E-1
6.2000E-5	9.7656E-3	3.6128E-1
6.3000E-5	9.5215E-3	3.4131E-1
6.4000E-5	9.7656E-3	3.2583E-1
6.5000E-5	9.2773E-3	3.1665E-1
6.6000E-5	9.5215E-3	3.1196E-1
6.7000E-5	9.5215E-3	3.1187E-1
6.8000E-5	9.5215E-3	3.1797E-1
6.9000E-5	1.0010E-2	3.2910E-1
7.0000E-5	1.0010E-2	3.4238E-1
7.1000E-5	9.5215E-3	3.6094E-1
7.2000E-5	9.7656E-3	3.8486E-1
7.3000E-5	9.5215E-3	4.1191E-1
7.4000E-5	1.0010E-2	4.3921E-1
7.5000E-5	9.2773E-3	4.6758E-1
7.6000E-5	9.2773E-3	4.9600E-1
7.7000E-5	9.5215E-3	5.2329E-1
7.8000E-5	9.5215E-3	5.4531E-1
7.9000E-5	9.2773E-3	5.6479E-1
8.0000E-5	9.5215E-3	5.7910E-1
8.1000E-5	9.5215E-3	5.8525E-1
8.2000E-5	9.5215E-3	5.8428E-1
8.3000E-5	9.2773E-3	5.7651E-1
8.4000E-5	9.7656E-3	5.6367E-1
8.5000E-5	9.7656E-3	5.4536E-1
8.6000E-5	9.7656E-3	5.2310E-1
8.7000E-5	9.7656E-3	4.9839E-1
8.8000E-5	9.7656E-3	4.7485E-1
8.9000E-5	9.5215E-3	4.5229E-1
9.0000E-5	1.0254E-2	4.3477E-1
9.1000E-5	9.7656E-3	4.2412E-1
9.2000E-5	1.0010E-2	4.1851E-1
9.3000E-5	9.5215E-3	4.1665E-1
9.4000E-5	9.2773E-3	4.1685E-1
9.5000E-5	9.2773E-3	4.1719E-1
9.6000E-5	1.0010E-2	4.1689E-1
9.7000E-5	9.2773E-3	4.1650E-1
9.8000E-5	9.7656E-3	4.1694E-1
9.9000E-5	1.0254E-2	4.1948E-1
1.0000E-4	9.2773E-3	4.2451E-1
1.0100E-4	9.7656E-3	4.3052E-1
1.0200E-4	9.2773E-3	4.3799E-1
1.0300E-4	1.0010E-2	4.4736E-1
1.0400E-4	9.5215E-3	4.5605E-1
1.0500E-4	1.0010E-2	4.6455E-1
1.0600E-4	1.0010E-2	4.7095E-1
1.0700E-4	9.7656E-3	4.7656E-1
1.0800E-4	9.2773E-3	4.7925E-1
1.0900E-4	9.7656E-3	4.8223E-1
1.1000E-4	9.2773E-3	4.8457E-1
1.1100E-4	1.0498E-2	4.9072E-1
1.1200E-4	9.2773E-3	4.9756E-1
1.1300E-4	1.0254E-2	5.0518E-1
1.1400E-4	9.2773E-3	5.1157E-1
1.1500E-4	9.5215E-3	5.1821E-1
1.1600E-4	9.0332E-3	5.2339E-1
1.1700E-4	9.5215E-3	5.2529E-1
1.1800E-4	9.7656E-3	5.2764E-1
1.1900E-4	9.7656E-3	5.3086E-1
1.2000E-4	9.7656E-3	5.3291E-1
1.2100E-4	9.2773E-3	5.3408E-1
1.2200E-4	8.7891E-3	5.3384E-1
1.2300E-4	9.7656E-3	5.3047E-1
1.2400E-4	9.2773E-3	5.2217E-1
1.2500E-4	9.7656E-3	5.0972E-1
1.2600E-4	9.7656E-3	4.9370E-1
1.2700E-4	9.5215E-3	4.7764E-1
1.2800E-4	9.0332E-3	4.6206E-1
1.2900E-4	9.5215E-3	4.4570E-1
1.3000E-4	1.0254E-2	4.3174E-1
1.3100E-4	9.5215E-3	4.1831E-1
1.3200E-4	9.5215E-3	4.0713E-1
1.3300E-4	9.5215E-3	3.9609E-1
1.3400E-4	9.0332E-3	3.9033E-1
1.3500E-4	9.5215E-3	3.8535E-1
1.3600E-4	1.0010E-2	3.8496E-1
1.3700E-4	1.0254E-2	3.8750E-1
1.3800E-4	9.5215E-3	3.9458E-1
1.3900E-4	9.5215E-3	4.0552E-1
1.4000E-4	9.5215E-3	4.2246E-1
1.4100E-4	9.2773E-3	4.4355E-1
1.4200E-4	9.5215E-3	4.6597E-1
1.4300E-4	9.5215E-3	4.9351E-1
1.4400E-4	9.7656E-3	5.2324E-1
1.4500E-4	1.0010E-2	5.5410E-1
1.4600E-4	1.0010E-2	5.8477E-1
1.4700E-4	1.0010E-2	6.1484E-1
1.4800E-4	9.7656E-3	6.3647E-1
1.4900E-4	1.0498E-2	6.4722E-1
1.5000E-4	9.0332E-3	6.4844E-1
1.5100E-4	9.2773E-3	6.3711E-1
1.5200E-4	1.0010E-2	6.1245E-1
1.5300E-4	9.5215E-3	5.7866E-1
1.5400E-4	9.5215E-3	5.3940E-1
1.5500E-4	9.2773E-3	4.9292E-1
1.5600E-4	9.7656E-3	4.4536E-1
1.5700E-4	9.7656E-3	4.0293E-1
1.5800E-4	1.0010E-2	3.6528E-1
1.5900E-4	1.0010E-2	3.3262E-1
1.6000E-4	9.2773E-3	3.0947E-1
1.6100E-4	9.7656E-3	2.9497E-1
1.6200E-4	9.5215E-3	2.8433E-1
1.6300E-4	9.5215E-3	2.8057E-1
1.6400E-4	9.2773E-3	2.8364E-1
1.6500E-4	1.0010E-2	2.9204E-1
1.6600E-4	9.5215E-3	3.0479E-1
1.6700E-4	9.5215E-3	3.2349E-1
1.6800E-4	9.5215E-3	3.4722E-1
1.6900E-4	9.5215E-3	3.7593E-1
1.7000E-4	9.5215E-3	4.0854E-1
1.7100E-4	9.5215E-3	4.4531E-1
1.7200E-4	9.2773E-3	4.8862E-1
1.7300E-4	1.0010E-2	5.3701E-1
1.7400E-4	9.5215E-3	5.8594E-1
1.7500E-4	9.7656E-3	6.3315E-1
1.7600E-4	1.0010E-2	6.7090E-1
1.7700E-4	1.0010E-2	6.9160E-1
1.7800E-4	9.5215E-3	6.9521E-1
1.7900E-4	9.0332E-3	6.7974E-1
1.8000E-4	9.5215E-3	6.4800E-1
1.8100E-4	9.2773E-3	6.0244E-1
1.8200E-4	9.5215E-3	5.4746E-1
1.8300E-4	9.7656E-3	4.8560E-1
1.8400E-4	1.0254E-2	4.2495E-1
1.8500E-4	8.7891E-3	3.6855E-1
1.8600E-4	1.0010E-2	3.2192E-1
1.8700E-4	9.7656E-3	2.8584E-1
1.8800E-4	9.0332E-3	2.5894E-1
1.8900E-4	9.5215E-3	2.3975E-1
1.9000E-4	1.0498E-2	2.2642E-1
1.9100E-4	1.0254E-2	2.1895E-1
1.9200E-4	9.5215E-3	2.1802E-1
1.9300E-4	9.5215E-3	2.2339E-1
1.9400E-4	9.0332E-3	2.3540E-1
1.9500E-4	9.5215E-3	2.5439E-1
1.9600E-4	9.5215E-3	2.7969E-1
1.9700E-4	9.2773E-3	3.1201E-1
1.9800E-4	9.7656E-3	3.5098E-1
1.9900E-4	9.5215E-3	3.9722E-1
2.0000E-4	9.5215E-3	4.4971E-1
2.0100E-4	9.2773E-3	5.0688E-1
2.0200E-4	1.0010E-2	5.6709E-1
2.0300E-4	9.5215E-3	6.2432E-1
2.0400E-4	9.5215E-3	6.7129E-1
2.0500E-4	9.5215E-3	6.9873E-1
2.0600E-4	9.5215E-3	7.0635E-1
2.0700E-4	9.7656E-3	6.9038E-1
2.0800E-4	9.2773E-3	6.5034E-1
2.0900E-4	9.2773E-3	5.9409E-1
2.1000E-4	9.7656E-3	5.3013E-1
2.1100E-4	9.0332E-3	4.5864E-1
2.1200E-4	9.2773E-3	3.8618E-1
2.1300E-4	9.5215E-3	3.2261E-1
2.1400E-4	1.0010E-2	2.6729E-1
2.1500E-4	9.2773E-3	2.2310E-1
2.1600E-4	9.5215E-3	1.9297E-1
2.1700E-4	9.7656E-3	1.7383E-1
2.1800E-4	1.0254E-2	1.6499E-1
2.1900E-4	9.7656E-3	1.6602E-1
2.2000E-4	9.2773E-3	1.7358E-1
2.2100E-4	9.5215E-3	1.8286E-1
2.2200E-4	9.7656E-3	1.9868E-1
2.2300E-4	9.7656E-3	2.1880E-1
2.2400E-4	9.2773E-3	2.4326E-1
2.2500E-4	9.0332E-3	2.7427E-1
2.2600E-4	9.2773E-3	3.1626E-1
2.2700E-4	9.0332E-3	3.6641E-1
2.2800E-4	9.5215E-3	4.2227E-1
2.2900E-4	9.5215E-3	4.8623E-1
2.3000E-4	9.0332E-3	5.5342E-1
2.3100E-4	9.5215E-3	6.1646E-1
2.3200E-4	1.0010E-2	6.6533E-1
2.3300E-4	9.7656E-3	6.9546E-1
2.3400E-4	9.5215E-3	7.0078E-1
2.3500E-4	9.5215E-3	6.7886E-1
2.3600E-4	1.0010E-2	6.3403E-1
2.3700E-4	1.0010E-2	5.7480E-1
2.3800E-4	9.2773E-3	5.0513E-1
2.3900E-4	9.0332E-3	4.3062E-1
2.4000E-4	9.2773E-3	3.5933E-1
2.4100E-4	9.0332E-3	2.9434E-1
2.4200E-4	9.5215E-3	2.3994E-1
2.4300E-4	9.2773E-3	1.9741E-1
2.4400E-4	1.0010E-2	1.6831E-1
2.4500E-4	9.2773E-3	1.5024E-1
2.4600E-4	9.7656E-3	1.4253E-1
2.4700E-4	9.5215E-3	1.4468E-1
2.4800E-4	1.0010E-2	1.5645E-1
2.4900E-4	9.5215E-3	1.7314E-1
2.5000E-4	1.0010E-2	1.9287E-1
2.5100E-4	9.2773E-3	2.1924E-1
2.5200E-4	9.5215E-3	2.4736E-1
2.5300E-4	1.0010E-2	2.7852E-1
2.5400E-4	9.5215E-3	3.1353E-1
2.5500E-4	8.7891E-3	3.5786E-1
2.5600E-4	1.0254E-2	4.0703E-1
2.5700E-4	1.0010E-2	4.6240E-1
2.5800E-4	9.0332E-3	5.2324E-1
2.5900E-4	9.7656E-3	5.8701E-1
2.6000E-4	9.0332E-3	6.4180E-1
2.6100E-4	9.5215E-3	6.7944E-1
2.6200E-4	9.5215E-3	6.9468E-1
2.6300E-4	9.5215E-3	6.8550E-1
2.6400E-4	9.7656E-3	6.5073E-1
2.6500E-4	9.2773E-3	5.9619E-1
2.6600E-4	8.7891E-3	5.2817E-1
2.6700E-4	9.5215E-3	4.5430E-1
2.6800E-4	9.5215E-3	3.8081E-1
2.6900E-4	9.5215E-3	3.1279E-1
2.7000E-4	1.0010E-2	2.5513E-1
2.7100E-4	1.0010E-2	2.1343E-1
2.7200E-4	9.7656E-3	1.8413E-1
2.7300E-4	9.5215E-3	1.6562E-1
2.7400E-4	9.5215E-3	1.5435E-1
2.7500E-4	9.0332E-3	1.5283E-1
2.7600E-4	9.5215E-3	1.5801E-1
2.7700E-4	9.5215E-3	1.7134E-1
2.7800E-4	9.0332E-3	1.9116E-1
2.7900E-4	9.2773E-3	2.2212E-1
2.8000E-4	9.7656E-3	2.5879E-1
2.8100E-4	9.7656E-3	2.9980E-1
2.8200E-4	1.0010E-2	3.4458E-1
2.8300E-4	9.5215E-3	3.9717E-1
2.8400E-4	9.7656E-3	4.5327E-1
2.8500E-4	9.5215E-3	5.1240E-1
2.8600E-4	9.2773E-3	5.7124E-1
2.8700E-4	9.2773E-3	6.2734E-1
2.8800E-4	1.0010E-2	6.6738E-1
2.8900E-4	9.5215E-3	6.8921E-1
2.9000E-4	9.7656E-3	6.8872E-1
2.9100E-4	9.5215E-3	6.6768E-1
2.9200E-4	9.2773E-3	6.2627E-1
2.9300E-4	9.5215E-3	5.7354E-1
2.9400E-4	9.5215E-3	5.1221E-1
2.9500E-4	9.5215E-3	4.5034E-1
2.9600E-4	9.5215E-3	3.8872E-1
2.9700E-4	1.0010E-2	3.3013E-1
2.9800E-4	1.0010E-2	2.7949E-1
2.9900E-4	1.0254E-2	2.3975E-1
3.0000E-4	9.5215E-3	2.0664E-1
3.0100E-4	9.7656E-3	1.8472E-1
3.0200E-4	9.5215E-3	1.7632E-1
3.0300E-4	1.0010E-2	1.7734E-1
3.0400E-4	1.0254E-2	1.8477E-1
3.0500E-4	9.7656E-3	2.0005E-1
3.0600E-4	9.0332E-3	2.2158E-1
3.0700E-4	9.2773E-3	2.4883E-1
3.0800E-4	9.7656E-3	2.7998E-1
3.0900E-4	1.0010E-2	3.1533E-1
3.1000E-4	9.5215E-3	3.5566E-1
3.1100E-4	1.0010E-2	4.0088E-1
3.1200E-4	9.5215E-3	4.5132E-1
3.1300E-4	9.2773E-3	5.0293E-1
3.1400E-4	8.7891E-3	5.5527E-1
3.1500E-4	9.0332E-3	6.0083E-1
3.1600E-4	9.0332E-3	6.3296E-1
3.1700E-4	9.7656E-3	6.4561E-1
3.1800E-4	9.7656E-3	6.4238E-1
3.1900E-4	1.0254E-2	6.2422E-1
3.2000E-4	9.7656E-3	5.9756E-1
3.2100E-4	9.0332E-3	5.6123E-1
3.2200E-4	9.7656E-3	5.2114E-1
3.2300E-4	9.5215E-3	4.7734E-1
3.2400E-4	9.7656E-3	4.3047E-1
3.2500E-4	1.0254E-2	3.8052E-1
3.2600E-4	9.5215E-3	3.3848E-1
3.2700E-4	9.7656E-3	3.0322E-1
3.2800E-4	9.0332E-3	2.7700E-1
3.2900E-4	9.2773E-3	2.5879E-1
3.3000E-4	9.2773E-3	2.4985E-1
3.3100E-4	9.5215E-3	2.5181E-1
3.3200E-4	1.0010E-2	2.5889E-1
3.3300E-4	9.2773E-3	2.7090E-1
3.3400E-4	9.0332E-3	2.8911E-1
3.3500E-4	9.7656E-3	3.1597E-1
3.3600E-4	9.2773E-3	3.4229E-1
3.3700E-4	9.5215E-3	3.7651E-1
3.3800E-4	9.0332E-3	4.1567E-1
3.3900E-4	9.5215E-3	4.5786E-1
3.4000E-4	9.5215E-3	4.9790E-1
3.4100E-4	9.5215E-3	5.3716E-1
3.4200E-4	9.5215E-3	5.7075E-1
3.4300E-4	8.7891E-3	5.9697E-1
3.4400E-4	9.5215E-3	6.1406E-1
3.4500E-4	9.2773E-3	6.2187E-1
3.4600E-4	8.7891E-3	6.1802E-1
3.4700E-4	1.0254E-2	6.0352E-1
3.4800E-4	9.2773E-3	5.8179E-1
3.4900E-4	9.5215E-3	5.5322E-1
3.5000E-4	1.0254E-2	5.1851E-1
3.5100E-4	9.2773E-3	4.8330E-1
3.5200E-4	1.0010E-2	4.4829E-1
3.5300E-4	9.5215E-3	4.1411E-1
3.5400E-4	1.0010E-2	3.8579E-1
3.5500E-4	9.7656E-3	3.6392E-1
3.5600E-4	1.0010E-2	3.4790E-1
3.5700E-4	9.2773E-3	3.3789E-1
3.5800E-4	9.2773E-3	3.3418E-1
3.5900E-4	9.2773E-3	3.3506E-1
3.6000E-4	1.0010E-2	3.4116E-1
3.6100E-4	9.2773E-3	3.5273E-1
3.6200E-4	1.0010E-2	3.6680E-1
3.6300E-4	9.5215E-3	3.8442E-1
3.6400E-4	9.5215E-3	4.0391E-1
3.6500E-4	9.2773E-3	4.2437E-1
3.6600E-4	9.2773E-3	4.4326E-1
3.6700E-4	9.7656E-3	4.6196E-1
3.6800E-4	9.5215E-3	4.7881E-1
3.6900E-4	9.2773E-3	4.9326E-1
3.7000E-4	9.5215E-3	5.0444E-1
3.7100E-4	9.2773E-3	5.1333E-1
3.7200E-4	9.5215E-3	5.1831E-1
3.7300E-4	9.0332E-3	5.1895E-1
3.7400E-4	1.0010E-2	5.1694E-1
3.7500E-4	1.0010E-2	5.1421E-1
3.7600E-4	9.7656E-3	5.0918E-1
3.7700E-4	1.0010E-2	5.0532E-1
3.7800E-4	9.5215E-3	5.0288E-1
3.7900E-4	1.0254E-2	5.0117E-1
3.8000E-4	9.5215E-3	4.9922E-1
3.8100E-4	1.0254E-2	4.9722E-1
3.8200E-4	1.0010E-2	4.9473E-1
3.8300E-4	9.2773E-3	4.9126E-1
3.8400E-4	9.0332E-3	4.8584E-1
3.8500E-4	9.5215E-3	4.7910E-1
3.8600E-4	1.0010E-2	4.7251E-1
3.8700E-4	9.5215E-3	4.6548E-1
3.8800E-4	1.0010E-2	4.5889E-1
3.8900E-4	1.0010E-2	4.5483E-1
3.9000E-4	1.0010E-2	4.4966E-1
3.9100E-4	9.0332E-3	4.4453E-1
3.9200E-4	9.7656E-3	4.4087E-1
3.9300E-4	9.5215E-3	4.3813E-1
3.9400E-4	1.0010E-2	4.3228E-1
3.9500E-4	1.0010E-2	4.2700E-1
3.9600E-4	1.0010E-2	4.2280E-1
3.9700E-4	9.0332E-3	4.1606E-1
3.9800E-4	9.2773E-3	4.0996E-1
3.9900E-4	9.5215E-3	4.0742E-1
4.0000E-4	9.5215E-3	4.0767E-1
4.0100E-4	1.0010E-2	4.1187E-1
4.0200E-4	9.7656E-3	4.2095E-1
4.0300E-4	9.2773E-3	4.3057E-1
4.0400E-4	9.5215E-3	4.4165E-1
4.0500E-4	9.7656E-3	4.5449E-1
4.0600E-4	9.5215E-3	4.6479E-1
4.0700E-4	9.0332E-3	4.7700E-1
4.0800E-4	9.5215E-3	4.9072E-1
4.0900E-4	9.2773E-3	5.0532E-1
4.1000E-4	1.0254E-2	5.1919E-1
4.1100E-4	9.2773E-3	5.3096E-1
4.1200E-4	9.7656E-3	5.3818E-1
4.1300E-4	9.0332E-3	5.3774E-1
4.1400E-4	9.5215E-3	5.3047E-1
4.1500E-4	1.0010E-2	5.1953E-1
4.1600E-4	9.2773E-3	5.0620E-1
4.1700E-4	9.5215E-3	4.8833E-1
4.1800E-4	9.2773E-3	4.7090E-1
4.1900E-4	9.0332E-3	4.5161E-1
4.2000E-4	9.7656E-3	4.3013E-1
4.2100E-4	9.5215E-3	4.0708E-1
4.2200E-4	9.0332E-3	3.8359E-1
4.2300E-4	9.0332E-3	3.6055E-1
4.2400E-4	9.2773E-3	3.4136E-1
4.2500E-4	1.0254E-2	3.2412E-1
4.2600E-4	9.5215E-3	3.1147E-1
4.2700E-4	9.2773E-3	3.0425E-1
4.2800E-4	9.5215E-3	3.0376E-1
4.2900E-4	9.7656E-3	3.0771E-1
4.3000E-4	1.0010E-2	3.1699E-1
4.3100E-4	9.7656E-3	3.3032E-1
4.3200E-4	1.0498E-2	3.4985E-1
4.3300E-4	1.0254E-2	3.7285E-1
4.3400E-4	1.0498E-2	3.9922E-1
4.3500E-4	9.5215E-3	4.3125E-1
4.3600E-4	1.0010E-2	4.6890E-1
4.3700E-4	9.2773E-3	5.0679E-1
4.3800E-4	9.7656E-3	5.4307E-1
4.3900E-4	9.2773E-3	5.7734E-1
4.4000E-4	1.0010E-2	6.0469E-1
4.4100E-4	9.0332E-3	6.1875E-1
4.4200E-4	9.7656E-3	6.2007E-1
4.4300E-4	9.5215E-3	6.0908E-1
4.4400E-4	9.0332E-3	5.8364E-1
4.4500E-4	9.2773E-3	5.4458E-1
4.4600E-4	9.5215E-3	4.9785E-1
4.4700E-4	9.2773E-3	4.4565E-1
4.4800E-4	9.5215E-3	3.8955E-1
4.4900E-4	9.7656E-3	3.3369E-1
4.5000E-4	9.5215E-3	2.8354E-1
4.5100E-4	9.5215E-3	2.4063E-1
4.5200E-4	9.5215E-3	2.0659E-1
4.5300E-4	1.0010E-2	1.8174E-1
4.5400E-4	9.2773E-3	1.6548E-1
4.5500E-4	9.2773E-3	1.5664E-1
4.5600E-4	9.7656E-3	1.5479E-1
4.5700E-4	9.7656E-3	1.6001E-1
4.5800E-4	1.0010E-2	1.7158E-1
4.5900E-4	9.5215E-3	1.8843E-1
4.6000E-4	9.5215E-3	2.0903E-1
4.6100E-4	9.5215E-3	2.3540E-1
4.6200E-4	1.0010E-2	2.6489E-1
4.6300E-4	1.0254E-2	3.0107E-1
4.6400E-4	9.5215E-3	3.4521E-1
4.6500E-4	9.5215E-3	3.9868E-1
4.6600E-4	9.2773E-3	4.5820E-1
4.6700E-4	9.2773E-3	5.2305E-1
4.6800E-4	9.7656E-3	5.8198E-1
4.6900E-4	9.5215E-3	6.2686E-1
4.7000E-4	9.7656E-3	6.4839E-1
4.7100E-4	9.2773E-3	6.4131E-1
4.7200E-4	9.2773E-3	6.0386E-1
4.7300E-4	9.2773E-3	5.3979E-1
4.7400E-4	9.2773E-3	4.5449E-1
4.7500E-4	9.0332E-3	3.5977E-1
4.7600E-4	9.5215E-3	2.6089E-1
4.7700E-4	9.2773E-3	1.6538E-1
4.7800E-4	9.5215E-3	8.0957E-2
4.7900E-4	9.0332E-3	1.0937E-2
4.8000E-4	9.7656E-3	-4.7363E-2
4.8100E-4	1.0010E-2	-9.0332E-2
4.8200E-4	9.0332E-3	-1.1909E-1
4.8300E-4	9.7656E-3	-1.3726E-1
4.8400E-4	1.0010E-2	-1.4683E-1
4.8500E-4	1.0254E-2	-1.4956E-1
4.8600E-4	9.7656E-3	-1.5063E-1
4.8700E-4	9.7656E-3	-1.5376E-1
4.8800E-4	9.5215E-3	-1.5630E-1
4.8900E-4	9.5215E-3	-1.5698E-1
4.9000E-4	9.5215E-3	-1.5957E-1
4.9100E-4	1.0254E-2	-1.6006E-1
4.9200E-4	9.0332E-3	-1.6021E-1
4.9300E-4	9.7656E-3	-1.5903E-1
4.9400E-4	9.5215E-3	-1.5869E-1
4.9500E-4	9.5215E-3	-1.5874E-1
4.9600E-4	9.2773E-3	-1.5972E-1
4.9700E-4	9.0332E-3	-1.5952E-1
4.9800E-4	1.0254E-2	-1.6226E-1
4.9900E-4	9.5215E-3	-1.6509E-1
5.0000E-4	9.5215E-3	-1.6558E-1
5.0100E-4	9.2773E-3	-1.6460E-1
5.0200E-4	9.0332E-3	-1.6104E-1
5.0300E-4	9.2773E-3	-1.5518E-1
5.0400E-4	1.0010E-2	-1.4766E-1
5.0500E-4	9.5215E-3	-1.3896E-1
5.0600E-4	9.7656E-3	-1.2964E-1
5.0700E-4	9.2773E-3	-1.2036E-1
5.0800E-4	9.7656E-3	-1.1196E-1
5.0900E-4	9.5215E-3	-1.0415E-1
5.1000E-4	8.7891E-3	-9.6191E-2
5.1100E-4	9.5215E-3	-8.7207E-2
5.1200E-4	9.2773E-3	-7.5439E-2
5.1300E-4	1.0010E-2	-5.8301E-2
5.1400E-4	9.5215E-3	-3.4570E-2
5.1500E-4	9.5215E-3	-3.4180E-3
5.1600E-4	9.7656E-3	3.2861E-2
5.1700E-4	9.5215E-3	7.6465E-2
5.1800E-4	9.0332E-3	1.2764E-1
5.1900E-4	9.0332E-3	1.8809E-1
5.2000E-4	1.0010E-2	2.5967E-1
5.2100E-4	9.2773E-3	3.4780E-1
5.2200E-4	9.7656E-3	4.4087E-1
5.2300E-4	1.0010E-2	5.3174E-1
5.2400E-4	9.7656E-3	6.0806E-1
5.2500E-4	9.7656E-3	6.5776E-1
5.2600E-4	9.5215E-3	6.7090E-1
5.2700E-4	9.5215E-3	6.5215E-1
5.2800E-4	9.7656E-3	6.0303E-1
5.2900E-4	9.7656E-3	5.3364E-1
5.3000E-4	9.5215E-3	4.5918E-1
5.3100E-4	9.0332E-3	3.8545E-1
5.3200E-4	9.5215E-3	3.1577E-1
5.3300E-4	9.2773E-3	2.5874E-1
5.3400E-4	9.7656E-3	2.1455E-1
5.3500E-4	1.0010E-2	1.7974E-1
5.3600E-4	1.0010E-2	1.5581E-1
5.3700E-4	9.5215E-3	1.4443E-1
5.3800E-4	9.2773E-3	1.4282E-1
5.3900E-4	9.0332E-3	1.5205E-1
5.4000E-4	9.5215E-3	1.7056E-1
5.4100E-4	1.0010E-2	1.9614E-1
5.4200E-4	9.7656E-3	2.2524E-1
5.4300E-4	9.2773E-3	2.5781E-1
5.4400E-4	9.2773E-3	2.9072E-1
5.4500E-4	9.7656E-3	3.2544E-1
5.4600E-4	9.7656E-3	3.6260E-1
5.4700E-4	9.5215E-3	4.0620E-1
5.4800E-4	9.5215E-3	4.5249E-1
5.4900E-4	9.7656E-3	5.0078E-1
5.5000E-4	1.0010E-2	5.4683E-1
5.5100E-4	1.0254E-2	5.8369E-1
5.5200E-4	9.2773E-3	6.0664E-1
5.5300E-4	9.0332E-3	6.1504E-1
5.5400E-4	8.7891E-3	6.0986E-1
5.5500E-4	9.5215E-3	5.9297E-1
5.5600E-4	9.0332E-3	5.6782E-1
5.5700E-4	9.5215E-3	5.3662E-1
5.5800E-4	9.2773E-3	5.0439E-1
5.5900E-4	9.0332E-3	4.6904E-1
5.6000E-4	1.0010E-2	4.3013E-1
5.6100E-4	9.5215E-3	3.9409E-1
5.6200E-4	9.2773E-3	3.6172E-1
5.6300E-4	9.5215E-3	3.3306E-1
5.6400E-4	1.0010E-2	3.0967E-1
5.6500E-4	9.5215E-3	2.9517E-1
5.6600E-4	1.0010E-2	2.8833E-1
5.6700E-4	9.2773E-3	2.8823E-1
5.6800E-4	9.7656E-3	2.9517E-1
5.6900E-4	9.2773E-3	3.0771E-1
5.7000E-4	9.7656E-3	3.2349E-1
5.7100E-4	1.0010E-2	3.4048E-1
5.7200E-4	9.2773E-3	3.6113E-1
5.7300E-4	9.7656E-3	3.8511E-1
5.7400E-4	9.2773E-3	4.1421E-1
5.7500E-4	1.0010E-2	4.4316E-1
5.7600E-4	9.0332E-3	4.7065E-1
5.7700E-4	9.7656E-3	4.9766E-1
5.7800E-4	9.7656E-3	5.1953E-1
5.7900E-4	9.7656E-3	5.3599E-1
5.8000E-4	9.5215E-3	5.4829E-1
5.8100E-4	1.0010E-2	5.5752E-1
5.8200E-4	9.2773E-3	5.5879E-1
5.8300E-4	9.5215E-3	5.5576E-1
5.8400E-4	9.2773E-3	5.4463E-1
5.8500E-4	9.7656E-3	5.2793E-1
5.8600E-4	9.2773E-3	5.0503E-1
5.8700E-4	9.0332E-3	4.8135E-1
5.8800E-4	9.0332E-3	4.5493E-1
5.8900E-4	9.0332E-3	4.3481E-1
5.9000E-4	9.7656E-3	4.1904E-1
5.9100E-4	9.7656E-3	4.1191E-1
5.9200E-4	1.0010E-2	4.0967E-1
5.9300E-4	9.5215E-3	4.1118E-1
5.9400E-4	9.0332E-3	4.1338E-1
5.9500E-4	9.7656E-3	4.1729E-1
5.9600E-4	9.5215E-3	4.1885E-1
5.9700E-4	8.7891E-3	4.1914E-1
5.9800E-4	9.7656E-3	4.2183E-1
5.9900E-4	9.7656E-3	4.2461E-1
6.0000E-4	9.0332E-3	4.2798E-1
6.0100E-4	9.7656E-3	4.3311E-1
6.0200E-4	1.0010E-2	4.4082E-1
6.0300E-4	9.2773E-3	4.4922E-1
6.0400E-4	1.0254E-2	4.5698E-1
6.0500E-4	9.2773E-3	4.6279E-1
6.0600E-4	1.0010E-2	4.6836E-1
6.0700E-4	1.0010E-2	4.7104E-1
6.0800E-4	1.0254E-2	4.6943E-1
6.0900E-4	9.7656E-3	4.6650E-1
6.1000E-4	9.5215E-3	4.6543E-1
6.1100E-4	1.0498E-2	4.6289E-1
6.1200E-4	9.2773E-3	4.5986E-1
6.1300E-4	1.0010E-2	4.6016E-1
6.1400E-4	9.7656E-3	4.6211E-1
6.1500E-4	9.2773E-3	4.6548E-1
6.1600E-4	9.0332E-3	4.7012E-1
6.1700E-4	9.7656E-3	4.7603E-1
6.1800E-4	9.2773E-3	4.8018E-1
6.1900E-4	9.5215E-3	4.8311E-1
6.2000E-4	9.7656E-3	4.8613E-1
6.2100E-4	1.0010E-2	4.8877E-1
6.2200E-4	9.7656E-3	4.8877E-1
6.2300E-4	1.0010E-2	4.8730E-1
6.2400E-4	1.0010E-2	4.8320E-1
6.2500E-4	9.7656E-3	4.7393E-1
6.2600E-4	9.5215E-3	4.6079E-1
6.2700E-4	9.5215E-3	4.4565E-1
6.2800E-4	1.0010E-2	4.2935E-1
6.2900E-4	1.0010E-2	4.1240E-1
6.3000E-4	9.5215E-3	3.9355E-1
6.3100E-4	1.0010E-2	3.7534E-1
6.3200E-4	9.5215E-3	3.6050E-1
6.3300E-4	9.5215E-3	3.4863E-1
6.3400E-4	9.0332E-3	3.4019E-1
6.3500E-4	9.0332E-3	3.3750E-1
6.3600E-4	9.0332E-3	3.3638E-1
6.3700E-4	9.2773E-3	3.3882E-1
6.3800E-4	9.5215E-3	3.4409E-1
6.3900E-4	9.0332E-3	3.5332E-1
6.4000E-4	1.0254E-2	3.6729E-1
6.4100E-4	9.5215E-3	3.8799E-1
6.4200E-4	9.7656E-3	4.1348E-1
6.4300E-4	9.2773E-3	4.4106E-1
6.4400E-4	9.5215E-3	4.7051E-1
6.4500E-4	9.5215E-3	4.9775E-1
6.4600E-4	9.5215E-3	5.2261E-1
6.4700E-4	9.2773E-3	5.4287E-1
6.4800E-4	9.5215E-3	5.5884E-1
6.4900E-4	9.2773E-3	5.6465E-1
6.5000E-4	9.2773E-3	5.6182E-1
6.5100E-4	9.2773E-3	5.5220E-1
6.5200E-4	9.2773E-3	5.3457E-1
6.5300E-4	1.0010E-2	5.0825E-1
6.5400E-4	1.0010E-2	4.7891E-1
6.5500E-4	9.2773E-3	4.4790E-1
6.5600E-4	9.5215E-3	4.1362E-1
6.5700E-4	9.7656E-3	3.7808E-1
6.5800E-4	9.5215E-3	3.4497E-1
6.5900E-4	9.2773E-3	3.1597E-1
6.6000E-4	1.0010E-2	2.9170E-1
6.6100E-4	9.5215E-3	2.7363E-1
6.6200E-4	9.5215E-3	2.6270E-1
6.6300E-4	9.7656E-3	2.5801E-1
6.6400E-4	9.7656E-3	2.5864E-1
6.6500E-4	9.2773E-3	2.6489E-1
6.6600E-4	9.7656E-3	2.7832E-1
6.6700E-4	9.2773E-3	2.9639E-1
6.6800E-4	9.5215E-3	3.2129E-1
6.6900E-4	9.5215E-3	3.4976E-1
6.7000E-4	9.2773E-3	3.8364E-1
6.7100E-4	9.5215E-3	4.2207E-1
6.7200E-4	9.5215E-3	4.6338E-1
6.7300E-4	9.5215E-3	5.0420E-1
6.7400E-4	9.7656E-3	5.4346E-1
6.7500E-4	9.7656E-3	5.7358E-1
6.7600E-4	9.2773E-3	5.8730E-1
6.7700E-4	9.2773E-3	5.8867E-1
6.7800E-4	1.0254E-2	5.7842E-1
6.7900E-4	9.7656E-3	5.5864E-1
6.8000E-4	9.5215E-3	5.3359E-1
6.8100E-4	9.7656E-3	5.0518E-1
6.8200E-4	9.2773E-3	4.6987E-1
6.8300E-4	9.2773E-3	4.2925E-1
6.8400E-4	9.5215E-3	3.8379E-1
6.8500E-4	9.2773E-3	3.3687E-1
6.8600E-4	9.2773E-3	2.9287E-1
6.8700E-4	9.2773E-3	2.5596E-1
6.8800E-4	1.0010E-2	2.2686E-1
6.8900E-4	9.7656E-3	2.0552E-1
6.9000E-4	9.7656E-3	1.9185E-1
6.9100E-4	8.7891E-3	1.8530E-1
6.9200E-4	1.0010E-2	1.8599E-1
6.9300E-4	9.5215E-3	1.8936E-1
6.9400E-4	9.2773E-3	2.0029E-1
6.9500E-4	9.5215E-3	2.1938E-1
6.9600E-4	9.2773E-3	2.4521E-1
6.9700E-4	9.5215E-3	2.7661E-1
6.9800E-4	9.7656E-3	3.1929E-1
6.9900E-4	1.0010E-2	3.7061E-1
7.0000E-4	9.7656E-3	4.2705E-1
7.0100E-4	9.5215E-3	4.8672E-1
7.0200E-4	1.0010E-2	5.4570E-1
7.0300E-4	9.5215E-3	5.9819E-1
7.0400E-4	9.2773E-3	6.3545E-1
7.0500E-4	9.5215E-3	6.5195E-1
7.0600E-4	9.2773E-3	6.4966E-1
7.0700E-4	9.2773E-3	6.2832E-1
7.0800E-4	9.5215E-3	5.9062E-1
7.0900E-4	9.5215E-3	5.4106E-1
7.1000E-4	9.5215E-3	4.8647E-1
7.1100E-4	9.2773E-3	4.2637E-1
7.1200E-4	1.0010E-2	3.6836E-1
7.1300E-4	9.0332E-3	3.1299E-1
7.1400E-4	9.5215E-3	2.6387E-1
7.1500E-4	8.5449E-3	2.2207E-1
7.1600E-4	9.7656E-3	1.9185E-1
7.1700E-4	9.5215E-3	1.6909E-1
7.1800E-4	9.5215E-3	1.5552E-1
7.1900E-4	9.7656E-3	1.5317E-1
7.2000E-4	1.0010E-2	1.6045E-1
7.2100E-4	9.2773E-3	1.7417E-1
7.2200E-4	9.7656E-3	1.9219E-1
7.2300E-4	9.5215E-3	2.1250E-1
7.2400E-4	9.2773E-3	2.3647E-1
7.2500E-4	9.0332E-3	2.6592E-1
7.2600E-4	9.5215E-3	3.0361E-1
7.2700E-4	9.5215E-3	3.5073E-1
7.2800E-4	9.2773E-3	4.0825E-1
7.2900E-4	9.7656E-3	4.7114E-1
7.3000E-4	8.7891E-3	5.3584E-1
7.3100E-4	9.7656E-3	5.9746E-1
7.3200E-4	9.2773E-3	6.4839E-1
7.3300E-4	9.7656E-3	6.8081E-1
7.3400E-4	1.0010E-2	6.9072E-1
7.3500E-4	1.0010E-2	6.7563E-1
7.3600E-4	1.0010E-2	6.3564E-1
7.3700E-4	1.0010E-2	5.7725E-1
7.3800E-4	9.0332E-3	5.0708E-1
7.3900E-4	9.5215E-3	4.3096E-1
7.4000E-4	9.2773E-3	3.5674E-1
7.4100E-4	9.5215E-3	2.9009E-1
7.4200E-4	9.7656E-3	2.3472E-1
7.4300E-4	9.5215E-3	1.9399E-1
7.4400E-4	9.2773E-3	1.6631E-1
7.4500E-4	9.5215E-3	1.4985E-1
7.4600E-4	9.7656E-3	1.4238E-1
7.4700E-4	1.0254E-2	1.4268E-1
7.4800E-4	1.0010E-2	1.4810E-1
7.4900E-4	9.5215E-3	1.6035E-1
7.5000E-4	1.0010E-2	1.7759E-1
7.5100E-4	9.0332E-3	2.0259E-1
7.5200E-4	9.2773E-3	2.3359E-1
7.5300E-4	9.7656E-3	2.7275E-1
7.5400E-4	9.2773E-3	3.2070E-1
7.5500E-4	9.2773E-3	3.7490E-1
7.5600E-4	9.7656E-3	4.3188E-1
7.5700E-4	9.5215E-3	4.9287E-1
7.5800E-4	9.7656E-3	5.5142E-1
7.5900E-4	9.5215E-3	6.0039E-1
7.6000E-4	8.7891E-3	6.4150E-1
7.6100E-4	9.7656E-3	6.6914E-1
7.6200E-4	9.2773E-3	6.7451E-1
7.6300E-4	9.7656E-3	6.5942E-1
7.6400E-4	9.2773E-3	6.2598E-1
7.6500E-4	9.5215E-3	5.7246E-1
7.6600E-4	9.2773E-3	5.0645E-1
7.6700E-4	9.5215E-3	4.3682E-1
7.6800E-4	1.0010E-2	3.6826E-1
7.6900E-4	9.5215E-3	3.0444E-1
7.7000E-4	9.7656E-3	2.5083E-1
7.7100E-4	9.2773E-3	2.0825E-1
7.7200E-4	9.7656E-3	1.7813E-1
7.7300E-4	9.7656E-3	1.6182E-1
7.7400E-4	1.0254E-2	1.5488E-1
7.7500E-4	9.7656E-3	1.5684E-1
7.7600E-4	9.5215E-3	1.6450E-1
7.7700E-4	9.5215E-3	1.7627E-1
7.7800E-4	1.0010E-2	1.9062E-1
7.7900E-4	9.7656E-3	2.1172E-1
7.8000E-4	9.2773E-3	2.3730E-1
7.8100E-4	9.0332E-3	2.6831E-1
7.8200E-4	1.0010E-2	3.0825E-1
7.8300E-4	9.2773E-3	3.5640E-1
7.8400E-4	9.5215E-3	4.1357E-1
7.8500E-4	9.2773E-3	4.7725E-1
7.8600E-4	9.5215E-3	5.4482E-1
7.8700E-4	9.5215E-3	6.0898E-1
7.8800E-4	9.7656E-3	6.5977E-1
7.8900E-4	9.0332E-3	6.8867E-1
7.9000E-4	9.5215E-3	6.9561E-1
7.9100E-4	1.0010E-2	6.7876E-1
7.9200E-4	9.2773E-3	6.4043E-1
7.9300E-4	9.5215E-3	5.8765E-1
7.9400E-4	1.0010E-2	5.2827E-1
7.9500E-4	9.2773E-3	4.6563E-1
7.9600E-4	9.7656E-3	4.0308E-1
7.9700E-4	9.0332E-3	3.4780E-1
7.9800E-4	9.2773E-3	3.0000E-1
7.9900E-4	9.2773E-3	2.6187E-1
8.0000E-4	9.5215E-3	2.3418E-1
8.0100E-4	8.7891E-3	2.1826E-1
8.0200E-4	1.0010E-2	2.0776E-1
8.0300E-4	9.5215E-3	2.0571E-1
8.0400E-4	9.2773E-3	2.1216E-1
8.0500E-4	9.2773E-3	2.2480E-1
8.0600E-4	9.2773E-3	2.4272E-1
8.0700E-4	9.7656E-3	2.7051E-1
8.0800E-4	9.5215E-3	3.0288E-1
8.0900E-4	9.5215E-3	3.3896E-1
8.1000E-4	9.5215E-3	3.8057E-1
8.1100E-4	1.0010E-2	4.2979E-1
8.1200E-4	1.0010E-2	4.8091E-1
8.1300E-4	9.5215E-3	5.3813E-1
8.1400E-4	9.2773E-3	5.9644E-1
8.1500E-4	9.5215E-3	6.4878E-1
8.1600E-4	9.5215E-3	6.8369E-1
8.1700E-4	9.0332E-3	7.0059E-1
8.1800E-4	1.0010E-2	6.9800E-1
8.1900E-4	9.2773E-3	6.7534E-1
8.2000E-4	9.5215E-3	6.3823E-1
8.2100E-4	1.0254E-2	5.9351E-1
8.2200E-4	9.7656E-3	5.4302E-1
8.2300E-4	9.5215E-3	4.8716E-1
8.2400E-4	9.2773E-3	4.3276E-1
8.2500E-4	9.7656E-3	3.8159E-1
8.2600E-4	9.5215E-3	3.3809E-1
8.2700E-4	9.5215E-3	3.0405E-1
8.2800E-4	1.0010E-2	2.8032E-1
8.2900E-4	9.2773E-3	2.6548E-1
8.3000E-4	9.7656E-3	2.6011E-1
8.3100E-4	1.0010E-2	2.6157E-1
8.3200E-4	9.5215E-3	2.6748E-1
8.3300E-4	9.7656E-3	2.7754E-1
8.3400E-4	9.7656E-3	2.9404E-1
8.3500E-4	9.7656E-3	3.1362E-1
8.3600E-4	9.7656E-3	3.3892E-1
8.3700E-4	9.7656E-3	3.7017E-1
8.3800E-4	9.5215E-3	4.0820E-1
8.3900E-4	9.2773E-3	4.4824E-1
8.4000E-4	1.0010E-2	4.9146E-1
8.4100E-4	9.2773E-3	5.3457E-1
8.4200E-4	1.0010E-2	5.7485E-1
8.4300E-4	9.5215E-3	6.0938E-1
8.4400E-4	9.2773E-3	6.3667E-1
8.4500E-4	9.5215E-3	6.5288E-1
8.4600E-4	9.5215E-3	6.5449E-1
8.4700E-4	8.5449E-3	6.4541E-1
8.4800E-4	9.2773E-3	6.2646E-1
8.4900E-4	9.2773E-3	5.9976E-1
8.5000E-4	9.5215E-3	5.6587E-1
8.5100E-4	9.5215E-3	5.3110E-1
8.5200E-4	9.0332E-3	4.9717E-1
8.5300E-4	1.0254E-2	4.6406E-1
8.5400E-4	9.5215E-3	4.3262E-1
8.5500E-4	9.2773E-3	4.0752E-1
8.5600E-4	1.0010E-2	3.8960E-1
8.5700E-4	9.5215E-3	3.7480E-1
8.5800E-4	9.5215E-3	3.6660E-1
8.5900E-4	1.0010E-2	3.6553E-1
8.6000E-4	9.5215E-3	3.7031E-1
8.6100E-4	9.2773E-3	3.7842E-1
8.6200E-4	9.5215E-3	3.9048E-1
8.6300E-4	9.7656E-3	4.0552E-1
8.6400E-4	9.5215E-3	4.2241E-1
8.6500E-4	1.0010E-2	4.3955E-1
8.6600E-4	1.0254E-2	4.5884E-1
8.6700E-4	9.2773E-3	4.7998E-1
8.6800E-4	1.0254E-2	5.0186E-1
8.6900E-4	9.2773E-3	5.2461E-1
8.7000E-4	9.2773E-3	5.4575E-1
8.7100E-4	9.7656E-3	5.6035E-1
8.7200E-4	9.5215E-3	5.7192E-1
8.7300E-4	9.7656E-3	5.7769E-1
8.7400E-4	9.2773E-3	5.7622E-1
8.7500E-4	9.5215E-3	5.6895E-1
8.7600E-4	1.0010E-2	5.6074E-1
8.7700E-4	1.0010E-2	5.4854E-1
8.7800E-4	9.2773E-3	5.3501E-1
8.7900E-4	1.0254E-2	5.2021E-1
8.8000E-4	9.0332E-3	5.0801E-1
8.8100E-4	1.0010E-2	4.9453E-1
8.8200E-4	1.0010E-2	4.8145E-1
8.8300E-4	9.7656E-3	4.7144E-1
8.8400E-4	1.0010E-2	4.6470E-1
8.8500E-4	9.5215E-3	4.5752E-1
8.8600E-4	9.0332E-3	4.5313E-1
8.8700E-4	8.7891E-3	4.5142E-1
8.8800E-4	9.7656E-3	4.4888E-1
8.8900E-4	1.0010E-2	4.4678E-1
8.9000E-4	9.7656E-3	4.4609E-1
8.9100E-4	9.5215E-3	4.4482E-1
8.9200E-4	9.7656E-3	4.4258E-1
8.9300E-4	1.0254E-2	4.4004E-1
8.9400E-4	9.7656E-3	4.3530E-1
8.9500E-4	1.0254E-2	4.3125E-1
8.9600E-4	1.0254E-2	4.2964E-1
8.9700E-4	9.2773E-3	4.2822E-1
8.9800E-4	9.5215E-3	4.2837E-1
8.9900E-4	9.2773E-3	4.3091E-1
9.0000E-4	1.0498E-2	4.3540E-1
9.0100E-4	9.5215E-3	4.4102E-1
9.0200E-4	9.7656E-3	4.4976E-1
9.0300E-4	9.7656E-3	4.6118E-1
9.0400E-4	9.2773E-3	4.7417E-1
9.0500E-4	9.2773E-3	4.8784E-1
9.0600E-4	9.5215E-3	5.0205E-1
9.0700E-4	9.0332E-3	5.2046E-1
9.0800E-4	1.0010E-2	5.3604E-1
9.0900E-4	9.2773E-3	5.5205E-1
9.1000E-4	9.7656E-3	5.6763E-1
9.1100E-4	1.0254E-2	5.8267E-1
9.1200E-4	1.0010E-2	5.9014E-1
9.1300E-4	9.5215E-3	5.9331E-1
9.1400E-4	9.2773E-3	5.8979E-1
9.1500E-4	9.5215E-3	5.8032E-1
9.1600E-4	9.0332E-3	5.6367E-1
9.1700E-4	9.5215E-3	5.4214E-1
9.1800E-4	9.7656E-3	5.1797E-1
9.1900E-4	9.5215E-3	4.9136E-1
9.2000E-4	9.7656E-3	4.6157E-1
9.2100E-4	9.0332E-3	4.3101E-1
9.2200E-4	9.5215E-3	3.9951E-1
9.2300E-4	9.7656E-3	3.7065E-1
9.2400E-4	9.2773E-3	3.4600E-1
9.2500E-4	9.5215E-3	3.2568E-1
9.2600E-4	9.5215E-3	3.1294E-1
9.2700E-4	9.2773E-3	3.0698E-1
9.2800E-4	9.7656E-3	3.0615E-1
9.2900E-4	9.5215E-3	3.1177E-1
9.3000E-4	9.2773E-3	3.2275E-1
9.3100E-4	9.5215E-3	3.3745E-1
9.3200E-4	9.5215E-3	3.5659E-1
9.3300E-4	9.5215E-3	3.7847E-1
9.3400E-4	9.5215E-3	4.0400E-1
9.3500E-4	9.0332E-3	4.3506E-1
9.3600E-4	9.2773E-3	4.6909E-1
9.3700E-4	9.2773E-3	5.0757E-1
9.3800E-4	9.7656E-3	5.4839E-1
9.3900E-4	9.7656E-3	5.8721E-1
9.4000E-4	9.5215E-3	6.2036E-1
9.4100E-4	1.0010E-2	6.4375E-1
9.4200E-4	9.7656E-3	6.5259E-1
9.4300E-4	9.7656E-3	6.4629E-1
9.4400E-4	9.5215E-3	6.2407E-1
9.4500E-4	9.2773E-3	5.8594E-1
9.4600E-4	9.7656E-3	5.3618E-1
9.4700E-4	9.0332E-3	4.8042E-1
9.4800E-4	9.5215E-3	4.2163E-1
9.4900E-4	1.0010E-2	3.6558E-1
9.5000E-4	9.5215E-3	3.1519E-1
9.5100E-4	9.5215E-3	2.7109E-1
9.5200E-4	8.5449E-3	2.3379E-1
9.5300E-4	9.7656E-3	2.0684E-1
9.5400E-4	9.5215E-3	1.8828E-1
9.5500E-4	9.5215E-3	1.8008E-1
9.5600E-4	9.5215E-3	1.8140E-1
9.5700E-4	9.5215E-3	1.9136E-1
9.5800E-4	9.5215E-3	2.0562E-1
9.5900E-4	1.0010E-2	2.2305E-1
9.6000E-4	1.0010E-2	2.4355E-1
9.6100E-4	9.2773E-3	2.6714E-1
9.6200E-4	9.7656E-3	2.9893E-1
9.6300E-4	9.2773E-3	3.3848E-1
9.6400E-4	1.0010E-2	3.8765E-1
9.6500E-4	9.2773E-3	4.4409E-1
9.6600E-4	9.2773E-3	5.0869E-1
9.6700E-4	9.7656E-3	5.7236E-1
9.6800E-4	9.0332E-3	6.2988E-1
9.6900E-4	9.2773E-3	6.7183E-1
9.7000E-4	9.2773E-3	6.9067E-1
9.7100E-4	1.0010E-2	6.8066E-1
9.7200E-4	9.7656E-3	6.3696E-1
9.7300E-4	9.0332E-3	5.6611E-1
9.7400E-4	9.2773E-3	4.7490E-1
9.7500E-4	9.5215E-3	3.7207E-1
9.7600E-4	9.5215E-3	2.6675E-1
9.7700E-4	8.7891E-3	1.7085E-1
9.7800E-4	1.0010E-2	8.5937E-2
9.7900E-4	9.2773E-3	1.4795E-2
9.8000E-4	9.5215E-3	-3.8525E-2
9.8100E-4	9.2773E-3	-7.7295E-2
9.8200E-4	9.5215E-3	-1.0278E-1
9.8300E-4	1.0010E-2	-1.1904E-1
9.8400E-4	9.7656E-3	-1.2529E-1
9.8500E-4	9.7656E-3	-1.2583E-1
9.8600E-4	9.2773E-3	-1.2358E-1
9.8700E-4	9.7656E-3	-1.2266E-1
9.8800E-4	9.5215E-3	-1.2197E-1
9.8900E-4	9.5215E-3	-1.2612E-1
9.9000E-4	9.2773E-3	-1.3428E-1
9.9100E-4	9.5215E-3	-1.4233E-1
9.9200E-4	9.7656E-3	-1.4951E-1
9.9300E-4	9.7656E-3	-1.5703E-1
9.9400E-4	9.7656E-3	-1.6162E-1
9.9500E-4	1.0010E-2	-1.6343E-1
9.9600E-4	9.2773E-3	-1.6582E-1
9.9700E-4	1.0010E-2	-1.6758E-1
9.9800E-4	9.7656E-3	-1.6758E-1
9.9900E-4	1.0254E-2	-1.6758E-1
