Time [s]	Aux in [V]	Main in [V]
0.0000E+0	9.2773E-3	-1.4146E-1
1.0000E-6	1.0010E-2	-1.3550E-1
2.0000E-6	9.5215E-3	-1.2632E-1
3.0000E-6	9.5215E-3	-1.0981E-1
4.0000E-6	9.2773E-3	-8.7891E-2
5.0000E-6	9.5215E-3	-5.7324E-2
6.0000E-6	9.7656E-3	-1.9824E-2
7.0000E-6	9.2773E-3	2.8613E-2
8.0000E-6	9.2773E-3	8.8184E-2
9.0000E-6	9.7656E-3	1.6182E-1
1.0000E-5	9.0332E-3	2.5103E-1
1.1000E-5	1.0010E-2	3.5474E-1
1.2000E-5	9.0332E-3	4.6895E-1
1.3000E-5	9.5215E-3	5.8184E-1
1.4000E-5	9.7656E-3	6.7578E-1
1.5000E-5	9.0332E-3	7.3643E-1
1.6000E-5	9.2773E-3	7.5908E-1
1.7000E-5	9.2773E-3	7.3853E-1
1.8000E-5	9.2773E-3	6.8081E-1
1.9000E-5	9.5215E-3	6.0137E-1
2.0000E-5	9.0332E-3	5.1025E-1
2.1000E-5	9.7656E-3	4.1855E-1
2.2000E-5	9.2773E-3	3.3442E-1
2.3000E-5	9.7656E-3	2.6479E-1
2.4000E-5	9.2773E-3	2.0996E-1
2.5000E-5	9.7656E-3	1.7461E-1
2.6000E-5	9.2773E-3	1.5513E-1
2.7000E-5	9.0332E-3	1.4956E-1
2.8000E-5	9.2773E-3	1.5405E-1
2.9000E-5	9.5215E-3	1.6914E-1
3.0000E-5	1.0010E-2	1.8984E-1
3.1000E-5	9.5215E-3	2.1372E-1
3.2000E-5	9.5215E-3	2.4155E-1
3.3000E-5	8.7891E-3	2.7202E-1
3.4000E-5	9.5215E-3	3.0498E-1
3.5000E-5	9.5215E-3	3.4092E-1
3.6000E-5	9.0332E-3	3.8276E-1
3.7000E-5	9.2773E-3	4.2812E-1
3.8000E-5	9.2773E-3	4.7715E-1
3.9000E-5	9.5215E-3	5.2705E-1
4.0000E-5	9.7656E-3	5.7729E-1
4.1000E-5	9.5215E-3	6.2095E-1
4.2000E-5	9.5215E-3	6.5527E-1
4.3000E-5	9.7656E-3	6.7598E-1
4.4000E-5	9.5215E-3	6.8179E-1
4.5000E-5	9.5215E-3	6.6812E-1
4.6000E-5	9.5215E-3	6.3999E-1
4.7000E-5	9.2773E-3	5.9956E-1
4.8000E-5	9.0332E-3	5.5298E-1
4.9000E-5	9.0332E-3	5.0127E-1
5.0000E-5	9.5215E-3	4.5127E-1
5.1000E-5	9.0332E-3	4.0425E-1
5.2000E-5	9.2773E-3	3.6440E-1
5.3000E-5	9.7656E-3	3.3315E-1
5.4000E-5	9.7656E-3	3.1465E-1
5.5000E-5	9.7656E-3	3.0493E-1
5.6000E-5	9.2773E-3	3.0347E-1
5.7000E-5	9.5215E-3	3.0771E-1
5.8000E-5	9.2773E-3	3.1572E-1
5.9000E-5	9.5215E-3	3.2534E-1
6.0000E-5	9.2773E-3	3.3755E-1
6.1000E-5	9.0332E-3	3.5254E-1
6.2000E-5	9.0332E-3	3.7173E-1
6.3000E-5	9.2773E-3	3.9365E-1
6.4000E-5	9.2773E-3	4.2061E-1
6.5000E-5	9.7656E-3	4.5015E-1
6.6000E-5	9.2773E-3	4.8228E-1
6.7000E-5	9.5215E-3	5.1450E-1
6.8000E-5	9.2773E-3	5.4346E-1
6.9000E-5	9.5215E-3	5.6641E-1
7.0000E-5	1.0010E-2	5.8462E-1
7.1000E-5	9.7656E-3	5.9624E-1
7.2000E-5	9.5215E-3	5.9971E-1
7.3000E-5	9.5215E-3	5.9746E-1
7.4000E-5	9.2773E-3	5.9019E-1
7.5000E-5	9.7656E-3	5.7842E-1
7.6000E-5	9.5215E-3	5.6284E-1
7.7000E-5	9.2773E-3	5.4414E-1
7.8000E-5	9.7656E-3	5.2319E-1
7.9000E-5	9.7656E-3	5.0356E-1
8.0000E-5	9.5215E-3	4.8359E-1
8.1000E-5	9.2773E-3	4.6489E-1
8.2000E-5	9.2773E-3	4.4961E-1
8.3000E-5	9.7656E-3	4.3799E-1
8.4000E-5	8.7891E-3	4.2783E-1
8.5000E-5	9.2773E-3	4.2227E-1
8.6000E-5	9.5215E-3	4.1968E-1
8.7000E-5	1.0010E-2	4.2144E-1
8.8000E-5	9.2773E-3	4.2690E-1
8.9000E-5	9.5215E-3	4.3403E-1
9.0000E-5	9.7656E-3	4.4189E-1
9.1000E-5	9.5215E-3	4.5283E-1
9.2000E-5	9.2773E-3	4.6406E-1
9.3000E-5	9.5215E-3	4.7432E-1
9.4000E-5	9.2773E-3	4.8511E-1
9.5000E-5	9.2773E-3	4.9360E-1
9.6000E-5	9.2773E-3	4.9814E-1
9.7000E-5	9.0332E-3	5.0073E-1
9.8000E-5	9.5215E-3	5.0181E-1
9.9000E-5	9.5215E-3	5.0313E-1
1.0000E-4	9.2773E-3	5.0669E-1
1.0100E-4	9.2773E-3	5.1113E-1
1.0200E-4	9.0332E-3	5.1646E-1
1.0300E-4	9.7656E-3	5.2090E-1
1.0400E-4	9.5215E-3	5.2515E-1
1.0500E-4	1.0010E-2	5.2856E-1
1.0600E-4	9.5215E-3	5.3325E-1
1.0700E-4	1.0010E-2	5.3784E-1
1.0800E-4	9.5215E-3	5.4448E-1
1.0900E-4	1.0010E-2	5.4976E-1
1.1000E-4	9.2773E-3	5.5649E-1
1.1100E-4	9.7656E-3	5.6016E-1
1.1200E-4	9.5215E-3	5.6226E-1
1.1300E-4	9.0332E-3	5.5859E-1
1.1400E-4	1.0010E-2	5.4990E-1
1.1500E-4	9.2773E-3	5.3457E-1
1.1600E-4	9.5215E-3	5.1509E-1
1.1700E-4	9.2773E-3	4.9058E-1
1.1800E-4	9.7656E-3	4.6792E-1
1.1900E-4	9.5215E-3	4.4751E-1
1.2000E-4	8.7891E-3	4.2695E-1
1.2100E-4	9.7656E-3	4.0835E-1
1.2200E-4	9.5215E-3	3.9248E-1
1.2300E-4	9.7656E-3	3.7773E-1
1.2400E-4	9.7656E-3	3.6489E-1
1.2500E-4	9.2773E-3	3.5732E-1
1.2600E-4	9.2773E-3	3.5659E-1
1.2700E-4	9.2773E-3	3.5986E-1
1.2800E-4	9.2773E-3	3.7002E-1
1.2900E-4	9.5215E-3	3.8594E-1
1.3000E-4	9.2773E-3	4.0596E-1
1.3100E-4	9.5215E-3	4.2593E-1
1.3200E-4	9.7656E-3	4.5083E-1
1.3300E-4	9.5215E-3	4.7783E-1
1.3400E-4	9.5215E-3	5.0684E-1
1.3500E-4	8.7891E-3	5.3936E-1
1.3600E-4	9.2773E-3	5.7632E-1
1.3700E-4	9.7656E-3	6.1382E-1
1.3800E-4	9.2773E-3	6.4473E-1
1.3900E-4	9.2773E-3	6.6714E-1
1.4000E-4	9.2773E-3	6.7705E-1
1.4100E-4	9.2773E-3	6.7334E-1
1.4200E-4	9.2773E-3	6.5322E-1
1.4300E-4	9.5215E-3	6.2300E-1
1.4400E-4	9.5215E-3	5.8301E-1
1.4500E-4	9.7656E-3	5.3525E-1
1.4600E-4	9.2773E-3	4.8477E-1
1.4700E-4	9.2773E-3	4.3442E-1
1.4800E-4	1.0254E-2	3.8735E-1
1.4900E-4	1.0010E-2	3.4551E-1
1.5000E-4	1.0254E-2	3.1460E-1
1.5100E-4	9.2773E-3	2.9204E-1
1.5200E-4	9.7656E-3	2.7803E-1
1.5300E-4	1.0010E-2	2.7246E-1
1.5400E-4	9.5215E-3	2.7603E-1
1.5500E-4	1.0010E-2	2.8452E-1
1.5600E-4	9.0332E-3	2.9775E-1
1.5700E-4	9.5215E-3	3.1592E-1
1.5800E-4	9.7656E-3	3.3857E-1
1.5900E-4	8.7891E-3	3.6436E-1
1.6000E-4	9.2773E-3	3.9497E-1
1.6100E-4	9.2773E-3	4.2964E-1
1.6200E-4	9.5215E-3	4.7046E-1
1.6300E-4	9.2773E-3	5.1631E-1
1.6400E-4	8.7891E-3	5.6709E-1
1.6500E-4	1.0010E-2	6.1509E-1
1.6600E-4	9.2773E-3	6.5552E-1
1.6700E-4	9.5215E-3	6.8091E-1
1.6800E-4	1.0010E-2	6.8765E-1
1.6900E-4	1.0010E-2	6.7622E-1
1.7000E-4	9.5215E-3	6.4600E-1
1.7100E-4	9.5215E-3	6.0244E-1
1.7200E-4	9.2773E-3	5.4995E-1
1.7300E-4	1.0010E-2	4.9043E-1
1.7400E-4	9.2773E-3	4.2832E-1
1.7500E-4	9.2773E-3	3.7051E-1
1.7600E-4	1.0010E-2	3.1807E-1
1.7700E-4	9.7656E-3	2.7485E-1
1.7800E-4	9.0332E-3	2.4253E-1
1.7900E-4	9.2773E-3	2.2021E-1
1.8000E-4	9.0332E-3	2.0654E-1
1.8100E-4	9.2773E-3	2.0034E-1
1.8200E-4	9.0332E-3	2.0176E-1
1.8300E-4	9.5215E-3	2.1123E-1
1.8400E-4	9.0332E-3	2.2520E-1
1.8500E-4	9.5215E-3	2.4536E-1
1.8600E-4	9.5215E-3	2.7354E-1
1.8700E-4	9.2773E-3	3.0659E-1
1.8800E-4	9.7656E-3	3.4399E-1
1.8900E-4	9.0332E-3	3.8730E-1
1.9000E-4	1.0010E-2	4.3584E-1
1.9100E-4	9.5215E-3	4.8901E-1
1.9200E-4	9.5215E-3	5.4531E-1
1.9300E-4	9.7656E-3	6.0059E-1
1.9400E-4	9.5215E-3	6.4839E-1
1.9500E-4	9.2773E-3	6.8193E-1
1.9600E-4	9.2773E-3	6.9707E-1
1.9700E-4	9.0332E-3	6.9136E-1
1.9800E-4	9.5215E-3	6.6265E-1
1.9900E-4	9.7656E-3	6.1323E-1
2.0000E-4	9.0332E-3	5.4946E-1
2.0100E-4	9.5215E-3	4.7476E-1
2.0200E-4	1.0010E-2	3.9668E-1
2.0300E-4	1.0010E-2	3.2485E-1
2.0400E-4	9.0332E-3	2.6382E-1
2.0500E-4	9.0332E-3	2.1626E-1
2.0600E-4	9.5215E-3	1.8315E-1
2.0700E-4	9.7656E-3	1.6250E-1
2.0800E-4	9.5215E-3	1.5195E-1
2.0900E-4	9.0332E-3	1.5054E-1
2.1000E-4	9.0332E-3	1.5610E-1
2.1100E-4	9.2773E-3	1.6875E-1
2.1200E-4	9.2773E-3	1.8867E-1
2.1300E-4	9.2773E-3	2.1377E-1
2.1400E-4	9.7656E-3	2.4282E-1
2.1500E-4	9.2773E-3	2.7773E-1
2.1600E-4	9.5215E-3	3.1694E-1
2.1700E-4	9.7656E-3	3.6206E-1
2.1800E-4	9.2773E-3	4.1069E-1
2.1900E-4	9.7656E-3	4.6504E-1
2.2000E-4	1.0010E-2	5.2451E-1
2.2100E-4	9.5215E-3	5.8271E-1
2.2200E-4	9.2773E-3	6.3257E-1
2.2300E-4	9.5215E-3	6.6909E-1
2.2400E-4	9.0332E-3	6.8481E-1
2.2500E-4	9.5215E-3	6.7402E-1
2.2600E-4	9.2773E-3	6.4243E-1
2.2700E-4	9.5215E-3	5.8862E-1
2.2800E-4	9.2773E-3	5.2134E-1
2.2900E-4	9.2773E-3	4.4683E-1
2.3000E-4	9.2773E-3	3.7261E-1
2.3100E-4	9.7656E-3	3.0239E-1
2.3200E-4	9.2773E-3	2.4204E-1
2.3300E-4	9.2773E-3	1.9771E-1
2.3400E-4	8.7891E-3	1.6743E-1
2.3500E-4	9.5215E-3	1.4990E-1
2.3600E-4	1.0010E-2	1.4287E-1
2.3700E-4	9.5215E-3	1.4385E-1
2.3800E-4	1.0254E-2	1.4883E-1
2.3900E-4	9.2773E-3	1.5913E-1
2.4000E-4	9.0332E-3	1.7373E-1
2.4100E-4	9.7656E-3	1.9390E-1
2.4200E-4	9.5215E-3	2.2227E-1
2.4300E-4	9.5215E-3	2.5723E-1
2.4400E-4	9.5215E-3	2.9893E-1
2.4500E-4	9.7656E-3	3.4839E-1
2.4600E-4	9.0332E-3	4.0303E-1
2.4700E-4	9.2773E-3	4.6284E-1
2.4800E-4	9.0332E-3	5.2510E-1
2.4900E-4	9.7656E-3	5.8618E-1
2.5000E-4	9.2773E-3	6.3730E-1
2.5100E-4	1.0010E-2	6.7192E-1
2.5200E-4	9.5215E-3	6.8423E-1
2.5300E-4	9.7656E-3	6.6875E-1
2.5400E-4	9.2773E-3	6.3110E-1
2.5500E-4	9.5215E-3	5.7432E-1
2.5600E-4	9.7656E-3	5.0396E-1
2.5700E-4	9.7656E-3	4.2900E-1
2.5800E-4	8.5449E-3	3.5781E-1
2.5900E-4	1.0010E-2	2.9136E-1
2.6000E-4	1.0254E-2	2.3574E-1
2.6100E-4	1.0010E-2	1.9263E-1
2.6200E-4	9.2773E-3	1.6245E-1
2.6300E-4	9.2773E-3	1.4336E-1
2.6400E-4	9.2773E-3	1.3569E-1
2.6500E-4	9.0332E-3	1.3677E-1
2.6600E-4	9.5215E-3	1.4941E-1
2.6700E-4	9.7656E-3	1.6538E-1
2.6800E-4	9.2773E-3	1.8589E-1
2.6900E-4	9.7656E-3	2.1138E-1
2.7000E-4	1.0010E-2	2.3960E-1
2.7100E-4	9.7656E-3	2.7090E-1
2.7200E-4	9.7656E-3	3.1182E-1
2.7300E-4	9.0332E-3	3.6055E-1
2.7400E-4	9.0332E-3	4.1353E-1
2.7500E-4	9.7656E-3	4.7314E-1
2.7600E-4	9.5215E-3	5.3540E-1
2.7700E-4	9.2773E-3	5.9473E-1
2.7800E-4	9.7656E-3	6.4253E-1
2.7900E-4	9.5215E-3	6.7231E-1
2.8000E-4	9.7656E-3	6.8145E-1
2.8100E-4	9.2773E-3	6.6733E-1
2.8200E-4	9.5215E-3	6.2944E-1
2.8300E-4	9.2773E-3	5.7822E-1
2.8400E-4	9.5215E-3	5.1650E-1
2.8500E-4	9.7656E-3	4.4858E-1
2.8600E-4	9.2773E-3	3.8096E-1
2.8700E-4	9.7656E-3	3.1953E-1
2.8800E-4	9.0332E-3	2.6670E-1
2.8900E-4	9.5215E-3	2.2744E-1
2.9000E-4	8.5449E-3	2.0234E-1
2.9100E-4	9.7656E-3	1.8960E-1
2.9200E-4	9.7656E-3	1.8501E-1
2.9300E-4	9.0332E-3	1.8574E-1
2.9400E-4	9.5215E-3	1.9233E-1
2.9500E-4	9.5215E-3	2.0469E-1
2.9600E-4	9.5215E-3	2.2134E-1
2.9700E-4	9.2773E-3	2.4609E-1
2.9800E-4	9.0332E-3	2.7725E-1
2.9900E-4	9.7656E-3	3.1602E-1
3.0000E-4	9.7656E-3	3.6079E-1
3.0100E-4	9.0332E-3	4.0981E-1
3.0200E-4	9.7656E-3	4.6196E-1
3.0300E-4	1.0010E-2	5.1724E-1
3.0400E-4	9.5215E-3	5.6904E-1
3.0500E-4	9.0332E-3	6.1104E-1
3.0600E-4	9.7656E-3	6.3896E-1
3.0700E-4	9.2773E-3	6.4937E-1
3.0800E-4	1.0010E-2	6.4390E-1
3.0900E-4	9.5215E-3	6.2314E-1
3.1000E-4	1.0254E-2	5.9233E-1
3.1100E-4	9.5215E-3	5.5356E-1
3.1200E-4	9.7656E-3	5.0757E-1
3.1300E-4	9.5215E-3	4.5640E-1
3.1400E-4	9.7656E-3	4.0356E-1
3.1500E-4	9.5215E-3	3.5215E-1
3.1600E-4	9.5215E-3	3.0674E-1
3.1700E-4	9.5215E-3	2.7231E-1
3.1800E-4	1.0010E-2	2.4756E-1
3.1900E-4	1.0010E-2	2.3296E-1
3.2000E-4	9.2773E-3	2.2661E-1
3.2100E-4	9.2773E-3	2.2925E-1
3.2200E-4	9.5215E-3	2.3936E-1
3.2300E-4	9.5215E-3	2.5596E-1
3.2400E-4	9.5215E-3	2.7666E-1
3.2500E-4	9.7656E-3	3.0103E-1
3.2600E-4	9.5215E-3	3.2739E-1
3.2700E-4	1.0254E-2	3.5439E-1
3.2800E-4	9.2773E-3	3.8477E-1
3.2900E-4	9.2773E-3	4.1748E-1
3.3000E-4	9.5215E-3	4.5376E-1
3.3100E-4	8.7891E-3	4.9185E-1
3.3200E-4	9.5215E-3	5.3032E-1
3.3300E-4	9.5215E-3	5.6479E-1
3.3400E-4	9.7656E-3	5.9341E-1
3.3500E-4	1.0010E-2	6.1182E-1
3.3600E-4	9.0332E-3	6.2041E-1
3.3700E-4	1.0254E-2	6.1758E-1
3.3800E-4	9.2773E-3	6.0083E-1
3.3900E-4	9.7656E-3	5.7646E-1
3.4000E-4	9.2773E-3	5.4580E-1
3.4100E-4	1.0010E-2	5.1011E-1
3.4200E-4	9.2773E-3	4.7378E-1
3.4300E-4	9.7656E-3	4.4009E-1
3.4400E-4	9.5215E-3	4.0913E-1
3.4500E-4	9.7656E-3	3.8213E-1
3.4600E-4	9.2773E-3	3.6016E-1
3.4700E-4	9.7656E-3	3.4478E-1
3.4800E-4	9.7656E-3	3.3667E-1
3.4900E-4	9.2773E-3	3.3379E-1
3.5000E-4	9.5215E-3	3.3647E-1
3.5100E-4	9.2773E-3	3.4683E-1
3.5200E-4	1.0254E-2	3.6299E-1
3.5300E-4	9.7656E-3	3.8071E-1
3.5400E-4	9.7656E-3	3.9907E-1
3.5500E-4	1.0010E-2	4.2007E-1
3.5600E-4	9.5215E-3	4.3979E-1
3.5700E-4	9.7656E-3	4.5693E-1
3.5800E-4	9.2773E-3	4.7344E-1
3.5900E-4	9.5215E-3	4.9189E-1
3.6000E-4	9.7656E-3	5.0708E-1
3.6100E-4	9.7656E-3	5.1724E-1
3.6200E-4	9.7656E-3	5.2407E-1
3.6300E-4	9.5215E-3	5.2939E-1
3.6400E-4	9.2773E-3	5.2905E-1
3.6500E-4	9.5215E-3	5.2446E-1
3.6600E-4	9.7656E-3	5.1807E-1
3.6700E-4	9.7656E-3	5.0688E-1
3.6800E-4	9.2773E-3	4.9409E-1
3.6900E-4	9.7656E-3	4.8018E-1
3.7000E-4	9.2773E-3	4.6880E-1
3.7100E-4	9.5215E-3	4.5952E-1
3.7200E-4	9.2773E-3	4.5254E-1
3.7300E-4	9.2773E-3	4.4609E-1
3.7400E-4	9.0332E-3	4.4121E-1
3.7500E-4	9.5215E-3	4.3604E-1
3.7600E-4	9.7656E-3	4.3174E-1
3.7700E-4	9.2773E-3	4.2886E-1
3.7800E-4	9.5215E-3	4.2549E-1
3.7900E-4	1.0010E-2	4.2290E-1
3.8000E-4	9.7656E-3	4.2217E-1
3.8100E-4	9.5215E-3	4.2031E-1
3.8200E-4	9.7656E-3	4.1938E-1
3.8300E-4	9.5215E-3	4.1895E-1
3.8400E-4	9.7656E-3	4.1636E-1
3.8500E-4	1.0254E-2	4.1216E-1
3.8600E-4	9.7656E-3	4.0781E-1
3.8700E-4	9.7656E-3	4.0215E-1
3.8800E-4	9.5215E-3	3.9658E-1
3.8900E-4	9.5215E-3	3.9414E-1
3.9000E-4	1.0010E-2	3.9434E-1
3.9100E-4	9.7656E-3	3.9937E-1
3.9200E-4	9.5215E-3	4.0693E-1
3.9300E-4	9.7656E-3	4.1719E-1
3.9400E-4	1.0010E-2	4.2930E-1
3.9500E-4	9.5215E-3	4.4336E-1
3.9600E-4	9.2773E-3	4.5869E-1
3.9700E-4	9.5215E-3	4.7808E-1
3.9800E-4	9.5215E-3	4.9761E-1
3.9900E-4	9.7656E-3	5.1494E-1
4.0000E-4	1.0010E-2	5.3101E-1
4.0100E-4	9.2773E-3	5.4331E-1
4.0200E-4	9.5215E-3	5.5093E-1
4.0300E-4	9.7656E-3	5.5645E-1
4.0400E-4	9.7656E-3	5.5972E-1
4.0500E-4	9.5215E-3	5.5449E-1
4.0600E-4	9.7656E-3	5.4209E-1
4.0700E-4	9.5215E-3	5.2305E-1
4.0800E-4	9.0332E-3	4.9663E-1
4.0900E-4	9.7656E-3	4.6416E-1
4.1000E-4	9.0332E-3	4.3262E-1
4.1100E-4	9.7656E-3	4.0059E-1
4.1200E-4	9.0332E-3	3.7012E-1
4.1300E-4	9.5215E-3	3.4399E-1
4.1400E-4	9.2773E-3	3.2476E-1
4.1500E-4	9.0332E-3	3.0869E-1
4.1600E-4	9.5215E-3	2.9927E-1
4.1700E-4	9.5215E-3	2.9360E-1
4.1800E-4	1.0010E-2	2.9492E-1
4.1900E-4	9.0332E-3	2.9800E-1
4.2000E-4	9.5215E-3	3.0464E-1
4.2100E-4	1.0010E-2	3.1294E-1
4.2200E-4	9.7656E-3	3.2813E-1
4.2300E-4	9.7656E-3	3.4687E-1
4.2400E-4	9.2773E-3	3.7183E-1
4.2500E-4	9.0332E-3	4.0562E-1
4.2600E-4	9.0332E-3	4.4648E-1
4.2700E-4	1.0254E-2	4.8901E-1
4.2800E-4	9.2773E-3	5.3179E-1
4.2900E-4	9.2773E-3	5.7368E-1
4.3000E-4	9.7656E-3	6.0757E-1
4.3100E-4	1.0010E-2	6.3105E-1
4.3200E-4	9.7656E-3	6.4121E-1
4.3300E-4	9.5215E-3	6.3696E-1
4.3400E-4	9.2773E-3	6.1289E-1
4.3500E-4	9.2773E-3	5.7354E-1
4.3600E-4	9.7656E-3	5.2036E-1
4.3700E-4	9.5215E-3	4.6270E-1
4.3800E-4	1.0010E-2	4.0088E-1
4.3900E-4	1.0254E-2	3.4414E-1
4.4000E-4	9.7656E-3	2.9434E-1
4.4100E-4	9.5215E-3	2.5537E-1
4.4200E-4	9.2773E-3	2.2134E-1
4.4300E-4	9.5215E-3	1.9722E-1
4.4400E-4	9.5215E-3	1.8452E-1
4.4500E-4	9.0332E-3	1.7769E-1
4.4600E-4	9.5215E-3	1.7705E-1
4.4700E-4	9.5215E-3	1.8340E-1
4.4800E-4	9.2773E-3	1.9351E-1
4.4900E-4	8.7891E-3	2.0483E-1
4.5000E-4	9.2773E-3	2.2251E-1
4.5100E-4	9.5215E-3	2.4697E-1
4.5200E-4	9.7656E-3	2.7891E-1
4.5300E-4	9.5215E-3	3.1860E-1
4.5400E-4	1.0010E-2	3.6562E-1
4.5500E-4	1.0010E-2	4.2134E-1
4.5600E-4	9.5215E-3	4.8286E-1
4.5700E-4	9.0332E-3	5.4673E-1
4.5800E-4	9.7656E-3	6.0542E-1
4.5900E-4	9.7656E-3	6.4951E-1
4.6000E-4	9.5215E-3	6.7090E-1
4.6100E-4	1.0254E-2	6.6206E-1
4.6200E-4	9.5215E-3	6.2119E-1
4.6300E-4	1.0010E-2	5.5107E-1
4.6400E-4	1.0010E-2	4.5898E-1
4.6500E-4	9.2773E-3	3.5439E-1
4.6600E-4	8.7891E-3	2.4849E-1
4.6700E-4	1.0254E-2	1.4888E-1
4.6800E-4	1.0010E-2	6.2256E-2
4.6900E-4	9.2773E-3	-6.0059E-3
4.7000E-4	9.2773E-3	-5.8203E-2
4.7100E-4	9.5215E-3	-9.6582E-2
4.7200E-4	9.2773E-3	-1.2285E-1
4.7300E-4	9.7656E-3	-1.3887E-1
4.7400E-4	9.2773E-3	-1.4907E-1
4.7500E-4	9.5215E-3	-1.5708E-1
4.7600E-4	9.5215E-3	-1.6152E-1
4.7700E-4	9.7656E-3	-1.6440E-1
4.7800E-4	9.7656E-3	-1.6763E-1
4.7900E-4	9.5215E-3	-1.7095E-1
4.8000E-4	1.0010E-2	-1.7324E-1
4.8100E-4	9.5215E-3	-1.7461E-1
4.8200E-4	9.7656E-3	-1.7432E-1
4.8300E-4	1.0254E-2	-1.7305E-1
4.8400E-4	9.2773E-3	-1.7129E-1
4.8500E-4	9.5215E-3	-1.7031E-1
4.8600E-4	9.5215E-3	-1.6943E-1
4.8700E-4	9.0332E-3	-1.7095E-1
4.8800E-4	9.0332E-3	-1.7109E-1
4.8900E-4	9.7656E-3	-1.7285E-1
4.9000E-4	9.0332E-3	-1.7334E-1
4.9100E-4	9.7656E-3	-1.7373E-1
4.9200E-4	9.7656E-3	-1.7441E-1
4.9300E-4	9.0332E-3	-1.7681E-1
4.9400E-4	9.5215E-3	-1.7534E-1
4.9500E-4	1.0254E-2	-1.7495E-1
4.9600E-4	9.2773E-3	-1.7500E-1
4.9700E-4	1.0010E-2	-1.7290E-1
4.9800E-4	9.5215E-3	-1.6719E-1
4.9900E-4	9.5215E-3	-1.6235E-1
5.0000E-4	9.2773E-3	-1.5313E-1
5.0100E-4	9.2773E-3	-1.4116E-1
5.0200E-4	9.5215E-3	-1.2588E-1
5.0300E-4	9.2773E-3	-1.0884E-1
5.0400E-4	9.2773E-3	-8.4766E-2
5.0500E-4	9.5215E-3	-5.3857E-2
5.0600E-4	9.2773E-3	-1.5576E-2
5.0700E-4	9.7656E-3	3.1885E-2
5.0800E-4	9.0332E-3	9.0869E-2
5.0900E-4	1.0010E-2	1.6206E-1
5.1000E-4	9.5215E-3	2.4570E-1
5.1100E-4	9.5215E-3	3.4365E-1
5.1200E-4	9.5215E-3	4.5288E-1
5.1300E-4	9.7656E-3	5.6074E-1
5.1400E-4	1.0254E-2	6.5361E-1
5.1500E-4	9.5215E-3	7.1802E-1
5.1600E-4	9.2773E-3	7.4775E-1
5.1700E-4	9.7656E-3	7.3477E-1
5.1800E-4	9.5215E-3	6.8647E-1
5.1900E-4	9.5215E-3	6.1250E-1
5.2000E-4	9.5215E-3	5.2490E-1
5.2100E-4	9.5215E-3	4.3203E-1
5.2200E-4	9.5215E-3	3.4653E-1
5.2300E-4	9.7656E-3	2.7446E-1
5.2400E-4	9.0332E-3	2.2114E-1
5.2500E-4	9.5215E-3	1.8623E-1
5.2600E-4	9.0332E-3	1.6587E-1
5.2700E-4	9.2773E-3	1.5879E-1
5.2800E-4	9.2773E-3	1.6108E-1
5.2900E-4	1.0010E-2	1.6880E-1
5.3000E-4	9.7656E-3	1.8447E-1
5.3100E-4	9.5215E-3	2.0532E-1
5.3200E-4	1.0010E-2	2.3140E-1
5.3300E-4	9.2773E-3	2.6226E-1
5.3400E-4	9.2773E-3	2.9561E-1
5.3500E-4	9.5215E-3	3.3086E-1
5.3600E-4	9.7656E-3	3.6997E-1
5.3700E-4	9.5215E-3	4.0967E-1
5.3800E-4	9.5215E-3	4.5195E-1
5.3900E-4	9.7656E-3	4.9946E-1
5.4000E-4	9.7656E-3	5.4546E-1
5.4100E-4	9.2773E-3	5.8931E-1
5.4200E-4	9.7656E-3	6.2744E-1
5.4300E-4	1.0010E-2	6.5220E-1
5.4400E-4	9.5215E-3	6.6084E-1
5.4500E-4	9.7656E-3	6.5508E-1
5.4600E-4	9.0332E-3	6.3291E-1
5.4700E-4	9.7656E-3	5.9810E-1
5.4800E-4	9.5215E-3	5.5479E-1
5.4900E-4	9.5215E-3	5.0562E-1
5.5000E-4	9.7656E-3	4.5425E-1
5.5100E-4	9.2773E-3	4.0698E-1
5.5200E-4	1.0010E-2	3.6646E-1
5.5300E-4	1.0010E-2	3.3682E-1
5.5400E-4	9.5215E-3	3.1860E-1
5.5500E-4	9.5215E-3	3.0781E-1
5.5600E-4	9.2773E-3	3.0190E-1
5.5700E-4	9.0332E-3	3.0229E-1
5.5800E-4	9.5215E-3	3.0977E-1
5.5900E-4	9.5215E-3	3.2075E-1
5.6000E-4	9.2773E-3	3.3872E-1
5.6100E-4	9.0332E-3	3.5923E-1
5.6200E-4	9.7656E-3	3.8003E-1
5.6300E-4	9.5215E-3	4.0093E-1
5.6400E-4	9.0332E-3	4.2383E-1
5.6500E-4	1.0010E-2	4.4595E-1
5.6600E-4	9.5215E-3	4.7114E-1
5.6700E-4	1.0010E-2	4.9814E-1
5.6800E-4	9.5215E-3	5.2261E-1
5.6900E-4	9.2773E-3	5.4375E-1
5.7000E-4	9.0332E-3	5.6240E-1
5.7100E-4	9.7656E-3	5.7495E-1
5.7200E-4	8.7891E-3	5.8027E-1
5.7300E-4	9.5215E-3	5.7744E-1
5.7400E-4	9.5215E-3	5.6836E-1
5.7500E-4	9.2773E-3	5.5430E-1
5.7600E-4	9.7656E-3	5.3540E-1
5.7700E-4	9.5215E-3	5.1416E-1
5.7800E-4	9.2773E-3	4.9326E-1
5.7900E-4	9.2773E-3	4.7271E-1
5.8000E-4	9.0332E-3	4.5332E-1
5.8100E-4	9.5215E-3	4.3848E-1
5.8200E-4	9.2773E-3	4.2690E-1
5.8300E-4	9.7656E-3	4.1753E-1
5.8400E-4	9.0332E-3	4.1177E-1
5.8500E-4	9.7656E-3	4.0986E-1
5.8600E-4	9.5215E-3	4.1016E-1
5.8700E-4	9.5215E-3	4.1084E-1
5.8800E-4	9.7656E-3	4.1230E-1
5.8900E-4	1.0010E-2	4.1201E-1
5.9000E-4	9.5215E-3	4.1104E-1
5.9100E-4	1.0254E-2	4.1079E-1
5.9200E-4	9.7656E-3	4.1201E-1
5.9300E-4	9.5215E-3	4.1436E-1
5.9400E-4	1.0010E-2	4.1758E-1
5.9500E-4	1.0254E-2	4.2168E-1
5.9600E-4	9.7656E-3	4.2480E-1
5.9700E-4	9.7656E-3	4.2705E-1
5.9800E-4	9.5215E-3	4.3062E-1
5.9900E-4	1.0254E-2	4.3652E-1
6.0000E-4	9.7656E-3	4.4087E-1
6.0100E-4	9.2773E-3	4.4766E-1
6.0200E-4	9.7656E-3	4.5747E-1
6.0300E-4	9.0332E-3	4.6699E-1
6.0400E-4	9.2773E-3	4.7769E-1
6.0500E-4	1.0010E-2	4.8843E-1
6.0600E-4	9.0332E-3	4.9932E-1
6.0700E-4	1.0010E-2	5.0879E-1
6.0800E-4	9.5215E-3	5.1855E-1
6.0900E-4	9.5215E-3	5.2822E-1
6.1000E-4	9.5215E-3	5.3682E-1
6.1100E-4	9.5215E-3	5.4194E-1
6.1200E-4	9.5215E-3	5.4399E-1
6.1300E-4	9.7656E-3	5.4121E-1
6.1400E-4	9.5215E-3	5.3350E-1
6.1500E-4	9.2773E-3	5.2480E-1
6.1600E-4	9.2773E-3	5.1357E-1
6.1700E-4	1.0254E-2	4.9971E-1
6.1800E-4	9.0332E-3	4.8555E-1
6.1900E-4	9.7656E-3	4.6841E-1
6.2000E-4	9.2773E-3	4.4961E-1
6.2100E-4	9.5215E-3	4.3081E-1
6.2200E-4	9.7656E-3	4.1323E-1
6.2300E-4	8.7891E-3	3.9556E-1
6.2400E-4	8.7891E-3	3.8306E-1
6.2500E-4	9.2773E-3	3.7275E-1
6.2600E-4	9.5215E-3	3.6792E-1
6.2700E-4	1.0010E-2	3.6631E-1
6.2800E-4	1.0498E-2	3.6938E-1
6.2900E-4	1.0010E-2	3.7495E-1
6.3000E-4	9.2773E-3	3.8652E-1
6.3100E-4	9.7656E-3	4.0034E-1
6.3200E-4	9.5215E-3	4.1895E-1
6.3300E-4	9.5215E-3	4.4141E-1
6.3400E-4	8.7891E-3	4.6826E-1
6.3500E-4	9.7656E-3	4.9585E-1
6.3600E-4	1.0010E-2	5.2612E-1
6.3700E-4	1.0498E-2	5.5234E-1
6.3800E-4	9.7656E-3	5.7358E-1
6.3900E-4	9.5215E-3	5.8437E-1
6.4000E-4	9.5215E-3	5.8662E-1
6.4100E-4	9.7656E-3	5.7847E-1
6.4200E-4	9.2773E-3	5.6367E-1
6.4300E-4	9.5215E-3	5.4375E-1
6.4400E-4	9.5215E-3	5.2056E-1
6.4500E-4	9.5215E-3	4.9292E-1
6.4600E-4	9.5215E-3	4.6128E-1
6.4700E-4	9.2773E-3	4.2720E-1
6.4800E-4	1.0010E-2	3.9170E-1
6.4900E-4	9.2773E-3	3.5518E-1
6.5000E-4	9.5215E-3	3.2124E-1
6.5100E-4	9.5215E-3	2.9370E-1
6.5200E-4	1.0010E-2	2.7334E-1
6.5300E-4	9.2773E-3	2.6143E-1
6.5400E-4	9.2773E-3	2.5962E-1
6.5500E-4	1.0010E-2	2.6523E-1
6.5600E-4	9.5215E-3	2.7676E-1
6.5700E-4	9.2773E-3	2.9453E-1
6.5800E-4	9.2773E-3	3.1514E-1
6.5900E-4	9.5215E-3	3.3804E-1
6.6000E-4	9.7656E-3	3.6162E-1
6.6100E-4	1.0010E-2	3.8579E-1
6.6200E-4	9.7656E-3	4.1440E-1
6.6300E-4	9.2773E-3	4.5010E-1
6.6400E-4	9.5215E-3	4.9131E-1
6.6500E-4	9.7656E-3	5.3301E-1
6.6600E-4	9.0332E-3	5.6572E-1
6.6700E-4	9.5215E-3	5.8462E-1
6.6800E-4	9.5215E-3	5.8916E-1
6.6900E-4	9.5215E-3	5.7822E-1
6.7000E-4	9.5215E-3	5.5967E-1
6.7100E-4	9.7656E-3	5.3916E-1
6.7200E-4	9.2773E-3	5.1265E-1
6.7300E-4	9.5215E-3	4.7793E-1
6.7400E-4	9.7656E-3	4.4019E-1
6.7500E-4	9.0332E-3	3.9727E-1
6.7600E-4	9.0332E-3	3.5225E-1
6.7700E-4	9.5215E-3	3.1157E-1
6.7800E-4	8.7891E-3	2.7837E-1
6.7900E-4	9.2773E-3	2.5181E-1
6.8000E-4	1.0010E-2	2.3159E-1
6.8100E-4	9.5215E-3	2.2031E-1
6.8200E-4	9.5215E-3	2.1685E-1
6.8300E-4	9.7656E-3	2.2051E-1
6.8400E-4	9.5215E-3	2.3037E-1
6.8500E-4	9.2773E-3	2.4722E-1
6.8600E-4	1.0010E-2	2.6948E-1
6.8700E-4	9.5215E-3	2.9604E-1
6.8800E-4	9.7656E-3	3.2437E-1
6.8900E-4	9.7656E-3	3.5562E-1
6.9000E-4	9.5215E-3	3.9189E-1
6.9100E-4	9.2773E-3	4.3452E-1
6.9200E-4	9.2773E-3	4.8496E-1
6.9300E-4	1.0010E-2	5.4014E-1
6.9400E-4	9.5215E-3	5.9131E-1
6.9500E-4	9.5215E-3	6.3198E-1
6.9600E-4	9.5215E-3	6.5537E-1
6.9700E-4	9.2773E-3	6.5605E-1
6.9800E-4	9.7656E-3	6.3384E-1
6.9900E-4	9.7656E-3	5.9531E-1
7.0000E-4	9.2773E-3	5.4360E-1
7.0100E-4	1.0254E-2	4.8203E-1
7.0200E-4	9.5215E-3	4.1685E-1
7.0300E-4	1.0254E-2	3.5420E-1
7.0400E-4	9.7656E-3	2.9556E-1
7.0500E-4	1.0010E-2	2.4761E-1
7.0600E-4	1.0010E-2	2.1069E-1
7.0700E-4	9.5215E-3	1.8579E-1
7.0800E-4	9.0332E-3	1.7354E-1
7.0900E-4	1.0010E-2	1.7163E-1
7.1000E-4	9.7656E-3	1.7686E-1
7.1100E-4	9.7656E-3	1.8940E-1
7.1200E-4	9.5215E-3	2.0562E-1
7.1300E-4	9.2773E-3	2.2739E-1
7.1400E-4	9.2773E-3	2.5259E-1
7.1500E-4	9.7656E-3	2.8096E-1
7.1600E-4	9.7656E-3	3.1387E-1
7.1700E-4	9.7656E-3	3.5356E-1
7.1800E-4	9.2773E-3	3.9478E-1
7.1900E-4	1.0010E-2	4.4346E-1
7.2000E-4	9.2773E-3	4.9814E-1
7.2100E-4	9.5215E-3	5.5264E-1
7.2200E-4	9.5215E-3	6.0264E-1
7.2300E-4	9.0332E-3	6.4160E-1
7.2400E-4	9.2773E-3	6.6309E-1
7.2500E-4	1.0254E-2	6.6128E-1
7.2600E-4	9.5215E-3	6.3745E-1
7.2700E-4	9.7656E-3	5.9189E-1
7.2800E-4	9.2773E-3	5.3218E-1
7.2900E-4	9.7656E-3	4.6401E-1
7.3000E-4	9.7656E-3	3.9331E-1
7.3100E-4	9.7656E-3	3.2603E-1
7.3200E-4	9.5215E-3	2.6855E-1
7.3300E-4	1.0254E-2	2.2153E-1
7.3400E-4	9.5215E-3	1.8633E-1
7.3500E-4	1.0010E-2	1.6499E-1
7.3600E-4	9.5215E-3	1.5430E-1
7.3700E-4	9.0332E-3	1.5117E-1
7.3800E-4	9.5215E-3	1.5747E-1
7.3900E-4	9.2773E-3	1.6743E-1
7.4000E-4	9.2773E-3	1.8149E-1
7.4100E-4	9.7656E-3	2.0098E-1
7.4200E-4	9.2773E-3	2.2568E-1
7.4300E-4	9.0332E-3	2.5576E-1
7.4400E-4	9.5215E-3	2.9321E-1
7.4500E-4	1.0254E-2	3.3823E-1
7.4600E-4	9.7656E-3	3.8936E-1
7.4700E-4	9.2773E-3	4.4858E-1
7.4800E-4	9.2773E-3	5.1187E-1
7.4900E-4	9.7656E-3	5.7813E-1
7.5000E-4	9.2773E-3	6.3662E-1
7.5100E-4	9.2773E-3	6.8052E-1
7.5200E-4	9.2773E-3	6.9985E-1
7.5300E-4	1.0498E-2	6.9116E-1
7.5400E-4	9.2773E-3	6.5571E-1
7.5500E-4	9.7656E-3	6.0063E-1
7.5600E-4	9.5215E-3	5.3062E-1
7.5700E-4	1.0010E-2	4.5586E-1
7.5800E-4	9.5215E-3	3.8306E-1
7.5900E-4	1.0010E-2	3.1567E-1
7.6000E-4	9.2773E-3	2.5801E-1
7.6100E-4	9.5215E-3	2.1353E-1
7.6200E-4	9.5215E-3	1.8301E-1
7.6300E-4	9.5215E-3	1.6431E-1
7.6400E-4	1.0010E-2	1.5635E-1
7.6500E-4	1.0010E-2	1.5850E-1
7.6600E-4	9.5215E-3	1.6880E-1
7.6700E-4	1.0010E-2	1.8462E-1
7.6800E-4	9.5215E-3	2.0474E-1
7.6900E-4	9.5215E-3	2.2964E-1
7.7000E-4	9.0332E-3	2.5752E-1
7.7100E-4	9.7656E-3	2.9160E-1
7.7200E-4	9.7656E-3	3.2964E-1
7.7300E-4	9.7656E-3	3.7461E-1
7.7400E-4	9.0332E-3	4.2466E-1
7.7500E-4	9.2773E-3	4.8145E-1
7.7600E-4	9.5215E-3	5.4170E-1
7.7700E-4	9.7656E-3	6.0376E-1
7.7800E-4	8.7891E-3	6.5791E-1
7.7900E-4	1.0010E-2	6.9561E-1
7.8000E-4	9.5215E-3	7.0923E-1
7.8100E-4	9.7656E-3	6.9570E-1
7.8200E-4	8.7891E-3	6.5449E-1
7.8300E-4	9.7656E-3	5.9526E-1
7.8400E-4	1.0254E-2	5.2480E-1
7.8500E-4	9.7656E-3	4.5015E-1
7.8600E-4	9.7656E-3	3.7808E-1
7.8700E-4	9.2773E-3	3.1460E-1
7.8800E-4	9.5215E-3	2.6216E-1
7.8900E-4	1.0254E-2	2.2173E-1
7.9000E-4	9.7656E-3	1.9736E-1
7.9100E-4	9.5215E-3	1.8311E-1
7.9200E-4	9.5215E-3	1.7891E-1
7.9300E-4	9.7656E-3	1.8081E-1
7.9400E-4	9.5215E-3	1.9023E-1
7.9500E-4	1.0010E-2	2.0073E-1
7.9600E-4	1.0010E-2	2.1743E-1
7.9700E-4	9.2773E-3	2.3921E-1
7.9800E-4	9.7656E-3	2.6821E-1
7.9900E-4	9.5215E-3	3.0244E-1
8.0000E-4	9.2773E-3	3.4355E-1
8.0100E-4	9.5215E-3	3.9063E-1
8.0200E-4	1.0010E-2	4.4409E-1
8.0300E-4	9.0332E-3	4.9966E-1
8.0400E-4	1.0010E-2	5.5693E-1
8.0500E-4	9.2773E-3	6.1255E-1
8.0600E-4	9.2773E-3	6.5840E-1
8.0700E-4	9.5215E-3	6.8716E-1
8.0800E-4	1.0010E-2	6.9526E-1
8.0900E-4	9.7656E-3	6.8213E-1
8.1000E-4	1.0010E-2	6.4849E-1
8.1100E-4	9.7656E-3	6.0049E-1
8.1200E-4	8.5449E-3	5.4414E-1
8.1300E-4	9.2773E-3	4.8721E-1
8.1400E-4	9.5215E-3	4.3169E-1
8.1500E-4	9.5215E-3	3.8008E-1
8.1600E-4	9.2773E-3	3.3726E-1
8.1700E-4	9.7656E-3	3.0396E-1
8.1800E-4	9.2773E-3	2.7793E-1
8.1900E-4	9.2773E-3	2.6279E-1
8.2000E-4	9.2773E-3	2.5884E-1
8.2100E-4	1.0254E-2	2.5942E-1
8.2200E-4	9.2773E-3	2.6670E-1
8.2300E-4	9.2773E-3	2.8022E-1
8.2400E-4	1.0010E-2	2.9717E-1
8.2500E-4	1.0010E-2	3.1865E-1
8.2600E-4	8.5449E-3	3.4678E-1
8.2700E-4	9.2773E-3	3.7681E-1
8.2800E-4	9.7656E-3	4.1060E-1
8.2900E-4	9.2773E-3	4.4854E-1
8.3000E-4	1.0254E-2	4.8823E-1
8.3100E-4	9.2773E-3	5.2686E-1
8.3200E-4	9.7656E-3	5.6665E-1
8.3300E-4	9.2773E-3	6.0249E-1
8.3400E-4	9.5215E-3	6.3062E-1
8.3500E-4	1.0010E-2	6.4624E-1
8.3600E-4	9.7656E-3	6.5166E-1
8.3700E-4	9.7656E-3	6.4429E-1
8.3800E-4	9.7656E-3	6.2432E-1
8.3900E-4	9.2773E-3	5.9346E-1
8.4000E-4	1.0010E-2	5.5791E-1
8.4100E-4	9.5215E-3	5.1460E-1
8.4200E-4	9.7656E-3	4.6792E-1
8.4300E-4	9.5215E-3	4.2490E-1
8.4400E-4	9.0332E-3	3.8647E-1
8.4500E-4	9.2773E-3	3.5161E-1
8.4600E-4	8.7891E-3	3.2900E-1
8.4700E-4	9.7656E-3	3.1660E-1
8.4800E-4	9.5215E-3	3.1299E-1
8.4900E-4	9.5215E-3	3.1621E-1
8.5000E-4	9.0332E-3	3.2700E-1
8.5100E-4	9.2773E-3	3.4111E-1
8.5200E-4	9.2773E-3	3.5732E-1
8.5300E-4	9.5215E-3	3.7446E-1
8.5400E-4	9.7656E-3	3.9380E-1
8.5500E-4	9.5215E-3	4.1440E-1
8.5600E-4	1.0010E-2	4.3535E-1
8.5700E-4	9.5215E-3	4.5723E-1
8.5800E-4	9.2773E-3	4.7798E-1
8.5900E-4	1.0010E-2	4.9590E-1
8.6000E-4	9.7656E-3	5.1011E-1
8.6100E-4	9.7656E-3	5.2324E-1
8.6200E-4	9.2773E-3	5.3457E-1
8.6300E-4	9.5215E-3	5.4360E-1
8.6400E-4	9.7656E-3	5.4839E-1
8.6500E-4	9.7656E-3	5.5376E-1
8.6600E-4	9.2773E-3	5.5532E-1
8.6700E-4	9.2773E-3	5.5210E-1
8.6800E-4	1.0010E-2	5.4692E-1
8.6900E-4	9.5215E-3	5.4043E-1
8.7000E-4	9.5215E-3	5.3062E-1
8.7100E-4	9.7656E-3	5.2090E-1
8.7200E-4	9.2773E-3	5.0913E-1
8.7300E-4	9.5215E-3	4.9844E-1
8.7400E-4	9.5215E-3	4.8877E-1
8.7500E-4	9.5215E-3	4.7915E-1
8.7600E-4	9.5215E-3	4.6826E-1
8.7700E-4	9.7656E-3	4.6265E-1
8.7800E-4	9.7656E-3	4.5718E-1
8.7900E-4	9.5215E-3	4.5464E-1
8.8000E-4	9.5215E-3	4.5269E-1
8.8100E-4	9.5215E-3	4.5225E-1
8.8200E-4	9.5215E-3	4.5117E-1
8.8300E-4	9.7656E-3	4.4658E-1
8.8400E-4	9.0332E-3	4.4233E-1
8.8500E-4	9.2773E-3	4.3833E-1
8.8600E-4	9.2773E-3	4.3228E-1
8.8700E-4	9.0332E-3	4.2568E-1
8.8800E-4	9.5215E-3	4.2290E-1
8.8900E-4	8.7891E-3	4.1982E-1
8.9000E-4	9.2773E-3	4.1709E-1
8.9100E-4	1.0010E-2	4.1772E-1
8.9200E-4	9.5215E-3	4.2056E-1
8.9300E-4	9.5215E-3	4.2490E-1
8.9400E-4	9.2773E-3	4.3247E-1
8.9500E-4	9.7656E-3	4.4346E-1
8.9600E-4	9.0332E-3	4.5552E-1
8.9700E-4	9.7656E-3	4.6816E-1
8.9800E-4	9.5215E-3	4.8374E-1
8.9900E-4	9.5215E-3	5.0049E-1
9.0000E-4	9.0332E-3	5.1729E-1
9.0100E-4	1.0010E-2	5.3457E-1
9.0200E-4	9.5215E-3	5.4878E-1
9.0300E-4	1.0010E-2	5.5732E-1
9.0400E-4	9.0332E-3	5.5918E-1
9.0500E-4	9.0332E-3	5.5195E-1
9.0600E-4	9.5215E-3	5.3896E-1
9.0700E-4	1.0010E-2	5.2334E-1
9.0800E-4	9.2773E-3	5.0366E-1
9.0900E-4	9.5215E-3	4.7866E-1
9.1000E-4	9.0332E-3	4.5356E-1
9.1100E-4	9.5215E-3	4.2544E-1
9.1200E-4	9.7656E-3	3.9614E-1
9.1300E-4	9.7656E-3	3.6792E-1
9.1400E-4	8.7891E-3	3.4380E-1
9.1500E-4	9.7656E-3	3.2383E-1
9.1600E-4	9.5215E-3	3.0718E-1
9.1700E-4	9.5215E-3	2.9595E-1
9.1800E-4	1.0010E-2	2.8960E-1
9.1900E-4	9.7656E-3	2.9053E-1
9.2000E-4	1.0010E-2	3.0024E-1
9.2100E-4	9.5215E-3	3.1812E-1
9.2200E-4	9.5215E-3	3.4004E-1
9.2300E-4	9.2773E-3	3.6646E-1
9.2400E-4	9.5215E-3	3.9844E-1
9.2500E-4	9.7656E-3	4.3252E-1
9.2600E-4	9.2773E-3	4.7114E-1
9.2700E-4	8.7891E-3	5.1250E-1
9.2800E-4	9.5215E-3	5.5649E-1
9.2900E-4	9.7656E-3	5.9521E-1
9.3000E-4	9.5215E-3	6.2676E-1
9.3100E-4	9.7656E-3	6.4697E-1
9.3200E-4	9.0332E-3	6.5288E-1
9.3300E-4	9.0332E-3	6.4224E-1
9.3400E-4	9.5215E-3	6.1753E-1
9.3500E-4	1.0010E-2	5.7871E-1
9.3600E-4	9.5215E-3	5.2808E-1
9.3700E-4	9.5215E-3	4.7212E-1
9.3800E-4	9.2773E-3	4.1274E-1
9.3900E-4	9.2773E-3	3.5444E-1
9.4000E-4	9.7656E-3	3.0220E-1
9.4100E-4	9.7656E-3	2.5786E-1
9.4200E-4	9.2773E-3	2.2266E-1
9.4300E-4	9.7656E-3	1.9824E-1
9.4400E-4	9.2773E-3	1.8325E-1
9.4500E-4	9.7656E-3	1.7407E-1
9.4600E-4	9.5215E-3	1.7251E-1
9.4700E-4	9.7656E-3	1.7456E-1
9.4800E-4	9.5215E-3	1.8047E-1
9.4900E-4	8.7891E-3	1.8979E-1
9.5000E-4	9.7656E-3	2.0586E-1
9.5100E-4	9.5215E-3	2.2617E-1
9.5200E-4	9.5215E-3	2.5566E-1
9.5300E-4	9.5215E-3	2.9194E-1
9.5400E-4	9.7656E-3	3.3862E-1
9.5500E-4	1.0010E-2	3.9321E-1
9.5600E-4	9.7656E-3	4.5620E-1
9.5700E-4	9.7656E-3	5.2510E-1
9.5800E-4	1.0254E-2	5.9316E-1
9.5900E-4	9.2773E-3	6.4478E-1
9.6000E-4	9.2773E-3	6.7505E-1
9.6100E-4	1.0010E-2	6.7559E-1
9.6200E-4	9.2773E-3	6.3960E-1
9.6300E-4	9.5215E-3	5.7100E-1
9.6400E-4	9.5215E-3	4.8076E-1
9.6500E-4	9.5215E-3	3.7646E-1
9.6600E-4	1.0254E-2	2.6738E-1
9.6700E-4	9.7656E-3	1.6392E-1
9.6800E-4	9.5215E-3	7.3291E-2
9.6900E-4	1.0254E-2	1.0254E-3
9.7000E-4	9.7656E-3	-5.3271E-2
9.7100E-4	9.2773E-3	-9.1113E-2
9.7200E-4	9.5215E-3	-1.1675E-1
9.7300E-4	9.2773E-3	-1.3257E-1
9.7400E-4	9.2773E-3	-1.4463E-1
9.7500E-4	9.5215E-3	-1.5356E-1
9.7600E-4	9.5215E-3	-1.6147E-1
9.7700E-4	9.2773E-3	-1.6729E-1
9.7800E-4	9.0332E-3	-1.7051E-1
9.7900E-4	9.5215E-3	-1.7261E-1
9.8000E-4	1.0254E-2	-1.7456E-1
9.8100E-4	1.0010E-2	-1.7344E-1
9.8200E-4	9.5215E-3	-1.7280E-1
9.8300E-4	1.0010E-2	-1.7261E-1
9.8400E-4	1.0254E-2	-1.7056E-1
9.8500E-4	9.5215E-3	-1.7095E-1
9.8600E-4	9.2773E-3	-1.7207E-1
9.8700E-4	9.5215E-3	-1.7334E-1
9.8800E-4	9.5215E-3	-1.7603E-1
9.8900E-4	9.5215E-3	-1.8018E-1
9.9000E-4	9.7656E-3	-1.8267E-1
9.9100E-4	9.7656E-3	-1.8555E-1
9.9200E-4	1.0254E-2	-1.8545E-1
9.9300E-4	9.2773E-3	-1.8394E-1
9.9400E-4	1.0010E-2	-1.8071E-1
9.9500E-4	9.7656E-3	-1.7632E-1
9.9600E-4	9.2773E-3	-1.7061E-1
9.9700E-4	9.2773E-3	-1.6782E-1
9.9800E-4	9.5215E-3	-1.6782E-1
9.9900E-4	9.2773E-3	-1.6782E-1
