Time [s]	Aux in [V]	Main in [V]
0.0000E+0	9.2773E-3	-2.3623E-1
1.0000E-6	9.7656E-3	-2.3760E-1
2.0000E-6	9.5215E-3	-2.4136E-1
3.0000E-6	1.0010E-2	-2.4487E-1
4.0000E-6	9.2773E-3	-2.4800E-1
5.0000E-6	9.2773E-3	-2.5190E-1
6.0000E-6	1.0010E-2	-2.5664E-1
7.0000E-6	1.0010E-2	-2.5874E-1
8.0000E-6	1.0010E-2	-2.5933E-1
9.0000E-6	9.5215E-3	-2.5894E-1
1.0000E-5	9.5215E-3	-2.5713E-1
1.1000E-5	9.0332E-3	-2.5479E-1
1.2000E-5	9.5215E-3	-2.5122E-1
1.3000E-5	9.5215E-3	-2.4795E-1
1.4000E-5	9.7656E-3	-2.4395E-1
1.5000E-5	9.7656E-3	-2.3965E-1
1.6000E-5	9.7656E-3	-2.3545E-1
1.7000E-5	9.5215E-3	-2.3115E-1
1.8000E-5	9.5215E-3	-2.2700E-1
1.9000E-5	9.2773E-3	-2.2217E-1
2.0000E-5	9.0332E-3	-2.1387E-1
2.1000E-5	9.2773E-3	-2.0278E-1
2.2000E-5	9.2773E-3	-1.8877E-1
2.3000E-5	9.5215E-3	-1.6968E-1
2.4000E-5	8.5449E-3	-1.4424E-1
2.5000E-5	1.0254E-2	-1.1514E-1
2.6000E-5	9.2773E-3	-7.6709E-2
2.7000E-5	8.7891E-3	-3.0811E-2
2.8000E-5	9.0332E-3	2.4219E-2
2.9000E-5	9.5215E-3	9.1943E-2
3.0000E-5	9.7656E-3	1.7544E-1
3.1000E-5	9.7656E-3	2.7021E-1
3.2000E-5	9.7656E-3	3.7656E-1
3.3000E-5	9.5215E-3	4.8213E-1
3.4000E-5	9.5215E-3	5.7041E-1
3.5000E-5	9.5215E-3	6.2954E-1
3.6000E-5	9.2773E-3	6.5356E-1
3.7000E-5	9.7656E-3	6.3618E-1
3.8000E-5	9.5215E-3	5.8398E-1
3.9000E-5	1.0010E-2	5.1138E-1
4.0000E-5	9.5215E-3	4.2725E-1
4.1000E-5	1.0254E-2	3.4263E-1
4.2000E-5	9.5215E-3	2.6440E-1
4.3000E-5	9.2773E-3	1.9961E-1
4.4000E-5	9.2773E-3	1.4839E-1
4.5000E-5	8.7891E-3	1.1479E-1
4.6000E-5	9.0332E-3	9.4775E-2
4.7000E-5	1.0254E-2	8.9209E-2
4.8000E-5	9.7656E-3	9.1797E-2
4.9000E-5	9.2773E-3	1.0244E-1
5.0000E-5	9.2773E-3	1.1841E-1
5.1000E-5	1.0254E-2	1.3804E-1
5.2000E-5	9.7656E-3	1.6133E-1
5.3000E-5	9.7656E-3	1.8882E-1
5.4000E-5	9.0332E-3	2.1929E-1
5.5000E-5	1.0010E-2	2.5117E-1
5.6000E-5	9.2773E-3	2.8765E-1
5.7000E-5	9.7656E-3	3.2729E-1
5.8000E-5	9.7656E-3	3.7100E-1
5.9000E-5	9.5215E-3	4.1851E-1
6.0000E-5	1.0254E-2	4.6738E-1
6.1000E-5	9.5215E-3	5.1343E-1
6.2000E-5	9.7656E-3	5.5249E-1
6.3000E-5	9.5215E-3	5.8022E-1
6.4000E-5	1.0010E-2	5.8887E-1
6.5000E-5	9.5215E-3	5.8110E-1
6.6000E-5	9.2773E-3	5.5918E-1
6.7000E-5	9.0332E-3	5.2231E-1
6.8000E-5	9.7656E-3	4.7559E-1
6.9000E-5	1.0254E-2	4.2925E-1
7.0000E-5	9.2773E-3	3.8271E-1
7.1000E-5	1.0010E-2	3.3628E-1
7.2000E-5	9.2773E-3	2.9878E-1
7.3000E-5	9.5215E-3	2.7153E-1
7.4000E-5	1.0010E-2	2.5024E-1
7.5000E-5	9.2773E-3	2.3652E-1
7.6000E-5	1.0010E-2	2.3066E-1
7.7000E-5	1.0254E-2	2.3062E-1
7.8000E-5	1.0010E-2	2.3511E-1
7.9000E-5	9.5215E-3	2.4565E-1
8.0000E-5	9.2773E-3	2.5850E-1
8.1000E-5	1.0010E-2	2.7383E-1
8.2000E-5	1.0010E-2	2.8994E-1
8.3000E-5	9.5215E-3	3.0728E-1
8.4000E-5	9.5215E-3	3.2866E-1
8.5000E-5	9.5215E-3	3.5186E-1
8.6000E-5	9.2773E-3	3.7627E-1
8.7000E-5	9.7656E-3	4.0352E-1
8.8000E-5	9.7656E-3	4.3018E-1
8.9000E-5	9.5215E-3	4.5459E-1
9.0000E-5	9.5215E-3	4.7671E-1
9.1000E-5	9.5215E-3	4.9365E-1
9.2000E-5	9.2773E-3	5.0337E-1
9.3000E-5	9.5215E-3	5.0737E-1
9.4000E-5	9.7656E-3	5.0332E-1
9.5000E-5	8.7891E-3	4.9258E-1
9.6000E-5	9.2773E-3	4.7554E-1
9.7000E-5	1.0010E-2	4.5762E-1
9.8000E-5	9.2773E-3	4.3818E-1
9.9000E-5	1.0010E-2	4.1909E-1
1.0000E-4	9.5215E-3	4.0293E-1
1.0100E-4	9.2773E-3	3.9111E-1
1.0200E-4	9.7656E-3	3.8027E-1
1.0300E-4	1.0010E-2	3.7212E-1
1.0400E-4	9.5215E-3	3.6738E-1
1.0500E-4	9.5215E-3	3.6299E-1
1.0600E-4	9.2773E-3	3.6162E-1
1.0700E-4	9.2773E-3	3.6196E-1
1.0800E-4	9.5215E-3	3.6343E-1
1.0900E-4	1.0010E-2	3.6484E-1
1.1000E-4	9.5215E-3	3.6973E-1
1.1100E-4	9.2773E-3	3.7803E-1
1.1200E-4	1.0010E-2	3.8750E-1
1.1300E-4	9.5215E-3	3.9683E-1
1.1400E-4	1.0010E-2	4.0518E-1
1.1500E-4	9.2773E-3	4.1211E-1
1.1600E-4	9.5215E-3	4.1533E-1
1.1700E-4	9.5215E-3	4.1743E-1
1.1800E-4	9.2773E-3	4.2036E-1
1.1900E-4	9.7656E-3	4.2544E-1
1.2000E-4	9.0332E-3	4.3135E-1
1.2100E-4	9.7656E-3	4.3931E-1
1.2200E-4	9.5215E-3	4.4692E-1
1.2300E-4	1.0254E-2	4.5313E-1
1.2400E-4	9.2773E-3	4.5884E-1
1.2500E-4	9.2773E-3	4.6201E-1
1.2600E-4	9.2773E-3	4.6382E-1
1.2700E-4	9.7656E-3	4.6670E-1
1.2800E-4	9.0332E-3	4.7153E-1
1.2900E-4	9.2773E-3	4.7627E-1
1.3000E-4	9.7656E-3	4.8154E-1
1.3100E-4	9.5215E-3	4.8472E-1
1.3200E-4	1.0010E-2	4.8413E-1
1.3300E-4	1.0010E-2	4.8013E-1
1.3400E-4	9.2773E-3	4.6929E-1
1.3500E-4	9.5215E-3	4.5728E-1
1.3600E-4	1.0254E-2	4.4355E-1
1.3700E-4	9.7656E-3	4.3003E-1
1.3800E-4	9.2773E-3	4.1318E-1
1.3900E-4	9.5215E-3	3.9736E-1
1.4000E-4	9.7656E-3	3.8149E-1
1.4100E-4	9.7656E-3	3.6455E-1
1.4200E-4	9.2773E-3	3.4575E-1
1.4300E-4	9.2773E-3	3.2593E-1
1.4400E-4	9.2773E-3	3.0859E-1
1.4500E-4	1.0254E-2	2.9370E-1
1.4600E-4	1.0254E-2	2.8569E-1
1.4700E-4	1.0010E-2	2.8271E-1
1.4800E-4	9.0332E-3	2.9092E-1
1.4900E-4	1.0010E-2	3.0469E-1
1.5000E-4	9.7656E-3	3.2285E-1
1.5100E-4	9.2773E-3	3.4189E-1
1.5200E-4	1.0010E-2	3.6470E-1
1.5300E-4	9.7656E-3	3.8867E-1
1.5400E-4	9.2773E-3	4.1743E-1
1.5500E-4	1.0010E-2	4.5029E-1
1.5600E-4	1.0254E-2	4.8374E-1
1.5700E-4	9.5215E-3	5.1553E-1
1.5800E-4	9.5215E-3	5.4058E-1
1.5900E-4	9.7656E-3	5.5591E-1
1.6000E-4	1.0010E-2	5.5942E-1
1.6100E-4	9.2773E-3	5.5605E-1
1.6200E-4	9.2773E-3	5.4609E-1
1.6300E-4	9.2773E-3	5.3110E-1
1.6400E-4	1.0010E-2	5.0869E-1
1.6500E-4	9.0332E-3	4.8096E-1
1.6600E-4	9.7656E-3	4.4473E-1
1.6700E-4	9.2773E-3	4.0264E-1
1.6800E-4	9.5215E-3	3.5898E-1
1.6900E-4	9.5215E-3	3.1787E-1
1.7000E-4	1.0010E-2	2.7983E-1
1.7100E-4	9.7656E-3	2.5020E-1
1.7200E-4	1.0010E-2	2.2661E-1
1.7300E-4	9.5215E-3	2.1147E-1
1.7400E-4	9.7656E-3	2.0322E-1
1.7500E-4	1.0010E-2	2.0254E-1
1.7600E-4	9.5215E-3	2.0815E-1
1.7700E-4	9.7656E-3	2.2222E-1
1.7800E-4	9.7656E-3	2.4160E-1
1.7900E-4	9.5215E-3	2.6567E-1
1.8000E-4	9.7656E-3	2.9268E-1
1.8100E-4	9.7656E-3	3.2573E-1
1.8200E-4	9.5215E-3	3.6392E-1
1.8300E-4	9.5215E-3	4.0596E-1
1.8400E-4	9.5215E-3	4.5186E-1
1.8500E-4	9.5215E-3	4.9648E-1
1.8600E-4	9.5215E-3	5.3174E-1
1.8700E-4	9.2773E-3	5.5322E-1
1.8800E-4	9.2773E-3	5.6196E-1
1.8900E-4	1.0254E-2	5.5771E-1
1.9000E-4	9.0332E-3	5.4312E-1
1.9100E-4	9.2773E-3	5.2051E-1
1.9200E-4	9.5215E-3	4.8999E-1
1.9300E-4	9.7656E-3	4.5000E-1
1.9400E-4	9.5215E-3	4.0078E-1
1.9500E-4	9.5215E-3	3.4878E-1
1.9600E-4	1.0010E-2	2.9512E-1
1.9700E-4	9.7656E-3	2.4580E-1
1.9800E-4	9.7656E-3	2.0464E-1
1.9900E-4	1.0010E-2	1.7456E-1
2.0000E-4	9.7656E-3	1.5264E-1
2.0100E-4	9.5215E-3	1.4160E-1
2.0200E-4	9.5215E-3	1.4146E-1
2.0300E-4	9.7656E-3	1.4653E-1
2.0400E-4	9.7656E-3	1.5786E-1
2.0500E-4	9.5215E-3	1.7407E-1
2.0600E-4	9.5215E-3	1.9497E-1
2.0700E-4	9.5215E-3	2.1885E-1
2.0800E-4	9.5215E-3	2.4644E-1
2.0900E-4	9.2773E-3	2.7964E-1
2.1000E-4	9.5215E-3	3.1987E-1
2.1100E-4	1.0010E-2	3.6680E-1
2.1200E-4	9.0332E-3	4.1992E-1
2.1300E-4	9.5215E-3	4.7632E-1
2.1400E-4	9.2773E-3	5.2622E-1
2.1500E-4	9.2773E-3	5.6377E-1
2.1600E-4	9.5215E-3	5.8677E-1
2.1700E-4	1.0010E-2	5.8838E-1
2.1800E-4	9.0332E-3	5.7065E-1
2.1900E-4	1.0010E-2	5.3691E-1
2.2000E-4	9.7656E-3	4.9048E-1
2.2100E-4	9.7656E-3	4.2827E-1
2.2200E-4	9.5215E-3	3.6094E-1
2.2300E-4	9.2773E-3	2.9541E-1
2.2400E-4	9.0332E-3	2.3579E-1
2.2500E-4	9.5215E-3	1.8633E-1
2.2600E-4	9.7656E-3	1.5151E-1
2.2700E-4	8.7891E-3	1.3022E-1
2.2800E-4	9.2773E-3	1.1675E-1
2.2900E-4	9.7656E-3	1.1182E-1
2.3000E-4	9.7656E-3	1.1279E-1
2.3100E-4	1.0010E-2	1.1943E-1
2.3200E-4	9.2773E-3	1.3154E-1
2.3300E-4	9.0332E-3	1.4897E-1
2.3400E-4	8.7891E-3	1.6885E-1
2.3500E-4	1.0010E-2	1.9390E-1
2.3600E-4	9.7656E-3	2.2461E-1
2.3700E-4	9.0332E-3	2.5962E-1
2.3800E-4	9.2773E-3	3.0190E-1
2.3900E-4	9.5215E-3	3.5083E-1
2.4000E-4	9.5215E-3	4.0645E-1
2.4100E-4	9.5215E-3	4.6641E-1
2.4200E-4	9.0332E-3	5.2153E-1
2.4300E-4	9.5215E-3	5.6421E-1
2.4400E-4	9.7656E-3	5.9116E-1
2.4500E-4	9.5215E-3	5.9604E-1
2.4600E-4	1.0010E-2	5.7749E-1
2.4700E-4	8.7891E-3	5.3779E-1
2.4800E-4	9.5215E-3	4.8311E-1
2.4900E-4	9.7656E-3	4.1709E-1
2.5000E-4	1.0498E-2	3.4795E-1
2.5100E-4	9.7656E-3	2.7822E-1
2.5200E-4	9.2773E-3	2.1494E-1
2.5300E-4	9.5215E-3	1.6455E-1
2.5400E-4	9.5215E-3	1.2803E-1
2.5500E-4	9.7656E-3	1.0186E-1
2.5600E-4	9.0332E-3	8.6572E-2
2.5700E-4	1.0254E-2	8.2129E-2
2.5800E-4	9.5215E-3	8.2422E-2
2.5900E-4	9.5215E-3	9.0332E-2
2.6000E-4	9.5215E-3	1.0342E-1
2.6100E-4	9.7656E-3	1.2329E-1
2.6200E-4	9.5215E-3	1.4912E-1
2.6300E-4	1.0010E-2	1.8271E-1
2.6400E-4	1.0010E-2	2.2109E-1
2.6500E-4	1.0010E-2	2.6538E-1
2.6600E-4	9.7656E-3	3.1367E-1
2.6700E-4	9.7656E-3	3.6621E-1
2.6800E-4	9.7656E-3	4.2251E-1
2.6900E-4	9.2773E-3	4.7803E-1
2.7000E-4	9.7656E-3	5.2793E-1
2.7100E-4	9.5215E-3	5.6758E-1
2.7200E-4	9.5215E-3	5.9033E-1
2.7300E-4	9.5215E-3	5.8955E-1
2.7400E-4	9.5215E-3	5.6758E-1
2.7500E-4	9.7656E-3	5.2852E-1
2.7600E-4	9.2773E-3	4.7324E-1
2.7700E-4	9.7656E-3	4.0825E-1
2.7800E-4	9.0332E-3	3.3896E-1
2.7900E-4	9.7656E-3	2.7124E-1
2.8000E-4	9.5215E-3	2.0825E-1
2.8100E-4	9.2773E-3	1.5630E-1
2.8200E-4	9.5215E-3	1.1689E-1
2.8300E-4	9.5215E-3	9.2822E-2
2.8400E-4	9.5215E-3	8.2812E-2
2.8500E-4	9.7656E-3	8.4668E-2
2.8600E-4	9.5215E-3	9.4238E-2
2.8700E-4	9.7656E-3	1.1152E-1
2.8800E-4	1.0498E-2	1.3237E-1
2.8900E-4	1.0254E-2	1.5425E-1
2.9000E-4	9.5215E-3	1.7827E-1
2.9100E-4	9.5215E-3	2.0596E-1
2.9200E-4	9.5215E-3	2.3804E-1
2.9300E-4	1.0010E-2	2.7441E-1
2.9400E-4	9.7656E-3	3.1743E-1
2.9500E-4	9.2773E-3	3.6729E-1
2.9600E-4	9.0332E-3	4.2324E-1
2.9700E-4	9.7656E-3	4.8008E-1
2.9800E-4	9.0332E-3	5.3232E-1
2.9900E-4	9.7656E-3	5.7056E-1
3.0000E-4	9.2773E-3	5.9209E-1
3.0100E-4	9.5215E-3	5.9282E-1
3.0200E-4	9.5215E-3	5.7188E-1
3.0300E-4	1.0010E-2	5.3569E-1
3.0400E-4	9.5215E-3	4.8706E-1
3.0500E-4	9.0332E-3	4.2676E-1
3.0600E-4	9.0332E-3	3.6328E-1
3.0700E-4	9.2773E-3	2.9961E-1
3.0800E-4	9.5215E-3	2.3896E-1
3.0900E-4	1.0010E-2	1.9028E-1
3.1000E-4	9.0332E-3	1.5679E-1
3.1100E-4	1.0010E-2	1.3359E-1
3.1200E-4	9.5215E-3	1.2617E-1
3.1300E-4	9.2773E-3	1.2861E-1
3.1400E-4	9.5215E-3	1.3896E-1
3.1500E-4	9.5215E-3	1.5508E-1
3.1600E-4	1.0254E-2	1.7764E-1
3.1700E-4	9.5215E-3	2.0073E-1
3.1800E-4	9.2773E-3	2.2700E-1
3.1900E-4	1.0010E-2	2.5698E-1
3.2000E-4	9.2773E-3	2.9033E-1
3.2100E-4	9.5215E-3	3.2861E-1
3.2200E-4	9.5215E-3	3.7241E-1
3.2300E-4	9.7656E-3	4.2261E-1
3.2400E-4	9.2773E-3	4.7505E-1
3.2500E-4	1.0010E-2	5.2466E-1
3.2600E-4	1.0010E-2	5.6333E-1
3.2700E-4	9.5215E-3	5.8833E-1
3.2800E-4	9.5215E-3	5.9897E-1
3.2900E-4	9.7656E-3	5.9214E-1
3.3000E-4	9.2773E-3	5.7051E-1
3.3100E-4	9.0332E-3	5.3804E-1
3.3200E-4	9.5215E-3	4.9868E-1
3.3300E-4	9.2773E-3	4.5078E-1
3.3400E-4	9.5215E-3	3.9854E-1
3.3500E-4	9.7656E-3	3.4595E-1
3.3600E-4	9.7656E-3	2.9780E-1
3.3700E-4	9.5215E-3	2.5210E-1
3.3800E-4	9.2773E-3	2.1758E-1
3.3900E-4	9.2773E-3	1.9341E-1
3.4000E-4	1.0010E-2	1.7925E-1
3.4100E-4	9.2773E-3	1.7446E-1
3.4200E-4	1.0010E-2	1.8271E-1
3.4300E-4	1.0010E-2	1.9521E-1
3.4400E-4	9.5215E-3	2.1191E-1
3.4500E-4	8.7891E-3	2.3174E-1
3.4600E-4	1.0010E-2	2.5596E-1
3.4700E-4	1.0254E-2	2.8047E-1
3.4800E-4	8.7891E-3	3.0859E-1
3.4900E-4	9.5215E-3	3.4072E-1
3.5000E-4	9.2773E-3	3.7739E-1
3.5100E-4	1.0010E-2	4.1699E-1
3.5200E-4	9.5215E-3	4.5791E-1
3.5300E-4	9.5215E-3	4.9731E-1
3.5400E-4	9.7656E-3	5.3462E-1
3.5500E-4	9.7656E-3	5.6353E-1
3.5600E-4	9.2773E-3	5.8188E-1
3.5700E-4	1.0254E-2	5.9009E-1
3.5800E-4	9.5215E-3	5.8823E-1
3.5900E-4	1.0010E-2	5.7388E-1
3.6000E-4	9.2773E-3	5.5200E-1
3.6100E-4	1.0010E-2	5.2256E-1
3.6200E-4	9.7656E-3	4.8779E-1
3.6300E-4	9.7656E-3	4.4771E-1
3.6400E-4	9.7656E-3	4.0679E-1
3.6500E-4	9.5215E-3	3.6948E-1
3.6600E-4	9.0332E-3	3.3677E-1
3.6700E-4	9.0332E-3	3.1123E-1
3.6800E-4	9.7656E-3	2.9482E-1
3.6900E-4	1.0010E-2	2.8628E-1
3.7000E-4	9.5215E-3	2.8330E-1
3.7100E-4	9.5215E-3	2.8599E-1
3.7200E-4	9.5215E-3	2.9424E-1
3.7300E-4	8.7891E-3	3.0752E-1
3.7400E-4	9.7656E-3	3.2588E-1
3.7500E-4	9.5215E-3	3.4917E-1
3.7600E-4	1.0254E-2	3.7583E-1
3.7700E-4	9.2773E-3	4.0288E-1
3.7800E-4	9.7656E-3	4.2939E-1
3.7900E-4	9.2773E-3	4.5317E-1
3.8000E-4	9.7656E-3	4.7271E-1
3.8100E-4	9.2773E-3	4.8955E-1
3.8200E-4	9.5215E-3	5.0425E-1
3.8300E-4	9.7656E-3	5.1309E-1
3.8400E-4	8.7891E-3	5.1592E-1
3.8500E-4	9.0332E-3	5.1284E-1
3.8600E-4	9.5215E-3	5.0659E-1
3.8700E-4	9.5215E-3	4.9692E-1
3.8800E-4	9.5215E-3	4.8740E-1
3.8900E-4	9.7656E-3	4.7803E-1
3.9000E-4	1.0010E-2	4.6958E-1
3.9100E-4	9.7656E-3	4.6011E-1
3.9200E-4	9.5215E-3	4.4995E-1
3.9300E-4	9.5215E-3	4.3589E-1
3.9400E-4	9.7656E-3	4.2178E-1
3.9500E-4	9.5215E-3	4.0981E-1
3.9600E-4	9.2773E-3	3.9995E-1
3.9700E-4	9.2773E-3	3.9023E-1
3.9800E-4	1.0254E-2	3.8379E-1
3.9900E-4	1.0010E-2	3.7935E-1
4.0000E-4	9.2773E-3	3.7324E-1
4.0100E-4	9.5215E-3	3.6694E-1
4.0200E-4	9.7656E-3	3.6221E-1
4.0300E-4	9.2773E-3	3.5977E-1
4.0400E-4	9.2773E-3	3.5918E-1
4.0500E-4	9.7656E-3	3.6104E-1
4.0600E-4	9.5215E-3	3.6157E-1
4.0700E-4	9.7656E-3	3.6255E-1
4.0800E-4	9.2773E-3	3.6357E-1
4.0900E-4	9.5215E-3	3.6523E-1
4.1000E-4	9.2773E-3	3.6797E-1
4.1100E-4	9.5215E-3	3.7251E-1
4.1200E-4	8.7891E-3	3.7773E-1
4.1300E-4	9.7656E-3	3.8379E-1
4.1400E-4	9.7656E-3	3.9116E-1
4.1500E-4	9.7656E-3	4.0098E-1
4.1600E-4	9.2773E-3	4.1523E-1
4.1700E-4	9.7656E-3	4.3257E-1
4.1800E-4	1.0010E-2	4.5488E-1
4.1900E-4	1.0010E-2	4.7993E-1
4.2000E-4	9.2773E-3	5.0400E-1
4.2100E-4	9.2773E-3	5.2500E-1
4.2200E-4	9.2773E-3	5.4277E-1
4.2300E-4	9.5215E-3	5.5381E-1
4.2400E-4	1.0010E-2	5.5757E-1
4.2500E-4	1.0254E-2	5.5479E-1
4.2600E-4	8.7891E-3	5.4399E-1
4.2700E-4	9.7656E-3	5.2451E-1
4.2800E-4	9.7656E-3	4.9673E-1
4.2900E-4	9.2773E-3	4.6216E-1
4.3000E-4	9.5215E-3	4.2188E-1
4.3100E-4	9.2773E-3	3.7896E-1
4.3200E-4	9.5215E-3	3.3765E-1
4.3300E-4	9.2773E-3	3.0171E-1
4.3400E-4	9.7656E-3	2.7080E-1
4.3500E-4	9.5215E-3	2.4897E-1
4.3600E-4	9.7656E-3	2.3599E-1
4.3700E-4	9.2773E-3	2.2900E-1
4.3800E-4	9.2773E-3	2.2739E-1
4.3900E-4	9.5215E-3	2.3257E-1
4.4000E-4	9.7656E-3	2.4180E-1
4.4100E-4	9.7656E-3	2.5591E-1
4.4200E-4	1.0498E-2	2.7319E-1
4.4300E-4	1.0010E-2	2.9507E-1
4.4400E-4	9.5215E-3	3.2065E-1
4.4500E-4	9.7656E-3	3.4834E-1
4.4600E-4	9.7656E-3	3.7847E-1
4.4700E-4	9.5215E-3	4.1533E-1
4.4800E-4	1.0010E-2	4.5562E-1
4.4900E-4	9.7656E-3	4.9893E-1
4.5000E-4	9.5215E-3	5.4072E-1
4.5100E-4	9.5215E-3	5.7549E-1
4.5200E-4	9.7656E-3	5.9580E-1
4.5300E-4	9.7656E-3	6.0024E-1
4.5400E-4	1.0010E-2	5.8511E-1
4.5500E-4	9.2773E-3	5.5229E-1
4.5600E-4	9.5215E-3	5.0542E-1
4.5700E-4	9.5215E-3	4.5059E-1
4.5800E-4	1.0010E-2	3.8799E-1
4.5900E-4	9.7656E-3	3.2407E-1
4.6000E-4	9.5215E-3	2.6567E-1
4.6100E-4	9.5215E-3	2.1387E-1
4.6200E-4	9.0332E-3	1.7207E-1
4.6300E-4	9.7656E-3	1.4395E-1
4.6400E-4	9.2773E-3	1.2593E-1
4.6500E-4	9.5215E-3	1.1738E-1
4.6600E-4	9.7656E-3	1.1743E-1
4.6700E-4	9.7656E-3	1.2256E-1
4.6800E-4	9.5215E-3	1.2979E-1
4.6900E-4	1.0010E-2	1.4277E-1
4.7000E-4	9.0332E-3	1.5991E-1
4.7100E-4	1.0010E-2	1.8120E-1
4.7200E-4	9.2773E-3	2.0815E-1
4.7300E-4	9.5215E-3	2.4390E-1
4.7400E-4	9.5215E-3	2.8447E-1
4.7500E-4	9.5215E-3	3.3247E-1
4.7600E-4	8.7891E-3	3.8984E-1
4.7700E-4	9.7656E-3	4.5576E-1
4.7800E-4	9.2773E-3	5.2041E-1
4.7900E-4	1.0254E-2	5.7783E-1
4.8000E-4	1.0010E-2	6.1465E-1
4.8100E-4	9.7656E-3	6.2236E-1
4.8200E-4	9.5215E-3	5.9341E-1
4.8300E-4	9.7656E-3	5.3223E-1
4.8400E-4	9.7656E-3	4.4316E-1
4.8500E-4	9.5215E-3	3.4004E-1
4.8600E-4	9.5215E-3	2.3306E-1
4.8700E-4	9.5215E-3	1.3237E-1
4.8800E-4	9.2773E-3	4.2969E-2
4.8900E-4	9.5215E-3	-3.0078E-2
4.9000E-4	9.0332E-3	-8.7109E-2
4.9100E-4	9.7656E-3	-1.3076E-1
4.9200E-4	9.5215E-3	-1.6299E-1
4.9300E-4	9.2773E-3	-1.8687E-1
4.9400E-4	1.0010E-2	-2.0244E-1
4.9500E-4	9.7656E-3	-2.1509E-1
4.9600E-4	9.0332E-3	-2.2358E-1
4.9700E-4	9.5215E-3	-2.2935E-1
4.9800E-4	1.0010E-2	-2.3286E-1
4.9900E-4	1.0254E-2	-2.3525E-1
5.0000E-4	9.0332E-3	-2.3491E-1
5.0100E-4	9.5215E-3	-2.3413E-1
5.0200E-4	9.0332E-3	-2.3467E-1
5.0300E-4	1.0010E-2	-2.3535E-1
5.0400E-4	9.7656E-3	-2.3770E-1
5.0500E-4	1.0010E-2	-2.4043E-1
5.0600E-4	9.5215E-3	-2.4312E-1
5.0700E-4	9.0332E-3	-2.4517E-1
5.0800E-4	9.2773E-3	-2.4531E-1
5.0900E-4	1.0010E-2	-2.4507E-1
5.1000E-4	9.5215E-3	-2.4302E-1
5.1100E-4	9.2773E-3	-2.4209E-1
5.1200E-4	9.5215E-3	-2.4116E-1
5.1300E-4	1.0254E-2	-2.3950E-1
5.1400E-4	1.0010E-2	-2.3799E-1
5.1500E-4	9.2773E-3	-2.3965E-1
5.1600E-4	9.5215E-3	-2.4072E-1
5.1700E-4	9.5215E-3	-2.4014E-1
5.1800E-4	9.0332E-3	-2.4214E-1
5.1900E-4	9.5215E-3	-2.4033E-1
5.2000E-4	1.0010E-2	-2.3477E-1
5.2100E-4	9.5215E-3	-2.2544E-1
5.2200E-4	9.2773E-3	-2.1216E-1
5.2300E-4	9.7656E-3	-1.9370E-1
5.2400E-4	9.5215E-3	-1.7080E-1
5.2500E-4	9.7656E-3	-1.4097E-1
5.2600E-4	8.7891E-3	-1.0376E-1
5.2700E-4	9.7656E-3	-5.9570E-2
5.2800E-4	1.0010E-2	-1.5137E-3
5.2900E-4	9.7656E-3	6.9189E-2
5.3000E-4	9.5215E-3	1.5273E-1
5.3100E-4	1.0010E-2	2.4868E-1
5.3200E-4	9.7656E-3	3.5361E-1
5.3300E-4	9.5215E-3	4.5732E-1
5.3400E-4	1.0254E-2	5.4653E-1
5.3500E-4	9.5215E-3	6.0884E-1
5.3600E-4	9.2773E-3	6.3965E-1
5.3700E-4	9.7656E-3	6.3555E-1
5.3800E-4	9.5215E-3	5.9497E-1
5.3900E-4	1.0010E-2	5.3125E-1
5.4000E-4	9.2773E-3	4.5420E-1
5.4100E-4	9.0332E-3	3.6982E-1
5.4200E-4	9.2773E-3	2.8799E-1
5.4300E-4	9.5215E-3	2.1860E-1
5.4400E-4	9.5215E-3	1.6118E-1
5.4500E-4	9.2773E-3	1.2095E-1
5.4600E-4	9.2773E-3	9.7021E-2
5.4700E-4	1.0010E-2	8.7451E-2
5.4800E-4	8.7891E-3	8.9160E-2
5.4900E-4	9.7656E-3	1.0264E-1
5.5000E-4	9.7656E-3	1.2148E-1
5.5100E-4	9.5215E-3	1.4536E-1
5.5200E-4	9.5215E-3	1.6978E-1
5.5300E-4	9.2773E-3	1.9609E-1
5.5400E-4	9.5215E-3	2.2412E-1
5.5500E-4	9.7656E-3	2.5176E-1
5.5600E-4	9.0332E-3	2.8115E-1
5.5700E-4	9.7656E-3	3.1270E-1
5.5800E-4	9.5215E-3	3.4839E-1
5.5900E-4	1.0010E-2	3.8857E-1
5.6000E-4	9.7656E-3	4.3599E-1
5.6100E-4	9.2773E-3	4.8164E-1
5.6200E-4	9.5215E-3	5.2446E-1
5.6300E-4	9.2773E-3	5.5605E-1
5.6400E-4	9.2773E-3	5.7124E-1
5.6500E-4	9.7656E-3	5.6782E-1
5.6600E-4	9.2773E-3	5.4902E-1
5.6700E-4	1.0010E-2	5.1636E-1
5.6800E-4	9.0332E-3	4.7554E-1
5.6900E-4	9.5215E-3	4.2979E-1
5.7000E-4	1.0010E-2	3.8413E-1
5.7100E-4	9.5215E-3	3.4272E-1
5.7200E-4	9.2773E-3	3.0522E-1
5.7300E-4	1.0010E-2	2.7529E-1
5.7400E-4	9.0332E-3	2.5356E-1
5.7500E-4	9.5215E-3	2.3862E-1
5.7600E-4	9.7656E-3	2.2847E-1
5.7700E-4	9.7656E-3	2.2876E-1
5.7800E-4	1.0254E-2	2.3501E-1
5.7900E-4	9.7656E-3	2.4673E-1
5.8000E-4	1.0254E-2	2.6191E-1
5.8100E-4	9.7656E-3	2.8340E-1
5.8200E-4	9.5215E-3	3.0571E-1
5.8300E-4	1.0010E-2	3.2891E-1
5.8400E-4	9.5215E-3	3.5142E-1
5.8500E-4	9.5215E-3	3.7363E-1
5.8600E-4	9.2773E-3	3.9570E-1
5.8700E-4	9.7656E-3	4.1841E-1
5.8800E-4	1.0010E-2	4.4272E-1
5.8900E-4	9.5215E-3	4.6479E-1
5.9000E-4	1.0010E-2	4.8789E-1
5.9100E-4	9.7656E-3	5.0664E-1
5.9200E-4	9.2773E-3	5.1885E-1
5.9300E-4	9.5215E-3	5.2104E-1
5.9400E-4	1.0010E-2	5.1797E-1
5.9500E-4	1.0010E-2	5.0698E-1
5.9600E-4	9.5215E-3	4.9214E-1
5.9700E-4	9.7656E-3	4.7378E-1
5.9800E-4	1.0010E-2	4.5479E-1
5.9900E-4	9.7656E-3	4.3145E-1
6.0000E-4	1.0010E-2	4.0840E-1
6.0100E-4	1.0254E-2	3.8496E-1
6.0200E-4	9.2773E-3	3.6401E-1
6.0300E-4	9.7656E-3	3.4478E-1
6.0400E-4	9.5215E-3	3.3179E-1
6.0500E-4	9.5215E-3	3.2300E-1
6.0600E-4	9.5215E-3	3.1797E-1
6.0700E-4	9.7656E-3	3.1509E-1
6.0800E-4	9.5215E-3	3.1514E-1
6.0900E-4	9.5215E-3	3.1846E-1
6.1000E-4	9.7656E-3	3.2207E-1
6.1100E-4	1.0254E-2	3.2690E-1
6.1200E-4	9.5215E-3	3.3281E-1
6.1300E-4	9.7656E-3	3.4014E-1
6.1400E-4	9.5215E-3	3.4678E-1
6.1500E-4	9.5215E-3	3.5625E-1
6.1600E-4	1.0010E-2	3.6704E-1
6.1700E-4	9.5215E-3	3.7778E-1
6.1800E-4	1.0010E-2	3.8989E-1
6.1900E-4	1.0010E-2	4.0107E-1
6.2000E-4	9.5215E-3	4.0801E-1
6.2100E-4	1.0010E-2	4.1260E-1
6.2200E-4	1.0010E-2	4.2158E-1
6.2300E-4	1.0010E-2	4.2910E-1
6.2400E-4	9.7656E-3	4.3877E-1
6.2500E-4	9.5215E-3	4.4990E-1
6.2600E-4	9.5215E-3	4.6084E-1
6.2700E-4	1.0254E-2	4.6753E-1
6.2800E-4	9.2773E-3	4.7412E-1
6.2900E-4	9.5215E-3	4.7725E-1
6.3000E-4	9.5215E-3	4.8115E-1
6.3100E-4	9.0332E-3	4.8359E-1
6.3200E-4	9.5215E-3	4.8618E-1
6.3300E-4	9.5215E-3	4.8623E-1
6.3400E-4	1.0010E-2	4.8550E-1
6.3500E-4	1.0254E-2	4.7891E-1
6.3600E-4	1.0010E-2	4.6934E-1
6.3700E-4	9.7656E-3	4.5605E-1
6.3800E-4	9.2773E-3	4.3901E-1
6.3900E-4	1.0010E-2	4.2134E-1
6.4000E-4	9.7656E-3	4.0425E-1
6.4100E-4	9.5215E-3	3.8501E-1
6.4200E-4	9.2773E-3	3.6650E-1
6.4300E-4	1.0254E-2	3.4824E-1
6.4400E-4	9.2773E-3	3.3291E-1
6.4500E-4	9.7656E-3	3.1948E-1
6.4600E-4	9.5215E-3	3.1025E-1
6.4700E-4	9.2773E-3	3.0249E-1
6.4800E-4	9.0332E-3	3.0010E-1
6.4900E-4	9.7656E-3	3.0176E-1
6.5000E-4	9.5215E-3	3.0796E-1
6.5100E-4	1.0010E-2	3.2144E-1
6.5200E-4	9.5215E-3	3.4038E-1
6.5300E-4	9.5215E-3	3.6509E-1
6.5400E-4	9.5215E-3	3.9517E-1
6.5500E-4	9.5215E-3	4.2847E-1
6.5600E-4	9.2773E-3	4.5747E-1
6.5700E-4	9.7656E-3	4.8340E-1
6.5800E-4	9.7656E-3	5.0010E-1
6.5900E-4	1.0010E-2	5.0342E-1
6.6000E-4	9.7656E-3	4.9717E-1
6.6100E-4	1.0010E-2	4.8745E-1
6.6200E-4	8.7891E-3	4.7168E-1
6.6300E-4	9.5215E-3	4.5552E-1
6.6400E-4	9.0332E-3	4.3706E-1
6.6500E-4	9.5215E-3	4.1602E-1
6.6600E-4	8.7891E-3	3.9219E-1
6.6700E-4	9.2773E-3	3.6680E-1
6.6800E-4	9.5215E-3	3.3760E-1
6.6900E-4	9.5215E-3	3.0801E-1
6.7000E-4	9.2773E-3	2.7949E-1
6.7100E-4	9.7656E-3	2.5283E-1
6.7200E-4	9.7656E-3	2.2915E-1
6.7300E-4	9.5215E-3	2.1182E-1
6.7400E-4	9.5215E-3	2.0288E-1
6.7500E-4	8.7891E-3	2.0210E-1
6.7600E-4	9.2773E-3	2.0669E-1
6.7700E-4	9.2773E-3	2.1768E-1
6.7800E-4	9.7656E-3	2.3213E-1
6.7900E-4	9.5215E-3	2.5044E-1
6.8000E-4	9.2773E-3	2.7280E-1
6.8100E-4	9.7656E-3	3.0034E-1
6.8200E-4	1.0010E-2	3.3306E-1
6.8300E-4	1.0010E-2	3.7324E-1
6.8400E-4	9.5215E-3	4.1636E-1
6.8500E-4	9.5215E-3	4.5664E-1
6.8600E-4	9.7656E-3	4.8975E-1
6.8700E-4	9.7656E-3	5.1191E-1
6.8800E-4	9.2773E-3	5.1938E-1
6.8900E-4	9.2773E-3	5.1528E-1
6.9000E-4	9.7656E-3	5.0366E-1
6.9100E-4	9.2773E-3	4.8545E-1
6.9200E-4	9.7656E-3	4.6035E-1
6.9300E-4	9.5215E-3	4.2715E-1
6.9400E-4	9.7656E-3	3.8794E-1
6.9500E-4	9.2773E-3	3.4219E-1
6.9600E-4	1.0010E-2	2.9341E-1
6.9700E-4	9.7656E-3	2.4712E-1
6.9800E-4	1.0010E-2	2.0864E-1
6.9900E-4	9.5215E-3	1.7813E-1
7.0000E-4	9.2773E-3	1.5737E-1
7.0100E-4	1.0010E-2	1.4561E-1
7.0200E-4	9.7656E-3	1.4243E-1
7.0300E-4	9.5215E-3	1.4512E-1
7.0400E-4	9.5215E-3	1.5313E-1
7.0500E-4	9.7656E-3	1.6846E-1
7.0600E-4	1.0010E-2	1.9009E-1
7.0700E-4	1.0010E-2	2.1655E-1
7.0800E-4	1.0254E-2	2.4795E-1
7.0900E-4	9.5215E-3	2.8335E-1
7.1000E-4	9.5215E-3	3.2104E-1
7.1100E-4	1.0254E-2	3.6504E-1
7.1200E-4	9.5215E-3	4.1265E-1
7.1300E-4	9.7656E-3	4.6377E-1
7.1400E-4	9.5215E-3	5.1045E-1
7.1500E-4	1.0254E-2	5.4453E-1
7.1600E-4	9.5215E-3	5.6055E-1
7.1700E-4	9.7656E-3	5.5913E-1
7.1800E-4	9.5215E-3	5.3975E-1
7.1900E-4	9.5215E-3	5.0645E-1
7.2000E-4	9.0332E-3	4.6372E-1
7.2100E-4	9.2773E-3	4.1333E-1
7.2200E-4	1.0010E-2	3.5557E-1
7.2300E-4	9.5215E-3	2.9604E-1
7.2400E-4	9.7656E-3	2.4063E-1
7.2500E-4	1.0010E-2	1.9321E-1
7.2600E-4	9.7656E-3	1.5586E-1
7.2700E-4	9.2773E-3	1.3057E-1
7.2800E-4	9.5215E-3	1.1470E-1
7.2900E-4	9.2773E-3	1.0459E-1
7.3000E-4	9.5215E-3	1.0425E-1
7.3100E-4	9.5215E-3	1.1035E-1
7.3200E-4	9.2773E-3	1.2095E-1
7.3300E-4	9.7656E-3	1.3774E-1
7.3400E-4	8.7891E-3	1.6289E-1
7.3500E-4	9.7656E-3	1.8975E-1
7.3600E-4	9.5215E-3	2.2314E-1
7.3700E-4	8.7891E-3	2.6289E-1
7.3800E-4	9.7656E-3	3.0830E-1
7.3900E-4	1.0010E-2	3.5742E-1
7.4000E-4	9.7656E-3	4.1035E-1
7.4100E-4	9.7656E-3	4.6362E-1
7.4200E-4	1.0010E-2	5.1304E-1
7.4300E-4	9.5215E-3	5.5122E-1
7.4400E-4	9.5215E-3	5.7280E-1
7.4500E-4	9.7656E-3	5.7598E-1
7.4600E-4	1.0010E-2	5.5762E-1
7.4700E-4	9.2773E-3	5.1865E-1
7.4800E-4	9.2773E-3	4.6333E-1
7.4900E-4	9.7656E-3	3.9980E-1
7.5000E-4	9.2773E-3	3.3218E-1
7.5100E-4	9.2773E-3	2.6426E-1
7.5200E-4	1.0254E-2	2.0513E-1
7.5300E-4	1.0010E-2	1.5796E-1
7.5400E-4	9.0332E-3	1.2134E-1
7.5500E-4	9.7656E-3	9.6680E-2
7.5600E-4	9.7656E-3	8.5352E-2
7.5700E-4	1.0010E-2	8.5303E-2
7.5800E-4	9.5215E-3	9.2920E-2
7.5900E-4	9.0332E-3	1.0498E-1
7.6000E-4	1.0254E-2	1.2271E-1
7.6100E-4	9.5215E-3	1.4355E-1
7.6200E-4	9.5215E-3	1.6562E-1
7.6300E-4	9.5215E-3	1.9097E-1
7.6400E-4	8.7891E-3	2.2305E-1
7.6500E-4	9.5215E-3	2.5918E-1
7.6600E-4	9.7656E-3	3.0103E-1
7.6700E-4	1.0010E-2	3.5015E-1
7.6800E-4	9.5215E-3	4.0654E-1
7.6900E-4	9.7656E-3	4.6475E-1
7.7000E-4	9.0332E-3	5.2061E-1
7.7100E-4	9.7656E-3	5.6553E-1
7.7200E-4	9.5215E-3	5.9341E-1
7.7300E-4	9.7656E-3	5.9976E-1
7.7400E-4	1.0010E-2	5.8364E-1
7.7500E-4	9.5215E-3	5.4497E-1
7.7600E-4	1.0010E-2	4.9224E-1
7.7700E-4	9.2773E-3	4.2773E-1
7.7800E-4	9.5215E-3	3.5649E-1
7.7900E-4	9.7656E-3	2.8643E-1
7.8000E-4	9.2773E-3	2.2461E-1
7.8100E-4	9.2773E-3	1.7280E-1
7.8200E-4	1.0010E-2	1.3618E-1
7.8300E-4	9.2773E-3	1.1455E-1
7.8400E-4	9.2773E-3	1.0581E-1
7.8500E-4	9.7656E-3	1.0532E-1
7.8600E-4	9.5215E-3	1.1255E-1
7.8700E-4	9.5215E-3	1.2441E-1
7.8800E-4	1.0010E-2	1.3975E-1
7.8900E-4	9.5215E-3	1.5820E-1
7.9000E-4	9.0332E-3	1.8149E-1
7.9100E-4	9.2773E-3	2.1064E-1
7.9200E-4	9.5215E-3	2.4570E-1
7.9300E-4	1.0010E-2	2.8667E-1
7.9400E-4	9.2773E-3	3.3335E-1
7.9500E-4	9.5215E-3	3.8584E-1
7.9600E-4	1.0010E-2	4.4087E-1
7.9700E-4	1.0010E-2	4.9761E-1
7.9800E-4	1.0010E-2	5.4556E-1
7.9900E-4	9.2773E-3	5.8159E-1
8.0000E-4	9.5215E-3	5.9873E-1
8.0100E-4	9.2773E-3	5.9341E-1
8.0200E-4	9.5215E-3	5.6572E-1
8.0300E-4	9.5215E-3	5.2573E-1
8.0400E-4	9.7656E-3	4.7231E-1
8.0500E-4	1.0254E-2	4.1226E-1
8.0600E-4	1.0010E-2	3.5103E-1
8.0700E-4	9.2773E-3	2.9063E-1
8.0800E-4	9.0332E-3	2.3472E-1
8.0900E-4	1.0010E-2	1.8931E-1
8.1000E-4	9.5215E-3	1.5625E-1
8.1100E-4	1.0010E-2	1.3613E-1
8.1200E-4	9.7656E-3	1.2856E-1
8.1300E-4	9.2773E-3	1.2900E-1
8.1400E-4	9.5215E-3	1.3647E-1
8.1500E-4	1.0010E-2	1.4927E-1
8.1600E-4	9.2773E-3	1.6465E-1
8.1700E-4	9.5215E-3	1.8364E-1
8.1800E-4	9.5215E-3	2.0806E-1
8.1900E-4	9.5215E-3	2.3740E-1
8.2000E-4	9.0332E-3	2.7339E-1
8.2100E-4	9.5215E-3	3.1543E-1
8.2200E-4	9.5215E-3	3.6123E-1
8.2300E-4	9.5215E-3	4.1187E-1
8.2400E-4	9.7656E-3	4.6553E-1
8.2500E-4	1.0010E-2	5.1855E-1
8.2600E-4	1.0010E-2	5.6440E-1
8.2700E-4	9.5215E-3	5.9629E-1
8.2800E-4	9.2773E-3	6.0996E-1
8.2900E-4	1.0498E-2	6.0737E-1
8.3000E-4	8.7891E-3	5.8745E-1
8.3100E-4	1.0010E-2	5.5449E-1
8.3200E-4	9.2773E-3	5.1514E-1
8.3300E-4	9.7656E-3	4.7026E-1
8.3400E-4	9.2773E-3	4.1689E-1
8.3500E-4	9.5215E-3	3.6294E-1
8.3600E-4	1.0010E-2	3.1196E-1
8.3700E-4	9.2773E-3	2.6738E-1
8.3800E-4	9.5215E-3	2.3276E-1
8.3900E-4	9.5215E-3	2.1113E-1
8.4000E-4	9.5215E-3	2.0020E-1
8.4100E-4	9.7656E-3	1.9946E-1
8.4200E-4	9.5215E-3	2.0610E-1
8.4300E-4	9.7656E-3	2.1929E-1
8.4400E-4	1.0010E-2	2.3584E-1
8.4500E-4	1.0010E-2	2.5688E-1
8.4600E-4	9.5215E-3	2.8184E-1
8.4700E-4	1.0254E-2	3.0996E-1
8.4800E-4	9.5215E-3	3.4102E-1
8.4900E-4	9.2773E-3	3.7715E-1
8.5000E-4	1.0254E-2	4.1543E-1
8.5100E-4	9.2773E-3	4.5640E-1
8.5200E-4	9.2773E-3	4.9756E-1
8.5300E-4	9.7656E-3	5.3716E-1
8.5400E-4	9.5215E-3	5.6865E-1
8.5500E-4	1.0254E-2	5.8799E-1
8.5600E-4	1.0010E-2	5.9551E-1
8.5700E-4	9.7656E-3	5.9102E-1
8.5800E-4	9.5215E-3	5.7568E-1
8.5900E-4	9.2773E-3	5.5195E-1
8.6000E-4	9.5215E-3	5.2061E-1
8.6100E-4	1.0010E-2	4.8638E-1
8.6200E-4	9.0332E-3	4.5000E-1
8.6300E-4	1.0010E-2	4.0957E-1
8.6400E-4	9.7656E-3	3.7231E-1
8.6500E-4	9.5215E-3	3.4155E-1
8.6600E-4	9.7656E-3	3.1431E-1
8.6700E-4	9.7656E-3	2.9458E-1
8.6800E-4	9.5215E-3	2.8286E-1
8.6900E-4	9.7656E-3	2.7705E-1
8.7000E-4	9.2773E-3	2.7646E-1
8.7100E-4	1.0254E-2	2.7954E-1
8.7200E-4	9.2773E-3	2.8521E-1
8.7300E-4	9.7656E-3	2.9390E-1
8.7400E-4	9.7656E-3	3.0664E-1
8.7500E-4	9.2773E-3	3.2051E-1
8.7600E-4	9.0332E-3	3.3838E-1
8.7700E-4	1.0010E-2	3.5747E-1
8.7800E-4	9.7656E-3	3.7793E-1
8.7900E-4	9.5215E-3	3.9922E-1
8.8000E-4	8.5449E-3	4.2080E-1
8.8100E-4	9.7656E-3	4.4116E-1
8.8200E-4	9.2773E-3	4.6074E-1
8.8300E-4	9.2773E-3	4.7983E-1
8.8400E-4	9.7656E-3	4.9478E-1
8.8500E-4	9.5215E-3	5.0918E-1
8.8600E-4	9.5215E-3	5.1665E-1
8.8700E-4	9.5215E-3	5.1836E-1
8.8800E-4	9.0332E-3	5.1343E-1
8.8900E-4	9.2773E-3	5.0513E-1
8.9000E-4	9.7656E-3	4.9209E-1
8.9100E-4	1.0010E-2	4.8062E-1
8.9200E-4	1.0254E-2	4.7192E-1
8.9300E-4	9.5215E-3	4.6499E-1
8.9400E-4	9.7656E-3	4.5962E-1
8.9500E-4	9.5215E-3	4.5269E-1
8.9600E-4	9.5215E-3	4.4487E-1
8.9700E-4	1.0742E-2	4.3569E-1
8.9800E-4	9.0332E-3	4.2822E-1
8.9900E-4	9.7656E-3	4.2046E-1
9.0000E-4	9.2773E-3	4.1685E-1
9.0100E-4	1.0010E-2	4.1348E-1
9.0200E-4	1.0010E-2	4.1060E-1
9.0300E-4	1.0254E-2	4.0522E-1
9.0400E-4	9.2773E-3	3.9668E-1
9.0500E-4	9.7656E-3	3.8623E-1
9.0600E-4	9.2773E-3	3.7573E-1
9.0700E-4	9.5215E-3	3.6406E-1
9.0800E-4	1.0010E-2	3.5542E-1
9.0900E-4	9.2773E-3	3.5259E-1
9.1000E-4	9.5215E-3	3.5293E-1
9.1100E-4	9.7656E-3	3.5532E-1
9.1200E-4	9.7656E-3	3.6172E-1
9.1300E-4	1.0498E-2	3.6982E-1
9.1400E-4	1.0010E-2	3.7979E-1
9.1500E-4	9.2773E-3	3.9121E-1
9.1600E-4	9.0332E-3	4.0601E-1
9.1700E-4	1.0254E-2	4.2236E-1
9.1800E-4	9.5215E-3	4.3799E-1
9.1900E-4	9.5215E-3	4.5400E-1
9.2000E-4	1.0254E-2	4.6846E-1
9.2100E-4	8.7891E-3	4.8184E-1
9.2200E-4	9.5215E-3	4.9399E-1
9.2300E-4	9.5215E-3	5.0317E-1
9.2400E-4	9.2773E-3	5.0830E-1
9.2500E-4	1.0254E-2	5.0864E-1
9.2600E-4	9.7656E-3	5.0430E-1
9.2700E-4	9.5215E-3	4.9116E-1
9.2800E-4	9.7656E-3	4.7402E-1
9.2900E-4	9.5215E-3	4.4810E-1
9.3000E-4	9.2773E-3	4.1958E-1
9.3100E-4	9.2773E-3	3.8667E-1
9.3200E-4	9.5215E-3	3.5317E-1
9.3300E-4	1.0010E-2	3.2109E-1
9.3400E-4	9.5215E-3	2.9600E-1
9.3500E-4	9.5215E-3	2.7402E-1
9.3600E-4	9.5215E-3	2.5737E-1
9.3700E-4	9.2773E-3	2.4810E-1
9.3800E-4	9.5215E-3	2.4336E-1
9.3900E-4	1.0010E-2	2.4331E-1
9.4000E-4	9.7656E-3	2.4731E-1
9.4100E-4	9.5215E-3	2.5527E-1
9.4200E-4	9.2773E-3	2.6616E-1
9.4300E-4	1.0010E-2	2.8164E-1
9.4400E-4	9.0332E-3	3.0098E-1
9.4500E-4	9.7656E-3	3.2734E-1
9.4600E-4	9.7656E-3	3.5923E-1
9.4700E-4	9.0332E-3	3.9756E-1
9.4800E-4	9.5215E-3	4.3706E-1
9.4900E-4	9.5215E-3	4.7383E-1
9.5000E-4	9.5215E-3	5.0444E-1
9.5100E-4	1.0254E-2	5.2456E-1
9.5200E-4	1.0010E-2	5.3394E-1
9.5300E-4	9.7656E-3	5.3027E-1
9.5400E-4	1.0254E-2	5.1792E-1
9.5500E-4	9.7656E-3	4.9653E-1
9.5600E-4	9.5215E-3	4.6636E-1
9.5700E-4	9.5215E-3	4.2690E-1
9.5800E-4	9.5215E-3	3.8281E-1
9.5900E-4	1.0010E-2	3.3452E-1
9.6000E-4	9.5215E-3	2.8481E-1
9.6100E-4	9.5215E-3	2.4028E-1
9.6200E-4	9.5215E-3	2.0166E-1
9.6300E-4	1.0254E-2	1.7085E-1
9.6400E-4	9.5215E-3	1.4648E-1
9.6500E-4	9.5215E-3	1.3018E-1
9.6600E-4	9.7656E-3	1.2002E-1
9.6700E-4	9.5215E-3	1.1606E-1
9.6800E-4	1.0254E-2	1.2061E-1
9.6900E-4	9.5215E-3	1.3169E-1
9.7000E-4	9.0332E-3	1.4736E-1
9.7100E-4	1.0498E-2	1.6797E-1
9.7200E-4	9.5215E-3	1.9321E-1
9.7300E-4	9.5215E-3	2.2139E-1
9.7400E-4	9.7656E-3	2.5420E-1
9.7500E-4	9.2773E-3	2.9229E-1
9.7600E-4	1.0010E-2	3.3477E-1
9.7700E-4	9.2773E-3	3.8174E-1
9.7800E-4	1.0010E-2	4.2695E-1
9.7900E-4	9.7656E-3	4.6387E-1
9.8000E-4	9.0332E-3	4.9062E-1
9.8100E-4	9.7656E-3	5.0283E-1
9.8200E-4	9.2773E-3	4.9336E-1
9.8300E-4	9.5215E-3	4.6230E-1
9.8400E-4	9.5215E-3	4.1157E-1
9.8500E-4	9.2773E-3	3.4175E-1
9.8600E-4	9.5215E-3	2.5854E-1
9.8700E-4	9.5215E-3	1.7080E-1
9.8800E-4	9.5215E-3	8.6279E-2
9.8900E-4	8.7891E-3	1.3086E-2
9.9000E-4	1.0010E-2	-4.9170E-2
9.9100E-4	9.2773E-3	-9.6826E-2
9.9200E-4	9.7656E-3	-1.3184E-1
9.9300E-4	9.2773E-3	-1.5757E-1
9.9400E-4	9.7656E-3	-1.7739E-1
9.9500E-4	9.5215E-3	-1.9131E-1
9.9600E-4	9.2773E-3	-2.0137E-1
9.9700E-4	9.5215E-3	-2.0815E-1
9.9800E-4	9.2773E-3	-2.0815E-1
9.9900E-4	1.0010E-2	-2.0815E-1
