Time [s]	Aux in [V]	Main in [V]
0.0000E+0	1.0010E-2	-2.4722E-1
1.0000E-6	9.5215E-3	-2.4551E-1
2.0000E-6	9.7656E-3	-2.4297E-1
3.0000E-6	9.5215E-3	-2.4102E-1
4.0000E-6	9.5215E-3	-2.3926E-1
5.0000E-6	1.0010E-2	-2.3706E-1
6.0000E-6	9.2773E-3	-2.3335E-1
7.0000E-6	1.0010E-2	-2.2847E-1
8.0000E-6	9.5215E-3	-2.2227E-1
9.0000E-6	9.7656E-3	-2.1440E-1
1.0000E-5	9.5215E-3	-2.0322E-1
1.1000E-5	9.5215E-3	-1.9009E-1
1.2000E-5	9.2773E-3	-1.7329E-1
1.3000E-5	9.5215E-3	-1.5063E-1
1.4000E-5	9.2773E-3	-1.2290E-1
1.5000E-5	9.5215E-3	-8.8232E-2
1.6000E-5	1.0010E-2	-4.3701E-2
1.7000E-5	9.5215E-3	1.3770E-2
1.8000E-5	9.7656E-3	8.4668E-2
1.9000E-5	9.7656E-3	1.7188E-1
2.0000E-5	1.0010E-2	2.7139E-1
2.1000E-5	1.0010E-2	3.7559E-1
2.2000E-5	9.5215E-3	4.7402E-1
2.3000E-5	9.5215E-3	5.5605E-1
2.4000E-5	9.5215E-3	6.0938E-1
2.5000E-5	1.0010E-2	6.2842E-1
2.6000E-5	9.7656E-3	6.1411E-1
2.7000E-5	1.0010E-2	5.7119E-1
2.8000E-5	9.7656E-3	5.0688E-1
2.9000E-5	9.0332E-3	4.3208E-1
3.0000E-5	8.7891E-3	3.5571E-1
3.1000E-5	9.5215E-3	2.8325E-1
3.2000E-5	9.7656E-3	2.1958E-1
3.3000E-5	1.0010E-2	1.6899E-1
3.4000E-5	9.7656E-3	1.3125E-1
3.5000E-5	9.7656E-3	1.0767E-1
3.6000E-5	9.7656E-3	9.7803E-2
3.7000E-5	1.0010E-2	9.8926E-2
3.8000E-5	9.7656E-3	1.0708E-1
3.9000E-5	9.7656E-3	1.2129E-1
4.0000E-5	9.5215E-3	1.3936E-1
4.1000E-5	1.0010E-2	1.6055E-1
4.2000E-5	9.5215E-3	1.8276E-1
4.3000E-5	9.7656E-3	2.1030E-1
4.4000E-5	1.0498E-2	2.4429E-1
4.5000E-5	9.7656E-3	2.8140E-1
4.6000E-5	9.7656E-3	3.2314E-1
4.7000E-5	1.0010E-2	3.6943E-1
4.8000E-5	1.0010E-2	4.1719E-1
4.9000E-5	1.0254E-2	4.6338E-1
5.0000E-5	9.7656E-3	5.0371E-1
5.1000E-5	1.0254E-2	5.3462E-1
5.2000E-5	1.0010E-2	5.5332E-1
5.3000E-5	9.7656E-3	5.6108E-1
5.4000E-5	9.5215E-3	5.5405E-1
5.5000E-5	9.5215E-3	5.3452E-1
5.6000E-5	9.2773E-3	5.0435E-1
5.7000E-5	9.5215E-3	4.6636E-1
5.8000E-5	9.2773E-3	4.2188E-1
5.9000E-5	9.5215E-3	3.7651E-1
6.0000E-5	9.2773E-3	3.3716E-1
6.1000E-5	9.5215E-3	3.0366E-1
6.2000E-5	9.0332E-3	2.7671E-1
6.3000E-5	1.0254E-2	2.5586E-1
6.4000E-5	9.2773E-3	2.4092E-1
6.5000E-5	9.7656E-3	2.3237E-1
6.6000E-5	9.2773E-3	2.2891E-1
6.7000E-5	9.5215E-3	2.3208E-1
6.8000E-5	9.2773E-3	2.4165E-1
6.9000E-5	9.5215E-3	2.5801E-1
7.0000E-5	9.2773E-3	2.7607E-1
7.1000E-5	1.0010E-2	2.9839E-1
7.2000E-5	1.0010E-2	3.2393E-1
7.3000E-5	9.5215E-3	3.5151E-1
7.4000E-5	9.2773E-3	3.7974E-1
7.5000E-5	9.5215E-3	4.0464E-1
7.6000E-5	9.5215E-3	4.2891E-1
7.7000E-5	9.2773E-3	4.5112E-1
7.8000E-5	9.0332E-3	4.7002E-1
7.9000E-5	9.5215E-3	4.8535E-1
8.0000E-5	9.5215E-3	4.9688E-1
8.1000E-5	9.5215E-3	5.0415E-1
8.2000E-5	9.5215E-3	5.0640E-1
8.3000E-5	9.2773E-3	5.0225E-1
8.4000E-5	9.5215E-3	4.9316E-1
8.5000E-5	9.5215E-3	4.8174E-1
8.6000E-5	9.2773E-3	4.6626E-1
8.7000E-5	1.0010E-2	4.4834E-1
8.8000E-5	1.0254E-2	4.3096E-1
8.9000E-5	1.0254E-2	4.1323E-1
9.0000E-5	9.2773E-3	3.9536E-1
9.1000E-5	1.0254E-2	3.7881E-1
9.2000E-5	1.0254E-2	3.6416E-1
9.3000E-5	9.7656E-3	3.5225E-1
9.4000E-5	9.5215E-3	3.4224E-1
9.5000E-5	1.0254E-2	3.3623E-1
9.6000E-5	1.0010E-2	3.3296E-1
9.7000E-5	1.0010E-2	3.3398E-1
9.8000E-5	9.7656E-3	3.3594E-1
9.9000E-5	9.5215E-3	3.3940E-1
1.0000E-4	1.0010E-2	3.4414E-1
1.0100E-4	9.2773E-3	3.4722E-1
1.0200E-4	9.2773E-3	3.4946E-1
1.0300E-4	9.5215E-3	3.5195E-1
1.0400E-4	9.5215E-3	3.5571E-1
1.0500E-4	1.0498E-2	3.6245E-1
1.0600E-4	9.7656E-3	3.7051E-1
1.0700E-4	1.0498E-2	3.8037E-1
1.0800E-4	1.0010E-2	3.8960E-1
1.0900E-4	9.7656E-3	3.9912E-1
1.1000E-4	9.2773E-3	4.0737E-1
1.1100E-4	9.7656E-3	4.1758E-1
1.1200E-4	9.7656E-3	4.2627E-1
1.1300E-4	9.7656E-3	4.3701E-1
1.1400E-4	9.2773E-3	4.4644E-1
1.1500E-4	9.7656E-3	4.5786E-1
1.1600E-4	1.0010E-2	4.7002E-1
1.1700E-4	9.7656E-3	4.8193E-1
1.1800E-4	1.0254E-2	4.9204E-1
1.1900E-4	9.7656E-3	5.0073E-1
1.2000E-4	9.7656E-3	5.0464E-1
1.2100E-4	1.0254E-2	5.0464E-1
1.2200E-4	1.0010E-2	5.0171E-1
1.2300E-4	9.7656E-3	4.9590E-1
1.2400E-4	9.0332E-3	4.8789E-1
1.2500E-4	1.0010E-2	4.7603E-1
1.2600E-4	9.5215E-3	4.6167E-1
1.2700E-4	9.5215E-3	4.4395E-1
1.2800E-4	8.7891E-3	4.2466E-1
1.2900E-4	9.2773E-3	4.0474E-1
1.3000E-4	9.5215E-3	3.8643E-1
1.3100E-4	9.5215E-3	3.6865E-1
1.3200E-4	9.7656E-3	3.5156E-1
1.3300E-4	9.7656E-3	3.3696E-1
1.3400E-4	9.2773E-3	3.2383E-1
1.3500E-4	1.0010E-2	3.1299E-1
1.3600E-4	1.0254E-2	3.0718E-1
1.3700E-4	1.0010E-2	3.0601E-1
1.3800E-4	9.7656E-3	3.0913E-1
1.3900E-4	9.5215E-3	3.1895E-1
1.4000E-4	9.2773E-3	3.3477E-1
1.4100E-4	9.2773E-3	3.5620E-1
1.4200E-4	9.7656E-3	3.8374E-1
1.4300E-4	9.0332E-3	4.1626E-1
1.4400E-4	9.5215E-3	4.5215E-1
1.4500E-4	9.7656E-3	4.8647E-1
1.4600E-4	9.5215E-3	5.1665E-1
1.4700E-4	9.5215E-3	5.3970E-1
1.4800E-4	9.0332E-3	5.5200E-1
1.4900E-4	9.2773E-3	5.5239E-1
1.5000E-4	9.0332E-3	5.4478E-1
1.5100E-4	9.5215E-3	5.2920E-1
1.5200E-4	1.0010E-2	5.0791E-1
1.5300E-4	9.2773E-3	4.8354E-1
1.5400E-4	9.2773E-3	4.5342E-1
1.5500E-4	9.5215E-3	4.1953E-1
1.5600E-4	9.2773E-3	3.8311E-1
1.5700E-4	1.0254E-2	3.4473E-1
1.5800E-4	1.0254E-2	3.0542E-1
1.5900E-4	9.5215E-3	2.7192E-1
1.6000E-4	9.2773E-3	2.4390E-1
1.6100E-4	9.5215E-3	2.2187E-1
1.6200E-4	9.7656E-3	2.0894E-1
1.6300E-4	9.7656E-3	2.0361E-1
1.6400E-4	9.5215E-3	2.0615E-1
1.6500E-4	9.7656E-3	2.1465E-1
1.6600E-4	9.7656E-3	2.3066E-1
1.6700E-4	9.5215E-3	2.5181E-1
1.6800E-4	9.2773E-3	2.7822E-1
1.6900E-4	9.5215E-3	3.0894E-1
1.7000E-4	9.5215E-3	3.4609E-1
1.7100E-4	9.7656E-3	3.8633E-1
1.7200E-4	9.2773E-3	4.3198E-1
1.7300E-4	9.7656E-3	4.8062E-1
1.7400E-4	9.5215E-3	5.2598E-1
1.7500E-4	9.7656E-3	5.6055E-1
1.7600E-4	8.7891E-3	5.8315E-1
1.7700E-4	9.2773E-3	5.9043E-1
1.7800E-4	9.5215E-3	5.8169E-1
1.7900E-4	9.7656E-3	5.6055E-1
1.8000E-4	9.7656E-3	5.3242E-1
1.8100E-4	1.0254E-2	4.9434E-1
1.8200E-4	9.0332E-3	4.4741E-1
1.8300E-4	1.0010E-2	3.9507E-1
1.8400E-4	1.0010E-2	3.4097E-1
1.8500E-4	9.5215E-3	2.8643E-1
1.8600E-4	9.2773E-3	2.4038E-1
1.8700E-4	9.5215E-3	2.0283E-1
1.8800E-4	9.5215E-3	1.7534E-1
1.8900E-4	9.5215E-3	1.5767E-1
1.9000E-4	9.5215E-3	1.5005E-1
1.9100E-4	9.7656E-3	1.4771E-1
1.9200E-4	1.0498E-2	1.5283E-1
1.9300E-4	9.2773E-3	1.6387E-1
1.9400E-4	9.7656E-3	1.7959E-1
1.9500E-4	9.5215E-3	1.9902E-1
1.9600E-4	9.7656E-3	2.2437E-1
1.9700E-4	9.7656E-3	2.5542E-1
1.9800E-4	1.0498E-2	2.9214E-1
1.9900E-4	9.7656E-3	3.3618E-1
2.0000E-4	1.0010E-2	3.8667E-1
2.0100E-4	9.2773E-3	4.4487E-1
2.0200E-4	1.0254E-2	5.0415E-1
2.0300E-4	9.7656E-3	5.5591E-1
2.0400E-4	1.0254E-2	5.9204E-1
2.0500E-4	1.0010E-2	6.1016E-1
2.0600E-4	9.2773E-3	6.0596E-1
2.0700E-4	9.5215E-3	5.7983E-1
2.0800E-4	1.0010E-2	5.3882E-1
2.0900E-4	9.5215E-3	4.8779E-1
2.1000E-4	9.5215E-3	4.2808E-1
2.1100E-4	9.5215E-3	3.6270E-1
2.1200E-4	9.7656E-3	2.9956E-1
2.1300E-4	9.5215E-3	2.4058E-1
2.1400E-4	9.7656E-3	1.8901E-1
2.1500E-4	9.7656E-3	1.4951E-1
2.1600E-4	9.2773E-3	1.2202E-1
2.1700E-4	1.0010E-2	1.0435E-1
2.1800E-4	9.2773E-3	9.8242E-2
2.1900E-4	1.0010E-2	1.0229E-1
2.2000E-4	9.7656E-3	1.1377E-1
2.2100E-4	1.0254E-2	1.3047E-1
2.2200E-4	9.7656E-3	1.5205E-1
2.2300E-4	9.7656E-3	1.7896E-1
2.2400E-4	1.0254E-2	2.1021E-1
2.2500E-4	9.7656E-3	2.4512E-1
2.2600E-4	9.2773E-3	2.8672E-1
2.2700E-4	1.0010E-2	3.3384E-1
2.2800E-4	9.5215E-3	3.8530E-1
2.2900E-4	9.7656E-3	4.4146E-1
2.3000E-4	9.5215E-3	4.9888E-1
2.3100E-4	9.5215E-3	5.5137E-1
2.3200E-4	9.2773E-3	5.9160E-1
2.3300E-4	9.2773E-3	6.1294E-1
2.3400E-4	9.0332E-3	6.1060E-1
2.3500E-4	9.5215E-3	5.8330E-1
2.3600E-4	9.7656E-3	5.3481E-1
2.3700E-4	9.5215E-3	4.7104E-1
2.3800E-4	9.2773E-3	3.9932E-1
2.3900E-4	1.0010E-2	3.2329E-1
2.4000E-4	8.7891E-3	2.5337E-1
2.4100E-4	1.0010E-2	1.9111E-1
2.4200E-4	9.7656E-3	1.4165E-1
2.4300E-4	9.7656E-3	1.0562E-1
2.4400E-4	1.0010E-2	8.3496E-2
2.4500E-4	9.0332E-3	7.4609E-2
2.4600E-4	9.2773E-3	7.5586E-2
2.4700E-4	9.2773E-3	8.4863E-2
2.4800E-4	9.2773E-3	9.9658E-2
2.4900E-4	9.7656E-3	1.1953E-1
2.5000E-4	9.7656E-3	1.4033E-1
2.5100E-4	9.7656E-3	1.6606E-1
2.5200E-4	8.7891E-3	1.9644E-1
2.5300E-4	9.0332E-3	2.3135E-1
2.5400E-4	9.7656E-3	2.7129E-1
2.5500E-4	9.5215E-3	3.1904E-1
2.5600E-4	9.5215E-3	3.7153E-1
2.5700E-4	9.5215E-3	4.3105E-1
2.5800E-4	9.7656E-3	4.9502E-1
2.5900E-4	1.0010E-2	5.5464E-1
2.6000E-4	9.5215E-3	6.0142E-1
2.6100E-4	9.5215E-3	6.2876E-1
2.6200E-4	9.5215E-3	6.2959E-1
2.6300E-4	9.5215E-3	6.0273E-1
2.6400E-4	1.0254E-2	5.5459E-1
2.6500E-4	1.0010E-2	4.8955E-1
2.6600E-4	9.5215E-3	4.1587E-1
2.6700E-4	9.2773E-3	3.3984E-1
2.6800E-4	9.2773E-3	2.6841E-1
2.6900E-4	1.0010E-2	2.0645E-1
2.7000E-4	9.7656E-3	1.5815E-1
2.7100E-4	9.5215E-3	1.2573E-1
2.7200E-4	9.5215E-3	1.0635E-1
2.7300E-4	9.2773E-3	1.0117E-1
2.7400E-4	9.2773E-3	1.0640E-1
2.7500E-4	9.5215E-3	1.1841E-1
2.7600E-4	1.0498E-2	1.3184E-1
2.7700E-4	9.7656E-3	1.4902E-1
2.7800E-4	1.0010E-2	1.7002E-1
2.7900E-4	9.5215E-3	1.9385E-1
2.8000E-4	9.2773E-3	2.2236E-1
2.8100E-4	1.0254E-2	2.5688E-1
2.8200E-4	9.5215E-3	2.9736E-1
2.8300E-4	9.7656E-3	3.4277E-1
2.8400E-4	9.7656E-3	3.9175E-1
2.8500E-4	9.7656E-3	4.4634E-1
2.8600E-4	9.7656E-3	5.0454E-1
2.8700E-4	9.2773E-3	5.5547E-1
2.8800E-4	9.0332E-3	5.9023E-1
2.8900E-4	9.7656E-3	6.0923E-1
2.9000E-4	9.5215E-3	6.0566E-1
2.9100E-4	8.3008E-3	5.7822E-1
2.9200E-4	1.0010E-2	5.3291E-1
2.9300E-4	9.7656E-3	4.7524E-1
2.9400E-4	9.5215E-3	4.0942E-1
2.9500E-4	9.7656E-3	3.4116E-1
2.9600E-4	9.5215E-3	2.7886E-1
2.9700E-4	1.0010E-2	2.2407E-1
2.9800E-4	9.2773E-3	1.8223E-1
2.9900E-4	9.2773E-3	1.5107E-1
3.0000E-4	1.0010E-2	1.3267E-1
3.0100E-4	1.0254E-2	1.2437E-1
3.0200E-4	9.7656E-3	1.2554E-1
3.0300E-4	9.7656E-3	1.3228E-1
3.0400E-4	9.7656E-3	1.4629E-1
3.0500E-4	9.5215E-3	1.6348E-1
3.0600E-4	9.5215E-3	1.8335E-1
3.0700E-4	9.5215E-3	2.0898E-1
3.0800E-4	9.2773E-3	2.3970E-1
3.0900E-4	9.5215E-3	2.7573E-1
3.1000E-4	9.5215E-3	3.1665E-1
3.1100E-4	9.2773E-3	3.6299E-1
3.1200E-4	9.7656E-3	4.1201E-1
3.1300E-4	1.0010E-2	4.6270E-1
3.1400E-4	9.0332E-3	5.1504E-1
3.1500E-4	9.2773E-3	5.5972E-1
3.1600E-4	1.0010E-2	5.8975E-1
3.1700E-4	9.2773E-3	6.0625E-1
3.1800E-4	1.0010E-2	6.0522E-1
3.1900E-4	9.5215E-3	5.8691E-1
3.2000E-4	9.7656E-3	5.5557E-1
3.2100E-4	9.7656E-3	5.1714E-1
3.2200E-4	9.2773E-3	4.7046E-1
3.2300E-4	9.2773E-3	4.2173E-1
3.2400E-4	1.0010E-2	3.7100E-1
3.2500E-4	9.2773E-3	3.2207E-1
3.2600E-4	9.7656E-3	2.7954E-1
3.2700E-4	1.0010E-2	2.4531E-1
3.2800E-4	9.2773E-3	2.1973E-1
3.2900E-4	9.7656E-3	2.0044E-1
3.3000E-4	9.7656E-3	1.9263E-1
3.3100E-4	9.5215E-3	1.9346E-1
3.3200E-4	9.2773E-3	2.0386E-1
3.3300E-4	9.5215E-3	2.2065E-1
3.3400E-4	9.0332E-3	2.4551E-1
3.3500E-4	9.5215E-3	2.7363E-1
3.3600E-4	1.0010E-2	3.0493E-1
3.3700E-4	1.0254E-2	3.3608E-1
3.3800E-4	1.0254E-2	3.6807E-1
3.3900E-4	9.7656E-3	4.0190E-1
3.4000E-4	9.5215E-3	4.3540E-1
3.4100E-4	1.0010E-2	4.6978E-1
3.4200E-4	9.0332E-3	5.0181E-1
3.4300E-4	9.2773E-3	5.2827E-1
3.4400E-4	8.7891E-3	5.4526E-1
3.4500E-4	9.5215E-3	5.5332E-1
3.4600E-4	9.2773E-3	5.4824E-1
3.4700E-4	9.2773E-3	5.3481E-1
3.4800E-4	1.0010E-2	5.1680E-1
3.4900E-4	9.7656E-3	4.9297E-1
3.5000E-4	9.0332E-3	4.6592E-1
3.5100E-4	9.5215E-3	4.3579E-1
3.5200E-4	9.7656E-3	4.0415E-1
3.5300E-4	9.0332E-3	3.7002E-1
3.5400E-4	1.0010E-2	3.3745E-1
3.5500E-4	1.0254E-2	3.0957E-1
3.5600E-4	9.7656E-3	2.8809E-1
3.5700E-4	1.0010E-2	2.7412E-1
3.5800E-4	9.5215E-3	2.6611E-1
3.5900E-4	9.5215E-3	2.6440E-1
3.6000E-4	9.2773E-3	2.6763E-1
3.6100E-4	9.2773E-3	2.7529E-1
3.6200E-4	9.7656E-3	2.8452E-1
3.6300E-4	9.2773E-3	2.9863E-1
3.6400E-4	9.5215E-3	3.1528E-1
3.6500E-4	9.2773E-3	3.3354E-1
3.6600E-4	9.5215E-3	3.5269E-1
3.6700E-4	1.0254E-2	3.7197E-1
3.6800E-4	1.0254E-2	3.9185E-1
3.6900E-4	9.7656E-3	4.1147E-1
3.7000E-4	9.5215E-3	4.3096E-1
3.7100E-4	9.7656E-3	4.4971E-1
3.7200E-4	1.0498E-2	4.6572E-1
3.7300E-4	9.5215E-3	4.7598E-1
3.7400E-4	9.5215E-3	4.8345E-1
3.7500E-4	1.0010E-2	4.8320E-1
3.7600E-4	1.0010E-2	4.8027E-1
3.7700E-4	9.5215E-3	4.7417E-1
3.7800E-4	9.5215E-3	4.6699E-1
3.7900E-4	9.2773E-3	4.5786E-1
3.8000E-4	8.7891E-3	4.5117E-1
3.8100E-4	1.0010E-2	4.4165E-1
3.8200E-4	9.7656E-3	4.3301E-1
3.8300E-4	1.0498E-2	4.2661E-1
3.8400E-4	1.0010E-2	4.2271E-1
3.8500E-4	9.5215E-3	4.2026E-1
3.8600E-4	9.2773E-3	4.2139E-1
3.8700E-4	9.7656E-3	4.2490E-1
3.8800E-4	1.0498E-2	4.2559E-1
3.8900E-4	9.7656E-3	4.2109E-1
3.9000E-4	1.0254E-2	4.1372E-1
3.9100E-4	9.5215E-3	4.0273E-1
3.9200E-4	9.7656E-3	3.8936E-1
3.9300E-4	9.7656E-3	3.7729E-1
3.9400E-4	9.7656E-3	3.6982E-1
3.9500E-4	1.0254E-2	3.6528E-1
3.9600E-4	9.7656E-3	3.6230E-1
3.9700E-4	9.5215E-3	3.6001E-1
3.9800E-4	9.5215E-3	3.5835E-1
3.9900E-4	9.7656E-3	3.5952E-1
4.0000E-4	9.5215E-3	3.6338E-1
4.0100E-4	1.0498E-2	3.6968E-1
4.0200E-4	9.5215E-3	3.7852E-1
4.0300E-4	1.0010E-2	3.8833E-1
4.0400E-4	9.2773E-3	3.9805E-1
4.0500E-4	9.5215E-3	4.0635E-1
4.0600E-4	9.0332E-3	4.1704E-1
4.0700E-4	9.7656E-3	4.2749E-1
4.0800E-4	9.5215E-3	4.3755E-1
4.0900E-4	9.2773E-3	4.4570E-1
4.1000E-4	9.0332E-3	4.5425E-1
4.1100E-4	9.7656E-3	4.5981E-1
4.1200E-4	9.7656E-3	4.5996E-1
4.1300E-4	1.0254E-2	4.5937E-1
4.1400E-4	9.5215E-3	4.5630E-1
4.1500E-4	9.7656E-3	4.5020E-1
4.1600E-4	9.2773E-3	4.3833E-1
4.1700E-4	9.5215E-3	4.2568E-1
4.1800E-4	9.2773E-3	4.0898E-1
4.1900E-4	9.7656E-3	3.8896E-1
4.2000E-4	1.0010E-2	3.6582E-1
4.2100E-4	1.0498E-2	3.4268E-1
4.2200E-4	9.5215E-3	3.2163E-1
4.2300E-4	9.7656E-3	3.0225E-1
4.2400E-4	9.7656E-3	2.8506E-1
4.2500E-4	9.7656E-3	2.6743E-1
4.2600E-4	9.2773E-3	2.5356E-1
4.2700E-4	1.0010E-2	2.3975E-1
4.2800E-4	1.0254E-2	2.3208E-1
4.2900E-4	1.0010E-2	2.3120E-1
4.3000E-4	9.0332E-3	2.3828E-1
4.3100E-4	9.5215E-3	2.5054E-1
4.3200E-4	9.2773E-3	2.6924E-1
4.3300E-4	9.7656E-3	2.9072E-1
4.3400E-4	9.5215E-3	3.1426E-1
4.3500E-4	9.5215E-3	3.4263E-1
4.3600E-4	9.7656E-3	3.7217E-1
4.3700E-4	9.2773E-3	4.0361E-1
4.3800E-4	1.0010E-2	4.3066E-1
4.3900E-4	9.5215E-3	4.4888E-1
4.4000E-4	1.0254E-2	4.5664E-1
4.4100E-4	9.5215E-3	4.5811E-1
4.4200E-4	9.7656E-3	4.5210E-1
4.4300E-4	9.7656E-3	4.4473E-1
4.4400E-4	9.7656E-3	4.3433E-1
4.4500E-4	9.5215E-3	4.2012E-1
4.4600E-4	9.7656E-3	3.9834E-1
4.4700E-4	9.2773E-3	3.6929E-1
4.4800E-4	1.0010E-2	3.2915E-1
4.4900E-4	9.7656E-3	2.8652E-1
4.5000E-4	9.5215E-3	2.4419E-1
4.5100E-4	1.0254E-2	2.0586E-1
4.5200E-4	9.5215E-3	1.7197E-1
4.5300E-4	9.2773E-3	1.4717E-1
4.5400E-4	8.7891E-3	1.2974E-1
4.5500E-4	1.0498E-2	1.1851E-1
4.5600E-4	9.2773E-3	1.1494E-1
4.5700E-4	1.0010E-2	1.1938E-1
4.5800E-4	9.5215E-3	1.3101E-1
4.5900E-4	9.5215E-3	1.4741E-1
4.6000E-4	9.5215E-3	1.6689E-1
4.6100E-4	1.0498E-2	1.8804E-1
4.6200E-4	9.5215E-3	2.1089E-1
4.6300E-4	9.7656E-3	2.3481E-1
4.6400E-4	9.5215E-3	2.6265E-1
4.6500E-4	9.5215E-3	2.9775E-1
4.6600E-4	9.5215E-3	3.3706E-1
4.6700E-4	1.0010E-2	3.7686E-1
4.6800E-4	1.0254E-2	4.1104E-1
4.6900E-4	1.0010E-2	4.3633E-1
4.7000E-4	9.2773E-3	4.4648E-1
4.7100E-4	9.2773E-3	4.3823E-1
4.7200E-4	9.2773E-3	4.1079E-1
4.7300E-4	9.2773E-3	3.6772E-1
4.7400E-4	1.0254E-2	3.0889E-1
4.7500E-4	9.5215E-3	2.4033E-1
4.7600E-4	9.0332E-3	1.6851E-1
4.7700E-4	1.0254E-2	9.9756E-2
4.7800E-4	9.2773E-3	3.6426E-2
4.7900E-4	1.0010E-2	-1.8213E-2
4.8000E-4	1.0010E-2	-6.4453E-2
4.8100E-4	1.0010E-2	-1.0239E-1
4.8200E-4	9.5215E-3	-1.3394E-1
4.8300E-4	9.7656E-3	-1.6050E-1
4.8400E-4	1.0498E-2	-1.8057E-1
4.8500E-4	9.5215E-3	-1.9824E-1
4.8600E-4	9.5215E-3	-2.1177E-1
4.8700E-4	9.2773E-3	-2.2217E-1
4.8800E-4	9.5215E-3	-2.2764E-1
4.8900E-4	9.0332E-3	-2.3149E-1
4.9000E-4	9.7656E-3	-2.3086E-1
4.9100E-4	1.0010E-2	-2.3159E-1
4.9200E-4	1.0742E-2	-2.2993E-1
4.9300E-4	9.5215E-3	-2.2886E-1
4.9400E-4	9.5215E-3	-2.2905E-1
4.9500E-4	9.2773E-3	-2.3125E-1
4.9600E-4	9.5215E-3	-2.3384E-1
4.9700E-4	9.7656E-3	-2.3481E-1
4.9800E-4	9.5215E-3	-2.3491E-1
4.9900E-4	9.2773E-3	-2.3374E-1
5.0000E-4	9.7656E-3	-2.3296E-1
5.0100E-4	9.7656E-3	-2.3037E-1
5.0200E-4	9.7656E-3	-2.3110E-1
5.0300E-4	9.5215E-3	-2.3115E-1
5.0400E-4	9.7656E-3	-2.2959E-1
5.0500E-4	8.7891E-3	-2.2432E-1
5.0600E-4	9.5215E-3	-2.1763E-1
5.0700E-4	9.7656E-3	-2.0859E-1
5.0800E-4	1.0742E-2	-2.0063E-1
5.0900E-4	9.7656E-3	-1.8838E-1
5.1000E-4	9.5215E-3	-1.7310E-1
5.1100E-4	9.5215E-3	-1.5649E-1
5.1200E-4	1.0010E-2	-1.3804E-1
5.1300E-4	9.2773E-3	-1.1387E-1
5.1400E-4	9.7656E-3	-8.9160E-2
5.1500E-4	9.5215E-3	-6.1768E-2
5.1600E-4	9.2773E-3	-2.6465E-2
5.1700E-4	1.0498E-2	1.9678E-2
5.1800E-4	9.2773E-3	7.5537E-2
5.1900E-4	9.7656E-3	1.4233E-1
5.2000E-4	1.0010E-2	2.1919E-1
5.2100E-4	9.0332E-3	2.9844E-1
5.2200E-4	9.5215E-3	3.7451E-1
5.2300E-4	9.5215E-3	4.3311E-1
5.2400E-4	9.2773E-3	4.7075E-1
5.2500E-4	9.2773E-3	4.8364E-1
5.2600E-4	9.5215E-3	4.7402E-1
5.2700E-4	9.7656E-3	4.4214E-1
5.2800E-4	9.7656E-3	3.9888E-1
5.2900E-4	1.0498E-2	3.4658E-1
5.3000E-4	9.2773E-3	2.9282E-1
5.3100E-4	9.5215E-3	2.4102E-1
5.3200E-4	9.7656E-3	1.9561E-1
5.3300E-4	9.7656E-3	1.5977E-1
5.3400E-4	9.7656E-3	1.3496E-1
5.3500E-4	9.7656E-3	1.1777E-1
5.3600E-4	9.5215E-3	1.0801E-1
5.3700E-4	9.5215E-3	1.0435E-1
5.3800E-4	9.5215E-3	1.0864E-1
5.3900E-4	9.2773E-3	1.1768E-1
5.4000E-4	1.0254E-2	1.3047E-1
5.4100E-4	1.0254E-2	1.4873E-1
5.4200E-4	9.5215E-3	1.6919E-1
5.4300E-4	1.0010E-2	1.9253E-1
5.4400E-4	9.5215E-3	2.1909E-1
5.4500E-4	9.5215E-3	2.4956E-1
5.4600E-4	9.5215E-3	2.8047E-1
5.4700E-4	1.0010E-2	3.1450E-1
5.4800E-4	9.2773E-3	3.4526E-1
5.4900E-4	9.5215E-3	3.7622E-1
5.5000E-4	9.0332E-3	4.0054E-1
5.5100E-4	1.0010E-2	4.1909E-1
5.5200E-4	9.7656E-3	4.2778E-1
5.5300E-4	9.0332E-3	4.3052E-1
5.5400E-4	8.5449E-3	4.2417E-1
5.5500E-4	9.2773E-3	4.1299E-1
5.5600E-4	9.7656E-3	3.9502E-1
5.5700E-4	9.5215E-3	3.7520E-1
5.5800E-4	1.0498E-2	3.5093E-1
5.5900E-4	1.0254E-2	3.2471E-1
5.6000E-4	1.0010E-2	2.9600E-1
5.6100E-4	1.0254E-2	2.6968E-1
5.6200E-4	9.2773E-3	2.4507E-1
5.6300E-4	1.0010E-2	2.2383E-1
5.6400E-4	9.7656E-3	2.0635E-1
5.6500E-4	1.0010E-2	1.9565E-1
5.6600E-4	9.7656E-3	1.9126E-1
5.6700E-4	9.7656E-3	1.9170E-1
5.6800E-4	9.7656E-3	1.9697E-1
5.6900E-4	9.5215E-3	2.0645E-1
5.7000E-4	9.2773E-3	2.1895E-1
5.7100E-4	9.5215E-3	2.3403E-1
5.7200E-4	1.0254E-2	2.5127E-1
5.7300E-4	9.2773E-3	2.6958E-1
5.7400E-4	9.5215E-3	2.8735E-1
5.7500E-4	9.5215E-3	3.0635E-1
5.7600E-4	9.5215E-3	3.2344E-1
5.7700E-4	9.0332E-3	3.3926E-1
5.7800E-4	9.5215E-3	3.5337E-1
5.7900E-4	9.7656E-3	3.6782E-1
5.8000E-4	9.5215E-3	3.7793E-1
5.8100E-4	9.7656E-3	3.8911E-1
5.8200E-4	9.7656E-3	3.9702E-1
5.8300E-4	9.2773E-3	3.9971E-1
5.8400E-4	9.5215E-3	3.9570E-1
5.8500E-4	9.2773E-3	3.8960E-1
5.8600E-4	1.0498E-2	3.7769E-1
5.8700E-4	9.5215E-3	3.6475E-1
5.8800E-4	1.0010E-2	3.5254E-1
5.8900E-4	9.2773E-3	3.4043E-1
5.9000E-4	9.2773E-3	3.2769E-1
5.9100E-4	9.7656E-3	3.1440E-1
5.9200E-4	9.7656E-3	3.0054E-1
5.9300E-4	9.5215E-3	2.8945E-1
5.9400E-4	9.7656E-3	2.8257E-1
5.9500E-4	9.2773E-3	2.8018E-1
5.9600E-4	1.0254E-2	2.8159E-1
5.9700E-4	1.0010E-2	2.8682E-1
5.9800E-4	9.2773E-3	2.9434E-1
5.9900E-4	1.0254E-2	3.0200E-1
6.0000E-4	9.5215E-3	3.0742E-1
6.0100E-4	1.0254E-2	3.1201E-1
6.0200E-4	9.7656E-3	3.1465E-1
6.0300E-4	9.0332E-3	3.1660E-1
6.0400E-4	1.0010E-2	3.1592E-1
6.0500E-4	9.7656E-3	3.1499E-1
6.0600E-4	9.5215E-3	3.1660E-1
6.0700E-4	1.0254E-2	3.2031E-1
6.0800E-4	1.0010E-2	3.2524E-1
6.0900E-4	9.7656E-3	3.3320E-1
6.1000E-4	9.2773E-3	3.4136E-1
6.1100E-4	1.0010E-2	3.4790E-1
6.1200E-4	1.0254E-2	3.5601E-1
6.1300E-4	9.5215E-3	3.6191E-1
6.1400E-4	9.5215E-3	3.6743E-1
6.1500E-4	9.5215E-3	3.7310E-1
6.1600E-4	1.0010E-2	3.7715E-1
6.1700E-4	9.2773E-3	3.7793E-1
6.1800E-4	9.0332E-3	3.7954E-1
6.1900E-4	9.7656E-3	3.8013E-1
6.2000E-4	9.5215E-3	3.8291E-1
6.2100E-4	1.0010E-2	3.8755E-1
6.2200E-4	9.5215E-3	3.9370E-1
6.2300E-4	9.5215E-3	3.9878E-1
6.2400E-4	1.0010E-2	4.0107E-1
6.2500E-4	9.0332E-3	3.9854E-1
6.2600E-4	9.2773E-3	3.8965E-1
6.2700E-4	1.0010E-2	3.7422E-1
6.2800E-4	9.5215E-3	3.5659E-1
6.2900E-4	9.7656E-3	3.3965E-1
6.3000E-4	9.2773E-3	3.2217E-1
6.3100E-4	1.0254E-2	3.0566E-1
6.3200E-4	1.0010E-2	2.9224E-1
6.3300E-4	8.3008E-3	2.8013E-1
6.3400E-4	9.0332E-3	2.6797E-1
6.3500E-4	9.2773E-3	2.5996E-1
6.3600E-4	9.5215E-3	2.5601E-1
6.3700E-4	9.2773E-3	2.5698E-1
6.3800E-4	1.0010E-2	2.6416E-1
6.3900E-4	1.0010E-2	2.7759E-1
6.4000E-4	9.5215E-3	2.9390E-1
6.4100E-4	9.7656E-3	3.1528E-1
6.4200E-4	1.0010E-2	3.4150E-1
6.4300E-4	9.5215E-3	3.7119E-1
6.4400E-4	9.7656E-3	4.0088E-1
6.4500E-4	9.2773E-3	4.3389E-1
6.4600E-4	9.0332E-3	4.6514E-1
6.4700E-4	9.7656E-3	4.9019E-1
6.4800E-4	1.0254E-2	5.0459E-1
6.4900E-4	9.7656E-3	5.1206E-1
6.5000E-4	9.2773E-3	5.0801E-1
6.5100E-4	1.0010E-2	4.9741E-1
6.5200E-4	1.0010E-2	4.8169E-1
6.5300E-4	1.0010E-2	4.6416E-1
6.5400E-4	9.7656E-3	4.4214E-1
6.5500E-4	9.5215E-3	4.1846E-1
6.5600E-4	9.7656E-3	3.8818E-1
6.5700E-4	9.5215E-3	3.5435E-1
6.5800E-4	9.2773E-3	3.1768E-1
6.5900E-4	9.5215E-3	2.8354E-1
6.6000E-4	9.2773E-3	2.5322E-1
6.6100E-4	9.7656E-3	2.2983E-1
6.6200E-4	9.0332E-3	2.1079E-1
6.6300E-4	9.5215E-3	2.0059E-1
6.6400E-4	1.0010E-2	1.9624E-1
6.6500E-4	1.0010E-2	1.9922E-1
6.6600E-4	9.5215E-3	2.0962E-1
6.6700E-4	9.7656E-3	2.3105E-1
6.6800E-4	1.0254E-2	2.5674E-1
6.6900E-4	9.2773E-3	2.8711E-1
6.7000E-4	9.2773E-3	3.2231E-1
6.7100E-4	9.5215E-3	3.6294E-1
6.7200E-4	9.7656E-3	4.0454E-1
6.7300E-4	9.5215E-3	4.4756E-1
6.7400E-4	1.0010E-2	4.9194E-1
6.7500E-4	1.0010E-2	5.2798E-1
6.7600E-4	1.0010E-2	5.4873E-1
6.7700E-4	1.0010E-2	5.5752E-1
6.7800E-4	9.0332E-3	5.5386E-1
6.7900E-4	9.5215E-3	5.3691E-1
6.8000E-4	9.5215E-3	5.1021E-1
6.8100E-4	1.0010E-2	4.7935E-1
6.8200E-4	9.2773E-3	4.3794E-1
6.8300E-4	9.5215E-3	3.8867E-1
6.8400E-4	9.5215E-3	3.3560E-1
6.8500E-4	9.2773E-3	2.8354E-1
6.8600E-4	9.2773E-3	2.3530E-1
6.8700E-4	1.0010E-2	1.9722E-1
6.8800E-4	9.0332E-3	1.7217E-1
6.8900E-4	9.5215E-3	1.5557E-1
6.9000E-4	9.2773E-3	1.4639E-1
6.9100E-4	9.2773E-3	1.4512E-1
6.9200E-4	9.2773E-3	1.5117E-1
6.9300E-4	1.0010E-2	1.6260E-1
6.9400E-4	9.2773E-3	1.8184E-1
6.9500E-4	9.5215E-3	2.0498E-1
6.9600E-4	1.0010E-2	2.3145E-1
6.9700E-4	9.5215E-3	2.6211E-1
6.9800E-4	9.5215E-3	2.9497E-1
6.9900E-4	9.2773E-3	3.3403E-1
7.0000E-4	9.7656E-3	3.8081E-1
7.0100E-4	1.0010E-2	4.3481E-1
7.0200E-4	9.5215E-3	4.9121E-1
7.0300E-4	9.5215E-3	5.4307E-1
7.0400E-4	9.5215E-3	5.7979E-1
7.0500E-4	9.5215E-3	6.0054E-1
7.0600E-4	8.7891E-3	6.0000E-1
7.0700E-4	1.0010E-2	5.7808E-1
7.0800E-4	9.7656E-3	5.3652E-1
7.0900E-4	9.7656E-3	4.8169E-1
7.1000E-4	9.7656E-3	4.1641E-1
7.1100E-4	9.2773E-3	3.4785E-1
7.1200E-4	9.7656E-3	2.7881E-1
7.1300E-4	9.7656E-3	2.2114E-1
7.1400E-4	9.7656E-3	1.7505E-1
7.1500E-4	9.7656E-3	1.4170E-1
7.1600E-4	9.5215E-3	1.2012E-1
7.1700E-4	1.0010E-2	1.1089E-1
7.1800E-4	1.0010E-2	1.0991E-1
7.1900E-4	1.0010E-2	1.1533E-1
7.2000E-4	9.5215E-3	1.2573E-1
7.2100E-4	9.0332E-3	1.3833E-1
7.2200E-4	9.2773E-3	1.5586E-1
7.2300E-4	9.7656E-3	1.7617E-1
7.2400E-4	9.7656E-3	2.0356E-1
7.2500E-4	1.0010E-2	2.3794E-1
7.2600E-4	9.5215E-3	2.8022E-1
7.2700E-4	1.0010E-2	3.2744E-1
7.2800E-4	9.2773E-3	3.8057E-1
7.2900E-4	9.5215E-3	4.3921E-1
7.3000E-4	9.5215E-3	4.9844E-1
7.3100E-4	9.5215E-3	5.5371E-1
7.3200E-4	9.7656E-3	5.9600E-1
7.3300E-4	1.0010E-2	6.1934E-1
7.3400E-4	9.0332E-3	6.1753E-1
7.3500E-4	1.0010E-2	5.9233E-1
7.3600E-4	1.0010E-2	5.4351E-1
7.3700E-4	1.0254E-2	4.8027E-1
7.3800E-4	1.0010E-2	4.0981E-1
7.3900E-4	9.7656E-3	3.3643E-1
7.4000E-4	1.0254E-2	2.6821E-1
7.4100E-4	9.2773E-3	2.0977E-1
7.4200E-4	1.0010E-2	1.5986E-1
7.4300E-4	9.0332E-3	1.2075E-1
7.4400E-4	9.5215E-3	9.4824E-2
7.4500E-4	9.5215E-3	7.7832E-2
7.4600E-4	9.2773E-3	7.1289E-2
7.4700E-4	1.0010E-2	7.6367E-2
7.4800E-4	1.0010E-2	9.0332E-2
7.4900E-4	9.7656E-3	1.0977E-1
7.5000E-4	9.0332E-3	1.3315E-1
7.5100E-4	9.7656E-3	1.6128E-1
7.5200E-4	9.5215E-3	1.9316E-1
7.5300E-4	9.5215E-3	2.3013E-1
7.5400E-4	9.2773E-3	2.7378E-1
7.5500E-4	9.5215E-3	3.2441E-1
7.5600E-4	9.5215E-3	3.8306E-1
7.5700E-4	9.5215E-3	4.4810E-1
7.5800E-4	9.7656E-3	5.1328E-1
7.5900E-4	1.0498E-2	5.7061E-1
7.6000E-4	9.2773E-3	6.1172E-1
7.6100E-4	9.7656E-3	6.2808E-1
7.6200E-4	9.2773E-3	6.2056E-1
7.6300E-4	9.5215E-3	5.8574E-1
7.6400E-4	1.0010E-2	5.2979E-1
7.6500E-4	9.5215E-3	4.6001E-1
7.6600E-4	9.5215E-3	3.8467E-1
7.6700E-4	9.7656E-3	3.0703E-1
7.6800E-4	1.0498E-2	2.3779E-1
7.6900E-4	1.0010E-2	1.8130E-1
7.7000E-4	9.2773E-3	1.3760E-1
7.7100E-4	1.0010E-2	1.0771E-1
7.7200E-4	9.2773E-3	8.9844E-2
7.7300E-4	9.2773E-3	8.3057E-2
7.7400E-4	9.0332E-3	8.1934E-2
7.7500E-4	9.7656E-3	8.8770E-2
7.7600E-4	9.5215E-3	1.0342E-1
7.7700E-4	9.5215E-3	1.2339E-1
7.7800E-4	1.0010E-2	1.4561E-1
7.7900E-4	9.2773E-3	1.7510E-1
7.8000E-4	9.2773E-3	2.0918E-1
7.8100E-4	1.0010E-2	2.4697E-1
7.8200E-4	9.5215E-3	2.9131E-1
7.8300E-4	9.7656E-3	3.4385E-1
7.8400E-4	9.5215E-3	4.0190E-1
7.8500E-4	9.5215E-3	4.6489E-1
7.8600E-4	9.0332E-3	5.2549E-1
7.8700E-4	9.5215E-3	5.7822E-1
7.8800E-4	1.0010E-2	6.1299E-1
7.8900E-4	9.7656E-3	6.2598E-1
7.9000E-4	8.7891E-3	6.1621E-1
7.9100E-4	1.0010E-2	5.8423E-1
7.9200E-4	9.7656E-3	5.3462E-1
7.9300E-4	1.0254E-2	4.7373E-1
7.9400E-4	9.2773E-3	4.0454E-1
7.9500E-4	9.5215E-3	3.3506E-1
7.9600E-4	1.0986E-2	2.6963E-1
7.9700E-4	1.0010E-2	2.1211E-1
7.9800E-4	9.2773E-3	1.6685E-1
7.9900E-4	9.7656E-3	1.3662E-1
8.0000E-4	1.0010E-2	1.1685E-1
8.0100E-4	9.5215E-3	1.0967E-1
8.0200E-4	9.0332E-3	1.1157E-1
8.0300E-4	9.5215E-3	1.2197E-1
8.0400E-4	9.5215E-3	1.3740E-1
8.0500E-4	9.7656E-3	1.5967E-1
8.0600E-4	9.5215E-3	1.8682E-1
8.0700E-4	9.5215E-3	2.1890E-1
8.0800E-4	9.7656E-3	2.5513E-1
8.0900E-4	9.2773E-3	2.9771E-1
8.1000E-4	1.0254E-2	3.4478E-1
8.1100E-4	1.0010E-2	3.9614E-1
8.1200E-4	8.7891E-3	4.4839E-1
8.1300E-4	9.0332E-3	5.0005E-1
8.1400E-4	9.2773E-3	5.4678E-1
8.1500E-4	9.5215E-3	5.8257E-1
8.1600E-4	9.5215E-3	6.0132E-1
8.1700E-4	9.2773E-3	6.0288E-1
8.1800E-4	9.2773E-3	5.8750E-1
8.1900E-4	9.7656E-3	5.5449E-1
8.2000E-4	9.7656E-3	5.0898E-1
8.2100E-4	9.7656E-3	4.5830E-1
8.2200E-4	9.5215E-3	4.0366E-1
8.2300E-4	9.0332E-3	3.4624E-1
8.2400E-4	9.5215E-3	2.9360E-1
8.2500E-4	9.5215E-3	2.4854E-1
8.2600E-4	9.2773E-3	2.0957E-1
8.2700E-4	9.5215E-3	1.8101E-1
8.2800E-4	1.0010E-2	1.6533E-1
8.2900E-4	9.7656E-3	1.5918E-1
8.3000E-4	9.5215E-3	1.6094E-1
8.3100E-4	9.5215E-3	1.7017E-1
8.3200E-4	9.5215E-3	1.8491E-1
8.3300E-4	9.5215E-3	2.0459E-1
8.3400E-4	1.0254E-2	2.2905E-1
8.3500E-4	9.0332E-3	2.5874E-1
8.3600E-4	9.5215E-3	2.9399E-1
8.3700E-4	9.7656E-3	3.3369E-1
8.3800E-4	9.0332E-3	3.7417E-1
8.3900E-4	9.7656E-3	4.1533E-1
8.4000E-4	9.5215E-3	4.5459E-1
8.4100E-4	9.5215E-3	4.9092E-1
8.4200E-4	9.5215E-3	5.2295E-1
8.4300E-4	9.0332E-3	5.5005E-1
8.4400E-4	9.7656E-3	5.6582E-1
8.4500E-4	9.0332E-3	5.7080E-1
8.4600E-4	8.7891E-3	5.6436E-1
8.4700E-4	9.2773E-3	5.4736E-1
8.4800E-4	1.0254E-2	5.1704E-1
8.4900E-4	9.0332E-3	4.8286E-1
8.5000E-4	9.2773E-3	4.4482E-1
8.5100E-4	9.5215E-3	4.0708E-1
8.5200E-4	9.5215E-3	3.7031E-1
8.5300E-4	1.0010E-2	3.4224E-1
8.5400E-4	9.7656E-3	3.1709E-1
8.5500E-4	9.7656E-3	2.9648E-1
8.5600E-4	9.2773E-3	2.8140E-1
8.5700E-4	9.7656E-3	2.7285E-1
8.5800E-4	9.5215E-3	2.6836E-1
8.5900E-4	9.0332E-3	2.7178E-1
8.6000E-4	9.7656E-3	2.8223E-1
8.6100E-4	9.5215E-3	2.9683E-1
8.6200E-4	1.0010E-2	3.1436E-1
8.6300E-4	9.5215E-3	3.3428E-1
8.6400E-4	1.0010E-2	3.5366E-1
8.6500E-4	9.2773E-3	3.7314E-1
8.6600E-4	9.2773E-3	3.9287E-1
8.6700E-4	1.0010E-2	4.1255E-1
8.6800E-4	9.7656E-3	4.3047E-1
8.6900E-4	9.5215E-3	4.4653E-1
8.7000E-4	9.5215E-3	4.5967E-1
8.7100E-4	9.7656E-3	4.7007E-1
8.7200E-4	9.5215E-3	4.7642E-1
8.7300E-4	9.7656E-3	4.7969E-1
8.7400E-4	1.0010E-2	4.8081E-1
8.7500E-4	9.5215E-3	4.8003E-1
8.7600E-4	9.5215E-3	4.7275E-1
8.7700E-4	8.7891E-3	4.6479E-1
8.7800E-4	9.2773E-3	4.5444E-1
8.7900E-4	9.7656E-3	4.4175E-1
8.8000E-4	9.7656E-3	4.2905E-1
8.8100E-4	9.2773E-3	4.1885E-1
8.8200E-4	9.5215E-3	4.0679E-1
8.8300E-4	9.2773E-3	3.9521E-1
8.8400E-4	9.5215E-3	3.8462E-1
8.8500E-4	9.7656E-3	3.7500E-1
8.8600E-4	9.7656E-3	3.6650E-1
8.8700E-4	9.5215E-3	3.6138E-1
8.8800E-4	9.2773E-3	3.5972E-1
8.8900E-4	9.2773E-3	3.6016E-1
8.9000E-4	9.5215E-3	3.6060E-1
8.9100E-4	9.7656E-3	3.6050E-1
8.9200E-4	9.5215E-3	3.5771E-1
8.9300E-4	9.2773E-3	3.5308E-1
8.9400E-4	9.5215E-3	3.5122E-1
8.9500E-4	9.5215E-3	3.4863E-1
8.9600E-4	9.7656E-3	3.4790E-1
8.9700E-4	9.7656E-3	3.4888E-1
8.9800E-4	9.7656E-3	3.5176E-1
8.9900E-4	9.2773E-3	3.5464E-1
9.0000E-4	1.0254E-2	3.6030E-1
9.0100E-4	9.2773E-3	3.6689E-1
9.0200E-4	8.7891E-3	3.7622E-1
9.0300E-4	9.2773E-3	3.8721E-1
9.0400E-4	9.2773E-3	4.0020E-1
9.0500E-4	9.5215E-3	4.1509E-1
9.0600E-4	9.2773E-3	4.3105E-1
9.0700E-4	1.0254E-2	4.4878E-1
9.0800E-4	1.0010E-2	4.6577E-1
9.0900E-4	9.7656E-3	4.8125E-1
9.1000E-4	9.5215E-3	4.9551E-1
9.1100E-4	1.0010E-2	5.0859E-1
9.1200E-4	9.2773E-3	5.1699E-1
9.1300E-4	1.0498E-2	5.2168E-1
9.1400E-4	1.0010E-2	5.1860E-1
9.1500E-4	1.0010E-2	5.0781E-1
9.1600E-4	1.0254E-2	4.9106E-1
9.1700E-4	9.5215E-3	4.6753E-1
9.1800E-4	9.5215E-3	4.3857E-1
9.1900E-4	9.7656E-3	4.0508E-1
9.2000E-4	9.7656E-3	3.7095E-1
9.2100E-4	9.5215E-3	3.3535E-1
9.2200E-4	9.5215E-3	3.0220E-1
9.2300E-4	9.7656E-3	2.7363E-1
9.2400E-4	9.5215E-3	2.5361E-1
9.2500E-4	9.5215E-3	2.3726E-1
9.2600E-4	1.0010E-2	2.2656E-1
9.2700E-4	9.7656E-3	2.2266E-1
9.2800E-4	9.5215E-3	2.2349E-1
9.2900E-4	9.7656E-3	2.3091E-1
9.3000E-4	9.5215E-3	2.4648E-1
9.3100E-4	1.0254E-2	2.6826E-1
9.3200E-4	1.0254E-2	2.9536E-1
9.3300E-4	9.7656E-3	3.2979E-1
9.3400E-4	9.2773E-3	3.6616E-1
9.3500E-4	9.7656E-3	4.0410E-1
9.3600E-4	9.2773E-3	4.4263E-1
9.3700E-4	9.7656E-3	4.8140E-1
9.3800E-4	9.7656E-3	5.1660E-1
9.3900E-4	9.5215E-3	5.4668E-1
9.4000E-4	9.7656E-3	5.6792E-1
9.4100E-4	1.0498E-2	5.8022E-1
9.4200E-4	9.5215E-3	5.7773E-1
9.4300E-4	1.0010E-2	5.5972E-1
9.4400E-4	9.5215E-3	5.2773E-1
9.4500E-4	1.0010E-2	4.8491E-1
9.4600E-4	9.5215E-3	4.3169E-1
9.4700E-4	9.7656E-3	3.7578E-1
9.4800E-4	9.0332E-3	3.1802E-1
9.4900E-4	1.0010E-2	2.6416E-1
9.5000E-4	9.2773E-3	2.1816E-1
9.5100E-4	1.0254E-2	1.8252E-1
9.5200E-4	1.0742E-2	1.5552E-1
9.5300E-4	9.5215E-3	1.4014E-1
9.5400E-4	9.2773E-3	1.3232E-1
9.5500E-4	1.0254E-2	1.3057E-1
9.5600E-4	9.2773E-3	1.3418E-1
9.5700E-4	9.5215E-3	1.4268E-1
9.5800E-4	9.7656E-3	1.5518E-1
9.5900E-4	9.5215E-3	1.7217E-1
9.6000E-4	1.0010E-2	1.9492E-1
9.6100E-4	9.5215E-3	2.2261E-1
9.6200E-4	9.2773E-3	2.5571E-1
9.6300E-4	9.2773E-3	2.9673E-1
9.6400E-4	9.2773E-3	3.4976E-1
9.6500E-4	9.2773E-3	4.1230E-1
9.6600E-4	1.0010E-2	4.8237E-1
9.6700E-4	9.2773E-3	5.4907E-1
9.6800E-4	8.7891E-3	6.0063E-1
9.6900E-4	1.0254E-2	6.2651E-1
9.7000E-4	9.0332E-3	6.1865E-1
9.7100E-4	9.5215E-3	5.7427E-1
9.7200E-4	1.0010E-2	4.9912E-1
9.7300E-4	9.5215E-3	4.0327E-1
9.7400E-4	9.2773E-3	2.9546E-1
9.7500E-4	9.5215E-3	1.8892E-1
9.7600E-4	1.0010E-2	9.1260E-2
9.7700E-4	9.2773E-3	8.8379E-3
9.7800E-4	9.5215E-3	-5.8838E-2
9.7900E-4	1.0010E-2	-1.1226E-1
9.8000E-4	9.7656E-3	-1.5332E-1
9.8100E-4	9.2773E-3	-1.8237E-1
9.8200E-4	9.5215E-3	-2.0234E-1
9.8300E-4	1.0010E-2	-2.1357E-1
9.8400E-4	9.2773E-3	-2.1890E-1
9.8500E-4	9.7656E-3	-2.2104E-1
9.8600E-4	9.2773E-3	-2.2236E-1
9.8700E-4	9.5215E-3	-2.2227E-1
9.8800E-4	9.2773E-3	-2.2310E-1
9.8900E-4	9.7656E-3	-2.2368E-1
9.9000E-4	9.7656E-3	-2.2456E-1
9.9100E-4	1.0010E-2	-2.2559E-1
9.9200E-4	9.5215E-3	-2.3008E-1
9.9300E-4	9.5215E-3	-2.3452E-1
9.9400E-4	9.5215E-3	-2.3770E-1
9.9500E-4	1.0254E-2	-2.4063E-1
9.9600E-4	9.5215E-3	-2.4507E-1
9.9700E-4	9.7656E-3	-2.4688E-1
9.9800E-4	9.0332E-3	-2.4688E-1
9.9900E-4	1.0254E-2	-2.4688E-1
