Time [s]	Aux in [V]	Main in [V]
0.0000E+0	1.0010E-2	-2.2876E-1
1.0000E-6	9.5215E-3	-2.3311E-1
2.0000E-6	9.7656E-3	-2.3779E-1
3.0000E-6	9.7656E-3	-2.4248E-1
4.0000E-6	1.0254E-2	-2.4619E-1
5.0000E-6	1.0254E-2	-2.4932E-1
6.0000E-6	9.5215E-3	-2.5005E-1
7.0000E-6	9.5215E-3	-2.5171E-1
8.0000E-6	9.7656E-3	-2.5215E-1
9.0000E-6	9.5215E-3	-2.5024E-1
1.0000E-5	1.0010E-2	-2.4839E-1
1.1000E-5	9.5215E-3	-2.4692E-1
1.2000E-5	1.0010E-2	-2.4341E-1
1.3000E-5	1.0010E-2	-2.4248E-1
1.4000E-5	9.7656E-3	-2.4204E-1
1.5000E-5	9.7656E-3	-2.4048E-1
1.6000E-5	9.2773E-3	-2.3667E-1
1.7000E-5	9.0332E-3	-2.3140E-1
1.8000E-5	1.0254E-2	-2.2070E-1
1.9000E-5	1.0010E-2	-2.0557E-1
2.0000E-5	1.0010E-2	-1.8652E-1
2.1000E-5	9.7656E-3	-1.6611E-1
2.2000E-5	9.7656E-3	-1.3955E-1
2.3000E-5	9.5215E-3	-1.0850E-1
2.4000E-5	9.5215E-3	-7.1631E-2
2.5000E-5	9.5215E-3	-2.5244E-2
2.6000E-5	9.7656E-3	3.3643E-2
2.7000E-5	1.0010E-2	1.0732E-1
2.8000E-5	8.7891E-3	1.9453E-1
2.9000E-5	9.0332E-3	2.9399E-1
3.0000E-5	9.7656E-3	3.9878E-1
3.1000E-5	9.2773E-3	4.9932E-1
3.2000E-5	9.7656E-3	5.7944E-1
3.3000E-5	9.2773E-3	6.3325E-1
3.4000E-5	9.5215E-3	6.5234E-1
3.5000E-5	9.2773E-3	6.3711E-1
3.6000E-5	1.0254E-2	5.9185E-1
3.7000E-5	9.7656E-3	5.2383E-1
3.8000E-5	9.5215E-3	4.4395E-1
3.9000E-5	9.5215E-3	3.6050E-1
4.0000E-5	9.7656E-3	2.8115E-1
4.1000E-5	9.2773E-3	2.1245E-1
4.2000E-5	9.7656E-3	1.6006E-1
4.3000E-5	9.5215E-3	1.2319E-1
4.4000E-5	9.7656E-3	1.0039E-1
4.5000E-5	9.7656E-3	9.0771E-2
4.6000E-5	1.0254E-2	9.4873E-2
4.7000E-5	1.0010E-2	1.0635E-1
4.8000E-5	9.5215E-3	1.2129E-1
4.9000E-5	9.2773E-3	1.4102E-1
5.0000E-5	9.0332E-3	1.6426E-1
5.1000E-5	1.0010E-2	1.8677E-1
5.2000E-5	9.7656E-3	2.1211E-1
5.3000E-5	9.5215E-3	2.4448E-1
5.4000E-5	9.5215E-3	2.8262E-1
5.5000E-5	9.2773E-3	3.2417E-1
5.6000E-5	9.7656E-3	3.7310E-1
5.7000E-5	9.7656E-3	4.2637E-1
5.8000E-5	9.5215E-3	4.8120E-1
5.9000E-5	9.5215E-3	5.3354E-1
6.0000E-5	1.0010E-2	5.7803E-1
6.1000E-5	9.0332E-3	6.0576E-1
6.2000E-5	9.2773E-3	6.1572E-1
6.3000E-5	9.0332E-3	6.0469E-1
6.4000E-5	1.0498E-2	5.7534E-1
6.5000E-5	1.0010E-2	5.3389E-1
6.6000E-5	9.0332E-3	4.8486E-1
6.7000E-5	1.0254E-2	4.3184E-1
6.8000E-5	9.7656E-3	3.7959E-1
6.9000E-5	9.2773E-3	3.3091E-1
7.0000E-5	9.5215E-3	2.8809E-1
7.1000E-5	1.0010E-2	2.5444E-1
7.2000E-5	9.5215E-3	2.3154E-1
7.3000E-5	1.0010E-2	2.1909E-1
7.4000E-5	9.2773E-3	2.1582E-1
7.5000E-5	9.7656E-3	2.1870E-1
7.6000E-5	9.7656E-3	2.2778E-1
7.7000E-5	9.5215E-3	2.4097E-1
7.8000E-5	9.2773E-3	2.5674E-1
7.9000E-5	1.0010E-2	2.7397E-1
8.0000E-5	9.7656E-3	2.9429E-1
8.1000E-5	9.7656E-3	3.1392E-1
8.2000E-5	9.5215E-3	3.3540E-1
8.3000E-5	1.0010E-2	3.6060E-1
8.4000E-5	1.0010E-2	3.8770E-1
8.5000E-5	9.2773E-3	4.1426E-1
8.6000E-5	9.5215E-3	4.4092E-1
8.7000E-5	9.5215E-3	4.6465E-1
8.8000E-5	9.5215E-3	4.8291E-1
8.9000E-5	9.7656E-3	4.9526E-1
9.0000E-5	8.7891E-3	5.0342E-1
9.1000E-5	9.7656E-3	5.0586E-1
9.2000E-5	9.2773E-3	5.0376E-1
9.3000E-5	9.2773E-3	4.9404E-1
9.4000E-5	9.7656E-3	4.8237E-1
9.5000E-5	9.2773E-3	4.6450E-1
9.6000E-5	9.7656E-3	4.4531E-1
9.7000E-5	9.7656E-3	4.2485E-1
9.8000E-5	9.2773E-3	4.0762E-1
9.9000E-5	9.2773E-3	3.9023E-1
1.0000E-4	9.2773E-3	3.7681E-1
1.0100E-4	1.0254E-2	3.6621E-1
1.0200E-4	9.2773E-3	3.5728E-1
1.0300E-4	9.7656E-3	3.4961E-1
1.0400E-4	9.5215E-3	3.4790E-1
1.0500E-4	1.0010E-2	3.5098E-1
1.0600E-4	1.0010E-2	3.5469E-1
1.0700E-4	9.5215E-3	3.6035E-1
1.0800E-4	9.2773E-3	3.6807E-1
1.0900E-4	1.0254E-2	3.7300E-1
1.1000E-4	9.0332E-3	3.7773E-1
1.1100E-4	9.5215E-3	3.8315E-1
1.1200E-4	1.0010E-2	3.8789E-1
1.1300E-4	1.0010E-2	3.9102E-1
1.1400E-4	9.5215E-3	3.9370E-1
1.1500E-4	9.7656E-3	3.9448E-1
1.1600E-4	9.0332E-3	3.9565E-1
1.1700E-4	1.0010E-2	3.9746E-1
1.1800E-4	9.5215E-3	4.0083E-1
1.1900E-4	9.2773E-3	4.0430E-1
1.2000E-4	9.7656E-3	4.1118E-1
1.2100E-4	1.0010E-2	4.1885E-1
1.2200E-4	9.7656E-3	4.2832E-1
1.2300E-4	9.2773E-3	4.3740E-1
1.2400E-4	9.5215E-3	4.4839E-1
1.2500E-4	1.0010E-2	4.5908E-1
1.2600E-4	9.5215E-3	4.6743E-1
1.2700E-4	9.0332E-3	4.7305E-1
1.2800E-4	9.5215E-3	4.7681E-1
1.2900E-4	9.0332E-3	4.7686E-1
1.3000E-4	9.2773E-3	4.7163E-1
1.3100E-4	9.7656E-3	4.6421E-1
1.3200E-4	1.0254E-2	4.5420E-1
1.3300E-4	9.5215E-3	4.4150E-1
1.3400E-4	9.7656E-3	4.2412E-1
1.3500E-4	1.0254E-2	4.0566E-1
1.3600E-4	9.2773E-3	3.8604E-1
1.3700E-4	9.7656E-3	3.6455E-1
1.3800E-4	1.0010E-2	3.4355E-1
1.3900E-4	1.0010E-2	3.2515E-1
1.4000E-4	9.5215E-3	3.0688E-1
1.4100E-4	9.7656E-3	2.9131E-1
1.4200E-4	1.0498E-2	2.8228E-1
1.4300E-4	9.7656E-3	2.7861E-1
1.4400E-4	1.0010E-2	2.7827E-1
1.4500E-4	9.2773E-3	2.8535E-1
1.4600E-4	9.7656E-3	2.9707E-1
1.4700E-4	1.0010E-2	3.0874E-1
1.4800E-4	1.0010E-2	3.2158E-1
1.4900E-4	9.5215E-3	3.4058E-1
1.5000E-4	9.7656E-3	3.5874E-1
1.5100E-4	9.7656E-3	3.8252E-1
1.5200E-4	9.5215E-3	4.1187E-1
1.5300E-4	1.0010E-2	4.4551E-1
1.5400E-4	1.0010E-2	4.7813E-1
1.5500E-4	1.0254E-2	5.1313E-1
1.5600E-4	9.7656E-3	5.4165E-1
1.5700E-4	1.0010E-2	5.6079E-1
1.5800E-4	1.0010E-2	5.6943E-1
1.5900E-4	1.0010E-2	5.6792E-1
1.6000E-4	9.5215E-3	5.5273E-1
1.6100E-4	9.5215E-3	5.2612E-1
1.6200E-4	9.5215E-3	4.9341E-1
1.6300E-4	9.5215E-3	4.5366E-1
1.6400E-4	1.0498E-2	4.0815E-1
1.6500E-4	9.7656E-3	3.6167E-1
1.6600E-4	9.5215E-3	3.1860E-1
1.6700E-4	9.5215E-3	2.7886E-1
1.6800E-4	1.0254E-2	2.4663E-1
1.6900E-4	9.7656E-3	2.2314E-1
1.7000E-4	1.0010E-2	2.0796E-1
1.7100E-4	9.7656E-3	2.0034E-1
1.7200E-4	9.5215E-3	1.9927E-1
1.7300E-4	9.7656E-3	2.0405E-1
1.7400E-4	1.0010E-2	2.1519E-1
1.7500E-4	1.0254E-2	2.3179E-1
1.7600E-4	1.0010E-2	2.5020E-1
1.7700E-4	9.2773E-3	2.7480E-1
1.7800E-4	9.7656E-3	3.0361E-1
1.7900E-4	9.2773E-3	3.3696E-1
1.8000E-4	9.5215E-3	3.7441E-1
1.8100E-4	9.5215E-3	4.1772E-1
1.8200E-4	9.5215E-3	4.6279E-1
1.8300E-4	9.5215E-3	5.0903E-1
1.8400E-4	9.5215E-3	5.4995E-1
1.8500E-4	9.2773E-3	5.7578E-1
1.8600E-4	9.7656E-3	5.8696E-1
1.8700E-4	9.5215E-3	5.8149E-1
1.8800E-4	9.7656E-3	5.5596E-1
1.8900E-4	9.2773E-3	5.1348E-1
1.9000E-4	9.5215E-3	4.6343E-1
1.9100E-4	9.7656E-3	4.0591E-1
1.9200E-4	1.0010E-2	3.4424E-1
1.9300E-4	9.5215E-3	2.8657E-1
1.9400E-4	9.2773E-3	2.3755E-1
1.9500E-4	9.7656E-3	1.9722E-1
1.9600E-4	9.2773E-3	1.6890E-1
1.9700E-4	9.7656E-3	1.5225E-1
1.9800E-4	9.2773E-3	1.4248E-1
1.9900E-4	9.5215E-3	1.3818E-1
2.0000E-4	1.0010E-2	1.4097E-1
2.0100E-4	9.0332E-3	1.4756E-1
2.0200E-4	9.2773E-3	1.5879E-1
2.0300E-4	9.2773E-3	1.7583E-1
2.0400E-4	9.5215E-3	1.9824E-1
2.0500E-4	9.7656E-3	2.2451E-1
2.0600E-4	1.0010E-2	2.5566E-1
2.0700E-4	9.5215E-3	2.8940E-1
2.0800E-4	9.5215E-3	3.2954E-1
2.0900E-4	9.2773E-3	3.7505E-1
2.1000E-4	9.5215E-3	4.2852E-1
2.1100E-4	1.0010E-2	4.8530E-1
2.1200E-4	1.0498E-2	5.3887E-1
2.1300E-4	9.2773E-3	5.7871E-1
2.1400E-4	9.5215E-3	6.0049E-1
2.1500E-4	9.2773E-3	5.9932E-1
2.1600E-4	9.0332E-3	5.7280E-1
2.1700E-4	9.7656E-3	5.2744E-1
2.1800E-4	1.0254E-2	4.6831E-1
2.1900E-4	1.0010E-2	4.0210E-1
2.2000E-4	9.2773E-3	3.3413E-1
2.2100E-4	9.5215E-3	2.7080E-1
2.2200E-4	1.0010E-2	2.1362E-1
2.2300E-4	1.0010E-2	1.6895E-1
2.2400E-4	9.5215E-3	1.3672E-1
2.2500E-4	9.7656E-3	1.1455E-1
2.2600E-4	9.7656E-3	1.0181E-1
2.2700E-4	9.5215E-3	9.7705E-2
2.2800E-4	9.7656E-3	9.8535E-2
2.2900E-4	9.5215E-3	1.0371E-1
2.3000E-4	9.7656E-3	1.1587E-1
2.3100E-4	9.7656E-3	1.3423E-1
2.3200E-4	9.5215E-3	1.5942E-1
2.3300E-4	1.0010E-2	1.8989E-1
2.3400E-4	9.2773E-3	2.2588E-1
2.3500E-4	9.5215E-3	2.6479E-1
2.3600E-4	9.5215E-3	3.0908E-1
2.3700E-4	9.2773E-3	3.6016E-1
2.3800E-4	9.5215E-3	4.1738E-1
2.3900E-4	9.2773E-3	4.7490E-1
2.4000E-4	1.0010E-2	5.2808E-1
2.4100E-4	9.5215E-3	5.6782E-1
2.4200E-4	1.0010E-2	5.8809E-1
2.4300E-4	1.0010E-2	5.8433E-1
2.4400E-4	9.2773E-3	5.5742E-1
2.4500E-4	1.0010E-2	5.1099E-1
2.4600E-4	1.0010E-2	4.5059E-1
2.4700E-4	1.0010E-2	3.8315E-1
2.4800E-4	9.2773E-3	3.1631E-1
2.4900E-4	9.7656E-3	2.5342E-1
2.5000E-4	9.7656E-3	1.9873E-1
2.5100E-4	9.7656E-3	1.5566E-1
2.5200E-4	9.5215E-3	1.2227E-1
2.5300E-4	9.7656E-3	9.9512E-2
2.5400E-4	9.7656E-3	8.7842E-2
2.5500E-4	9.5215E-3	8.4814E-2
2.5600E-4	9.5215E-3	8.9893E-2
2.5700E-4	1.0010E-2	1.0146E-1
2.5800E-4	9.2773E-3	1.1748E-1
2.5900E-4	9.5215E-3	1.3716E-1
2.6000E-4	9.2773E-3	1.5884E-1
2.6100E-4	1.0254E-2	1.8408E-1
2.6200E-4	1.0254E-2	2.1479E-1
2.6300E-4	1.0010E-2	2.5229E-1
2.6400E-4	9.5215E-3	2.9834E-1
2.6500E-4	1.0010E-2	3.5332E-1
2.6600E-4	9.5215E-3	4.1304E-1
2.6700E-4	1.0254E-2	4.7251E-1
2.6800E-4	9.7656E-3	5.2446E-1
2.6900E-4	1.0254E-2	5.6274E-1
2.7000E-4	9.7656E-3	5.8271E-1
2.7100E-4	9.7656E-3	5.8018E-1
2.7200E-4	9.5215E-3	5.5444E-1
2.7300E-4	1.0254E-2	5.0840E-1
2.7400E-4	1.0010E-2	4.4858E-1
2.7500E-4	1.0010E-2	3.8086E-1
2.7600E-4	9.2773E-3	3.1226E-1
2.7700E-4	9.7656E-3	2.5083E-1
2.7800E-4	9.5215E-3	1.9771E-1
2.7900E-4	1.0010E-2	1.5645E-1
2.8000E-4	9.5215E-3	1.2681E-1
2.8100E-4	9.5215E-3	1.0684E-1
2.8200E-4	9.2773E-3	9.4141E-2
2.8300E-4	9.7656E-3	9.0674E-2
2.8400E-4	9.7656E-3	9.3652E-2
2.8500E-4	1.0010E-2	1.0190E-1
2.8600E-4	9.5215E-3	1.1670E-1
2.8700E-4	9.5215E-3	1.3462E-1
2.8800E-4	9.0332E-3	1.5669E-1
2.8900E-4	9.7656E-3	1.8159E-1
2.9000E-4	9.2773E-3	2.1255E-1
2.9100E-4	1.0254E-2	2.4902E-1
2.9200E-4	9.5215E-3	2.9487E-1
2.9300E-4	9.7656E-3	3.4741E-1
2.9400E-4	9.7656E-3	4.0483E-1
2.9500E-4	9.5215E-3	4.6108E-1
2.9600E-4	9.5215E-3	5.0889E-1
2.9700E-4	9.7656E-3	5.4150E-1
2.9800E-4	9.5215E-3	5.5684E-1
2.9900E-4	9.7656E-3	5.5386E-1
3.0000E-4	9.7656E-3	5.3242E-1
3.0100E-4	9.2773E-3	4.9741E-1
3.0200E-4	9.0332E-3	4.5117E-1
3.0300E-4	9.0332E-3	3.9648E-1
3.0400E-4	9.5215E-3	3.3784E-1
3.0500E-4	9.2773E-3	2.7852E-1
3.0600E-4	9.2773E-3	2.2505E-1
3.0700E-4	9.5215E-3	1.8149E-1
3.0800E-4	1.0254E-2	1.5088E-1
3.0900E-4	9.0332E-3	1.3047E-1
3.1000E-4	1.0010E-2	1.2178E-1
3.1100E-4	9.5215E-3	1.2227E-1
3.1200E-4	9.5215E-3	1.2749E-1
3.1300E-4	1.0010E-2	1.3604E-1
3.1400E-4	9.5215E-3	1.5083E-1
3.1500E-4	1.0254E-2	1.7261E-1
3.1600E-4	1.0254E-2	1.9819E-1
3.1700E-4	9.7656E-3	2.2905E-1
3.1800E-4	1.0254E-2	2.6450E-1
3.1900E-4	9.2773E-3	3.0264E-1
3.2000E-4	1.0010E-2	3.4033E-1
3.2100E-4	1.0010E-2	3.8071E-1
3.2200E-4	9.5215E-3	4.2354E-1
3.2300E-4	1.0010E-2	4.6211E-1
3.2400E-4	9.7656E-3	4.9067E-1
3.2500E-4	9.5215E-3	5.0864E-1
3.2600E-4	9.2773E-3	5.1382E-1
3.2700E-4	9.7656E-3	5.0620E-1
3.2800E-4	9.5215E-3	4.8887E-1
3.2900E-4	1.0010E-2	4.6392E-1
3.3000E-4	1.0010E-2	4.3208E-1
3.3100E-4	9.2773E-3	3.9155E-1
3.3200E-4	9.5215E-3	3.4600E-1
3.3300E-4	1.0010E-2	2.9976E-1
3.3400E-4	9.7656E-3	2.5693E-1
3.3500E-4	9.5215E-3	2.2192E-1
3.3600E-4	1.0010E-2	1.9712E-1
3.3700E-4	9.2773E-3	1.7974E-1
3.3800E-4	9.5215E-3	1.6919E-1
3.3900E-4	9.5215E-3	1.6631E-1
3.4000E-4	1.0010E-2	1.6631E-1
3.4100E-4	9.7656E-3	1.7227E-1
3.4200E-4	9.7656E-3	1.8418E-1
3.4300E-4	1.0010E-2	2.0166E-1
3.4400E-4	9.7656E-3	2.2368E-1
3.4500E-4	1.0498E-2	2.5117E-1
3.4600E-4	1.0498E-2	2.7974E-1
3.4700E-4	1.0010E-2	3.1001E-1
3.4800E-4	9.5215E-3	3.4102E-1
3.4900E-4	9.2773E-3	3.7427E-1
3.5000E-4	1.0010E-2	4.0522E-1
3.5100E-4	1.0254E-2	4.3496E-1
3.5200E-4	1.0010E-2	4.6270E-1
3.5300E-4	9.5215E-3	4.8564E-1
3.5400E-4	9.2773E-3	4.9883E-1
3.5500E-4	1.0010E-2	5.0195E-1
3.5600E-4	9.5215E-3	4.9409E-1
3.5700E-4	1.0010E-2	4.7954E-1
3.5800E-4	9.7656E-3	4.5479E-1
3.5900E-4	9.7656E-3	4.2183E-1
3.6000E-4	9.5215E-3	3.8555E-1
3.6100E-4	9.5215E-3	3.4927E-1
3.6200E-4	9.2773E-3	3.1250E-1
3.6300E-4	9.5215E-3	2.8179E-1
3.6400E-4	9.5215E-3	2.5776E-1
3.6500E-4	9.5215E-3	2.4443E-1
3.6600E-4	1.0254E-2	2.3838E-1
3.6700E-4	9.5215E-3	2.3818E-1
3.6800E-4	9.0332E-3	2.4365E-1
3.6900E-4	9.2773E-3	2.5532E-1
3.7000E-4	9.7656E-3	2.6807E-1
3.7100E-4	9.7656E-3	2.8267E-1
3.7200E-4	1.0010E-2	2.9722E-1
3.7300E-4	9.0332E-3	3.1177E-1
3.7400E-4	9.0332E-3	3.2422E-1
3.7500E-4	1.0254E-2	3.3784E-1
3.7600E-4	9.0332E-3	3.5488E-1
3.7700E-4	1.0010E-2	3.7329E-1
3.7800E-4	9.7656E-3	3.9102E-1
3.7900E-4	9.5215E-3	4.0962E-1
3.8000E-4	9.2773E-3	4.2480E-1
3.8100E-4	9.5215E-3	4.3418E-1
3.8200E-4	1.0010E-2	4.3867E-1
3.8300E-4	9.2773E-3	4.3940E-1
3.8400E-4	9.7656E-3	4.3687E-1
3.8500E-4	1.0010E-2	4.3149E-1
3.8600E-4	9.2773E-3	4.2412E-1
3.8700E-4	9.7656E-3	4.1465E-1
3.8800E-4	9.5215E-3	4.0283E-1
3.8900E-4	9.0332E-3	3.8906E-1
3.9000E-4	9.5215E-3	3.7251E-1
3.9100E-4	9.7656E-3	3.5635E-1
3.9200E-4	1.0498E-2	3.4282E-1
3.9300E-4	9.5215E-3	3.3110E-1
3.9400E-4	9.7656E-3	3.2378E-1
3.9500E-4	9.7656E-3	3.2202E-1
3.9600E-4	9.0332E-3	3.2236E-1
3.9700E-4	1.0254E-2	3.2212E-1
3.9800E-4	9.5215E-3	3.2490E-1
3.9900E-4	8.7891E-3	3.2568E-1
4.0000E-4	9.7656E-3	3.2422E-1
4.0100E-4	9.7656E-3	3.2051E-1
4.0200E-4	9.2773E-3	3.1895E-1
4.0300E-4	1.0254E-2	3.1553E-1
4.0400E-4	9.5215E-3	3.1211E-1
4.0500E-4	9.0332E-3	3.1240E-1
4.0600E-4	1.0254E-2	3.1392E-1
4.0700E-4	1.0010E-2	3.1562E-1
4.0800E-4	1.0010E-2	3.1821E-1
4.0900E-4	9.5215E-3	3.2261E-1
4.1000E-4	1.0010E-2	3.2515E-1
4.1100E-4	9.5215E-3	3.3032E-1
4.1200E-4	1.0010E-2	3.3721E-1
4.1300E-4	9.2773E-3	3.4692E-1
4.1400E-4	1.0010E-2	3.5811E-1
4.1500E-4	9.0332E-3	3.7275E-1
4.1600E-4	9.5215E-3	3.8950E-1
4.1700E-4	1.0010E-2	4.0737E-1
4.1800E-4	9.2773E-3	4.2598E-1
4.1900E-4	9.5215E-3	4.4287E-1
4.2000E-4	9.5215E-3	4.5518E-1
4.2100E-4	1.0010E-2	4.6318E-1
4.2200E-4	9.2773E-3	4.6567E-1
4.2300E-4	1.0010E-2	4.6445E-1
4.2400E-4	9.7656E-3	4.5820E-1
4.2500E-4	1.0498E-2	4.4927E-1
4.2600E-4	9.5215E-3	4.3535E-1
4.2700E-4	9.7656E-3	4.1738E-1
4.2800E-4	9.5215E-3	3.9277E-1
4.2900E-4	9.5215E-3	3.6646E-1
4.3000E-4	9.5215E-3	3.3584E-1
4.3100E-4	9.5215E-3	3.0557E-1
4.3200E-4	9.5215E-3	2.7817E-1
4.3300E-4	9.7656E-3	2.5464E-1
4.3400E-4	9.7656E-3	2.3428E-1
4.3500E-4	9.5215E-3	2.2271E-1
4.3600E-4	1.0010E-2	2.1660E-1
4.3700E-4	9.7656E-3	2.1563E-1
4.3800E-4	9.2773E-3	2.2148E-1
4.3900E-4	9.2773E-3	2.3335E-1
4.4000E-4	9.7656E-3	2.4883E-1
4.4100E-4	9.7656E-3	2.6899E-1
4.4200E-4	1.0010E-2	2.9141E-1
4.4300E-4	1.0010E-2	3.1514E-1
4.4400E-4	9.5215E-3	3.4429E-1
4.4500E-4	9.2773E-3	3.7769E-1
4.4600E-4	9.5215E-3	4.1304E-1
4.4700E-4	9.7656E-3	4.5132E-1
4.4800E-4	9.2773E-3	4.8833E-1
4.4900E-4	9.7656E-3	5.1563E-1
4.5000E-4	1.0010E-2	5.3286E-1
4.5100E-4	9.5215E-3	5.3667E-1
4.5200E-4	1.0010E-2	5.2495E-1
4.5300E-4	1.0254E-2	4.9897E-1
4.5400E-4	9.7656E-3	4.6035E-1
4.5500E-4	1.0254E-2	4.1089E-1
4.5600E-4	9.2773E-3	3.5698E-1
4.5700E-4	9.5215E-3	3.0073E-1
4.5800E-4	9.2773E-3	2.4712E-1
4.5900E-4	9.7656E-3	2.0171E-1
4.6000E-4	9.7656E-3	1.6616E-1
4.6100E-4	9.7656E-3	1.3726E-1
4.6200E-4	9.5215E-3	1.1826E-1
4.6300E-4	1.0254E-2	1.0903E-1
4.6400E-4	1.0010E-2	1.0605E-1
4.6500E-4	9.5215E-3	1.1025E-1
4.6600E-4	9.5215E-3	1.2158E-1
4.6700E-4	9.2773E-3	1.3853E-1
4.6800E-4	9.5215E-3	1.5786E-1
4.6900E-4	8.5449E-3	1.8188E-1
4.7000E-4	1.0254E-2	2.0879E-1
4.7100E-4	9.5215E-3	2.3945E-1
4.7200E-4	9.7656E-3	2.7476E-1
4.7300E-4	1.0010E-2	3.1729E-1
4.7400E-4	9.5215E-3	3.6929E-1
4.7500E-4	1.0010E-2	4.2974E-1
4.7600E-4	9.7656E-3	4.9146E-1
4.7700E-4	1.0010E-2	5.4331E-1
4.7800E-4	9.5215E-3	5.7637E-1
4.7900E-4	1.0254E-2	5.8301E-1
4.8000E-4	9.5215E-3	5.5396E-1
4.8100E-4	1.0010E-2	4.9360E-1
4.8200E-4	9.5215E-3	4.1021E-1
4.8300E-4	9.5215E-3	3.1519E-1
4.8400E-4	9.2773E-3	2.1284E-1
4.8500E-4	9.5215E-3	1.1582E-1
4.8600E-4	9.7656E-3	2.9687E-2
4.8700E-4	9.5215E-3	-4.1992E-2
4.8800E-4	9.2773E-3	-1.0142E-1
4.8900E-4	9.2773E-3	-1.4541E-1
4.9000E-4	9.7656E-3	-1.7710E-1
4.9100E-4	9.7656E-3	-1.9692E-1
4.9200E-4	9.7656E-3	-2.0830E-1
4.9300E-4	1.0010E-2	-2.1499E-1
4.9400E-4	9.0332E-3	-2.1846E-1
4.9500E-4	1.0010E-2	-2.2056E-1
4.9600E-4	9.5215E-3	-2.2378E-1
4.9700E-4	1.0010E-2	-2.2646E-1
4.9800E-4	9.2773E-3	-2.2520E-1
4.9900E-4	9.7656E-3	-2.2202E-1
5.0000E-4	9.5215E-3	-2.1577E-1
5.0100E-4	1.0010E-2	-2.0981E-1
5.0200E-4	9.5215E-3	-2.0430E-1
5.0300E-4	9.7656E-3	-1.9937E-1
5.0400E-4	9.5215E-3	-1.9854E-1
5.0500E-4	9.5215E-3	-2.0161E-1
5.0600E-4	9.7656E-3	-2.0317E-1
5.0700E-4	1.0010E-2	-2.0566E-1
5.0800E-4	9.7656E-3	-2.0967E-1
5.0900E-4	9.5215E-3	-2.1099E-1
5.1000E-4	9.5215E-3	-2.1035E-1
5.1100E-4	9.2773E-3	-2.0942E-1
5.1200E-4	9.2773E-3	-2.0669E-1
5.1300E-4	1.0010E-2	-2.0308E-1
5.1400E-4	9.5215E-3	-2.0234E-1
5.1500E-4	9.5215E-3	-2.0107E-1
5.1600E-4	9.7656E-3	-1.9966E-1
5.1700E-4	9.7656E-3	-1.9932E-1
5.1800E-4	9.2773E-3	-1.9771E-1
5.1900E-4	9.5215E-3	-1.8999E-1
5.2000E-4	1.0010E-2	-1.7944E-1
5.2100E-4	9.7656E-3	-1.6338E-1
5.2200E-4	9.5215E-3	-1.4268E-1
5.2300E-4	9.7656E-3	-1.1694E-1
5.2400E-4	9.7656E-3	-8.3545E-2
5.2500E-4	9.7656E-3	-4.1406E-2
5.2600E-4	9.7656E-3	1.1768E-2
5.2700E-4	9.5215E-3	8.0127E-2
5.2800E-4	9.7656E-3	1.6260E-1
5.2900E-4	1.0254E-2	2.5947E-1
5.3000E-4	9.2773E-3	3.6641E-1
5.3100E-4	9.7656E-3	4.7085E-1
5.3200E-4	9.2773E-3	5.6104E-1
5.3300E-4	9.2773E-3	6.2573E-1
5.3400E-4	9.7656E-3	6.5483E-1
5.3500E-4	9.2773E-3	6.4746E-1
5.3600E-4	9.5215E-3	6.0659E-1
5.3700E-4	9.0332E-3	5.4048E-1
5.3800E-4	9.5215E-3	4.6260E-1
5.3900E-4	9.5215E-3	3.7910E-1
5.4000E-4	9.7656E-3	2.9756E-1
5.4100E-4	1.0254E-2	2.2554E-1
5.4200E-4	9.7656E-3	1.6875E-1
5.4300E-4	9.2773E-3	1.2690E-1
5.4400E-4	9.2773E-3	1.0078E-1
5.4500E-4	8.7891E-3	8.7939E-2
5.4600E-4	9.2773E-3	8.8672E-2
5.4700E-4	9.5215E-3	9.8242E-2
5.4800E-4	9.5215E-3	1.1504E-1
5.4900E-4	9.7656E-3	1.3701E-1
5.5000E-4	9.7656E-3	1.6245E-1
5.5100E-4	9.5215E-3	1.8892E-1
5.5200E-4	9.2773E-3	2.1924E-1
5.5300E-4	9.2773E-3	2.5225E-1
5.5400E-4	9.2773E-3	2.9053E-1
5.5500E-4	9.2773E-3	3.3433E-1
5.5600E-4	9.5215E-3	3.8291E-1
5.5700E-4	9.2773E-3	4.3242E-1
5.5800E-4	9.7656E-3	4.8008E-1
5.5900E-4	9.5215E-3	5.2402E-1
5.6000E-4	9.5215E-3	5.5820E-1
5.6100E-4	9.5215E-3	5.7871E-1
5.6200E-4	9.2773E-3	5.8457E-1
5.6300E-4	9.2773E-3	5.7500E-1
5.6400E-4	1.0010E-2	5.4790E-1
5.6500E-4	9.7656E-3	5.1157E-1
5.6600E-4	9.7656E-3	4.6851E-1
5.6700E-4	9.5215E-3	4.2231E-1
5.6800E-4	9.2773E-3	3.7632E-1
5.6900E-4	9.7656E-3	3.3462E-1
5.7000E-4	9.5215E-3	2.9717E-1
5.7100E-4	9.7656E-3	2.6831E-1
5.7200E-4	1.0254E-2	2.4976E-1
5.7300E-4	9.2773E-3	2.4014E-1
5.7400E-4	9.5215E-3	2.3843E-1
5.7500E-4	9.5215E-3	2.4136E-1
5.7600E-4	9.7656E-3	2.4829E-1
5.7700E-4	1.0254E-2	2.5718E-1
5.7800E-4	9.7656E-3	2.7012E-1
5.7900E-4	1.0010E-2	2.8462E-1
5.8000E-4	9.5215E-3	3.0254E-1
5.8100E-4	1.0010E-2	3.2524E-1
5.8200E-4	1.0010E-2	3.5107E-1
5.8300E-4	9.7656E-3	3.7759E-1
5.8400E-4	9.7656E-3	4.0679E-1
5.8500E-4	9.0332E-3	4.3696E-1
5.8600E-4	9.5215E-3	4.6455E-1
5.8700E-4	9.7656E-3	4.8755E-1
5.8800E-4	9.5215E-3	5.0723E-1
5.8900E-4	9.5215E-3	5.2168E-1
5.9000E-4	1.0254E-2	5.2866E-1
5.9100E-4	1.0254E-2	5.2705E-1
5.9200E-4	9.0332E-3	5.1816E-1
5.9300E-4	9.7656E-3	5.0132E-1
5.9400E-4	9.2773E-3	4.7813E-1
5.9500E-4	9.0332E-3	4.5127E-1
5.9600E-4	9.5215E-3	4.2241E-1
5.9700E-4	9.2773E-3	3.9546E-1
5.9800E-4	1.0010E-2	3.7158E-1
5.9900E-4	9.2773E-3	3.5273E-1
6.0000E-4	9.2773E-3	3.3853E-1
6.0100E-4	9.5215E-3	3.3037E-1
6.0200E-4	1.0254E-2	3.2617E-1
6.0300E-4	9.7656E-3	3.2617E-1
6.0400E-4	1.0010E-2	3.2881E-1
6.0500E-4	1.0254E-2	3.3506E-1
6.0600E-4	9.7656E-3	3.4204E-1
6.0700E-4	1.0010E-2	3.4893E-1
6.0800E-4	9.7656E-3	3.5552E-1
6.0900E-4	9.7656E-3	3.6045E-1
6.1000E-4	9.7656E-3	3.6479E-1
6.1100E-4	1.0254E-2	3.6797E-1
6.1200E-4	9.5215E-3	3.7163E-1
6.1300E-4	1.0254E-2	3.7588E-1
6.1400E-4	1.0010E-2	3.8057E-1
6.1500E-4	9.5215E-3	3.8369E-1
6.1600E-4	9.2773E-3	3.8799E-1
6.1700E-4	9.7656E-3	3.9321E-1
6.1800E-4	1.0498E-2	3.9746E-1
6.1900E-4	9.5215E-3	4.0264E-1
6.2000E-4	9.2773E-3	4.0972E-1
6.2100E-4	9.7656E-3	4.1729E-1
6.2200E-4	1.0254E-2	4.2427E-1
6.2300E-4	9.7656E-3	4.3311E-1
6.2400E-4	1.0010E-2	4.4126E-1
6.2500E-4	9.5215E-3	4.5088E-1
6.2600E-4	9.5215E-3	4.6118E-1
6.2700E-4	1.0010E-2	4.7031E-1
6.2800E-4	1.0254E-2	4.7886E-1
6.2900E-4	9.2773E-3	4.8662E-1
6.3000E-4	9.5215E-3	4.8989E-1
6.3100E-4	1.0010E-2	4.8735E-1
6.3200E-4	1.0010E-2	4.8115E-1
6.3300E-4	1.0010E-2	4.6909E-1
6.3400E-4	9.5215E-3	4.5127E-1
6.3500E-4	9.5215E-3	4.3008E-1
6.3600E-4	9.2773E-3	4.0952E-1
6.3700E-4	9.5215E-3	3.8911E-1
6.3800E-4	9.5215E-3	3.6880E-1
6.3900E-4	9.2773E-3	3.5029E-1
6.4000E-4	9.2773E-3	3.3413E-1
6.4100E-4	9.5215E-3	3.1997E-1
6.4200E-4	9.2773E-3	3.0679E-1
6.4300E-4	9.2773E-3	2.9780E-1
6.4400E-4	1.0010E-2	2.9268E-1
6.4500E-4	1.0010E-2	2.9316E-1
6.4600E-4	1.0010E-2	2.9873E-1
6.4700E-4	9.2773E-3	3.1055E-1
6.4800E-4	9.5215E-3	3.2720E-1
6.4900E-4	9.5215E-3	3.4839E-1
6.5000E-4	8.7891E-3	3.7051E-1
6.5100E-4	1.0010E-2	3.9536E-1
6.5200E-4	9.2773E-3	4.2261E-1
6.5300E-4	1.0254E-2	4.5063E-1
6.5400E-4	9.5215E-3	4.8003E-1
6.5500E-4	9.7656E-3	5.0854E-1
6.5600E-4	1.0254E-2	5.3154E-1
6.5700E-4	9.5215E-3	5.4727E-1
6.5800E-4	1.0010E-2	5.5298E-1
6.5900E-4	9.5215E-3	5.4546E-1
6.6000E-4	9.2773E-3	5.2632E-1
6.6100E-4	9.0332E-3	4.9741E-1
6.6200E-4	9.7656E-3	4.5913E-1
6.6300E-4	9.2773E-3	4.1499E-1
6.6400E-4	9.7656E-3	3.6938E-1
6.6500E-4	1.0254E-2	3.2456E-1
6.6600E-4	9.2773E-3	2.8257E-1
6.6700E-4	1.0010E-2	2.4814E-1
6.6800E-4	9.5215E-3	2.2017E-1
6.6900E-4	9.5215E-3	2.0190E-1
6.7000E-4	9.7656E-3	1.9155E-1
6.7100E-4	9.7656E-3	1.9019E-1
6.7200E-4	9.5215E-3	1.9282E-1
6.7300E-4	9.7656E-3	2.0239E-1
6.7400E-4	9.7656E-3	2.1548E-1
6.7500E-4	9.2773E-3	2.3418E-1
6.7600E-4	1.0010E-2	2.5488E-1
6.7700E-4	9.0332E-3	2.8179E-1
6.7800E-4	9.5215E-3	3.1143E-1
6.7900E-4	9.7656E-3	3.4302E-1
6.8000E-4	9.7656E-3	3.7710E-1
6.8100E-4	9.5215E-3	4.1577E-1
6.8200E-4	1.0010E-2	4.5908E-1
6.8300E-4	9.7656E-3	5.0459E-1
6.8400E-4	1.0254E-2	5.4668E-1
6.8500E-4	9.5215E-3	5.7827E-1
6.8600E-4	1.0010E-2	5.9409E-1
6.8700E-4	1.0010E-2	5.9189E-1
6.8800E-4	1.0010E-2	5.6982E-1
6.8900E-4	1.0498E-2	5.3315E-1
6.9000E-4	9.2773E-3	4.8623E-1
6.9100E-4	9.7656E-3	4.3335E-1
6.9200E-4	1.0010E-2	3.7427E-1
6.9300E-4	1.0010E-2	3.1631E-1
6.9400E-4	1.0010E-2	2.6162E-1
6.9500E-4	9.5215E-3	2.1309E-1
6.9600E-4	1.0254E-2	1.7280E-1
6.9700E-4	9.5215E-3	1.4326E-1
6.9800E-4	9.5215E-3	1.2349E-1
6.9900E-4	9.5215E-3	1.1621E-1
7.0000E-4	9.7656E-3	1.2075E-1
7.0100E-4	9.5215E-3	1.3398E-1
7.0200E-4	9.7656E-3	1.5356E-1
7.0300E-4	9.7656E-3	1.7910E-1
7.0400E-4	9.2773E-3	2.0386E-1
7.0500E-4	1.0010E-2	2.3037E-1
7.0600E-4	9.5215E-3	2.5913E-1
7.0700E-4	9.7656E-3	2.9297E-1
7.0800E-4	9.0332E-3	3.3267E-1
7.0900E-4	9.7656E-3	3.8076E-1
7.1000E-4	9.7656E-3	4.3418E-1
7.1100E-4	9.2773E-3	4.8999E-1
7.1200E-4	9.5215E-3	5.3965E-1
7.1300E-4	9.2773E-3	5.7568E-1
7.1400E-4	9.2773E-3	5.9175E-1
7.1500E-4	9.5215E-3	5.8477E-1
7.1600E-4	9.5215E-3	5.5635E-1
7.1700E-4	9.7656E-3	5.0879E-1
7.1800E-4	1.0010E-2	4.4722E-1
7.1900E-4	1.0010E-2	3.8042E-1
7.2000E-4	9.7656E-3	3.1279E-1
7.2100E-4	1.0010E-2	2.5059E-1
7.2200E-4	9.7656E-3	1.9766E-1
7.2300E-4	9.7656E-3	1.5674E-1
7.2400E-4	9.7656E-3	1.2871E-1
7.2500E-4	9.5215E-3	1.1284E-1
7.2600E-4	9.7656E-3	1.0474E-1
7.2700E-4	9.5215E-3	1.0381E-1
7.2800E-4	1.0010E-2	1.0967E-1
7.2900E-4	1.0010E-2	1.1787E-1
7.3000E-4	1.0010E-2	1.3018E-1
7.3100E-4	1.0254E-2	1.4590E-1
7.3200E-4	9.2773E-3	1.6484E-1
7.3300E-4	9.7656E-3	1.8813E-1
7.3400E-4	1.0010E-2	2.1772E-1
7.3500E-4	9.5215E-3	2.5044E-1
7.3600E-4	9.7656E-3	2.9258E-1
7.3700E-4	1.0254E-2	3.4116E-1
7.3800E-4	9.5215E-3	3.9585E-1
7.3900E-4	1.0010E-2	4.5298E-1
7.4000E-4	9.2773E-3	5.0479E-1
7.4100E-4	9.5215E-3	5.4146E-1
7.4200E-4	9.7656E-3	5.6338E-1
7.4300E-4	9.5215E-3	5.6455E-1
7.4400E-4	1.0010E-2	5.4414E-1
7.4500E-4	9.5215E-3	5.0264E-1
7.4600E-4	9.2773E-3	4.4702E-1
7.4700E-4	9.5215E-3	3.8242E-1
7.4800E-4	1.0010E-2	3.1426E-1
7.4900E-4	9.5215E-3	2.4683E-1
7.5000E-4	9.5215E-3	1.9072E-1
7.5100E-4	9.5215E-3	1.4697E-1
7.5200E-4	9.7656E-3	1.1538E-1
7.5300E-4	1.0010E-2	9.4873E-2
7.5400E-4	9.0332E-3	8.6328E-2
7.5500E-4	9.7656E-3	8.7988E-2
7.5600E-4	9.0332E-3	9.6631E-2
7.5700E-4	1.0010E-2	1.0884E-1
7.5800E-4	9.5215E-3	1.2437E-1
7.5900E-4	9.5215E-3	1.4175E-1
7.6000E-4	1.0254E-2	1.6123E-1
7.6100E-4	1.0254E-2	1.8374E-1
7.6200E-4	1.0010E-2	2.1177E-1
7.6300E-4	9.5215E-3	2.4771E-1
7.6400E-4	1.0010E-2	2.9087E-1
7.6500E-4	9.2773E-3	3.4214E-1
7.6600E-4	9.5215E-3	3.9731E-1
7.6700E-4	9.7656E-3	4.5498E-1
7.6800E-4	1.0010E-2	5.0830E-1
7.6900E-4	9.2773E-3	5.5156E-1
7.7000E-4	9.7656E-3	5.7725E-1
7.7100E-4	1.0010E-2	5.8086E-1
7.7200E-4	9.5215E-3	5.5898E-1
7.7300E-4	9.5215E-3	5.1367E-1
7.7400E-4	9.5215E-3	4.5288E-1
7.7500E-4	9.5215E-3	3.8232E-1
7.7600E-4	9.7656E-3	3.1162E-1
7.7700E-4	9.5215E-3	2.4819E-1
7.7800E-4	9.7656E-3	1.9658E-1
7.7900E-4	9.2773E-3	1.5615E-1
7.8000E-4	9.7656E-3	1.2642E-1
7.8100E-4	1.0254E-2	1.0864E-1
7.8200E-4	1.0498E-2	9.8926E-2
7.8300E-4	1.0010E-2	9.6875E-2
7.8400E-4	9.5215E-3	1.0225E-1
7.8500E-4	1.0498E-2	1.1401E-1
7.8600E-4	1.0010E-2	1.2891E-1
7.8700E-4	1.0010E-2	1.4668E-1
7.8800E-4	9.2773E-3	1.6743E-1
7.8900E-4	9.5215E-3	1.9321E-1
7.9000E-4	9.5215E-3	2.2705E-1
7.9100E-4	1.0498E-2	2.6748E-1
7.9200E-4	9.5215E-3	3.1626E-1
7.9300E-4	9.7656E-3	3.7368E-1
7.9400E-4	9.5215E-3	4.3525E-1
7.9500E-4	1.0010E-2	4.9404E-1
7.9600E-4	9.7656E-3	5.4639E-1
7.9700E-4	9.7656E-3	5.8579E-1
7.9800E-4	9.5215E-3	6.0303E-1
7.9900E-4	1.0254E-2	5.9678E-1
8.0000E-4	9.7656E-3	5.6733E-1
8.0100E-4	9.5215E-3	5.2085E-1
8.0200E-4	9.5215E-3	4.5845E-1
8.0300E-4	9.7656E-3	3.8984E-1
8.0400E-4	9.2773E-3	3.2188E-1
8.0500E-4	9.7656E-3	2.6060E-1
8.0600E-4	9.2773E-3	2.0811E-1
8.0700E-4	9.0332E-3	1.7109E-1
8.0800E-4	1.0010E-2	1.4688E-1
8.0900E-4	9.5215E-3	1.3184E-1
8.1000E-4	1.0010E-2	1.2710E-1
8.1100E-4	9.5215E-3	1.2983E-1
8.1200E-4	9.5215E-3	1.3442E-1
8.1300E-4	1.0010E-2	1.4326E-1
8.1400E-4	9.7656E-3	1.5708E-1
8.1500E-4	9.5215E-3	1.7446E-1
8.1600E-4	9.5215E-3	1.9624E-1
8.1700E-4	9.2773E-3	2.2471E-1
8.1800E-4	1.0010E-2	2.6021E-1
8.1900E-4	9.7656E-3	3.0181E-1
8.2000E-4	9.2773E-3	3.4795E-1
8.2100E-4	9.2773E-3	3.9775E-1
8.2200E-4	9.7656E-3	4.5107E-1
8.2300E-4	9.5215E-3	5.0420E-1
8.2400E-4	9.7656E-3	5.4951E-1
8.2500E-4	9.2773E-3	5.8335E-1
8.2600E-4	9.2773E-3	6.0049E-1
8.2700E-4	9.5215E-3	5.9897E-1
8.2800E-4	9.5215E-3	5.7783E-1
8.2900E-4	9.7656E-3	5.4229E-1
8.3000E-4	9.7656E-3	4.9497E-1
8.3100E-4	9.0332E-3	4.4038E-1
8.3200E-4	9.5215E-3	3.8252E-1
8.3300E-4	9.7656E-3	3.2520E-1
8.3400E-4	1.0010E-2	2.7363E-1
8.3500E-4	9.5215E-3	2.3105E-1
8.3600E-4	9.7656E-3	2.0088E-1
8.3700E-4	9.7656E-3	1.8232E-1
8.3800E-4	9.2773E-3	1.7632E-1
8.3900E-4	9.7656E-3	1.7964E-1
8.4000E-4	9.5215E-3	1.9185E-1
8.4100E-4	9.2773E-3	2.0898E-1
8.4200E-4	9.7656E-3	2.3008E-1
8.4300E-4	1.0010E-2	2.5269E-1
8.4400E-4	9.5215E-3	2.7900E-1
8.4500E-4	1.0254E-2	3.0562E-1
8.4600E-4	9.5215E-3	3.3545E-1
8.4700E-4	1.0010E-2	3.6802E-1
8.4800E-4	9.7656E-3	4.0327E-1
8.4900E-4	9.2773E-3	4.3960E-1
8.5000E-4	9.5215E-3	4.7827E-1
8.5100E-4	9.5215E-3	5.1333E-1
8.5200E-4	1.0010E-2	5.4277E-1
8.5300E-4	9.5215E-3	5.6367E-1
8.5400E-4	1.0254E-2	5.7227E-1
8.5500E-4	9.5215E-3	5.6812E-1
8.5600E-4	9.2773E-3	5.5073E-1
8.5700E-4	9.7656E-3	5.2231E-1
8.5800E-4	9.2773E-3	4.8882E-1
8.5900E-4	9.2773E-3	4.5063E-1
8.6000E-4	1.0498E-2	4.0811E-1
8.6100E-4	1.0010E-2	3.6782E-1
8.6200E-4	9.2773E-3	3.3120E-1
8.6300E-4	9.5215E-3	2.9727E-1
8.6400E-4	9.5215E-3	2.7236E-1
8.6500E-4	9.5215E-3	2.5708E-1
8.6600E-4	1.0010E-2	2.5098E-1
8.6700E-4	1.0254E-2	2.5210E-1
8.6800E-4	9.5215E-3	2.5835E-1
8.6900E-4	9.2773E-3	2.6636E-1
8.7000E-4	9.2773E-3	2.7661E-1
8.7100E-4	9.0332E-3	2.8813E-1
8.7200E-4	9.5215E-3	3.0259E-1
8.7300E-4	9.7656E-3	3.1846E-1
8.7400E-4	9.5215E-3	3.3691E-1
8.7500E-4	1.0254E-2	3.5693E-1
8.7600E-4	1.0010E-2	3.7749E-1
8.7700E-4	1.0010E-2	3.9663E-1
8.7800E-4	1.0010E-2	4.1646E-1
8.7900E-4	1.0010E-2	4.3442E-1
8.8000E-4	9.2773E-3	4.4839E-1
8.8100E-4	9.5215E-3	4.5923E-1
8.8200E-4	1.0010E-2	4.6919E-1
8.8300E-4	9.2773E-3	4.7549E-1
8.8400E-4	9.0332E-3	4.7642E-1
8.8500E-4	9.7656E-3	4.7402E-1
8.8600E-4	9.5215E-3	4.6968E-1
8.8700E-4	9.0332E-3	4.6118E-1
8.8800E-4	1.0010E-2	4.4961E-1
8.8900E-4	9.2773E-3	4.3687E-1
8.9000E-4	1.0010E-2	4.2607E-1
8.9100E-4	9.7656E-3	4.1475E-1
8.9200E-4	1.0254E-2	4.0391E-1
8.9300E-4	1.0010E-2	3.9648E-1
8.9400E-4	9.0332E-3	3.9170E-1
8.9500E-4	9.0332E-3	3.8501E-1
8.9600E-4	9.5215E-3	3.8047E-1
8.9700E-4	9.5215E-3	3.7715E-1
8.9800E-4	9.7656E-3	3.7402E-1
8.9900E-4	9.5215E-3	3.7207E-1
9.0000E-4	9.7656E-3	3.7339E-1
9.0100E-4	9.0332E-3	3.7441E-1
9.0200E-4	9.0332E-3	3.7280E-1
9.0300E-4	1.0010E-2	3.7002E-1
9.0400E-4	9.5215E-3	3.6499E-1
9.0500E-4	9.7656E-3	3.5747E-1
9.0600E-4	1.0010E-2	3.5054E-1
9.0700E-4	9.5215E-3	3.4658E-1
9.0800E-4	9.5215E-3	3.4307E-1
9.0900E-4	9.7656E-3	3.4238E-1
9.1000E-4	9.0332E-3	3.4492E-1
9.1100E-4	1.0010E-2	3.4873E-1
9.1200E-4	9.5215E-3	3.5596E-1
9.1300E-4	8.7891E-3	3.6631E-1
9.1400E-4	1.0010E-2	3.7905E-1
9.1500E-4	9.2773E-3	3.9624E-1
9.1600E-4	1.0254E-2	4.1455E-1
9.1700E-4	1.0010E-2	4.3389E-1
9.1800E-4	9.5215E-3	4.5488E-1
9.1900E-4	9.0332E-3	4.7393E-1
9.2000E-4	1.0010E-2	4.8804E-1
9.2100E-4	9.5215E-3	4.9775E-1
9.2200E-4	9.7656E-3	5.0093E-1
9.2300E-4	9.5215E-3	4.9614E-1
9.2400E-4	9.7656E-3	4.8716E-1
9.2500E-4	9.2773E-3	4.7070E-1
9.2600E-4	1.0254E-2	4.4731E-1
9.2700E-4	1.0010E-2	4.1953E-1
9.2800E-4	9.7656E-3	3.8877E-1
9.2900E-4	9.0332E-3	3.5386E-1
9.3000E-4	9.7656E-3	3.2095E-1
9.3100E-4	1.0010E-2	2.9297E-1
9.3200E-4	9.7656E-3	2.6919E-1
9.3300E-4	9.7656E-3	2.5107E-1
9.3400E-4	9.5215E-3	2.4014E-1
9.3500E-4	9.2773E-3	2.3501E-1
9.3600E-4	9.2773E-3	2.3433E-1
9.3700E-4	1.0010E-2	2.3794E-1
9.3800E-4	9.5215E-3	2.4595E-1
9.3900E-4	9.2773E-3	2.5845E-1
9.4000E-4	9.5215E-3	2.7388E-1
9.4100E-4	9.7656E-3	2.9385E-1
9.4200E-4	9.2773E-3	3.1836E-1
9.4300E-4	9.7656E-3	3.4883E-1
9.4400E-4	9.5215E-3	3.8398E-1
9.4500E-4	9.7656E-3	4.2583E-1
9.4600E-4	9.0332E-3	4.7168E-1
9.4700E-4	9.5215E-3	5.1714E-1
9.4800E-4	1.0010E-2	5.5718E-1
9.4900E-4	9.7656E-3	5.8872E-1
9.5000E-4	9.0332E-3	6.0464E-1
9.5100E-4	9.7656E-3	5.9976E-1
9.5200E-4	1.0010E-2	5.7544E-1
9.5300E-4	9.2773E-3	5.3511E-1
9.5400E-4	9.0332E-3	4.8174E-1
9.5500E-4	9.5215E-3	4.2163E-1
9.5600E-4	9.7656E-3	3.5991E-1
9.5700E-4	1.0742E-2	3.0195E-1
9.5800E-4	1.0254E-2	2.4824E-1
9.5900E-4	1.0010E-2	2.0103E-1
9.6000E-4	1.0254E-2	1.6357E-1
9.6100E-4	9.5215E-3	1.3711E-1
9.6200E-4	9.5215E-3	1.2070E-1
9.6300E-4	9.7656E-3	1.1016E-1
9.6400E-4	9.5215E-3	1.0718E-1
9.6500E-4	1.0010E-2	1.0815E-1
9.6600E-4	9.7656E-3	1.1460E-1
9.6700E-4	9.5215E-3	1.2593E-1
9.6800E-4	9.7656E-3	1.4355E-1
9.6900E-4	9.7656E-3	1.6729E-1
9.7000E-4	9.5215E-3	1.9629E-1
9.7100E-4	9.2773E-3	2.2949E-1
9.7200E-4	9.2773E-3	2.6890E-1
9.7300E-4	9.5215E-3	3.1855E-1
9.7400E-4	9.2773E-3	3.7515E-1
9.7500E-4	9.7656E-3	4.3965E-1
9.7600E-4	9.2773E-3	5.0557E-1
9.7700E-4	9.2773E-3	5.6113E-1
9.7800E-4	9.7656E-3	5.9531E-1
9.7900E-4	1.0254E-2	6.0195E-1
9.8000E-4	9.7656E-3	5.7520E-1
9.8100E-4	9.7656E-3	5.1572E-1
9.8200E-4	9.5215E-3	4.3091E-1
9.8300E-4	9.7656E-3	3.3247E-1
9.8400E-4	1.0010E-2	2.2783E-1
9.8500E-4	9.5215E-3	1.2764E-1
9.8600E-4	1.0254E-2	3.9062E-2
9.8700E-4	9.2773E-3	-3.4619E-2
9.8800E-4	9.5215E-3	-9.4531E-2
9.8900E-4	9.7656E-3	-1.3828E-1
9.9000E-4	9.5215E-3	-1.7153E-1
9.9100E-4	9.5215E-3	-1.9526E-1
9.9200E-4	1.0010E-2	-2.0996E-1
9.9300E-4	1.0254E-2	-2.1880E-1
9.9400E-4	9.2773E-3	-2.2534E-1
9.9500E-4	9.5215E-3	-2.2881E-1
9.9600E-4	9.2773E-3	-2.3286E-1
9.9700E-4	9.5215E-3	-2.3535E-1
9.9800E-4	9.7656E-3	-2.3535E-1
9.9900E-4	9.2773E-3	-2.3535E-1
