Time [s]	Aux in [V]	Main in [V]
0.0000E+0	9.0332E-3	-2.7466E-1
1.0000E-6	1.0010E-2	-2.7158E-1
2.0000E-6	9.5215E-3	-2.6641E-1
3.0000E-6	9.5215E-3	-2.6172E-1
4.0000E-6	9.5215E-3	-2.5552E-1
5.0000E-6	9.7656E-3	-2.4990E-1
6.0000E-6	9.7656E-3	-2.4390E-1
7.0000E-6	9.5215E-3	-2.3633E-1
8.0000E-6	9.5215E-3	-2.2422E-1
9.0000E-6	9.5215E-3	-2.0786E-1
1.0000E-5	9.5215E-3	-1.8447E-1
1.1000E-5	9.5215E-3	-1.5586E-1
1.2000E-5	9.5215E-3	-1.2427E-1
1.3000E-5	9.7656E-3	-8.7598E-2
1.4000E-5	1.0254E-2	-4.3262E-2
1.5000E-5	1.0010E-2	1.0498E-2
1.6000E-5	9.5215E-3	7.6465E-2
1.7000E-5	9.0332E-3	1.5742E-1
1.8000E-5	9.7656E-3	2.5269E-1
1.9000E-5	9.2773E-3	3.5562E-1
2.0000E-5	9.5215E-3	4.5527E-1
2.1000E-5	9.7656E-3	5.3779E-1
2.2000E-5	9.7656E-3	5.9561E-1
2.3000E-5	8.7891E-3	6.1890E-1
2.4000E-5	1.0010E-2	6.0503E-1
2.5000E-5	9.5215E-3	5.5918E-1
2.6000E-5	1.0254E-2	4.9351E-1
2.7000E-5	8.7891E-3	4.1177E-1
2.8000E-5	1.0010E-2	3.2671E-1
2.9000E-5	9.7656E-3	2.4678E-1
3.0000E-5	1.0254E-2	1.7998E-1
3.1000E-5	1.0010E-2	1.2637E-1
3.2000E-5	1.0010E-2	9.1797E-2
3.3000E-5	9.5215E-3	7.3779E-2
3.4000E-5	9.2773E-3	6.7383E-2
3.5000E-5	9.2773E-3	6.9629E-2
3.6000E-5	9.7656E-3	8.1982E-2
3.7000E-5	9.5215E-3	9.8682E-2
3.8000E-5	9.5215E-3	1.1782E-1
3.9000E-5	9.7656E-3	1.4141E-1
4.0000E-5	9.5215E-3	1.6704E-1
4.1000E-5	9.2773E-3	1.9292E-1
4.2000E-5	9.2773E-3	2.2158E-1
4.3000E-5	9.7656E-3	2.5459E-1
4.4000E-5	9.2773E-3	2.9287E-1
4.5000E-5	9.5215E-3	3.3677E-1
4.6000E-5	9.5215E-3	3.8457E-1
4.7000E-5	9.0332E-3	4.3105E-1
4.8000E-5	9.2773E-3	4.7549E-1
4.9000E-5	9.0332E-3	5.1177E-1
5.0000E-5	9.7656E-3	5.3521E-1
5.1000E-5	9.7656E-3	5.4399E-1
5.2000E-5	9.2773E-3	5.4102E-1
5.3000E-5	9.2773E-3	5.2075E-1
5.4000E-5	1.0010E-2	4.8765E-1
5.5000E-5	9.5215E-3	4.4565E-1
5.6000E-5	9.5215E-3	3.9897E-1
5.7000E-5	9.7656E-3	3.5146E-1
5.8000E-5	1.0010E-2	3.0830E-1
5.9000E-5	9.5215E-3	2.6982E-1
6.0000E-5	9.5215E-3	2.3857E-1
6.1000E-5	1.0254E-2	2.1377E-1
6.2000E-5	9.5215E-3	1.9639E-1
6.3000E-5	1.0010E-2	1.8682E-1
6.4000E-5	9.2773E-3	1.8457E-1
6.5000E-5	9.7656E-3	1.8984E-1
6.6000E-5	9.5215E-3	2.0122E-1
6.7000E-5	9.2773E-3	2.1543E-1
6.8000E-5	9.2773E-3	2.3228E-1
6.9000E-5	9.5215E-3	2.5283E-1
7.0000E-5	8.7891E-3	2.7354E-1
7.1000E-5	1.0010E-2	2.9487E-1
7.2000E-5	9.2773E-3	3.1699E-1
7.3000E-5	9.7656E-3	3.3872E-1
7.4000E-5	9.2773E-3	3.6147E-1
7.5000E-5	9.2773E-3	3.8477E-1
7.6000E-5	9.0332E-3	4.0942E-1
7.7000E-5	9.5215E-3	4.3340E-1
7.8000E-5	9.2773E-3	4.5186E-1
7.9000E-5	1.0010E-2	4.6099E-1
8.0000E-5	9.0332E-3	4.6313E-1
8.1000E-5	9.7656E-3	4.5615E-1
8.2000E-5	1.0010E-2	4.4106E-1
8.3000E-5	9.5215E-3	4.2373E-1
8.4000E-5	9.7656E-3	4.0547E-1
8.5000E-5	9.2773E-3	3.8647E-1
8.6000E-5	1.0010E-2	3.6895E-1
8.7000E-5	9.5215E-3	3.5366E-1
8.8000E-5	9.2773E-3	3.4170E-1
8.9000E-5	9.2773E-3	3.3242E-1
9.0000E-5	1.0010E-2	3.2461E-1
9.1000E-5	9.2773E-3	3.1768E-1
9.2000E-5	9.2773E-3	3.1450E-1
9.3000E-5	9.5215E-3	3.1143E-1
9.4000E-5	1.0010E-2	3.1016E-1
9.5000E-5	9.5215E-3	3.1001E-1
9.6000E-5	1.0010E-2	3.1216E-1
9.7000E-5	9.2773E-3	3.1636E-1
9.8000E-5	9.2773E-3	3.2285E-1
9.9000E-5	9.2773E-3	3.2900E-1
1.0000E-4	9.5215E-3	3.3623E-1
1.0100E-4	9.7656E-3	3.4146E-1
1.0200E-4	9.2773E-3	3.4375E-1
1.0300E-4	9.0332E-3	3.4683E-1
1.0400E-4	9.7656E-3	3.5142E-1
1.0500E-4	1.0010E-2	3.5537E-1
1.0600E-4	9.5215E-3	3.6377E-1
1.0700E-4	1.0010E-2	3.7261E-1
1.0800E-4	9.5215E-3	3.7983E-1
1.0900E-4	9.0332E-3	3.8706E-1
1.1000E-4	1.0010E-2	3.9282E-1
1.1100E-4	1.0010E-2	3.9658E-1
1.1200E-4	9.2773E-3	4.0137E-1
1.1300E-4	9.2773E-3	4.0630E-1
1.1400E-4	9.2773E-3	4.0996E-1
1.1500E-4	9.2773E-3	4.1792E-1
1.1600E-4	8.7891E-3	4.2544E-1
1.1700E-4	9.5215E-3	4.3193E-1
1.1800E-4	1.0010E-2	4.3638E-1
1.1900E-4	9.0332E-3	4.3638E-1
1.2000E-4	9.5215E-3	4.3193E-1
1.2100E-4	9.5215E-3	4.2256E-1
1.2200E-4	9.2773E-3	4.0903E-1
1.2300E-4	9.0332E-3	3.9248E-1
1.2400E-4	1.0010E-2	3.7485E-1
1.2500E-4	9.5215E-3	3.5483E-1
1.2600E-4	9.7656E-3	3.3296E-1
1.2700E-4	9.2773E-3	3.1260E-1
1.2800E-4	9.0332E-3	2.9326E-1
1.2900E-4	9.5215E-3	2.7642E-1
1.3000E-4	9.2773E-3	2.6235E-1
1.3100E-4	8.5449E-3	2.5508E-1
1.3200E-4	9.2773E-3	2.5078E-1
1.3300E-4	9.7656E-3	2.5176E-1
1.3400E-4	9.2773E-3	2.5752E-1
1.3500E-4	9.5215E-3	2.6650E-1
1.3600E-4	9.0332E-3	2.7949E-1
1.3700E-4	9.2773E-3	2.9458E-1
1.3800E-4	9.2773E-3	3.1387E-1
1.3900E-4	1.0254E-2	3.3423E-1
1.4000E-4	1.0254E-2	3.6006E-1
1.4100E-4	9.2773E-3	3.8843E-1
1.4200E-4	9.5215E-3	4.2202E-1
1.4300E-4	9.5215E-3	4.5459E-1
1.4400E-4	1.0254E-2	4.8818E-1
1.4500E-4	9.5215E-3	5.1436E-1
1.4600E-4	9.2773E-3	5.3101E-1
1.4700E-4	9.5215E-3	5.3618E-1
1.4800E-4	1.0010E-2	5.3154E-1
1.4900E-4	9.7656E-3	5.1714E-1
1.5000E-4	9.5215E-3	4.9614E-1
1.5100E-4	8.5449E-3	4.6909E-1
1.5200E-4	9.5215E-3	4.3569E-1
1.5300E-4	9.5215E-3	3.9663E-1
1.5400E-4	9.7656E-3	3.5488E-1
1.5500E-4	9.2773E-3	3.0962E-1
1.5600E-4	1.0010E-2	2.6714E-1
1.5700E-4	9.2773E-3	2.3149E-1
1.5800E-4	9.7656E-3	2.0337E-1
1.5900E-4	9.2773E-3	1.8218E-1
1.6000E-4	9.7656E-3	1.7075E-1
1.6100E-4	1.0010E-2	1.6831E-1
1.6200E-4	1.0254E-2	1.7021E-1
1.6300E-4	9.5215E-3	1.7817E-1
1.6400E-4	9.7656E-3	1.9233E-1
1.6500E-4	9.2773E-3	2.0981E-1
1.6600E-4	1.0254E-2	2.3091E-1
1.6700E-4	9.2773E-3	2.5884E-1
1.6800E-4	1.0010E-2	2.9199E-1
1.6900E-4	9.2773E-3	3.3042E-1
1.7000E-4	1.0010E-2	3.7646E-1
1.7100E-4	1.0010E-2	4.2739E-1
1.7200E-4	1.0254E-2	4.7720E-1
1.7300E-4	9.7656E-3	5.1797E-1
1.7400E-4	9.7656E-3	5.4370E-1
1.7500E-4	9.5215E-3	5.5430E-1
1.7600E-4	9.7656E-3	5.4849E-1
1.7700E-4	9.2773E-3	5.2710E-1
1.7800E-4	9.5215E-3	4.9600E-1
1.7900E-4	9.5215E-3	4.5674E-1
1.8000E-4	9.5215E-3	4.1157E-1
1.8100E-4	1.0010E-2	3.5981E-1
1.8200E-4	9.2773E-3	3.0444E-1
1.8300E-4	9.7656E-3	2.4951E-1
1.8400E-4	9.5215E-3	2.0132E-1
1.8500E-4	9.7656E-3	1.6050E-1
1.8600E-4	9.7656E-3	1.3125E-1
1.8700E-4	9.2773E-3	1.1514E-1
1.8800E-4	1.0010E-2	1.0967E-1
1.8900E-4	1.0010E-2	1.1167E-1
1.9000E-4	1.0498E-2	1.1968E-1
1.9100E-4	9.7656E-3	1.3115E-1
1.9200E-4	9.7656E-3	1.4697E-1
1.9300E-4	1.0010E-2	1.6719E-1
1.9400E-4	9.2773E-3	1.9370E-1
1.9500E-4	9.5215E-3	2.2563E-1
1.9600E-4	9.7656E-3	2.6484E-1
1.9700E-4	1.0010E-2	3.0923E-1
1.9800E-4	9.7656E-3	3.6084E-1
1.9900E-4	1.0010E-2	4.1675E-1
2.0000E-4	1.0010E-2	4.7539E-1
2.0100E-4	9.2773E-3	5.2783E-1
2.0200E-4	1.0010E-2	5.6479E-1
2.0300E-4	9.7656E-3	5.8110E-1
2.0400E-4	9.7656E-3	5.7681E-1
2.0500E-4	9.2773E-3	5.4702E-1
2.0600E-4	1.0010E-2	4.9790E-1
2.0700E-4	9.5215E-3	4.3726E-1
2.0800E-4	9.5215E-3	3.6982E-1
2.0900E-4	9.0332E-3	2.9863E-1
2.1000E-4	9.5215E-3	2.3306E-1
2.1100E-4	9.2773E-3	1.7744E-1
2.1200E-4	9.5215E-3	1.3477E-1
2.1300E-4	1.0742E-2	1.0605E-1
2.1400E-4	9.5215E-3	8.9844E-2
2.1500E-4	9.5215E-3	8.3154E-2
2.1600E-4	9.7656E-3	8.1445E-2
2.1700E-4	9.5215E-3	8.5889E-2
2.1800E-4	9.7656E-3	9.5508E-2
2.1900E-4	9.2773E-3	1.0815E-1
2.2000E-4	1.0010E-2	1.2485E-1
2.2100E-4	9.0332E-3	1.4688E-1
2.2200E-4	8.7891E-3	1.7334E-1
2.2300E-4	9.7656E-3	2.0386E-1
2.2400E-4	9.2773E-3	2.3950E-1
2.2500E-4	9.5215E-3	2.8364E-1
2.2600E-4	9.5215E-3	3.3721E-1
2.2700E-4	9.5215E-3	3.9609E-1
2.2800E-4	9.2773E-3	4.5791E-1
2.2900E-4	1.0254E-2	5.1934E-1
2.3000E-4	9.7656E-3	5.6836E-1
2.3100E-4	9.7656E-3	5.9595E-1
2.3200E-4	9.5215E-3	5.9849E-1
2.3300E-4	1.0498E-2	5.7227E-1
2.3400E-4	9.5215E-3	5.1978E-1
2.3500E-4	1.0254E-2	4.4766E-1
2.3600E-4	1.0010E-2	3.6582E-1
2.3700E-4	9.5215E-3	2.8369E-1
2.3800E-4	9.0332E-3	2.1016E-1
2.3900E-4	9.7656E-3	1.4731E-1
2.4000E-4	9.5215E-3	1.0195E-1
2.4100E-4	1.0254E-2	7.3779E-2
2.4200E-4	9.5215E-3	5.8203E-2
2.4300E-4	9.2773E-3	5.4297E-2
2.4400E-4	9.2773E-3	6.0693E-2
2.4500E-4	9.2773E-3	7.0557E-2
2.4600E-4	9.7656E-3	8.3154E-2
2.4700E-4	8.7891E-3	9.8682E-2
2.4800E-4	9.5215E-3	1.1699E-1
2.4900E-4	1.0010E-2	1.3779E-1
2.5000E-4	9.5215E-3	1.6328E-1
2.5100E-4	9.5215E-3	1.9473E-1
2.5200E-4	1.0498E-2	2.3457E-1
2.5300E-4	9.0332E-3	2.8086E-1
2.5400E-4	9.5215E-3	3.3662E-1
2.5500E-4	9.5215E-3	4.0103E-1
2.5600E-4	9.5215E-3	4.6743E-1
2.5700E-4	9.0332E-3	5.2808E-1
2.5800E-4	9.5215E-3	5.7339E-1
2.5900E-4	9.0332E-3	5.9683E-1
2.6000E-4	1.0254E-2	5.9268E-1
2.6100E-4	9.7656E-3	5.5986E-1
2.6200E-4	9.5215E-3	5.0488E-1
2.6300E-4	1.0254E-2	4.3696E-1
2.6400E-4	1.0254E-2	3.6035E-1
2.6500E-4	9.7656E-3	2.8286E-1
2.6600E-4	9.7656E-3	2.1260E-1
2.6700E-4	9.5215E-3	1.5293E-1
2.6800E-4	9.7656E-3	1.0537E-1
2.6900E-4	9.5215E-3	7.2852E-2
2.7000E-4	9.2773E-3	5.2441E-2
2.7100E-4	9.7656E-3	4.4092E-2
2.7200E-4	9.5215E-3	4.5850E-2
2.7300E-4	9.7656E-3	5.4785E-2
2.7400E-4	9.7656E-3	6.8604E-2
2.7500E-4	9.2773E-3	9.0381E-2
2.7600E-4	9.7656E-3	1.1567E-1
2.7700E-4	9.2773E-3	1.4404E-1
2.7800E-4	9.7656E-3	1.7876E-1
2.7900E-4	9.2773E-3	2.1831E-1
2.8000E-4	1.0010E-2	2.6221E-1
2.8100E-4	9.5215E-3	3.1387E-1
2.8200E-4	9.2773E-3	3.7310E-1
2.8300E-4	9.5215E-3	4.3638E-1
2.8400E-4	9.7656E-3	5.0186E-1
2.8500E-4	9.7656E-3	5.5889E-1
2.8600E-4	9.7656E-3	5.9839E-1
2.8700E-4	9.2773E-3	6.1499E-1
2.8800E-4	1.0010E-2	6.0503E-1
2.8900E-4	9.0332E-3	5.6934E-1
2.9000E-4	9.2773E-3	5.1646E-1
2.9100E-4	9.5215E-3	4.5200E-1
2.9200E-4	9.5215E-3	3.8228E-1
2.9300E-4	9.5215E-3	3.1416E-1
2.9400E-4	9.7656E-3	2.5098E-1
2.9500E-4	9.2773E-3	1.9683E-1
2.9600E-4	9.5215E-3	1.5566E-1
2.9700E-4	1.0010E-2	1.2666E-1
2.9800E-4	9.2773E-3	1.0815E-1
2.9900E-4	9.7656E-3	9.9805E-2
3.0000E-4	9.5215E-3	9.9463E-2
3.0100E-4	9.5215E-3	1.0654E-1
3.0200E-4	9.5215E-3	1.2183E-1
3.0300E-4	9.7656E-3	1.4189E-1
3.0400E-4	9.7656E-3	1.7002E-1
3.0500E-4	9.7656E-3	2.0220E-1
3.0600E-4	1.0010E-2	2.3979E-1
3.0700E-4	9.5215E-3	2.7754E-1
3.0800E-4	9.5215E-3	3.2222E-1
3.0900E-4	9.7656E-3	3.7026E-1
3.1000E-4	8.7891E-3	4.2256E-1
3.1100E-4	1.0010E-2	4.7583E-1
3.1200E-4	9.5215E-3	5.2842E-1
3.1300E-4	9.0332E-3	5.6938E-1
3.1400E-4	1.0010E-2	5.9341E-1
3.1500E-4	9.7656E-3	5.9819E-1
3.1600E-4	9.0332E-3	5.8252E-1
3.1700E-4	9.2773E-3	5.4971E-1
3.1800E-4	9.5215E-3	5.0483E-1
3.1900E-4	9.0332E-3	4.5278E-1
3.2000E-4	9.5215E-3	3.9727E-1
3.2100E-4	9.2773E-3	3.3999E-1
3.2200E-4	1.0010E-2	2.8525E-1
3.2300E-4	9.7656E-3	2.3667E-1
3.2400E-4	1.0498E-2	1.9756E-1
3.2500E-4	9.5215E-3	1.6855E-1
3.2600E-4	8.7891E-3	1.5171E-1
3.2700E-4	9.2773E-3	1.4438E-1
3.2800E-4	9.5215E-3	1.4761E-1
3.2900E-4	9.2773E-3	1.5684E-1
3.3000E-4	9.2773E-3	1.7256E-1
3.3100E-4	9.5215E-3	1.9150E-1
3.3200E-4	9.5215E-3	2.1309E-1
3.3300E-4	9.2773E-3	2.3618E-1
3.3400E-4	9.5215E-3	2.6323E-1
3.3500E-4	9.7656E-3	2.9224E-1
3.3600E-4	9.2773E-3	3.2520E-1
3.3700E-4	1.0254E-2	3.6250E-1
3.3800E-4	9.7656E-3	4.0225E-1
3.3900E-4	9.7656E-3	4.4277E-1
3.4000E-4	9.7656E-3	4.8203E-1
3.4100E-4	8.5449E-3	5.1729E-1
3.4200E-4	1.0498E-2	5.4487E-1
3.4300E-4	9.5215E-3	5.6221E-1
3.4400E-4	9.5215E-3	5.6636E-1
3.4500E-4	9.2773E-3	5.5791E-1
3.4600E-4	1.0254E-2	5.3491E-1
3.4700E-4	9.2773E-3	5.0122E-1
3.4800E-4	9.5215E-3	4.6191E-1
3.4900E-4	9.7656E-3	4.1924E-1
3.5000E-4	9.5215E-3	3.7559E-1
3.5100E-4	9.0332E-3	3.3604E-1
3.5200E-4	9.5215E-3	3.0405E-1
3.5300E-4	9.2773E-3	2.7778E-1
3.5400E-4	9.2773E-3	2.6143E-1
3.5500E-4	9.2773E-3	2.5322E-1
3.5600E-4	1.0010E-2	2.5269E-1
3.5700E-4	9.7656E-3	2.5762E-1
3.5800E-4	9.5215E-3	2.6704E-1
3.5900E-4	9.5215E-3	2.7651E-1
3.6000E-4	9.7656E-3	2.8989E-1
3.6100E-4	1.0010E-2	3.0576E-1
3.6200E-4	9.5215E-3	3.2178E-1
3.6300E-4	9.0332E-3	3.3906E-1
3.6400E-4	9.7656E-3	3.5972E-1
3.6500E-4	9.2773E-3	3.8042E-1
3.6600E-4	8.7891E-3	4.0288E-1
3.6700E-4	9.2773E-3	4.2544E-1
3.6800E-4	9.5215E-3	4.4683E-1
3.6900E-4	9.5215E-3	4.6421E-1
3.7000E-4	9.2773E-3	4.7441E-1
3.7100E-4	9.2773E-3	4.7764E-1
3.7200E-4	1.0010E-2	4.7617E-1
3.7300E-4	9.7656E-3	4.6895E-1
3.7400E-4	1.0254E-2	4.5830E-1
3.7500E-4	1.0010E-2	4.4888E-1
3.7600E-4	1.0010E-2	4.3838E-1
3.7700E-4	9.2773E-3	4.2671E-1
3.7800E-4	9.7656E-3	4.1587E-1
3.7900E-4	9.0332E-3	4.0557E-1
3.8000E-4	9.7656E-3	3.9473E-1
3.8100E-4	9.5215E-3	3.8564E-1
3.8200E-4	9.5215E-3	3.7583E-1
3.8300E-4	1.0010E-2	3.6802E-1
3.8400E-4	9.5215E-3	3.6050E-1
3.8500E-4	9.0332E-3	3.5483E-1
3.8600E-4	1.0010E-2	3.4746E-1
3.8700E-4	9.0332E-3	3.4082E-1
3.8800E-4	9.0332E-3	3.3560E-1
3.8900E-4	9.2773E-3	3.3135E-1
3.9000E-4	9.7656E-3	3.2710E-1
3.9100E-4	1.0254E-2	3.2554E-1
3.9200E-4	9.2773E-3	3.2759E-1
3.9300E-4	9.5215E-3	3.2617E-1
3.9400E-4	9.7656E-3	3.2583E-1
3.9500E-4	8.7891E-3	3.2554E-1
3.9600E-4	9.7656E-3	3.2495E-1
3.9700E-4	9.0332E-3	3.2544E-1
3.9800E-4	9.0332E-3	3.3032E-1
3.9900E-4	9.2773E-3	3.3726E-1
4.0000E-4	9.2773E-3	3.4702E-1
4.0100E-4	9.0332E-3	3.5815E-1
4.0200E-4	9.5215E-3	3.6953E-1
4.0300E-4	9.5215E-3	3.8115E-1
4.0400E-4	9.5215E-3	3.9600E-1
4.0500E-4	9.5215E-3	4.1455E-1
4.0600E-4	9.7656E-3	4.3560E-1
4.0700E-4	9.0332E-3	4.5640E-1
4.0800E-4	9.5215E-3	4.7778E-1
4.0900E-4	9.7656E-3	4.9463E-1
4.1000E-4	9.5215E-3	5.0215E-1
4.1100E-4	9.5215E-3	5.0273E-1
4.1200E-4	9.2773E-3	4.9966E-1
4.1300E-4	9.7656E-3	4.8940E-1
4.1400E-4	9.2773E-3	4.7124E-1
4.1500E-4	9.5215E-3	4.4980E-1
4.1600E-4	9.7656E-3	4.2334E-1
4.1700E-4	9.2773E-3	3.8965E-1
4.1800E-4	9.2773E-3	3.5259E-1
4.1900E-4	9.7656E-3	3.1650E-1
4.2000E-4	9.2773E-3	2.8276E-1
4.2100E-4	9.7656E-3	2.5439E-1
4.2200E-4	9.2773E-3	2.3291E-1
4.2300E-4	9.0332E-3	2.1904E-1
4.2400E-4	9.5215E-3	2.1255E-1
4.2500E-4	9.2773E-3	2.1270E-1
4.2600E-4	9.5215E-3	2.1597E-1
4.2700E-4	9.5215E-3	2.2471E-1
4.2800E-4	9.2773E-3	2.3608E-1
4.2900E-4	9.5215E-3	2.5210E-1
4.3000E-4	9.2773E-3	2.7075E-1
4.3100E-4	9.7656E-3	2.9565E-1
4.3200E-4	9.5215E-3	3.2300E-1
4.3300E-4	9.5215E-3	3.5503E-1
4.3400E-4	9.7656E-3	3.8970E-1
4.3500E-4	1.0010E-2	4.2910E-1
4.3600E-4	9.5215E-3	4.6987E-1
4.3700E-4	9.0332E-3	5.0674E-1
4.3800E-4	9.7656E-3	5.3730E-1
4.3900E-4	9.2773E-3	5.5498E-1
4.4000E-4	9.2773E-3	5.5591E-1
4.4100E-4	9.2773E-3	5.4087E-1
4.4200E-4	9.5215E-3	5.1318E-1
4.4300E-4	9.2773E-3	4.7251E-1
4.4400E-4	9.7656E-3	4.2329E-1
4.4500E-4	9.7656E-3	3.6919E-1
4.4600E-4	9.7656E-3	3.1250E-1
4.4700E-4	9.5215E-3	2.5791E-1
4.4800E-4	9.5215E-3	2.0952E-1
4.4900E-4	8.3008E-3	1.6807E-1
4.5000E-4	9.0332E-3	1.3271E-1
4.5100E-4	9.7656E-3	1.0649E-1
4.5200E-4	9.7656E-3	9.0234E-2
4.5300E-4	9.2773E-3	8.3789E-2
4.5400E-4	9.5215E-3	8.6963E-2
4.5500E-4	9.5215E-3	9.9609E-2
4.5600E-4	9.5215E-3	1.1519E-1
4.5700E-4	1.0010E-2	1.3423E-1
4.5800E-4	9.7656E-3	1.5801E-1
4.5900E-4	9.2773E-3	1.8604E-1
4.6000E-4	9.0332E-3	2.2036E-1
4.6100E-4	9.0332E-3	2.6265E-1
4.6200E-4	9.7656E-3	3.1255E-1
4.6300E-4	9.7656E-3	3.6826E-1
4.6400E-4	9.7656E-3	4.2988E-1
4.6500E-4	9.2773E-3	4.8833E-1
4.6600E-4	1.0010E-2	5.3647E-1
4.6700E-4	9.2773E-3	5.6743E-1
4.6800E-4	1.0010E-2	5.7109E-1
4.6900E-4	9.5215E-3	5.4204E-1
4.7000E-4	9.7656E-3	4.8198E-1
4.7100E-4	9.5215E-3	3.9932E-1
4.7200E-4	9.7656E-3	2.9937E-1
4.7300E-4	9.5215E-3	1.9580E-1
4.7400E-4	9.5215E-3	9.5801E-2
4.7500E-4	9.2773E-3	8.8379E-3
4.7600E-4	9.0332E-3	-6.3672E-2
4.7700E-4	9.5215E-3	-1.1978E-1
4.7800E-4	9.5215E-3	-1.6284E-1
4.7900E-4	9.0332E-3	-1.9038E-1
4.8000E-4	9.7656E-3	-2.1040E-1
4.8100E-4	9.2773E-3	-2.2104E-1
4.8200E-4	1.0010E-2	-2.2578E-1
4.8300E-4	1.0010E-2	-2.2686E-1
4.8400E-4	9.2773E-3	-2.3047E-1
4.8500E-4	9.5215E-3	-2.3359E-1
4.8600E-4	9.2773E-3	-2.3877E-1
4.8700E-4	9.5215E-3	-2.4658E-1
4.8800E-4	9.5215E-3	-2.5532E-1
4.8900E-4	9.2773E-3	-2.6323E-1
4.9000E-4	9.5215E-3	-2.6836E-1
4.9100E-4	9.5215E-3	-2.7256E-1
4.9200E-4	9.5215E-3	-2.7461E-1
4.9300E-4	9.5215E-3	-2.7729E-1
4.9400E-4	9.5215E-3	-2.7769E-1
4.9500E-4	9.2773E-3	-2.7656E-1
4.9600E-4	9.5215E-3	-2.7573E-1
4.9700E-4	9.5215E-3	-2.7368E-1
4.9800E-4	9.2773E-3	-2.6860E-1
4.9900E-4	9.7656E-3	-2.6362E-1
5.0000E-4	9.0332E-3	-2.6050E-1
5.0100E-4	9.5215E-3	-2.5522E-1
5.0200E-4	9.7656E-3	-2.5273E-1
5.0300E-4	8.7891E-3	-2.5127E-1
5.0400E-4	1.0254E-2	-2.4897E-1
5.0500E-4	9.2773E-3	-2.4746E-1
5.0600E-4	9.5215E-3	-2.4570E-1
5.0700E-4	9.2773E-3	-2.4004E-1
5.0800E-4	9.2773E-3	-2.3179E-1
5.0900E-4	9.0332E-3	-2.1963E-1
5.1000E-4	9.2773E-3	-2.0098E-1
5.1100E-4	9.5215E-3	-1.7676E-1
5.1200E-4	9.2773E-3	-1.4546E-1
5.1300E-4	9.7656E-3	-1.0776E-1
5.1400E-4	9.2773E-3	-6.2939E-2
5.1500E-4	8.5449E-3	-8.5938E-3
5.1600E-4	9.7656E-3	5.8691E-2
5.1700E-4	9.5215E-3	1.3960E-1
5.1800E-4	9.7656E-3	2.3379E-1
5.1900E-4	9.5215E-3	3.3516E-1
5.2000E-4	9.2773E-3	4.3652E-1
5.2100E-4	8.7891E-3	5.1997E-1
5.2200E-4	9.5215E-3	5.7710E-1
5.2300E-4	9.5215E-3	6.0176E-1
5.2400E-4	9.7656E-3	5.9116E-1
5.2500E-4	9.0332E-3	5.4712E-1
5.2600E-4	1.0010E-2	4.8267E-1
5.2700E-4	9.0332E-3	4.0366E-1
5.2800E-4	8.3008E-3	3.1973E-1
5.2900E-4	9.5215E-3	2.4155E-1
5.3000E-4	9.7656E-3	1.7554E-1
5.3100E-4	9.2773E-3	1.2393E-1
5.3200E-4	9.7656E-3	8.7842E-2
5.3300E-4	1.0254E-2	6.8945E-2
5.3400E-4	9.0332E-3	6.2988E-2
5.3500E-4	9.5215E-3	6.6162E-2
5.3600E-4	9.5215E-3	7.7197E-2
5.3700E-4	1.0010E-2	9.4336E-2
5.3800E-4	9.5215E-3	1.1499E-1
5.3900E-4	9.5215E-3	1.3901E-1
5.4000E-4	9.5215E-3	1.6445E-1
5.4100E-4	9.7656E-3	1.9048E-1
5.4200E-4	9.5215E-3	2.1929E-1
5.4300E-4	1.0010E-2	2.5049E-1
5.4400E-4	9.5215E-3	2.8335E-1
5.4500E-4	9.5215E-3	3.2139E-1
5.4600E-4	9.7656E-3	3.6572E-1
5.4700E-4	9.5215E-3	4.1216E-1
5.4800E-4	9.7656E-3	4.5557E-1
5.4900E-4	9.5215E-3	4.9160E-1
5.5000E-4	9.0332E-3	5.1685E-1
5.5100E-4	9.2773E-3	5.2539E-1
5.5200E-4	9.7656E-3	5.1870E-1
5.5300E-4	9.0332E-3	4.9839E-1
5.5400E-4	9.7656E-3	4.6875E-1
5.5500E-4	9.0332E-3	4.2915E-1
5.5600E-4	9.5215E-3	3.8467E-1
5.5700E-4	9.2773E-3	3.3911E-1
5.5800E-4	9.2773E-3	2.9629E-1
5.5900E-4	9.0332E-3	2.6011E-1
5.6000E-4	8.7891E-3	2.3428E-1
5.6100E-4	9.2773E-3	2.1992E-1
5.6200E-4	9.7656E-3	2.1392E-1
5.6300E-4	9.5215E-3	2.1445E-1
5.6400E-4	1.0010E-2	2.1543E-1
5.6500E-4	9.5215E-3	2.2095E-1
5.6600E-4	1.0010E-2	2.2715E-1
5.6700E-4	1.0010E-2	2.3735E-1
5.6800E-4	1.0010E-2	2.4907E-1
5.6900E-4	9.2773E-3	2.6665E-1
5.7000E-4	9.5215E-3	2.8584E-1
5.7100E-4	9.5215E-3	3.0713E-1
5.7200E-4	9.5215E-3	3.2764E-1
5.7300E-4	1.0010E-2	3.5356E-1
5.7400E-4	1.0010E-2	3.7993E-1
5.7500E-4	9.0332E-3	4.0576E-1
5.7600E-4	9.5215E-3	4.3174E-1
5.7700E-4	1.0010E-2	4.5635E-1
5.7800E-4	9.5215E-3	4.7285E-1
5.7900E-4	9.5215E-3	4.8203E-1
5.8000E-4	9.2773E-3	4.8438E-1
5.8100E-4	9.0332E-3	4.7881E-1
5.8200E-4	9.5215E-3	4.6685E-1
5.8300E-4	9.7656E-3	4.4956E-1
5.8400E-4	9.7656E-3	4.2944E-1
5.8500E-4	9.2773E-3	4.0752E-1
5.8600E-4	9.5215E-3	3.8599E-1
5.8700E-4	9.5215E-3	3.6489E-1
5.8800E-4	1.0010E-2	3.4766E-1
5.8900E-4	9.2773E-3	3.3149E-1
5.9000E-4	9.0332E-3	3.1807E-1
5.9100E-4	9.2773E-3	3.0835E-1
5.9200E-4	9.2773E-3	3.0210E-1
5.9300E-4	1.0254E-2	2.9639E-1
5.9400E-4	9.0332E-3	2.9365E-1
5.9500E-4	9.7656E-3	2.9365E-1
5.9600E-4	1.0010E-2	2.9443E-1
5.9700E-4	9.5215E-3	2.9775E-1
5.9800E-4	1.0010E-2	3.0435E-1
5.9900E-4	9.7656E-3	3.1465E-1
6.0000E-4	1.0010E-2	3.2373E-1
6.0100E-4	9.5215E-3	3.3247E-1
6.0200E-4	9.5215E-3	3.4067E-1
6.0300E-4	1.0010E-2	3.4814E-1
6.0400E-4	9.5215E-3	3.5215E-1
6.0500E-4	1.0010E-2	3.5562E-1
6.0600E-4	9.5215E-3	3.5947E-1
6.0700E-4	9.5215E-3	3.6133E-1
6.0800E-4	9.0332E-3	3.6396E-1
6.0900E-4	9.5215E-3	3.6943E-1
6.1000E-4	1.0010E-2	3.7573E-1
6.1100E-4	9.2773E-3	3.8379E-1
6.1200E-4	9.2773E-3	3.9600E-1
6.1300E-4	9.7656E-3	4.0850E-1
6.1400E-4	9.5215E-3	4.2236E-1
6.1500E-4	9.2773E-3	4.3921E-1
6.1600E-4	9.5215E-3	4.5522E-1
6.1700E-4	9.5215E-3	4.6602E-1
6.1800E-4	9.5215E-3	4.7241E-1
6.1900E-4	9.7656E-3	4.7417E-1
6.2000E-4	9.0332E-3	4.6943E-1
6.2100E-4	9.5215E-3	4.5962E-1
6.2200E-4	9.5215E-3	4.4614E-1
6.2300E-4	1.0010E-2	4.3159E-1
6.2400E-4	9.0332E-3	4.1245E-1
6.2500E-4	1.0254E-2	3.9141E-1
6.2600E-4	9.2773E-3	3.6963E-1
6.2700E-4	9.2773E-3	3.4907E-1
6.2800E-4	9.7656E-3	3.2803E-1
6.2900E-4	9.2773E-3	3.1123E-1
6.3000E-4	9.5215E-3	2.9609E-1
6.3100E-4	9.5215E-3	2.8169E-1
6.3200E-4	1.0010E-2	2.7202E-1
6.3300E-4	9.0332E-3	2.6816E-1
6.3400E-4	9.7656E-3	2.6763E-1
6.3500E-4	9.2773E-3	2.7187E-1
6.3600E-4	9.5215E-3	2.8398E-1
6.3700E-4	9.5215E-3	2.9912E-1
6.3800E-4	9.5215E-3	3.1855E-1
6.3900E-4	9.7656E-3	3.4360E-1
6.4000E-4	9.5215E-3	3.7349E-1
6.4100E-4	9.2773E-3	4.0664E-1
6.4200E-4	9.2773E-3	4.4277E-1
6.4300E-4	9.2773E-3	4.7910E-1
6.4400E-4	9.7656E-3	5.1338E-1
6.4500E-4	9.0332E-3	5.4341E-1
6.4600E-4	9.5215E-3	5.6377E-1
6.4700E-4	1.0010E-2	5.7310E-1
6.4800E-4	9.7656E-3	5.6641E-1
6.4900E-4	9.5215E-3	5.4551E-1
6.5000E-4	9.7656E-3	5.1187E-1
6.5100E-4	9.5215E-3	4.7197E-1
6.5200E-4	9.2773E-3	4.2524E-1
6.5300E-4	1.0254E-2	3.7812E-1
6.5400E-4	9.7656E-3	3.3511E-1
6.5500E-4	9.7656E-3	2.9580E-1
6.5600E-4	9.7656E-3	2.5762E-1
6.5700E-4	9.0332E-3	2.2705E-1
6.5800E-4	1.0254E-2	2.0337E-1
6.5900E-4	9.7656E-3	1.8564E-1
6.6000E-4	9.5215E-3	1.7524E-1
6.6100E-4	1.0010E-2	1.7373E-1
6.6200E-4	9.7656E-3	1.7681E-1
6.6300E-4	9.2773E-3	1.8706E-1
6.6400E-4	9.5215E-3	2.0166E-1
6.6500E-4	1.0254E-2	2.2183E-1
6.6600E-4	9.7656E-3	2.5020E-1
6.6700E-4	9.0332E-3	2.8374E-1
6.6800E-4	1.0010E-2	3.2124E-1
6.6900E-4	9.5215E-3	3.6367E-1
6.7000E-4	9.2773E-3	4.1167E-1
6.7100E-4	9.7656E-3	4.6196E-1
6.7200E-4	9.2773E-3	5.1514E-1
6.7300E-4	9.5215E-3	5.6069E-1
6.7400E-4	9.2773E-3	5.8945E-1
6.7500E-4	9.0332E-3	6.0142E-1
6.7600E-4	1.0010E-2	5.9180E-1
6.7700E-4	1.0010E-2	5.6226E-1
6.7800E-4	9.5215E-3	5.2017E-1
6.7900E-4	9.2773E-3	4.6938E-1
6.8000E-4	9.2773E-3	4.0913E-1
6.8100E-4	9.7656E-3	3.4517E-1
6.8200E-4	9.2773E-3	2.8120E-1
6.8300E-4	9.2773E-3	2.2173E-1
6.8400E-4	9.5215E-3	1.7217E-1
6.8500E-4	9.0332E-3	1.3589E-1
6.8600E-4	1.0010E-2	1.1152E-1
6.8700E-4	9.5215E-3	9.7607E-2
6.8800E-4	1.0254E-2	9.3994E-2
6.8900E-4	9.7656E-3	9.8779E-2
6.9000E-4	9.2773E-3	1.0923E-1
6.9100E-4	9.5215E-3	1.2412E-1
6.9200E-4	9.5215E-3	1.4443E-1
6.9300E-4	9.0332E-3	1.6826E-1
6.9400E-4	9.2773E-3	1.9785E-1
6.9500E-4	9.0332E-3	2.3350E-1
6.9600E-4	9.5215E-3	2.7544E-1
6.9700E-4	9.0332E-3	3.2178E-1
6.9800E-4	1.0010E-2	3.7559E-1
6.9900E-4	9.7656E-3	4.3213E-1
7.0000E-4	9.7656E-3	4.8965E-1
7.0100E-4	9.2773E-3	5.4033E-1
7.0200E-4	9.5215E-3	5.7852E-1
7.0300E-4	9.0332E-3	5.9502E-1
7.0400E-4	9.2773E-3	5.9014E-1
7.0500E-4	9.0332E-3	5.6143E-1
7.0600E-4	9.2773E-3	5.1338E-1
7.0700E-4	9.2773E-3	4.5039E-1
7.0800E-4	9.5215E-3	3.7871E-1
7.0900E-4	9.2773E-3	3.0342E-1
7.1000E-4	9.5215E-3	2.3091E-1
7.1100E-4	9.5215E-3	1.6714E-1
7.1200E-4	9.5215E-3	1.1514E-1
7.1300E-4	9.2773E-3	7.7686E-2
7.1400E-4	9.5215E-3	5.5322E-2
7.1500E-4	9.5215E-3	4.4189E-2
7.1600E-4	9.7656E-3	4.4482E-2
7.1700E-4	8.7891E-3	5.4980E-2
7.1800E-4	9.7656E-3	7.1533E-2
7.1900E-4	9.0332E-3	9.0869E-2
7.2000E-4	9.2773E-3	1.1338E-1
7.2100E-4	9.0332E-3	1.3872E-1
7.2200E-4	9.7656E-3	1.6597E-1
7.2300E-4	9.0332E-3	1.9956E-1
7.2400E-4	1.0010E-2	2.4048E-1
7.2500E-4	9.2773E-3	2.8965E-1
7.2600E-4	9.2773E-3	3.4438E-1
7.2700E-4	8.5449E-3	4.0522E-1
7.2800E-4	9.2773E-3	4.6509E-1
7.2900E-4	9.2773E-3	5.1763E-1
7.3000E-4	1.0010E-2	5.5674E-1
7.3100E-4	9.5215E-3	5.7690E-1
7.3200E-4	9.5215E-3	5.7158E-1
7.3300E-4	9.5215E-3	5.4072E-1
7.3400E-4	9.2773E-3	4.8833E-1
7.3500E-4	1.0498E-2	4.1895E-1
7.3600E-4	1.0010E-2	3.4023E-1
7.3700E-4	9.0332E-3	2.6245E-1
7.3800E-4	1.0010E-2	1.9272E-1
7.3900E-4	9.7656E-3	1.3232E-1
7.4000E-4	1.0010E-2	8.6572E-2
7.4100E-4	9.5215E-3	5.6445E-2
7.4200E-4	1.0254E-2	3.7939E-2
7.4300E-4	9.2773E-3	2.9980E-2
7.4400E-4	9.7656E-3	3.1201E-2
7.4500E-4	9.2773E-3	3.9990E-2
7.4600E-4	9.0332E-3	5.3223E-2
7.4700E-4	9.5215E-3	7.1924E-2
7.4800E-4	9.7656E-3	9.1064E-2
7.4900E-4	9.5215E-3	1.1484E-1
7.5000E-4	9.7656E-3	1.4263E-1
7.5100E-4	9.2773E-3	1.7808E-1
7.5200E-4	9.5215E-3	2.2070E-1
7.5300E-4	9.2773E-3	2.7363E-1
7.5400E-4	9.2773E-3	3.3423E-1
7.5500E-4	9.5215E-3	4.0049E-1
7.5600E-4	1.0010E-2	4.6348E-1
7.5700E-4	9.2773E-3	5.1992E-1
7.5800E-4	9.5215E-3	5.6001E-1
7.5900E-4	9.7656E-3	5.7891E-1
7.6000E-4	9.0332E-3	5.7061E-1
7.6100E-4	9.2773E-3	5.4043E-1
7.6200E-4	9.7656E-3	4.8730E-1
7.6300E-4	1.0010E-2	4.2031E-1
7.6400E-4	9.2773E-3	3.4590E-1
7.6500E-4	9.7656E-3	2.7202E-1
7.6600E-4	1.0010E-2	2.0269E-1
7.6700E-4	9.5215E-3	1.4595E-1
7.6800E-4	8.7891E-3	1.0249E-1
7.6900E-4	9.5215E-3	7.2070E-2
7.7000E-4	9.5215E-3	5.2490E-2
7.7100E-4	9.5215E-3	4.3115E-2
7.7200E-4	1.0010E-2	4.1406E-2
7.7300E-4	9.0332E-3	4.7998E-2
7.7400E-4	1.0010E-2	5.9619E-2
7.7500E-4	9.5215E-3	7.9297E-2
7.7600E-4	1.0010E-2	1.0571E-1
7.7700E-4	1.0010E-2	1.3726E-1
7.7800E-4	9.5215E-3	1.7227E-1
7.7900E-4	9.7656E-3	2.1338E-1
7.8000E-4	9.7656E-3	2.6226E-1
7.8100E-4	9.2773E-3	3.1543E-1
7.8200E-4	9.7656E-3	3.7212E-1
7.8300E-4	9.7656E-3	4.3340E-1
7.8400E-4	9.5215E-3	4.9209E-1
7.8500E-4	1.0010E-2	5.3467E-1
7.8600E-4	1.0010E-2	5.6235E-1
7.8700E-4	9.7656E-3	5.6997E-1
7.8800E-4	9.5215E-3	5.5181E-1
7.8900E-4	9.5215E-3	5.1372E-1
7.9000E-4	9.7656E-3	4.6147E-1
7.9100E-4	1.0010E-2	3.9707E-1
7.9200E-4	9.0332E-3	3.2983E-1
7.9300E-4	9.5215E-3	2.6714E-1
7.9400E-4	1.0010E-2	2.1104E-1
7.9500E-4	9.5215E-3	1.6738E-1
7.9600E-4	9.7656E-3	1.3384E-1
7.9700E-4	1.0010E-2	1.0972E-1
7.9800E-4	9.2773E-3	9.3555E-2
7.9900E-4	9.7656E-3	8.3203E-2
8.0000E-4	9.5215E-3	7.7246E-2
8.0100E-4	9.2773E-3	7.7783E-2
8.0200E-4	1.0010E-2	8.5205E-2
8.0300E-4	9.2773E-3	9.9756E-2
8.0400E-4	9.0332E-3	1.2241E-1
8.0500E-4	1.0254E-2	1.5444E-1
8.0600E-4	9.5215E-3	1.9414E-1
8.0700E-4	9.7656E-3	2.3901E-1
8.0800E-4	9.7656E-3	2.8857E-1
8.0900E-4	1.0010E-2	3.4365E-1
8.1000E-4	9.5215E-3	4.0024E-1
8.1100E-4	9.7656E-3	4.5513E-1
8.1200E-4	9.7656E-3	5.0435E-1
8.1300E-4	9.5215E-3	5.4004E-1
8.1400E-4	1.0010E-2	5.5928E-1
8.1500E-4	9.0332E-3	5.5845E-1
8.1600E-4	9.7656E-3	5.4424E-1
8.1700E-4	9.5215E-3	5.1558E-1
8.1800E-4	9.2773E-3	4.7881E-1
8.1900E-4	9.5215E-3	4.3379E-1
8.2000E-4	1.0010E-2	3.8809E-1
8.2100E-4	9.7656E-3	3.3979E-1
8.2200E-4	1.0010E-2	2.9521E-1
8.2300E-4	9.7656E-3	2.5464E-1
8.2400E-4	9.5215E-3	2.2187E-1
8.2500E-4	9.2773E-3	1.9683E-1
8.2600E-4	9.0332E-3	1.7969E-1
8.2700E-4	9.7656E-3	1.7012E-1
8.2800E-4	9.0332E-3	1.6748E-1
8.2900E-4	9.5215E-3	1.7378E-1
8.3000E-4	9.5215E-3	1.8545E-1
8.3100E-4	9.0332E-3	2.0068E-1
8.3200E-4	9.2773E-3	2.1816E-1
8.3300E-4	9.7656E-3	2.4282E-1
8.3400E-4	9.2773E-3	2.7031E-1
8.3500E-4	9.2773E-3	3.0215E-1
8.3600E-4	9.2773E-3	3.4146E-1
8.3700E-4	9.2773E-3	3.8555E-1
8.3800E-4	1.0010E-2	4.2939E-1
8.3900E-4	1.0010E-2	4.7329E-1
8.4000E-4	9.7656E-3	5.1235E-1
8.4100E-4	9.2773E-3	5.4287E-1
8.4200E-4	9.7656E-3	5.6265E-1
8.4300E-4	9.5215E-3	5.6880E-1
8.4400E-4	9.5215E-3	5.6001E-1
8.4500E-4	9.7656E-3	5.3862E-1
8.4600E-4	9.5215E-3	5.0435E-1
8.4700E-4	9.7656E-3	4.6436E-1
8.4800E-4	1.0010E-2	4.2139E-1
8.4900E-4	9.5215E-3	3.7715E-1
8.5000E-4	9.2773E-3	3.3662E-1
8.5100E-4	9.0332E-3	3.0200E-1
8.5200E-4	9.7656E-3	2.7241E-1
8.5300E-4	9.2773E-3	2.4883E-1
8.5400E-4	9.7656E-3	2.3545E-1
8.5500E-4	1.0254E-2	2.2822E-1
8.5600E-4	1.0010E-2	2.2778E-1
8.5700E-4	9.7656E-3	2.3198E-1
8.5800E-4	9.5215E-3	2.4248E-1
8.5900E-4	9.2773E-3	2.5444E-1
8.6000E-4	9.2773E-3	2.6851E-1
8.6100E-4	9.5215E-3	2.8428E-1
8.6200E-4	9.5215E-3	3.0361E-1
8.6300E-4	9.7656E-3	3.2305E-1
8.6400E-4	9.2773E-3	3.4341E-1
8.6500E-4	9.5215E-3	3.6431E-1
8.6600E-4	9.7656E-3	3.8628E-1
8.6700E-4	9.2773E-3	4.0547E-1
8.6800E-4	9.7656E-3	4.2183E-1
8.6900E-4	9.5215E-3	4.3594E-1
8.7000E-4	9.2773E-3	4.4766E-1
8.7100E-4	9.5215E-3	4.5259E-1
8.7200E-4	9.7656E-3	4.5635E-1
8.7300E-4	9.2773E-3	4.5820E-1
8.7400E-4	9.7656E-3	4.5684E-1
8.7500E-4	9.2773E-3	4.5278E-1
8.7600E-4	9.2773E-3	4.4785E-1
8.7700E-4	9.2773E-3	4.4053E-1
8.7800E-4	1.0254E-2	4.3086E-1
8.7900E-4	9.7656E-3	4.1851E-1
8.8000E-4	1.0254E-2	4.0547E-1
8.8100E-4	9.2773E-3	3.9399E-1
8.8200E-4	1.0010E-2	3.8462E-1
8.8300E-4	9.2773E-3	3.7920E-1
8.8400E-4	9.5215E-3	3.7637E-1
8.8500E-4	9.5215E-3	3.7388E-1
8.8600E-4	1.0010E-2	3.7319E-1
8.8700E-4	9.5215E-3	3.6924E-1
8.8800E-4	9.7656E-3	3.6196E-1
8.8900E-4	9.0332E-3	3.5439E-1
8.9000E-4	1.0010E-2	3.4824E-1
8.9100E-4	9.2773E-3	3.4072E-1
8.9200E-4	9.0332E-3	3.3516E-1
8.9300E-4	9.0332E-3	3.3047E-1
8.9400E-4	9.5215E-3	3.2593E-1
8.9500E-4	9.5215E-3	3.2168E-1
8.9600E-4	9.5215E-3	3.1943E-1
8.9700E-4	9.7656E-3	3.1929E-1
8.9800E-4	9.5215E-3	3.2251E-1
8.9900E-4	1.0010E-2	3.2891E-1
9.0000E-4	9.7656E-3	3.3765E-1
9.0100E-4	9.5215E-3	3.4663E-1
9.0200E-4	9.0332E-3	3.5767E-1
9.0300E-4	1.0010E-2	3.7061E-1
9.0400E-4	8.7891E-3	3.8779E-1
9.0500E-4	9.5215E-3	4.0659E-1
9.0600E-4	9.5215E-3	4.2808E-1
9.0700E-4	9.0332E-3	4.5010E-1
9.0800E-4	1.0010E-2	4.6978E-1
9.0900E-4	9.2773E-3	4.8247E-1
9.1000E-4	9.5215E-3	4.9028E-1
9.1100E-4	9.2773E-3	4.9048E-1
9.1200E-4	9.7656E-3	4.7910E-1
9.1300E-4	9.5215E-3	4.6475E-1
9.1400E-4	9.5215E-3	4.4497E-1
9.1500E-4	9.5215E-3	4.1895E-1
9.1600E-4	9.5215E-3	3.9209E-1
9.1700E-4	9.7656E-3	3.6650E-1
9.1800E-4	9.5215E-3	3.3823E-1
9.1900E-4	9.5215E-3	3.0952E-1
9.2000E-4	9.7656E-3	2.8394E-1
9.2100E-4	9.7656E-3	2.6040E-1
9.2200E-4	9.7656E-3	2.4116E-1
9.2300E-4	9.7656E-3	2.2661E-1
9.2400E-4	9.5215E-3	2.1992E-1
9.2500E-4	9.0332E-3	2.2061E-1
9.2600E-4	9.5215E-3	2.2715E-1
9.2700E-4	9.5215E-3	2.3896E-1
9.2800E-4	9.5215E-3	2.5239E-1
9.2900E-4	9.7656E-3	2.6948E-1
9.3000E-4	9.2773E-3	2.8872E-1
9.3100E-4	9.7656E-3	3.1089E-1
9.3200E-4	9.7656E-3	3.3433E-1
9.3300E-4	9.2773E-3	3.6519E-1
9.3400E-4	9.7656E-3	4.0264E-1
9.3500E-4	1.0010E-2	4.4312E-1
9.3600E-4	9.5215E-3	4.8555E-1
9.3700E-4	9.0332E-3	5.2632E-1
9.3800E-4	8.7891E-3	5.5850E-1
9.3900E-4	9.0332E-3	5.7456E-1
9.4000E-4	1.0254E-2	5.7480E-1
9.4100E-4	9.5215E-3	5.5420E-1
9.4200E-4	9.5215E-3	5.1973E-1
9.4300E-4	9.0332E-3	4.6899E-1
9.4400E-4	9.5215E-3	4.0928E-1
9.4500E-4	9.2773E-3	3.4575E-1
9.4600E-4	9.2773E-3	2.8350E-1
9.4700E-4	9.5215E-3	2.2451E-1
9.4800E-4	9.7656E-3	1.7563E-1
9.4900E-4	9.5215E-3	1.3604E-1
9.5000E-4	8.7891E-3	1.0991E-1
9.5100E-4	9.5215E-3	9.5020E-2
9.5200E-4	9.7656E-3	8.9355E-2
9.5300E-4	9.5215E-3	9.2676E-2
9.5400E-4	9.2773E-3	1.0059E-1
9.5500E-4	9.5215E-3	1.0938E-1
9.5600E-4	9.2773E-3	1.2383E-1
9.5700E-4	9.2773E-3	1.4009E-1
9.5800E-4	9.7656E-3	1.5957E-1
9.5900E-4	9.5215E-3	1.8599E-1
9.6000E-4	9.5215E-3	2.1763E-1
9.6100E-4	9.5215E-3	2.5376E-1
9.6200E-4	9.7656E-3	2.9961E-1
9.6300E-4	9.2773E-3	3.5342E-1
9.6400E-4	9.7656E-3	4.1489E-1
9.6500E-4	9.2773E-3	4.7827E-1
9.6600E-4	9.7656E-3	5.3433E-1
9.6700E-4	9.7656E-3	5.7227E-1
9.6800E-4	9.7656E-3	5.8335E-1
9.6900E-4	1.0010E-2	5.6265E-1
9.7000E-4	9.7656E-3	5.1006E-1
9.7100E-4	9.0332E-3	4.3179E-1
9.7200E-4	8.5449E-3	3.3569E-1
9.7300E-4	9.7656E-3	2.3164E-1
9.7400E-4	1.0010E-2	1.2817E-1
9.7500E-4	9.2773E-3	3.3936E-2
9.7600E-4	9.5215E-3	-4.6143E-2
9.7700E-4	9.5215E-3	-1.1084E-1
9.7800E-4	9.5215E-3	-1.5947E-1
9.7900E-4	9.2773E-3	-1.9355E-1
9.8000E-4	9.0332E-3	-2.1709E-1
9.8100E-4	9.0332E-3	-2.3481E-1
9.8200E-4	9.2773E-3	-2.4473E-1
9.8300E-4	9.7656E-3	-2.5117E-1
9.8400E-4	9.5215E-3	-2.5435E-1
9.8500E-4	9.5215E-3	-2.5557E-1
9.8600E-4	1.0254E-2	-2.5410E-1
9.8700E-4	9.5215E-3	-2.5386E-1
9.8800E-4	9.7656E-3	-2.5508E-1
9.8900E-4	9.2773E-3	-2.5947E-1
9.9000E-4	9.2773E-3	-2.6416E-1
9.9100E-4	1.0010E-2	-2.6963E-1
9.9200E-4	9.5215E-3	-2.7480E-1
9.9300E-4	9.0332E-3	-2.7905E-1
9.9400E-4	9.5215E-3	-2.8052E-1
9.9500E-4	9.7656E-3	-2.8066E-1
9.9600E-4	9.2773E-3	-2.7905E-1
9.9700E-4	1.0010E-2	-2.7725E-1
9.9800E-4	9.2773E-3	-2.7725E-1
9.9900E-4	9.5215E-3	-2.7725E-1
