Time [s]	Aux in [V]	Main in [V]
0.0000E+0	9.2773E-3	-2.6885E-1
1.0000E-6	9.5215E-3	-2.6592E-1
2.0000E-6	9.7656E-3	-2.6240E-1
3.0000E-6	9.2773E-3	-2.5991E-1
4.0000E-6	1.0010E-2	-2.5615E-1
5.0000E-6	9.7656E-3	-2.5557E-1
6.0000E-6	9.2773E-3	-2.5786E-1
7.0000E-6	9.0332E-3	-2.5981E-1
8.0000E-6	9.5215E-3	-2.6323E-1
9.0000E-6	9.2773E-3	-2.6553E-1
1.0000E-5	9.5215E-3	-2.6611E-1
1.1000E-5	1.0010E-2	-2.6455E-1
1.2000E-5	9.7656E-3	-2.6411E-1
1.3000E-5	9.5215E-3	-2.5884E-1
1.4000E-5	9.7656E-3	-2.5356E-1
1.5000E-5	9.7656E-3	-2.4731E-1
1.6000E-5	9.5215E-3	-2.3994E-1
1.7000E-5	8.3008E-3	-2.2993E-1
1.8000E-5	9.5215E-3	-2.1753E-1
1.9000E-5	9.5215E-3	-2.0176E-1
2.0000E-5	9.7656E-3	-1.8018E-1
2.1000E-5	1.0254E-2	-1.5000E-1
2.2000E-5	1.0010E-2	-1.0947E-1
2.3000E-5	9.0332E-3	-5.7568E-2
2.4000E-5	9.2773E-3	9.1797E-3
2.5000E-5	1.0254E-2	9.2090E-2
2.6000E-5	9.2773E-3	1.8711E-1
2.7000E-5	9.2773E-3	2.9453E-1
2.8000E-5	9.2773E-3	4.0776E-1
2.9000E-5	1.0010E-2	5.1357E-1
3.0000E-5	1.0010E-2	5.9917E-1
3.1000E-5	9.0332E-3	6.5366E-1
3.2000E-5	9.2773E-3	6.7158E-1
3.3000E-5	9.2773E-3	6.4888E-1
3.4000E-5	1.0010E-2	5.9009E-1
3.5000E-5	1.0010E-2	5.0762E-1
3.6000E-5	9.2773E-3	4.1509E-1
3.7000E-5	9.7656E-3	3.2085E-1
3.8000E-5	8.7891E-3	2.3647E-1
3.9000E-5	9.5215E-3	1.7036E-1
4.0000E-5	9.2773E-3	1.2197E-1
4.1000E-5	9.7656E-3	9.0820E-2
4.2000E-5	1.0254E-2	7.2998E-2
4.3000E-5	9.5215E-3	6.7285E-2
4.4000E-5	9.5215E-3	6.9775E-2
4.5000E-5	9.0332E-3	7.9687E-2
4.6000E-5	9.2773E-3	9.8047E-2
4.7000E-5	9.2773E-3	1.2280E-1
4.8000E-5	9.5215E-3	1.4941E-1
4.9000E-5	1.0010E-2	1.8071E-1
5.0000E-5	1.0010E-2	2.1450E-1
5.1000E-5	9.5215E-3	2.4907E-1
5.2000E-5	9.0332E-3	2.8794E-1
5.3000E-5	9.5215E-3	3.3325E-1
5.4000E-5	1.0010E-2	3.8164E-1
5.5000E-5	9.7656E-3	4.3398E-1
5.6000E-5	1.0498E-2	4.8818E-1
5.7000E-5	9.5215E-3	5.3608E-1
5.8000E-5	9.2773E-3	5.7329E-1
5.9000E-5	9.5215E-3	5.9409E-1
6.0000E-5	9.7656E-3	5.9746E-1
6.1000E-5	9.7656E-3	5.8213E-1
6.2000E-5	9.5215E-3	5.5312E-1
6.3000E-5	9.5215E-3	5.1021E-1
6.4000E-5	9.5215E-3	4.6113E-1
6.5000E-5	9.7656E-3	4.0908E-1
6.6000E-5	9.7656E-3	3.6016E-1
6.7000E-5	9.7656E-3	3.1377E-1
6.8000E-5	1.0254E-2	2.7729E-1
6.9000E-5	9.5215E-3	2.5020E-1
7.0000E-5	9.5215E-3	2.3398E-1
7.1000E-5	9.5215E-3	2.2632E-1
7.2000E-5	9.5215E-3	2.2788E-1
7.3000E-5	9.5215E-3	2.3477E-1
7.4000E-5	9.7656E-3	2.4624E-1
7.5000E-5	9.0332E-3	2.6074E-1
7.6000E-5	9.7656E-3	2.7656E-1
7.7000E-5	9.2773E-3	2.9473E-1
7.8000E-5	9.7656E-3	3.1587E-1
7.9000E-5	9.5215E-3	3.3999E-1
8.0000E-5	9.7656E-3	3.6470E-1
8.1000E-5	1.0010E-2	3.9287E-1
8.2000E-5	9.5215E-3	4.2202E-1
8.3000E-5	9.7656E-3	4.5010E-1
8.4000E-5	9.2773E-3	4.7852E-1
8.5000E-5	9.5215E-3	5.0542E-1
8.6000E-5	9.5215E-3	5.2583E-1
8.7000E-5	1.0010E-2	5.3618E-1
8.8000E-5	9.5215E-3	5.3848E-1
8.9000E-5	1.0010E-2	5.2964E-1
9.0000E-5	1.0254E-2	5.1523E-1
9.1000E-5	9.7656E-3	4.9619E-1
9.2000E-5	9.7656E-3	4.7720E-1
9.3000E-5	9.7656E-3	4.5464E-1
9.4000E-5	1.0010E-2	4.3452E-1
9.5000E-5	9.5215E-3	4.1021E-1
9.6000E-5	9.7656E-3	3.8521E-1
9.7000E-5	9.0332E-3	3.6108E-1
9.8000E-5	9.7656E-3	3.4390E-1
9.9000E-5	9.5215E-3	3.2881E-1
1.0000E-4	9.5215E-3	3.1978E-1
1.0100E-4	9.7656E-3	3.1670E-1
1.0200E-4	1.0010E-2	3.1758E-1
1.0300E-4	9.5215E-3	3.2051E-1
1.0400E-4	1.0010E-2	3.2666E-1
1.0500E-4	1.0010E-2	3.3521E-1
1.0600E-4	9.2773E-3	3.4204E-1
1.0700E-4	1.0254E-2	3.4976E-1
1.0800E-4	9.2773E-3	3.5679E-1
1.0900E-4	1.0010E-2	3.6348E-1
1.1000E-4	9.5215E-3	3.6934E-1
1.1100E-4	9.5215E-3	3.7598E-1
1.1200E-4	9.7656E-3	3.8252E-1
1.1300E-4	1.0010E-2	3.8872E-1
1.1400E-4	1.0010E-2	3.9478E-1
1.1500E-4	9.2773E-3	4.0171E-1
1.1600E-4	1.0010E-2	4.0913E-1
1.1700E-4	9.2773E-3	4.1675E-1
1.1800E-4	9.5215E-3	4.2690E-1
1.1900E-4	1.0010E-2	4.3813E-1
1.2000E-4	9.2773E-3	4.4937E-1
1.2100E-4	9.5215E-3	4.6304E-1
1.2200E-4	9.7656E-3	4.7554E-1
1.2300E-4	9.5215E-3	4.8628E-1
1.2400E-4	9.7656E-3	4.9707E-1
1.2500E-4	1.0254E-2	5.0649E-1
1.2600E-4	9.5215E-3	5.1069E-1
1.2700E-4	9.2773E-3	5.1309E-1
1.2800E-4	9.2773E-3	5.1118E-1
1.2900E-4	9.2773E-3	5.0288E-1
1.3000E-4	9.5215E-3	4.9121E-1
1.3100E-4	9.5215E-3	4.7705E-1
1.3200E-4	9.2773E-3	4.5864E-1
1.3300E-4	9.2773E-3	4.3745E-1
1.3400E-4	9.0332E-3	4.1392E-1
1.3500E-4	9.2773E-3	3.8901E-1
1.3600E-4	9.5215E-3	3.6382E-1
1.3700E-4	9.2773E-3	3.4102E-1
1.3800E-4	9.0332E-3	3.2065E-1
1.3900E-4	9.7656E-3	3.0449E-1
1.4000E-4	9.2773E-3	2.9248E-1
1.4100E-4	9.5215E-3	2.8633E-1
1.4200E-4	1.0010E-2	2.8462E-1
1.4300E-4	1.0010E-2	2.8774E-1
1.4400E-4	9.5215E-3	2.9502E-1
1.4500E-4	9.0332E-3	3.0752E-1
1.4600E-4	9.7656E-3	3.2378E-1
1.4700E-4	1.0010E-2	3.4473E-1
1.4800E-4	9.2773E-3	3.7227E-1
1.4900E-4	9.7656E-3	4.0396E-1
1.5000E-4	9.2773E-3	4.3789E-1
1.5100E-4	9.2773E-3	4.7437E-1
1.5200E-4	9.0332E-3	5.1104E-1
1.5300E-4	9.7656E-3	5.4214E-1
1.5400E-4	9.5215E-3	5.6460E-1
1.5500E-4	1.0498E-2	5.7754E-1
1.5600E-4	9.0332E-3	5.7808E-1
1.5700E-4	9.0332E-3	5.6523E-1
1.5800E-4	1.0254E-2	5.4194E-1
1.5900E-4	9.2773E-3	5.1206E-1
1.6000E-4	9.2773E-3	4.7500E-1
1.6100E-4	9.7656E-3	4.3374E-1
1.6200E-4	9.0332E-3	3.8711E-1
1.6300E-4	9.2773E-3	3.4019E-1
1.6400E-4	9.2773E-3	2.9600E-1
1.6500E-4	9.7656E-3	2.5649E-1
1.6600E-4	9.7656E-3	2.2183E-1
1.6700E-4	9.7656E-3	1.9927E-1
1.6800E-4	1.0254E-2	1.8560E-1
1.6900E-4	9.7656E-3	1.7993E-1
1.7000E-4	9.2773E-3	1.7969E-1
1.7100E-4	1.0010E-2	1.8599E-1
1.7200E-4	9.0332E-3	1.9854E-1
1.7300E-4	9.5215E-3	2.1504E-1
1.7400E-4	9.2773E-3	2.3887E-1
1.7500E-4	9.0332E-3	2.6812E-1
1.7600E-4	9.2773E-3	3.0391E-1
1.7700E-4	9.7656E-3	3.4507E-1
1.7800E-4	9.5215E-3	3.9414E-1
1.7900E-4	9.5215E-3	4.4795E-1
1.8000E-4	9.2773E-3	5.0205E-1
1.8100E-4	9.5215E-3	5.5176E-1
1.8200E-4	9.5215E-3	5.8809E-1
1.8300E-4	9.7656E-3	6.0576E-1
1.8400E-4	9.5215E-3	6.0469E-1
1.8500E-4	9.7656E-3	5.8916E-1
1.8600E-4	9.2773E-3	5.5913E-1
1.8700E-4	9.5215E-3	5.1860E-1
1.8800E-4	9.2773E-3	4.7026E-1
1.8900E-4	9.2773E-3	4.1533E-1
1.9000E-4	9.7656E-3	3.5483E-1
1.9100E-4	9.5215E-3	2.9385E-1
1.9200E-4	9.2773E-3	2.4116E-1
1.9300E-4	9.2773E-3	1.9814E-1
1.9400E-4	9.7656E-3	1.6294E-1
1.9500E-4	1.0254E-2	1.4238E-1
1.9600E-4	9.5215E-3	1.3296E-1
1.9700E-4	9.2773E-3	1.2910E-1
1.9800E-4	9.0332E-3	1.3467E-1
1.9900E-4	1.0010E-2	1.4805E-1
2.0000E-4	9.0332E-3	1.6479E-1
2.0100E-4	9.5215E-3	1.8623E-1
2.0200E-4	9.5215E-3	2.1250E-1
2.0300E-4	1.0010E-2	2.4204E-1
2.0400E-4	9.2773E-3	2.7559E-1
2.0500E-4	8.7891E-3	3.1367E-1
2.0600E-4	1.0010E-2	3.5630E-1
2.0700E-4	9.7656E-3	4.0444E-1
2.0800E-4	9.7656E-3	4.5742E-1
2.0900E-4	9.7656E-3	5.1304E-1
2.1000E-4	9.5215E-3	5.6182E-1
2.1100E-4	1.0010E-2	5.9795E-1
2.1200E-4	1.0010E-2	6.1562E-1
2.1300E-4	9.5215E-3	6.0767E-1
2.1400E-4	9.2773E-3	5.7441E-1
2.1500E-4	9.5215E-3	5.2202E-1
2.1600E-4	9.5215E-3	4.5737E-1
2.1700E-4	9.5215E-3	3.8433E-1
2.1800E-4	9.2773E-3	3.0933E-1
2.1900E-4	9.2773E-3	2.4009E-1
2.2000E-4	9.5215E-3	1.8042E-1
2.2100E-4	9.7656E-3	1.3354E-1
2.2200E-4	9.7656E-3	1.0078E-1
2.2300E-4	9.5215E-3	8.3643E-2
2.2400E-4	9.5215E-3	7.6270E-2
2.2500E-4	9.2773E-3	7.8027E-2
2.2600E-4	9.7656E-3	8.7402E-2
2.2700E-4	1.0010E-2	1.0273E-1
2.2800E-4	9.5215E-3	1.1997E-1
2.2900E-4	9.2773E-3	1.4312E-1
2.3000E-4	9.7656E-3	1.7134E-1
2.3100E-4	9.7656E-3	2.0361E-1
2.3200E-4	9.7656E-3	2.4053E-1
2.3300E-4	9.7656E-3	2.8604E-1
2.3400E-4	1.0010E-2	3.3579E-1
2.3500E-4	9.2773E-3	3.9253E-1
2.3600E-4	9.7656E-3	4.5249E-1
2.3700E-4	9.7656E-3	5.1230E-1
2.3800E-4	9.5215E-3	5.6426E-1
2.3900E-4	9.2773E-3	6.0161E-1
2.4000E-4	9.5215E-3	6.1489E-1
2.4100E-4	9.2773E-3	6.0156E-1
2.4200E-4	9.2773E-3	5.6177E-1
2.4300E-4	9.5215E-3	5.0044E-1
2.4400E-4	9.2773E-3	4.2690E-1
2.4500E-4	9.7656E-3	3.5044E-1
2.4600E-4	9.5215E-3	2.7559E-1
2.4700E-4	8.7891E-3	2.0830E-1
2.4800E-4	9.2773E-3	1.5483E-1
2.4900E-4	9.7656E-3	1.1470E-1
2.5000E-4	9.5215E-3	8.6230E-2
2.5100E-4	9.2773E-3	7.0850E-2
2.5200E-4	1.0010E-2	6.7920E-2
2.5300E-4	9.5215E-3	7.1729E-2
2.5400E-4	9.5215E-3	8.2373E-2
2.5500E-4	9.5215E-3	9.7607E-2
2.5600E-4	1.0010E-2	1.1758E-1
2.5700E-4	9.2773E-3	1.4072E-1
2.5800E-4	9.5215E-3	1.6768E-1
2.5900E-4	9.5215E-3	2.0015E-1
2.6000E-4	9.0332E-3	2.3989E-1
2.6100E-4	1.0010E-2	2.8501E-1
2.6200E-4	9.2773E-3	3.3682E-1
2.6300E-4	9.2773E-3	3.9438E-1
2.6400E-4	8.7891E-3	4.5313E-1
2.6500E-4	9.5215E-3	5.1084E-1
2.6600E-4	9.0332E-3	5.6055E-1
2.6700E-4	9.2773E-3	5.9380E-1
2.6800E-4	9.7656E-3	6.0894E-1
2.6900E-4	9.7656E-3	6.0049E-1
2.7000E-4	1.0498E-2	5.6797E-1
2.7100E-4	9.5215E-3	5.1563E-1
2.7200E-4	9.2773E-3	4.4971E-1
2.7300E-4	9.2773E-3	3.7280E-1
2.7400E-4	9.7656E-3	2.9556E-1
2.7500E-4	9.2773E-3	2.2368E-1
2.7600E-4	9.5215E-3	1.6255E-1
2.7700E-4	9.7656E-3	1.1567E-1
2.7800E-4	9.5215E-3	8.6084E-2
2.7900E-4	9.0332E-3	6.9775E-2
2.8000E-4	9.5215E-3	6.4795E-2
2.8100E-4	9.5215E-3	6.8213E-2
2.8200E-4	9.7656E-3	7.9980E-2
2.8300E-4	1.0010E-2	9.7119E-2
2.8400E-4	1.0010E-2	1.1831E-1
2.8500E-4	9.7656E-3	1.4419E-1
2.8600E-4	9.7656E-3	1.7603E-1
2.8700E-4	9.5215E-3	2.1221E-1
2.8800E-4	9.5215E-3	2.5342E-1
2.8900E-4	9.5215E-3	3.0093E-1
2.9000E-4	1.0010E-2	3.5562E-1
2.9100E-4	9.2773E-3	4.1479E-1
2.9200E-4	1.0010E-2	4.7822E-1
2.9300E-4	9.2773E-3	5.3867E-1
2.9400E-4	9.7656E-3	5.8979E-1
2.9500E-4	9.5215E-3	6.2080E-1
2.9600E-4	9.5215E-3	6.2852E-1
2.9700E-4	9.2773E-3	6.0913E-1
2.9800E-4	1.0498E-2	5.6792E-1
2.9900E-4	8.5449E-3	5.0928E-1
3.0000E-4	9.7656E-3	4.4160E-1
3.0100E-4	1.0254E-2	3.6899E-1
3.0200E-4	9.7656E-3	2.9932E-1
3.0300E-4	9.2773E-3	2.3794E-1
3.0400E-4	9.5215E-3	1.8701E-1
3.0500E-4	1.0010E-2	1.4961E-1
3.0600E-4	1.0254E-2	1.2778E-1
3.0700E-4	9.0332E-3	1.1611E-1
3.0800E-4	9.2773E-3	1.1216E-1
3.0900E-4	9.7656E-3	1.1592E-1
3.1000E-4	9.7656E-3	1.2700E-1
3.1100E-4	9.7656E-3	1.4160E-1
3.1200E-4	9.5215E-3	1.5972E-1
3.1300E-4	9.2773E-3	1.8130E-1
3.1400E-4	9.5215E-3	2.0708E-1
3.1500E-4	9.0332E-3	2.3613E-1
3.1600E-4	8.7891E-3	2.7139E-1
3.1700E-4	9.7656E-3	3.1538E-1
3.1800E-4	9.5215E-3	3.6582E-1
3.1900E-4	9.7656E-3	4.2271E-1
3.2000E-4	9.7656E-3	4.7979E-1
3.2100E-4	9.7656E-3	5.3467E-1
3.2200E-4	9.7656E-3	5.7783E-1
3.2300E-4	9.7656E-3	6.0342E-1
3.2400E-4	1.0498E-2	6.0972E-1
3.2500E-4	9.5215E-3	5.9883E-1
3.2600E-4	9.5215E-3	5.7080E-1
3.2700E-4	9.2773E-3	5.3164E-1
3.2800E-4	9.5215E-3	4.8672E-1
3.2900E-4	1.0010E-2	4.3438E-1
3.3000E-4	9.0332E-3	3.7935E-1
3.3100E-4	1.0254E-2	3.2505E-1
3.3200E-4	9.2773E-3	2.7720E-1
3.3300E-4	9.7656E-3	2.3862E-1
3.3400E-4	9.5215E-3	2.1113E-1
3.3500E-4	1.0010E-2	1.9570E-1
3.3600E-4	9.7656E-3	1.9019E-1
3.3700E-4	9.7656E-3	1.9111E-1
3.3800E-4	8.7891E-3	1.9775E-1
3.3900E-4	9.7656E-3	2.1094E-1
3.4000E-4	1.0254E-2	2.2817E-1
3.4100E-4	9.5215E-3	2.4902E-1
3.4200E-4	1.0010E-2	2.7437E-1
3.4300E-4	9.5215E-3	3.0469E-1
3.4400E-4	9.0332E-3	3.3911E-1
3.4500E-4	9.2773E-3	3.7661E-1
3.4600E-4	1.0254E-2	4.1880E-1
3.4700E-4	9.0332E-3	4.6436E-1
3.4800E-4	9.2773E-3	5.0806E-1
3.4900E-4	9.5215E-3	5.4600E-1
3.5000E-4	9.0332E-3	5.7529E-1
3.5100E-4	1.0010E-2	5.9194E-1
3.5200E-4	9.5215E-3	5.9551E-1
3.5300E-4	9.2773E-3	5.8418E-1
3.5400E-4	9.5215E-3	5.6221E-1
3.5500E-4	1.0254E-2	5.3184E-1
3.5600E-4	9.5215E-3	4.9717E-1
3.5700E-4	9.2773E-3	4.5605E-1
3.5800E-4	1.0010E-2	4.1406E-1
3.5900E-4	9.5215E-3	3.7310E-1
3.6000E-4	9.7656E-3	3.3481E-1
3.6100E-4	9.2773E-3	3.0186E-1
3.6200E-4	1.0010E-2	2.7695E-1
3.6300E-4	1.0010E-2	2.6123E-1
3.6400E-4	9.5215E-3	2.5361E-1
3.6500E-4	9.0332E-3	2.5522E-1
3.6600E-4	9.5215E-3	2.5967E-1
3.6700E-4	9.7656E-3	2.6929E-1
3.6800E-4	1.0010E-2	2.8086E-1
3.6900E-4	9.2773E-3	2.9438E-1
3.7000E-4	9.0332E-3	3.0747E-1
3.7100E-4	9.7656E-3	3.2310E-1
3.7200E-4	9.2773E-3	3.4023E-1
3.7300E-4	9.2773E-3	3.6040E-1
3.7400E-4	9.7656E-3	3.8218E-1
3.7500E-4	9.5215E-3	4.0752E-1
3.7600E-4	9.2773E-3	4.3345E-1
3.7700E-4	9.5215E-3	4.5596E-1
3.7800E-4	1.0010E-2	4.7485E-1
3.7900E-4	9.7656E-3	4.9150E-1
3.8000E-4	1.0010E-2	5.0054E-1
3.8100E-4	9.2773E-3	5.0566E-1
3.8200E-4	9.5215E-3	5.0811E-1
3.8300E-4	9.5215E-3	5.0830E-1
3.8400E-4	1.0010E-2	5.0371E-1
3.8500E-4	9.7656E-3	4.9697E-1
3.8600E-4	9.5215E-3	4.8760E-1
3.8700E-4	9.7656E-3	4.7412E-1
3.8800E-4	9.5215E-3	4.5898E-1
3.8900E-4	9.2773E-3	4.4492E-1
3.9000E-4	9.0332E-3	4.3267E-1
3.9100E-4	9.2773E-3	4.2178E-1
3.9200E-4	1.0254E-2	4.1353E-1
3.9300E-4	9.0332E-3	4.0728E-1
3.9400E-4	9.2773E-3	4.0190E-1
3.9500E-4	1.0010E-2	3.9775E-1
3.9600E-4	9.7656E-3	3.9536E-1
3.9700E-4	9.7656E-3	3.9380E-1
3.9800E-4	9.0332E-3	3.9243E-1
3.9900E-4	9.5215E-3	3.8950E-1
4.0000E-4	9.7656E-3	3.8628E-1
4.0100E-4	1.0010E-2	3.8096E-1
4.0200E-4	9.2773E-3	3.7432E-1
4.0300E-4	9.5215E-3	3.6611E-1
4.0400E-4	9.5215E-3	3.5840E-1
4.0500E-4	9.7656E-3	3.5098E-1
4.0600E-4	9.5215E-3	3.4546E-1
4.0700E-4	9.0332E-3	3.4468E-1
4.0800E-4	9.5215E-3	3.4785E-1
4.0900E-4	1.0010E-2	3.5620E-1
4.1000E-4	9.5215E-3	3.6968E-1
4.1100E-4	9.7656E-3	3.8491E-1
4.1200E-4	9.5215E-3	4.0273E-1
4.1300E-4	9.5215E-3	4.2153E-1
4.1400E-4	9.7656E-3	4.4023E-1
4.1500E-4	1.0010E-2	4.5669E-1
4.1600E-4	9.5215E-3	4.7354E-1
4.1700E-4	9.5215E-3	4.8784E-1
4.1800E-4	9.7656E-3	5.0015E-1
4.1900E-4	9.2773E-3	5.0879E-1
4.2000E-4	9.5215E-3	5.1050E-1
4.2100E-4	9.5215E-3	5.0742E-1
4.2200E-4	1.0254E-2	4.9834E-1
4.2300E-4	9.5215E-3	4.7993E-1
4.2400E-4	1.0010E-2	4.5459E-1
4.2500E-4	9.5215E-3	4.2563E-1
4.2600E-4	1.0010E-2	3.9331E-1
4.2700E-4	9.2773E-3	3.5928E-1
4.2800E-4	9.5215E-3	3.2744E-1
4.2900E-4	9.5215E-3	2.9717E-1
4.3000E-4	9.7656E-3	2.7046E-1
4.3100E-4	9.5215E-3	2.4946E-1
4.3200E-4	1.0254E-2	2.3589E-1
4.3300E-4	9.5215E-3	2.2832E-1
4.3400E-4	9.5215E-3	2.2773E-1
4.3500E-4	9.2773E-3	2.3486E-1
4.3600E-4	1.0010E-2	2.4575E-1
4.3700E-4	9.0332E-3	2.5938E-1
4.3800E-4	9.0332E-3	2.7881E-1
4.3900E-4	9.2773E-3	3.0444E-1
4.4000E-4	9.7656E-3	3.3359E-1
4.4100E-4	1.0254E-2	3.6797E-1
4.4200E-4	9.7656E-3	4.0654E-1
4.4300E-4	9.5215E-3	4.4980E-1
4.4400E-4	9.0332E-3	4.9316E-1
4.4500E-4	9.7656E-3	5.3389E-1
4.4600E-4	9.7656E-3	5.6636E-1
4.4700E-4	9.7656E-3	5.8584E-1
4.4800E-4	9.2773E-3	5.8926E-1
4.4900E-4	9.2773E-3	5.7681E-1
4.5000E-4	9.7656E-3	5.5254E-1
4.5100E-4	9.7656E-3	5.1548E-1
4.5200E-4	9.7656E-3	4.6987E-1
4.5300E-4	9.5215E-3	4.1704E-1
4.5400E-4	1.0010E-2	3.5923E-1
4.5500E-4	9.5215E-3	3.0034E-1
4.5600E-4	9.5215E-3	2.4648E-1
4.5700E-4	9.5215E-3	2.0166E-1
4.5800E-4	9.5215E-3	1.6572E-1
4.5900E-4	9.5215E-3	1.3799E-1
4.6000E-4	9.7656E-3	1.1968E-1
4.6100E-4	8.7891E-3	1.0991E-1
4.6200E-4	9.5215E-3	1.0454E-1
4.6300E-4	9.7656E-3	1.0547E-1
4.6400E-4	9.7656E-3	1.1411E-1
4.6500E-4	9.2773E-3	1.2617E-1
4.6600E-4	1.0010E-2	1.4336E-1
4.6700E-4	9.5215E-3	1.6846E-1
4.6800E-4	9.7656E-3	1.9761E-1
4.6900E-4	8.7891E-3	2.3330E-1
4.7000E-4	9.5215E-3	2.7563E-1
4.7100E-4	9.2773E-3	3.2466E-1
4.7200E-4	9.0332E-3	3.8174E-1
4.7300E-4	9.7656E-3	4.4824E-1
4.7400E-4	9.5215E-3	5.1372E-1
4.7500E-4	9.0332E-3	5.6777E-1
4.7600E-4	9.5215E-3	6.0122E-1
4.7700E-4	9.5215E-3	6.0371E-1
4.7800E-4	9.7656E-3	5.7012E-1
4.7900E-4	9.2773E-3	5.0391E-1
4.8000E-4	9.7656E-3	4.1592E-1
4.8100E-4	9.7656E-3	3.1221E-1
4.8200E-4	1.0010E-2	2.0488E-1
4.8300E-4	1.0254E-2	1.0293E-1
4.8400E-4	1.0254E-2	1.1963E-2
4.8500E-4	9.2773E-3	-6.4453E-2
4.8600E-4	9.5215E-3	-1.2368E-1
4.8700E-4	1.0010E-2	-1.7031E-1
4.8800E-4	9.0332E-3	-2.0581E-1
4.8900E-4	9.7656E-3	-2.2998E-1
4.9000E-4	9.5215E-3	-2.4507E-1
4.9100E-4	9.2773E-3	-2.5298E-1
4.9200E-4	9.7656E-3	-2.5586E-1
4.9300E-4	9.5215E-3	-2.5547E-1
4.9400E-4	9.7656E-3	-2.5371E-1
4.9500E-4	1.0254E-2	-2.5381E-1
4.9600E-4	9.5215E-3	-2.5649E-1
4.9700E-4	9.7656E-3	-2.5864E-1
4.9800E-4	9.7656E-3	-2.6099E-1
4.9900E-4	9.2773E-3	-2.6064E-1
5.0000E-4	9.2773E-3	-2.5977E-1
5.0100E-4	9.5215E-3	-2.5762E-1
5.0200E-4	9.5215E-3	-2.5625E-1
5.0300E-4	1.0010E-2	-2.5488E-1
5.0400E-4	1.0498E-2	-2.5557E-1
5.0500E-4	9.2773E-3	-2.5444E-1
5.0600E-4	9.7656E-3	-2.5352E-1
5.0700E-4	9.7656E-3	-2.5151E-1
5.0800E-4	9.2773E-3	-2.4888E-1
5.0900E-4	9.5215E-3	-2.4536E-1
5.1000E-4	9.5215E-3	-2.4458E-1
5.1100E-4	9.5215E-3	-2.4214E-1
5.1200E-4	9.2773E-3	-2.4014E-1
5.1300E-4	9.7656E-3	-2.3804E-1
5.1400E-4	9.5215E-3	-2.3594E-1
5.1500E-4	9.0332E-3	-2.3330E-1
5.1600E-4	9.5215E-3	-2.2847E-1
5.1700E-4	9.7656E-3	-2.1748E-1
5.1800E-4	9.5215E-3	-2.0044E-1
5.1900E-4	9.7656E-3	-1.7715E-1
5.2000E-4	1.0254E-2	-1.4634E-1
5.2100E-4	9.5215E-3	-1.1030E-1
5.2200E-4	9.0332E-3	-7.0264E-2
5.2300E-4	1.0010E-2	-2.2119E-2
5.2400E-4	9.5215E-3	3.3789E-2
5.2500E-4	9.2773E-3	1.0308E-1
5.2600E-4	9.5215E-3	1.8647E-1
5.2700E-4	9.2773E-3	2.8467E-1
5.2800E-4	9.2773E-3	3.8921E-1
5.2900E-4	9.5215E-3	4.9038E-1
5.3000E-4	1.0010E-2	5.7202E-1
5.3100E-4	9.5215E-3	6.2466E-1
5.3200E-4	9.0332E-3	6.4067E-1
5.3300E-4	9.5215E-3	6.1763E-1
5.3400E-4	9.5215E-3	5.6333E-1
5.3500E-4	9.5215E-3	4.8794E-1
5.3600E-4	9.7656E-3	4.0254E-1
5.3700E-4	1.0010E-2	3.1509E-1
5.3800E-4	9.2773E-3	2.3774E-1
5.3900E-4	9.7656E-3	1.7222E-1
5.4000E-4	9.5215E-3	1.2261E-1
5.4100E-4	9.2773E-3	8.7012E-2
5.4200E-4	9.2773E-3	6.8066E-2
5.4300E-4	9.2773E-3	6.1279E-2
5.4400E-4	1.0254E-2	6.6357E-2
5.4500E-4	1.0010E-2	8.1201E-2
5.4600E-4	9.5215E-3	1.0332E-1
5.4700E-4	1.0010E-2	1.2896E-1
5.4800E-4	9.2773E-3	1.5889E-1
5.4900E-4	1.0010E-2	1.9209E-1
5.5000E-4	9.0332E-3	2.2563E-1
5.5100E-4	1.0010E-2	2.6357E-1
5.5200E-4	9.5215E-3	3.0352E-1
5.5300E-4	9.7656E-3	3.4570E-1
5.5400E-4	9.5215E-3	3.9121E-1
5.5500E-4	1.0254E-2	4.4053E-1
5.5600E-4	1.0010E-2	4.8823E-1
5.5700E-4	9.7656E-3	5.3252E-1
5.5800E-4	9.0332E-3	5.6772E-1
5.5900E-4	9.0332E-3	5.8960E-1
5.6000E-4	9.7656E-3	5.9463E-1
5.6100E-4	9.2773E-3	5.8198E-1
5.6200E-4	9.5215E-3	5.5264E-1
5.6300E-4	9.2773E-3	5.1099E-1
5.6400E-4	9.2773E-3	4.6084E-1
5.6500E-4	1.0010E-2	4.0889E-1
5.6600E-4	9.7656E-3	3.5771E-1
5.6700E-4	9.7656E-3	3.1167E-1
5.6800E-4	9.5215E-3	2.7246E-1
5.6900E-4	9.0332E-3	2.4082E-1
5.7000E-4	9.2773E-3	2.2036E-1
5.7100E-4	1.0498E-2	2.1060E-1
5.7200E-4	9.7656E-3	2.0859E-1
5.7300E-4	9.5215E-3	2.1475E-1
5.7400E-4	1.0010E-2	2.2769E-1
5.7500E-4	9.0332E-3	2.4224E-1
5.7600E-4	9.5215E-3	2.5884E-1
5.7700E-4	9.7656E-3	2.7778E-1
5.7800E-4	1.0010E-2	2.9712E-1
5.7900E-4	9.0332E-3	3.1860E-1
5.8000E-4	9.7656E-3	3.4023E-1
5.8100E-4	1.0254E-2	3.6338E-1
5.8200E-4	1.0254E-2	3.8970E-1
5.8300E-4	9.2773E-3	4.1763E-1
5.8400E-4	1.0010E-2	4.4517E-1
5.8500E-4	9.5215E-3	4.7148E-1
5.8600E-4	9.5215E-3	4.9497E-1
5.8700E-4	1.0010E-2	5.1113E-1
5.8800E-4	9.5215E-3	5.2061E-1
5.8900E-4	1.0010E-2	5.2300E-1
5.9000E-4	9.5215E-3	5.2012E-1
5.9100E-4	8.7891E-3	5.1045E-1
5.9200E-4	9.7656E-3	4.9492E-1
5.9300E-4	9.0332E-3	4.7402E-1
5.9400E-4	9.7656E-3	4.5024E-1
5.9500E-4	9.5215E-3	4.2588E-1
5.9600E-4	9.2773E-3	4.0161E-1
5.9700E-4	9.0332E-3	3.8159E-1
5.9800E-4	9.5215E-3	3.6626E-1
5.9900E-4	9.7656E-3	3.5547E-1
6.0000E-4	9.5215E-3	3.4937E-1
6.0100E-4	1.0254E-2	3.4927E-1
6.0200E-4	9.2773E-3	3.5171E-1
6.0300E-4	9.5215E-3	3.5454E-1
6.0400E-4	9.0332E-3	3.6060E-1
6.0500E-4	9.5215E-3	3.6758E-1
6.0600E-4	9.2773E-3	3.7197E-1
6.0700E-4	9.5215E-3	3.7549E-1
6.0800E-4	9.2773E-3	3.8188E-1
6.0900E-4	9.2773E-3	3.8677E-1
6.1000E-4	9.7656E-3	3.9146E-1
6.1100E-4	9.2773E-3	3.9839E-1
6.1200E-4	9.5215E-3	4.0674E-1
6.1300E-4	1.0010E-2	4.1094E-1
6.1400E-4	9.2773E-3	4.1299E-1
6.1500E-4	9.2773E-3	4.1323E-1
6.1600E-4	8.7891E-3	4.1230E-1
6.1700E-4	1.0010E-2	4.1318E-1
6.1800E-4	9.7656E-3	4.1846E-1
6.1900E-4	9.0332E-3	4.2563E-1
6.2000E-4	1.0254E-2	4.3364E-1
6.2100E-4	9.5215E-3	4.4331E-1
6.2200E-4	9.5215E-3	4.5117E-1
6.2300E-4	1.0254E-2	4.5864E-1
6.2400E-4	9.7656E-3	4.6646E-1
6.2500E-4	1.0010E-2	4.7461E-1
6.2600E-4	9.5215E-3	4.8081E-1
6.2700E-4	9.7656E-3	4.8403E-1
6.2800E-4	1.0010E-2	4.8120E-1
6.2900E-4	9.2773E-3	4.7383E-1
6.3000E-4	9.2773E-3	4.6060E-1
6.3100E-4	8.7891E-3	4.4453E-1
6.3200E-4	9.2773E-3	4.2437E-1
6.3300E-4	9.5215E-3	4.0156E-1
6.3400E-4	9.5215E-3	3.7622E-1
6.3500E-4	9.5215E-3	3.5181E-1
6.3600E-4	9.2773E-3	3.2603E-1
6.3700E-4	9.7656E-3	3.0610E-1
6.3800E-4	9.2773E-3	2.9429E-1
6.3900E-4	9.7656E-3	2.8867E-1
6.4000E-4	9.5215E-3	2.8672E-1
6.4100E-4	9.7656E-3	2.8760E-1
6.4200E-4	9.2773E-3	2.8911E-1
6.4300E-4	9.5215E-3	2.9170E-1
6.4400E-4	9.5215E-3	2.9800E-1
6.4500E-4	9.2773E-3	3.0732E-1
6.4600E-4	8.7891E-3	3.2397E-1
6.4700E-4	1.0010E-2	3.4751E-1
6.4800E-4	1.0254E-2	3.7520E-1
6.4900E-4	9.5215E-3	4.0742E-1
6.5000E-4	9.7656E-3	4.4546E-1
6.5100E-4	9.7656E-3	4.8564E-1
6.5200E-4	9.5215E-3	5.2397E-1
6.5300E-4	9.0332E-3	5.5981E-1
6.5400E-4	9.7656E-3	5.8623E-1
6.5500E-4	1.0010E-2	5.9849E-1
6.5600E-4	9.7656E-3	6.0029E-1
6.5700E-4	9.5215E-3	5.9004E-1
6.5800E-4	9.7656E-3	5.6646E-1
6.5900E-4	1.0010E-2	5.3398E-1
6.6000E-4	9.5215E-3	4.9678E-1
6.6100E-4	1.0010E-2	4.5063E-1
6.6200E-4	9.5215E-3	4.0205E-1
6.6300E-4	9.0332E-3	3.5435E-1
6.6400E-4	9.5215E-3	3.0879E-1
6.6500E-4	9.5215E-3	2.6797E-1
6.6600E-4	9.5215E-3	2.3477E-1
6.6700E-4	1.0254E-2	2.0889E-1
6.6800E-4	9.5215E-3	1.9229E-1
6.6900E-4	9.0332E-3	1.8540E-1
6.7000E-4	1.0010E-2	1.8511E-1
6.7100E-4	9.5215E-3	1.9175E-1
6.7200E-4	1.0254E-2	2.0630E-1
6.7300E-4	9.5215E-3	2.2485E-1
6.7400E-4	9.2773E-3	2.4956E-1
6.7500E-4	1.0010E-2	2.7935E-1
6.7600E-4	9.0332E-3	3.1284E-1
6.7700E-4	1.0010E-2	3.5103E-1
6.7800E-4	9.2773E-3	3.9395E-1
6.7900E-4	1.0010E-2	4.4072E-1
6.8000E-4	9.2773E-3	4.9092E-1
6.8100E-4	9.2773E-3	5.3921E-1
6.8200E-4	9.5215E-3	5.7598E-1
6.8300E-4	9.2773E-3	5.9951E-1
6.8400E-4	9.2773E-3	6.0518E-1
6.8500E-4	1.0010E-2	5.9312E-1
6.8600E-4	1.0010E-2	5.6489E-1
6.8700E-4	9.2773E-3	5.2422E-1
6.8800E-4	9.5215E-3	4.7310E-1
6.8900E-4	1.0010E-2	4.1348E-1
6.9000E-4	9.7656E-3	3.5083E-1
6.9100E-4	9.7656E-3	2.9023E-1
6.9200E-4	9.7656E-3	2.3496E-1
6.9300E-4	9.2773E-3	1.8901E-1
6.9400E-4	9.0332E-3	1.5361E-1
6.9500E-4	9.7656E-3	1.2832E-1
6.9600E-4	9.2773E-3	1.1450E-1
6.9700E-4	9.7656E-3	1.1045E-1
6.9800E-4	1.0254E-2	1.1211E-1
6.9900E-4	9.2773E-3	1.2295E-1
7.0000E-4	9.0332E-3	1.4058E-1
7.0100E-4	1.0010E-2	1.6074E-1
7.0200E-4	9.7656E-3	1.8799E-1
7.0300E-4	1.0010E-2	2.2290E-1
7.0400E-4	9.2773E-3	2.6230E-1
7.0500E-4	9.7656E-3	3.0679E-1
7.0600E-4	1.0010E-2	3.5796E-1
7.0700E-4	9.5215E-3	4.1499E-1
7.0800E-4	9.5215E-3	4.7437E-1
7.0900E-4	9.7656E-3	5.3164E-1
7.1000E-4	1.0010E-2	5.7866E-1
7.1100E-4	9.5215E-3	6.0903E-1
7.1200E-4	9.0332E-3	6.1890E-1
7.1300E-4	9.5215E-3	6.0479E-1
7.1400E-4	9.5215E-3	5.6841E-1
7.1500E-4	1.0254E-2	5.1519E-1
7.1600E-4	9.7656E-3	4.5068E-1
7.1700E-4	9.5215E-3	3.7871E-1
7.1800E-4	1.0010E-2	3.0781E-1
7.1900E-4	1.0010E-2	2.4165E-1
7.2000E-4	1.0010E-2	1.8394E-1
7.2100E-4	1.0010E-2	1.4014E-1
7.2200E-4	1.0254E-2	1.0762E-1
7.2300E-4	9.0332E-3	8.6963E-2
7.2400E-4	9.7656E-3	7.8125E-2
7.2500E-4	9.5215E-3	7.9297E-2
7.2600E-4	9.5215E-3	8.5645E-2
7.2700E-4	9.5215E-3	9.7656E-2
7.2800E-4	9.7656E-3	1.1499E-1
7.2900E-4	9.7656E-3	1.3374E-1
7.3000E-4	1.0010E-2	1.5693E-1
7.3100E-4	9.5215E-3	1.8623E-1
7.3200E-4	8.7891E-3	2.2256E-1
7.3300E-4	9.5215E-3	2.6592E-1
7.3400E-4	9.5215E-3	3.1914E-1
7.3500E-4	9.5215E-3	3.8149E-1
7.3600E-4	1.0010E-2	4.4932E-1
7.3700E-4	9.2773E-3	5.1416E-1
7.3800E-4	9.7656E-3	5.6987E-1
7.3900E-4	9.5215E-3	6.0850E-1
7.4000E-4	1.0010E-2	6.2026E-1
7.4100E-4	9.7656E-3	6.0410E-1
7.4200E-4	1.0010E-2	5.6431E-1
7.4300E-4	9.5215E-3	5.0259E-1
7.4400E-4	9.7656E-3	4.2769E-1
7.4500E-4	9.5215E-3	3.4927E-1
7.4600E-4	9.0332E-3	2.7534E-1
7.4700E-4	9.5215E-3	2.0771E-1
7.4800E-4	9.0332E-3	1.5303E-1
7.4900E-4	9.7656E-3	1.1133E-1
7.5000E-4	9.7656E-3	8.3789E-2
7.5100E-4	1.0254E-2	6.6602E-2
7.5200E-4	9.2773E-3	6.0352E-2
7.5300E-4	9.7656E-3	6.1035E-2
7.5400E-4	9.5215E-3	7.0557E-2
7.5500E-4	1.0254E-2	8.3203E-2
7.5600E-4	9.5215E-3	9.7266E-2
7.5700E-4	9.5215E-3	1.1499E-1
7.5800E-4	9.2773E-3	1.3965E-1
7.5900E-4	9.5215E-3	1.6973E-1
7.6000E-4	9.2773E-3	2.0815E-1
7.6100E-4	9.5215E-3	2.5581E-1
7.6200E-4	9.7656E-3	3.1392E-1
7.6300E-4	9.0332E-3	3.7710E-1
7.6400E-4	9.5215E-3	4.4458E-1
7.6500E-4	9.7656E-3	5.0918E-1
7.6600E-4	9.5215E-3	5.6538E-1
7.6700E-4	9.5215E-3	6.0093E-1
7.6800E-4	9.5215E-3	6.1558E-1
7.6900E-4	9.0332E-3	6.0107E-1
7.7000E-4	9.5215E-3	5.6143E-1
7.7100E-4	1.0010E-2	4.9951E-1
7.7200E-4	9.7656E-3	4.2715E-1
7.7300E-4	9.5215E-3	3.4922E-1
7.7400E-4	9.5215E-3	2.7495E-1
7.7500E-4	1.0010E-2	2.0830E-1
7.7600E-4	1.0254E-2	1.5586E-1
7.7700E-4	9.5215E-3	1.1719E-1
7.7800E-4	1.0010E-2	9.1553E-2
7.7900E-4	9.2773E-3	7.8516E-2
7.8000E-4	9.5215E-3	7.4854E-2
7.8100E-4	9.7656E-3	7.7344E-2
7.8200E-4	9.7656E-3	8.3887E-2
7.8300E-4	9.2773E-3	9.6289E-2
7.8400E-4	1.0254E-2	1.1260E-1
7.8500E-4	9.2773E-3	1.3647E-1
7.8600E-4	9.5215E-3	1.6562E-1
7.8700E-4	9.2773E-3	2.0186E-1
7.8800E-4	9.0332E-3	2.4175E-1
7.8900E-4	9.5215E-3	2.8691E-1
7.9000E-4	9.2773E-3	3.3823E-1
7.9100E-4	9.7656E-3	3.9800E-1
7.9200E-4	9.5215E-3	4.6172E-1
7.9300E-4	9.5215E-3	5.2656E-1
7.9400E-4	9.5215E-3	5.8140E-1
7.9500E-4	8.5449E-3	6.1870E-1
7.9600E-4	1.0010E-2	6.3325E-1
7.9700E-4	9.0332E-3	6.2261E-1
7.9800E-4	9.7656E-3	5.8677E-1
7.9900E-4	9.5215E-3	5.3271E-1
8.0000E-4	9.7656E-3	4.6416E-1
8.0100E-4	9.5215E-3	3.9038E-1
8.0200E-4	9.7656E-3	3.1738E-1
8.0300E-4	9.5215E-3	2.4946E-1
8.0400E-4	9.7656E-3	1.9600E-1
8.0500E-4	9.7656E-3	1.5742E-1
8.0600E-4	9.2773E-3	1.3042E-1
8.0700E-4	9.2773E-3	1.1646E-1
8.0800E-4	9.0332E-3	1.1318E-1
8.0900E-4	9.7656E-3	1.1587E-1
8.1000E-4	9.0332E-3	1.2544E-1
8.1100E-4	9.5215E-3	1.4175E-1
8.1200E-4	9.7656E-3	1.6235E-1
8.1300E-4	9.2773E-3	1.8970E-1
8.1400E-4	1.0010E-2	2.2114E-1
8.1500E-4	9.2773E-3	2.5869E-1
8.1600E-4	9.0332E-3	3.0107E-1
8.1700E-4	9.7656E-3	3.4712E-1
8.1800E-4	9.0332E-3	3.9683E-1
8.1900E-4	9.7656E-3	4.5029E-1
8.2000E-4	9.2773E-3	5.0317E-1
8.2100E-4	9.2773E-3	5.5210E-1
8.2200E-4	9.5215E-3	5.9009E-1
8.2300E-4	9.0332E-3	6.1011E-1
8.2400E-4	9.5215E-3	6.1128E-1
8.2500E-4	9.7656E-3	5.9375E-1
8.2600E-4	9.5215E-3	5.5791E-1
8.2700E-4	9.2773E-3	5.0996E-1
8.2800E-4	9.7656E-3	4.5547E-1
8.2900E-4	9.2773E-3	3.9766E-1
8.3000E-4	9.5215E-3	3.3965E-1
8.3100E-4	1.0010E-2	2.8682E-1
8.3200E-4	9.0332E-3	2.4346E-1
8.3300E-4	9.5215E-3	2.1157E-1
8.3400E-4	9.2773E-3	1.8906E-1
8.3500E-4	9.5215E-3	1.7539E-1
8.3600E-4	9.5215E-3	1.6855E-1
8.3700E-4	9.5215E-3	1.6694E-1
8.3800E-4	9.5215E-3	1.7051E-1
8.3900E-4	9.5215E-3	1.8037E-1
8.4000E-4	9.2773E-3	1.9673E-1
8.4100E-4	9.7656E-3	2.1992E-1
8.4200E-4	9.0332E-3	2.4932E-1
8.4300E-4	9.0332E-3	2.8516E-1
8.4400E-4	9.2773E-3	3.2349E-1
8.4500E-4	9.7656E-3	3.6567E-1
8.4600E-4	9.5215E-3	4.1123E-1
8.4700E-4	9.5215E-3	4.5698E-1
8.4800E-4	1.0010E-2	4.9814E-1
8.4900E-4	9.5215E-3	5.3677E-1
8.5000E-4	9.2773E-3	5.6738E-1
8.5100E-4	9.2773E-3	5.8535E-1
8.5200E-4	8.7891E-3	5.9180E-1
8.5300E-4	9.2773E-3	5.8892E-1
8.5400E-4	9.7656E-3	5.7598E-1
8.5500E-4	1.0010E-2	5.5103E-1
8.5600E-4	9.5215E-3	5.1724E-1
8.5700E-4	1.0010E-2	4.7803E-1
8.5800E-4	8.7891E-3	4.3467E-1
8.5900E-4	9.7656E-3	3.9126E-1
8.6000E-4	9.2773E-3	3.5264E-1
8.6100E-4	9.7656E-3	3.2231E-1
8.6200E-4	9.2773E-3	3.0034E-1
8.6300E-4	9.2773E-3	2.8638E-1
8.6400E-4	9.7656E-3	2.7715E-1
8.6500E-4	9.7656E-3	2.7534E-1
8.6600E-4	9.5215E-3	2.7832E-1
8.6700E-4	1.0010E-2	2.8530E-1
8.6800E-4	9.7656E-3	2.9551E-1
8.6900E-4	9.7656E-3	3.1167E-1
8.7000E-4	9.5215E-3	3.2847E-1
8.7100E-4	9.2773E-3	3.4756E-1
8.7200E-4	9.5215E-3	3.6792E-1
8.7300E-4	9.2773E-3	3.8999E-1
8.7400E-4	9.0332E-3	4.1265E-1
8.7500E-4	8.7891E-3	4.3633E-1
8.7600E-4	9.7656E-3	4.5737E-1
8.7700E-4	9.7656E-3	4.7393E-1
8.7800E-4	9.7656E-3	4.8633E-1
8.7900E-4	9.2773E-3	4.9146E-1
8.8000E-4	9.5215E-3	4.8994E-1
8.8100E-4	9.2773E-3	4.8530E-1
8.8200E-4	9.5215E-3	4.7866E-1
8.8300E-4	9.7656E-3	4.7017E-1
8.8400E-4	1.0010E-2	4.6099E-1
8.8500E-4	9.5215E-3	4.5298E-1
8.8600E-4	9.7656E-3	4.4277E-1
8.8700E-4	9.7656E-3	4.3359E-1
8.8800E-4	1.0010E-2	4.2085E-1
8.8900E-4	9.2773E-3	4.0913E-1
8.9000E-4	1.0254E-2	3.9697E-1
8.9100E-4	9.2773E-3	3.8657E-1
8.9200E-4	9.5215E-3	3.7607E-1
8.9300E-4	1.0010E-2	3.6982E-1
8.9400E-4	9.7656E-3	3.6270E-1
8.9500E-4	9.2773E-3	3.5776E-1
8.9600E-4	9.7656E-3	3.5562E-1
8.9700E-4	9.2773E-3	3.5479E-1
8.9800E-4	9.7656E-3	3.5273E-1
8.9900E-4	9.2773E-3	3.5156E-1
9.0000E-4	8.7891E-3	3.4961E-1
9.0100E-4	1.0010E-2	3.4727E-1
9.0200E-4	9.2773E-3	3.4375E-1
9.0300E-4	9.7656E-3	3.4409E-1
9.0400E-4	9.2773E-3	3.4585E-1
9.0500E-4	9.2773E-3	3.5029E-1
9.0600E-4	9.2773E-3	3.5376E-1
9.0700E-4	9.5215E-3	3.5962E-1
9.0800E-4	9.2773E-3	3.6470E-1
9.0900E-4	9.5215E-3	3.7285E-1
9.1000E-4	9.2773E-3	3.7876E-1
9.1100E-4	9.2773E-3	3.8901E-1
9.1200E-4	9.7656E-3	4.0229E-1
9.1300E-4	9.5215E-3	4.1948E-1
9.1400E-4	8.5449E-3	4.3882E-1
9.1500E-4	9.0332E-3	4.6299E-1
9.1600E-4	9.0332E-3	4.8618E-1
9.1700E-4	9.2773E-3	5.0898E-1
9.1800E-4	9.7656E-3	5.2700E-1
9.1900E-4	9.7656E-3	5.3945E-1
9.2000E-4	9.5215E-3	5.4263E-1
9.2100E-4	9.7656E-3	5.3813E-1
9.2200E-4	9.5215E-3	5.2246E-1
9.2300E-4	9.2773E-3	4.9741E-1
9.2400E-4	9.0332E-3	4.6563E-1
9.2500E-4	9.2773E-3	4.3052E-1
9.2600E-4	9.5215E-3	3.9160E-1
9.2700E-4	1.0254E-2	3.5352E-1
9.2800E-4	1.0010E-2	3.1880E-1
9.2900E-4	9.7656E-3	2.8774E-1
9.3000E-4	9.7656E-3	2.6279E-1
9.3100E-4	9.5215E-3	2.4424E-1
9.3200E-4	9.0332E-3	2.3228E-1
9.3300E-4	9.2773E-3	2.2461E-1
9.3400E-4	9.5215E-3	2.2158E-1
9.3500E-4	9.5215E-3	2.2256E-1
9.3600E-4	8.7891E-3	2.3062E-1
9.3700E-4	9.7656E-3	2.4341E-1
9.3800E-4	9.2773E-3	2.6348E-1
9.3900E-4	9.5215E-3	2.8882E-1
9.4000E-4	9.7656E-3	3.1948E-1
9.4100E-4	9.7656E-3	3.5303E-1
9.4200E-4	9.5215E-3	3.9004E-1
9.4300E-4	9.2773E-3	4.3047E-1
9.4400E-4	9.0332E-3	4.7256E-1
9.4500E-4	9.5215E-3	5.1362E-1
9.4600E-4	9.7656E-3	5.5049E-1
9.4700E-4	9.2773E-3	5.7871E-1
9.4800E-4	9.5215E-3	5.9155E-1
9.4900E-4	8.7891E-3	5.8691E-1
9.5000E-4	9.5215E-3	5.6421E-1
9.5100E-4	1.0254E-2	5.2651E-1
9.5200E-4	9.5215E-3	4.7588E-1
9.5300E-4	9.7656E-3	4.1694E-1
9.5400E-4	9.5215E-3	3.5542E-1
9.5500E-4	9.7656E-3	2.9575E-1
9.5600E-4	9.2773E-3	2.3911E-1
9.5700E-4	9.2773E-3	1.9009E-1
9.5800E-4	8.5449E-3	1.5317E-1
9.5900E-4	9.2773E-3	1.2622E-1
9.6000E-4	9.5215E-3	1.1064E-1
9.6100E-4	1.0254E-2	1.0474E-1
9.6200E-4	9.2773E-3	1.0713E-1
9.6300E-4	9.7656E-3	1.1392E-1
9.6400E-4	9.5215E-3	1.2505E-1
9.6500E-4	9.7656E-3	1.3965E-1
9.6600E-4	9.2773E-3	1.5869E-1
9.6700E-4	9.7656E-3	1.8247E-1
9.6800E-4	9.5215E-3	2.1221E-1
9.6900E-4	9.5215E-3	2.4941E-1
9.7000E-4	9.5215E-3	2.9409E-1
9.7100E-4	9.5215E-3	3.4692E-1
9.7200E-4	9.7656E-3	4.0923E-1
9.7300E-4	9.7656E-3	4.7563E-1
9.7400E-4	9.2773E-3	5.3760E-1
9.7500E-4	9.2773E-3	5.8413E-1
9.7600E-4	1.0010E-2	6.0635E-1
9.7700E-4	9.5215E-3	5.9355E-1
9.7800E-4	9.2773E-3	5.4707E-1
9.7900E-4	9.0332E-3	4.7275E-1
9.8000E-4	9.2773E-3	3.7773E-1
9.8100E-4	1.0010E-2	2.7310E-1
9.8200E-4	9.2773E-3	1.6997E-1
9.8300E-4	9.5215E-3	7.3584E-2
9.8400E-4	9.5215E-3	-9.4238E-3
9.8500E-4	1.0010E-2	-7.6660E-2
9.8600E-4	9.5215E-3	-1.2886E-1
9.8700E-4	9.5215E-3	-1.6816E-1
9.8800E-4	8.5449E-3	-1.9502E-1
9.8900E-4	1.0010E-2	-2.1421E-1
9.9000E-4	9.7656E-3	-2.2720E-1
9.9100E-4	9.5215E-3	-2.3501E-1
9.9200E-4	9.2773E-3	-2.4009E-1
9.9300E-4	9.0332E-3	-2.4341E-1
9.9400E-4	8.7891E-3	-2.4673E-1
9.9500E-4	1.0254E-2	-2.5015E-1
9.9600E-4	9.5215E-3	-2.5288E-1
9.9700E-4	9.2773E-3	-2.5464E-1
9.9800E-4	9.7656E-3	-2.5464E-1
9.9900E-4	9.2773E-3	-2.5464E-1
