Time [s]	Aux in [V]	Main in [V]
0.0000E+0	9.2773E-3	-1.9390E-1
1.0000E-6	9.5215E-3	-1.8779E-1
2.0000E-6	1.0254E-2	-1.7866E-1
3.0000E-6	9.5215E-3	-1.6646E-1
4.0000E-6	1.0010E-2	-1.5449E-1
5.0000E-6	9.7656E-3	-1.3794E-1
6.0000E-6	1.0010E-2	-1.1548E-1
7.0000E-6	9.5215E-3	-8.6426E-2
8.0000E-6	1.0010E-2	-5.0928E-2
9.0000E-6	1.0010E-2	-4.3457E-3
1.0000E-5	9.7656E-3	5.0879E-2
1.1000E-5	9.7656E-3	1.1675E-1
1.2000E-5	1.0254E-2	1.9370E-1
1.3000E-5	1.0010E-2	2.8647E-1
1.4000E-5	9.7656E-3	3.8892E-1
1.5000E-5	9.5215E-3	4.9282E-1
1.6000E-5	9.2773E-3	5.8960E-1
1.7000E-5	1.0254E-2	6.6597E-1
1.8000E-5	9.7656E-3	7.0933E-1
1.9000E-5	9.7656E-3	7.1694E-1
2.0000E-5	1.0010E-2	6.9526E-1
2.1000E-5	9.5215E-3	6.4648E-1
2.2000E-5	9.5215E-3	5.8018E-1
2.3000E-5	1.0010E-2	5.0591E-1
2.4000E-5	1.0010E-2	4.3125E-1
2.5000E-5	9.2773E-3	3.6050E-1
2.6000E-5	9.5215E-3	2.9683E-1
2.7000E-5	1.0010E-2	2.4351E-1
2.8000E-5	9.0332E-3	2.0366E-1
2.9000E-5	9.7656E-3	1.7588E-1
3.0000E-5	9.5215E-3	1.5625E-1
3.1000E-5	9.7656E-3	1.4736E-1
3.2000E-5	1.0010E-2	1.4849E-1
3.3000E-5	9.7656E-3	1.5581E-1
3.4000E-5	9.7656E-3	1.6870E-1
3.5000E-5	9.7656E-3	1.8452E-1
3.6000E-5	9.7656E-3	2.0313E-1
3.7000E-5	9.7656E-3	2.2178E-1
3.8000E-5	9.7656E-3	2.4214E-1
3.9000E-5	9.7656E-3	2.6953E-1
4.0000E-5	1.0010E-2	3.0459E-1
4.1000E-5	9.5215E-3	3.4419E-1
4.2000E-5	9.5215E-3	3.9204E-1
4.3000E-5	9.0332E-3	4.4556E-1
4.4000E-5	1.0010E-2	4.9805E-1
4.5000E-5	9.7656E-3	5.4814E-1
4.6000E-5	9.7656E-3	5.9131E-1
4.7000E-5	1.0010E-2	6.2402E-1
4.8000E-5	9.7656E-3	6.4233E-1
4.9000E-5	1.0010E-2	6.4595E-1
5.0000E-5	1.0010E-2	6.3613E-1
5.1000E-5	9.2773E-3	6.1406E-1
5.2000E-5	9.5215E-3	5.8018E-1
5.3000E-5	9.7656E-3	5.4063E-1
5.4000E-5	1.0010E-2	4.9629E-1
5.5000E-5	9.7656E-3	4.4795E-1
5.6000E-5	9.7656E-3	4.0176E-1
5.7000E-5	9.2773E-3	3.6074E-1
5.8000E-5	1.0010E-2	3.2280E-1
5.9000E-5	9.0332E-3	2.8662E-1
6.0000E-5	1.0010E-2	2.5493E-1
6.1000E-5	1.0010E-2	2.2666E-1
6.2000E-5	9.7656E-3	2.0269E-1
6.3000E-5	9.7656E-3	1.8804E-1
6.4000E-5	9.5215E-3	1.8403E-1
6.5000E-5	9.2773E-3	1.8770E-1
6.6000E-5	1.0010E-2	2.0117E-1
6.7000E-5	9.5215E-3	2.2275E-1
6.8000E-5	9.7656E-3	2.4858E-1
6.9000E-5	1.0010E-2	2.8101E-1
7.0000E-5	9.7656E-3	3.2046E-1
7.1000E-5	1.0010E-2	3.6494E-1
7.2000E-5	9.7656E-3	4.1587E-1
7.3000E-5	9.7656E-3	4.7280E-1
7.4000E-5	1.0010E-2	5.3032E-1
7.5000E-5	9.7656E-3	5.8281E-1
7.6000E-5	9.2773E-3	6.2456E-1
7.7000E-5	9.7656E-3	6.4849E-1
7.8000E-5	9.2773E-3	6.5381E-1
7.9000E-5	9.7656E-3	6.4258E-1
8.0000E-5	9.7656E-3	6.1855E-1
8.1000E-5	9.7656E-3	5.8872E-1
8.2000E-5	1.0010E-2	5.5581E-1
8.3000E-5	9.2773E-3	5.1670E-1
8.4000E-5	9.5215E-3	4.7153E-1
8.5000E-5	1.0010E-2	4.2441E-1
8.6000E-5	1.0010E-2	3.7539E-1
8.7000E-5	1.0010E-2	3.2598E-1
8.8000E-5	1.0010E-2	2.8135E-1
8.9000E-5	9.7656E-3	2.4326E-1
9.0000E-5	9.5215E-3	2.1484E-1
9.1000E-5	1.0254E-2	1.9639E-1
9.2000E-5	1.0254E-2	1.8560E-1
9.3000E-5	9.5215E-3	1.8740E-1
9.4000E-5	9.7656E-3	1.9790E-1
9.5000E-5	9.7656E-3	2.1377E-1
9.6000E-5	1.0010E-2	2.3564E-1
9.7000E-5	9.7656E-3	2.6650E-1
9.8000E-5	1.0010E-2	3.0107E-1
9.9000E-5	9.7656E-3	3.4600E-1
1.0000E-4	9.7656E-3	3.9761E-1
1.0100E-4	9.7656E-3	4.5566E-1
1.0200E-4	9.5215E-3	5.1831E-1
1.0300E-4	1.0254E-2	5.7886E-1
1.0400E-4	1.0010E-2	6.2710E-1
1.0500E-4	9.5215E-3	6.5771E-1
1.0600E-4	1.0010E-2	6.6714E-1
1.0700E-4	1.0010E-2	6.5503E-1
1.0800E-4	1.0498E-2	6.2354E-1
1.0900E-4	9.2773E-3	5.8130E-1
1.1000E-4	1.0010E-2	5.3418E-1
1.1100E-4	1.0010E-2	4.8315E-1
1.1200E-4	1.0010E-2	4.2954E-1
1.1300E-4	1.0254E-2	3.7749E-1
1.1400E-4	9.7656E-3	3.2466E-1
1.1500E-4	9.2773E-3	2.7715E-1
1.1600E-4	9.7656E-3	2.3833E-1
1.1700E-4	1.0254E-2	2.0620E-1
1.1800E-4	9.5215E-3	1.8306E-1
1.1900E-4	1.0010E-2	1.7261E-1
1.2000E-4	9.7656E-3	1.7129E-1
1.2100E-4	9.7656E-3	1.7554E-1
1.2200E-4	9.7656E-3	1.8760E-1
1.2300E-4	9.2773E-3	2.0396E-1
1.2400E-4	9.7656E-3	2.2500E-1
1.2500E-4	1.0254E-2	2.5083E-1
1.2600E-4	9.0332E-3	2.8149E-1
1.2700E-4	1.0254E-2	3.1973E-1
1.2800E-4	1.0010E-2	3.6875E-1
1.2900E-4	9.7656E-3	4.2476E-1
1.3000E-4	1.0010E-2	4.8638E-1
1.3100E-4	8.5449E-3	5.4907E-1
1.3200E-4	9.5215E-3	6.0508E-1
1.3300E-4	9.5215E-3	6.4209E-1
1.3400E-4	9.5215E-3	6.6084E-1
1.3500E-4	1.0010E-2	6.5928E-1
1.3600E-4	1.0010E-2	6.3921E-1
1.3700E-4	1.0254E-2	6.0732E-1
1.3800E-4	9.5215E-3	5.6943E-1
1.3900E-4	1.0498E-2	5.2515E-1
1.4000E-4	9.7656E-3	4.7744E-1
1.4100E-4	9.5215E-3	4.2900E-1
1.4200E-4	9.2773E-3	3.8057E-1
1.4300E-4	1.0010E-2	3.3394E-1
1.4400E-4	9.5215E-3	2.9419E-1
1.4500E-4	9.7656E-3	2.6157E-1
1.4600E-4	1.0254E-2	2.3735E-1
1.4700E-4	9.5215E-3	2.2065E-1
1.4800E-4	9.7656E-3	2.1416E-1
1.4900E-4	1.0254E-2	2.1328E-1
1.5000E-4	1.0010E-2	2.2236E-1
1.5100E-4	1.0010E-2	2.4072E-1
1.5200E-4	9.5215E-3	2.6631E-1
1.5300E-4	9.5215E-3	2.9990E-1
1.5400E-4	9.2773E-3	3.4136E-1
1.5500E-4	9.0332E-3	3.8721E-1
1.5600E-4	1.0010E-2	4.3672E-1
1.5700E-4	9.5215E-3	4.8853E-1
1.5800E-4	9.5215E-3	5.3760E-1
1.5900E-4	9.7656E-3	5.8213E-1
1.6000E-4	1.0254E-2	6.1406E-1
1.6100E-4	9.7656E-3	6.3154E-1
1.6200E-4	1.0010E-2	6.3481E-1
1.6300E-4	1.0254E-2	6.2729E-1
1.6400E-4	9.2773E-3	6.0903E-1
1.6500E-4	9.5215E-3	5.8462E-1
1.6600E-4	9.7656E-3	5.5498E-1
1.6700E-4	9.7656E-3	5.2129E-1
1.6800E-4	9.7656E-3	4.8286E-1
1.6900E-4	9.2773E-3	4.4355E-1
1.7000E-4	1.0010E-2	4.0371E-1
1.7100E-4	1.0254E-2	3.6621E-1
1.7200E-4	1.0010E-2	3.3101E-1
1.7300E-4	9.5215E-3	3.0273E-1
1.7400E-4	1.0254E-2	2.8008E-1
1.7500E-4	9.7656E-3	2.6685E-1
1.7600E-4	9.2773E-3	2.6177E-1
1.7700E-4	9.5215E-3	2.6792E-1
1.7800E-4	1.0254E-2	2.8018E-1
1.7900E-4	9.2773E-3	3.0171E-1
1.8000E-4	9.7656E-3	3.2773E-1
1.8100E-4	9.7656E-3	3.6172E-1
1.8200E-4	9.5215E-3	4.0127E-1
1.8300E-4	9.7656E-3	4.4644E-1
1.8400E-4	1.0254E-2	4.9268E-1
1.8500E-4	1.0010E-2	5.3794E-1
1.8600E-4	9.7656E-3	5.8008E-1
1.8700E-4	9.0332E-3	6.1133E-1
1.8800E-4	1.0010E-2	6.3105E-1
1.8900E-4	9.2773E-3	6.3960E-1
1.9000E-4	1.0010E-2	6.3804E-1
1.9100E-4	9.2773E-3	6.2412E-1
1.9200E-4	9.5215E-3	6.0576E-1
1.9300E-4	9.5215E-3	5.8389E-1
1.9400E-4	9.5215E-3	5.5894E-1
1.9500E-4	9.7656E-3	5.3340E-1
1.9600E-4	9.2773E-3	5.0879E-1
1.9700E-4	9.2773E-3	4.8491E-1
1.9800E-4	9.5215E-3	4.6079E-1
1.9900E-4	9.5215E-3	4.4004E-1
2.0000E-4	9.7656E-3	4.2383E-1
2.0100E-4	9.7656E-3	4.1362E-1
2.0200E-4	9.0332E-3	4.0820E-1
2.0300E-4	9.5215E-3	4.0933E-1
2.0400E-4	1.0010E-2	4.1416E-1
2.0500E-4	9.7656E-3	4.2275E-1
2.0600E-4	1.0010E-2	4.3188E-1
2.0700E-4	1.0010E-2	4.4468E-1
2.0800E-4	9.5215E-3	4.6035E-1
2.0900E-4	9.5215E-3	4.8027E-1
2.1000E-4	9.5215E-3	5.0137E-1
2.1100E-4	9.5215E-3	5.2397E-1
2.1200E-4	1.0010E-2	5.4541E-1
2.1300E-4	9.5215E-3	5.6455E-1
2.1400E-4	9.5215E-3	5.7847E-1
2.1500E-4	1.0010E-2	5.8799E-1
2.1600E-4	9.2773E-3	5.9365E-1
2.1700E-4	1.0498E-2	5.9229E-1
2.1800E-4	9.7656E-3	5.8833E-1
2.1900E-4	9.5215E-3	5.7847E-1
2.2000E-4	1.0010E-2	5.6348E-1
2.2100E-4	9.5215E-3	5.4526E-1
2.2200E-4	1.0254E-2	5.2905E-1
2.2300E-4	1.0254E-2	5.1157E-1
2.2400E-4	9.2773E-3	4.9844E-1
2.2500E-4	9.2773E-3	4.8921E-1
2.2600E-4	9.7656E-3	4.8428E-1
2.2700E-4	1.0010E-2	4.8071E-1
2.2800E-4	9.5215E-3	4.7930E-1
2.2900E-4	9.7656E-3	4.7798E-1
2.3000E-4	9.7656E-3	4.8228E-1
2.3100E-4	9.2773E-3	4.8901E-1
2.3200E-4	9.7656E-3	4.9878E-1
2.3300E-4	9.2773E-3	5.1104E-1
2.3400E-4	1.0010E-2	5.2539E-1
2.3500E-4	1.0254E-2	5.3755E-1
2.3600E-4	9.2773E-3	5.4727E-1
2.3700E-4	9.2773E-3	5.5713E-1
2.3800E-4	1.0010E-2	5.6450E-1
2.3900E-4	1.0010E-2	5.7158E-1
2.4000E-4	1.0010E-2	5.7549E-1
2.4100E-4	9.0332E-3	5.7578E-1
2.4200E-4	9.0332E-3	5.6895E-1
2.4300E-4	9.2773E-3	5.5723E-1
2.4400E-4	1.0010E-2	5.3979E-1
2.4500E-4	1.0010E-2	5.2002E-1
2.4600E-4	1.0010E-2	5.0400E-1
2.4700E-4	9.7656E-3	4.9312E-1
2.4800E-4	9.7656E-3	4.8765E-1
2.4900E-4	9.2773E-3	4.8784E-1
2.5000E-4	9.0332E-3	4.9165E-1
2.5100E-4	1.0010E-2	4.9390E-1
2.5200E-4	1.0010E-2	4.9541E-1
2.5300E-4	1.0010E-2	5.0059E-1
2.5400E-4	1.0010E-2	5.0581E-1
2.5500E-4	1.0010E-2	5.1338E-1
2.5600E-4	9.2773E-3	5.2432E-1
2.5700E-4	1.0010E-2	5.3638E-1
2.5800E-4	9.7656E-3	5.4663E-1
2.5900E-4	9.7656E-3	5.5542E-1
2.6000E-4	9.7656E-3	5.6260E-1
2.6100E-4	1.0010E-2	5.6704E-1
2.6200E-4	1.0254E-2	5.7095E-1
2.6300E-4	1.0010E-2	5.7305E-1
2.6400E-4	9.7656E-3	5.7153E-1
2.6500E-4	9.0332E-3	5.6719E-1
2.6600E-4	9.5215E-3	5.5669E-1
2.6700E-4	9.5215E-3	5.4429E-1
2.6800E-4	9.7656E-3	5.2661E-1
2.6900E-4	1.0010E-2	5.1094E-1
2.7000E-4	9.5215E-3	4.9385E-1
2.7100E-4	1.0254E-2	4.7856E-1
2.7200E-4	1.0010E-2	4.6162E-1
2.7300E-4	9.5215E-3	4.4648E-1
2.7400E-4	9.2773E-3	4.3125E-1
2.7500E-4	1.0010E-2	4.1851E-1
2.7600E-4	9.5215E-3	4.0928E-1
2.7700E-4	9.5215E-3	4.0474E-1
2.7800E-4	9.7656E-3	4.0562E-1
2.7900E-4	9.2773E-3	4.1123E-1
2.8000E-4	9.5215E-3	4.2222E-1
2.8100E-4	9.5215E-3	4.3740E-1
2.8200E-4	9.7656E-3	4.5762E-1
2.8300E-4	9.7656E-3	4.8125E-1
2.8400E-4	1.0010E-2	5.0786E-1
2.8500E-4	1.0254E-2	5.3350E-1
2.8600E-4	9.5215E-3	5.5796E-1
2.8700E-4	9.7656E-3	5.7407E-1
2.8800E-4	1.0010E-2	5.8374E-1
2.8900E-4	1.0254E-2	5.8818E-1
2.9000E-4	1.0010E-2	5.8804E-1
2.9100E-4	1.0498E-2	5.8203E-1
2.9200E-4	1.0010E-2	5.7568E-1
2.9300E-4	9.7656E-3	5.6255E-1
2.9400E-4	9.2773E-3	5.4463E-1
2.9500E-4	1.0010E-2	5.2324E-1
2.9600E-4	9.5215E-3	5.0190E-1
2.9700E-4	1.0010E-2	4.7681E-1
2.9800E-4	1.0010E-2	4.5317E-1
2.9900E-4	9.5215E-3	4.2886E-1
3.0000E-4	1.0254E-2	4.0532E-1
3.0100E-4	9.5215E-3	3.8569E-1
3.0200E-4	9.2773E-3	3.7104E-1
3.0300E-4	9.5215E-3	3.6392E-1
3.0400E-4	9.2773E-3	3.6338E-1
3.0500E-4	9.5215E-3	3.7051E-1
3.0600E-4	9.7656E-3	3.7778E-1
3.0700E-4	8.7891E-3	3.8892E-1
3.0800E-4	1.0010E-2	4.0313E-1
3.0900E-4	8.5449E-3	4.1895E-1
3.1000E-4	1.0010E-2	4.3618E-1
3.1100E-4	1.0498E-2	4.5977E-1
3.1200E-4	1.0010E-2	4.8662E-1
3.1300E-4	9.5215E-3	5.1367E-1
3.1400E-4	1.0010E-2	5.3960E-1
3.1500E-4	9.5215E-3	5.6035E-1
3.1600E-4	1.0010E-2	5.7227E-1
3.1700E-4	1.0010E-2	5.7495E-1
3.1800E-4	9.7656E-3	5.7158E-1
3.1900E-4	9.7656E-3	5.6416E-1
3.2000E-4	9.7656E-3	5.5327E-1
3.2100E-4	1.0498E-2	5.3652E-1
3.2200E-4	1.0010E-2	5.1646E-1
3.2300E-4	9.5215E-3	4.9155E-1
3.2400E-4	9.7656E-3	4.6299E-1
3.2500E-4	1.0010E-2	4.3149E-1
3.2600E-4	9.5215E-3	4.0112E-1
3.2700E-4	9.7656E-3	3.7051E-1
3.2800E-4	1.0010E-2	3.4395E-1
3.2900E-4	9.0332E-3	3.2261E-1
3.3000E-4	9.0332E-3	3.0796E-1
3.3100E-4	9.7656E-3	3.0327E-1
3.3200E-4	9.5215E-3	3.0684E-1
3.3300E-4	9.5215E-3	3.1548E-1
3.3400E-4	9.7656E-3	3.2813E-1
3.3500E-4	9.7656E-3	3.4487E-1
3.3600E-4	1.0010E-2	3.6465E-1
3.3700E-4	9.5215E-3	3.9126E-1
3.3800E-4	9.7656E-3	4.2397E-1
3.3900E-4	9.0332E-3	4.6274E-1
3.4000E-4	1.0254E-2	5.0171E-1
3.4100E-4	9.7656E-3	5.3633E-1
3.4200E-4	1.0010E-2	5.6431E-1
3.4300E-4	9.5215E-3	5.8379E-1
3.4400E-4	9.7656E-3	5.9097E-1
3.4500E-4	9.7656E-3	5.8950E-1
3.4600E-4	9.5215E-3	5.8271E-1
3.4700E-4	9.5215E-3	5.7090E-1
3.4800E-4	1.0010E-2	5.5649E-1
3.4900E-4	9.5215E-3	5.4053E-1
3.5000E-4	9.7656E-3	5.2056E-1
3.5100E-4	9.2773E-3	4.9604E-1
3.5200E-4	9.7656E-3	4.6948E-1
3.5300E-4	9.7656E-3	4.3667E-1
3.5400E-4	9.5215E-3	4.0220E-1
3.5500E-4	9.7656E-3	3.7061E-1
3.5600E-4	1.0254E-2	3.4365E-1
3.5700E-4	1.0254E-2	3.1973E-1
3.5800E-4	9.5215E-3	3.0537E-1
3.5900E-4	1.0010E-2	3.0073E-1
3.6000E-4	1.0742E-2	3.0396E-1
3.6100E-4	9.7656E-3	3.1372E-1
3.6200E-4	9.5215E-3	3.3130E-1
3.6300E-4	9.2773E-3	3.5352E-1
3.6400E-4	1.0010E-2	3.7891E-1
3.6500E-4	1.0254E-2	4.0811E-1
3.6600E-4	1.0254E-2	4.4048E-1
3.6700E-4	9.5215E-3	4.7329E-1
3.6800E-4	9.5215E-3	5.0815E-1
3.6900E-4	9.5215E-3	5.3955E-1
3.7000E-4	1.0010E-2	5.6968E-1
3.7100E-4	1.0010E-2	5.9370E-1
3.7200E-4	1.0010E-2	6.1104E-1
3.7300E-4	9.5215E-3	6.1729E-1
3.7400E-4	9.5215E-3	6.1338E-1
3.7500E-4	9.7656E-3	6.0044E-1
3.7600E-4	1.0498E-2	5.8003E-1
3.7700E-4	1.0254E-2	5.5576E-1
3.7800E-4	9.0332E-3	5.2603E-1
3.7900E-4	9.7656E-3	4.9658E-1
3.8000E-4	1.0010E-2	4.6152E-1
3.8100E-4	1.0254E-2	4.2861E-1
3.8200E-4	1.0010E-2	3.9595E-1
3.8300E-4	1.0254E-2	3.6343E-1
3.8400E-4	9.0332E-3	3.3203E-1
3.8500E-4	9.5215E-3	3.0938E-1
3.8600E-4	9.5215E-3	2.9155E-1
3.8700E-4	1.0254E-2	2.8086E-1
3.8800E-4	9.7656E-3	2.8193E-1
3.8900E-4	9.2773E-3	2.9224E-1
3.9000E-4	9.2773E-3	3.0767E-1
3.9100E-4	9.5215E-3	3.2847E-1
3.9200E-4	1.0010E-2	3.5269E-1
3.9300E-4	9.7656E-3	3.8062E-1
3.9400E-4	9.7656E-3	4.1221E-1
3.9500E-4	1.0010E-2	4.4927E-1
3.9600E-4	9.7656E-3	4.8857E-1
3.9700E-4	9.7656E-3	5.2925E-1
3.9800E-4	1.0010E-2	5.6899E-1
3.9900E-4	9.7656E-3	6.0381E-1
4.0000E-4	9.7656E-3	6.2676E-1
4.0100E-4	9.5215E-3	6.3540E-1
4.0200E-4	1.0254E-2	6.3159E-1
4.0300E-4	9.5215E-3	6.1655E-1
4.0400E-4	9.5215E-3	5.9526E-1
4.0500E-4	1.0254E-2	5.7178E-1
4.0600E-4	1.0498E-2	5.4570E-1
4.0700E-4	9.2773E-3	5.1675E-1
4.0800E-4	1.0010E-2	4.8716E-1
4.0900E-4	1.0010E-2	4.5430E-1
4.1000E-4	1.0010E-2	4.1865E-1
4.1100E-4	1.0254E-2	3.8745E-1
4.1200E-4	1.0010E-2	3.5718E-1
4.1300E-4	1.0010E-2	3.2876E-1
4.1400E-4	1.0498E-2	3.0557E-1
4.1500E-4	9.2773E-3	2.8975E-1
4.1600E-4	1.0254E-2	2.7803E-1
4.1700E-4	9.5215E-3	2.7578E-1
4.1800E-4	9.7656E-3	2.8369E-1
4.1900E-4	9.5215E-3	2.9888E-1
4.2000E-4	1.0010E-2	3.2075E-1
4.2100E-4	1.0010E-2	3.4976E-1
4.2200E-4	1.0010E-2	3.8501E-1
4.2300E-4	9.5215E-3	4.2319E-1
4.2400E-4	1.0254E-2	4.6416E-1
4.2500E-4	9.2773E-3	5.0542E-1
4.2600E-4	9.5215E-3	5.4526E-1
4.2700E-4	9.5215E-3	5.8027E-1
4.2800E-4	9.5215E-3	6.0830E-1
4.2900E-4	9.5215E-3	6.2964E-1
4.3000E-4	9.7656E-3	6.3965E-1
4.3100E-4	9.2773E-3	6.4014E-1
4.3200E-4	1.0010E-2	6.3301E-1
4.3300E-4	9.2773E-3	6.1899E-1
4.3400E-4	1.0254E-2	5.9478E-1
4.3500E-4	9.7656E-3	5.6768E-1
4.3600E-4	9.5215E-3	5.3936E-1
4.3700E-4	9.7656E-3	5.0757E-1
4.3800E-4	1.0010E-2	4.7217E-1
4.3900E-4	1.0254E-2	4.3872E-1
4.4000E-4	1.0254E-2	4.0605E-1
4.4100E-4	1.0010E-2	3.7363E-1
4.4200E-4	9.7656E-3	3.4531E-1
4.4300E-4	9.7656E-3	3.2251E-1
4.4400E-4	1.0498E-2	3.0396E-1
4.4500E-4	1.0254E-2	2.8970E-1
4.4600E-4	9.5215E-3	2.8057E-1
4.4700E-4	9.7656E-3	2.7480E-1
4.4800E-4	1.0254E-2	2.7607E-1
4.4900E-4	9.5215E-3	2.8218E-1
4.5000E-4	9.5215E-3	2.9541E-1
4.5100E-4	9.5215E-3	3.1587E-1
4.5200E-4	9.7656E-3	3.4297E-1
4.5300E-4	9.7656E-3	3.7314E-1
4.5400E-4	9.5215E-3	4.0962E-1
4.5500E-4	9.0332E-3	4.5156E-1
4.5600E-4	9.5215E-3	4.9941E-1
4.5700E-4	1.0254E-2	5.4741E-1
4.5800E-4	9.5215E-3	5.9131E-1
4.5900E-4	1.0254E-2	6.2598E-1
4.6000E-4	1.0010E-2	6.4683E-1
4.6100E-4	1.0010E-2	6.5015E-1
4.6200E-4	1.0254E-2	6.3853E-1
4.6300E-4	9.2773E-3	6.1191E-1
4.6400E-4	9.5215E-3	5.7461E-1
4.6500E-4	1.0498E-2	5.2529E-1
4.6600E-4	1.0010E-2	4.6274E-1
4.6700E-4	9.2773E-3	3.8921E-1
4.6800E-4	9.7656E-3	3.0977E-1
4.6900E-4	9.2773E-3	2.2837E-1
4.7000E-4	9.2773E-3	1.4976E-1
4.7100E-4	1.0010E-2	7.9883E-2
4.7200E-4	9.2773E-3	2.0166E-2
4.7300E-4	9.5215E-3	-2.7051E-2
4.7400E-4	1.0010E-2	-6.4600E-2
4.7500E-4	1.0010E-2	-9.0820E-2
4.7600E-4	1.0254E-2	-1.1055E-1
4.7700E-4	9.7656E-3	-1.2251E-1
4.7800E-4	1.0010E-2	-1.3315E-1
4.7900E-4	1.0010E-2	-1.4106E-1
4.8000E-4	9.2773E-3	-1.4805E-1
4.8100E-4	9.2773E-3	-1.5229E-1
4.8200E-4	9.7656E-3	-1.5771E-1
4.8300E-4	1.0010E-2	-1.6172E-1
4.8400E-4	1.0254E-2	-1.6582E-1
4.8500E-4	9.7656E-3	-1.6997E-1
4.8600E-4	9.7656E-3	-1.7695E-1
4.8700E-4	1.0010E-2	-1.8174E-1
4.8800E-4	9.5215E-3	-1.8408E-1
4.8900E-4	1.0010E-2	-1.8633E-1
4.9000E-4	9.5215E-3	-1.9189E-1
4.9100E-4	9.7656E-3	-1.9482E-1
4.9200E-4	9.5215E-3	-1.9883E-1
4.9300E-4	9.5215E-3	-2.0332E-1
4.9400E-4	9.7656E-3	-2.0752E-1
4.9500E-4	1.0010E-2	-2.0928E-1
4.9600E-4	9.7656E-3	-2.1221E-1
4.9700E-4	9.7656E-3	-2.1396E-1
4.9800E-4	9.5215E-3	-2.1553E-1
4.9900E-4	9.7656E-3	-2.1367E-1
5.0000E-4	9.0332E-3	-2.0752E-1
5.0100E-4	1.0010E-2	-1.9868E-1
5.0200E-4	9.5215E-3	-1.8711E-1
5.0300E-4	9.2773E-3	-1.7397E-1
5.0400E-4	1.0010E-2	-1.5913E-1
5.0500E-4	9.5215E-3	-1.4385E-1
5.0600E-4	1.0010E-2	-1.2485E-1
5.0700E-4	9.5215E-3	-1.0000E-1
5.0800E-4	9.7656E-3	-6.5625E-2
5.0900E-4	1.0254E-2	-2.3047E-2
5.1000E-4	9.5215E-3	3.0225E-2
5.1100E-4	1.0254E-2	9.6289E-2
5.1200E-4	1.0254E-2	1.7729E-1
5.1300E-4	9.5215E-3	2.7012E-1
5.1400E-4	9.7656E-3	3.7246E-1
5.1500E-4	9.2773E-3	4.7676E-1
5.1600E-4	1.0010E-2	5.7236E-1
5.1700E-4	9.2773E-3	6.4351E-1
5.1800E-4	9.5215E-3	6.8125E-1
5.1900E-4	1.0010E-2	6.9067E-1
5.2000E-4	9.2773E-3	6.7124E-1
5.2100E-4	9.5215E-3	6.2964E-1
5.2200E-4	9.5215E-3	5.7578E-1
5.2300E-4	9.0332E-3	5.1929E-1
5.2400E-4	1.0254E-2	4.5767E-1
5.2500E-4	1.0010E-2	4.0010E-1
5.2600E-4	9.2773E-3	3.4893E-1
5.2700E-4	9.7656E-3	3.0220E-1
5.2800E-4	9.7656E-3	2.6250E-1
5.2900E-4	9.5215E-3	2.2715E-1
5.3000E-4	9.2773E-3	2.0020E-1
5.3100E-4	1.0010E-2	1.7954E-1
5.3200E-4	9.7656E-3	1.6865E-1
5.3300E-4	9.5215E-3	1.6636E-1
5.3400E-4	9.5215E-3	1.7544E-1
5.3500E-4	9.5215E-3	1.8657E-1
5.3600E-4	9.5215E-3	2.0093E-1
5.3700E-4	9.7656E-3	2.1870E-1
5.3800E-4	1.0010E-2	2.4097E-1
5.3900E-4	1.0010E-2	2.6528E-1
5.4000E-4	9.2773E-3	2.9585E-1
5.4100E-4	9.2773E-3	3.3359E-1
5.4200E-4	9.0332E-3	3.8008E-1
5.4300E-4	9.7656E-3	4.3325E-1
5.4400E-4	9.5215E-3	4.8867E-1
5.4500E-4	9.0332E-3	5.4380E-1
5.4600E-4	9.5215E-3	5.9312E-1
5.4700E-4	1.0010E-2	6.2651E-1
5.4800E-4	1.0254E-2	6.4341E-1
5.4900E-4	9.0332E-3	6.4731E-1
5.5000E-4	1.0010E-2	6.3901E-1
5.5100E-4	1.0010E-2	6.2061E-1
5.5200E-4	9.5215E-3	5.9893E-1
5.5300E-4	1.0010E-2	5.7305E-1
5.5400E-4	1.0742E-2	5.4033E-1
5.5500E-4	9.7656E-3	5.0156E-1
5.5600E-4	9.5215E-3	4.6045E-1
5.5700E-4	9.5215E-3	4.1792E-1
5.5800E-4	1.0010E-2	3.7598E-1
5.5900E-4	1.0254E-2	3.3979E-1
5.6000E-4	9.7656E-3	3.1021E-1
5.6100E-4	1.0254E-2	2.8525E-1
5.6200E-4	9.2773E-3	2.6650E-1
5.6300E-4	9.5215E-3	2.5581E-1
5.6400E-4	9.7656E-3	2.5249E-1
5.6500E-4	9.7656E-3	2.5439E-1
5.6600E-4	1.0010E-2	2.6226E-1
5.6700E-4	1.0498E-2	2.7676E-1
5.6800E-4	9.5215E-3	2.9854E-1
5.6900E-4	1.0010E-2	3.2578E-1
5.7000E-4	1.0010E-2	3.6318E-1
5.7100E-4	9.7656E-3	4.1064E-1
5.7200E-4	9.0332E-3	4.6294E-1
5.7300E-4	1.0010E-2	5.1729E-1
5.7400E-4	9.7656E-3	5.6895E-1
5.7500E-4	9.0332E-3	6.0918E-1
5.7600E-4	1.0010E-2	6.3633E-1
5.7700E-4	1.0254E-2	6.4741E-1
5.7800E-4	9.5215E-3	6.4136E-1
5.7900E-4	9.7656E-3	6.2476E-1
5.8000E-4	9.7656E-3	6.0313E-1
5.8100E-4	9.7656E-3	5.7568E-1
5.8200E-4	1.0010E-2	5.4570E-1
5.8300E-4	1.0254E-2	5.1514E-1
5.8400E-4	9.0332E-3	4.7993E-1
5.8500E-4	9.0332E-3	4.4272E-1
5.8600E-4	9.2773E-3	4.0586E-1
5.8700E-4	9.5215E-3	3.7085E-1
5.8800E-4	1.0010E-2	3.3945E-1
5.8900E-4	9.7656E-3	3.1406E-1
5.9000E-4	9.7656E-3	2.9395E-1
5.9100E-4	1.0010E-2	2.7871E-1
5.9200E-4	1.0254E-2	2.7065E-1
5.9300E-4	1.0010E-2	2.6660E-1
5.9400E-4	9.2773E-3	2.7104E-1
5.9500E-4	9.7656E-3	2.8218E-1
5.9600E-4	1.0254E-2	3.0225E-1
5.9700E-4	9.2773E-3	3.3076E-1
5.9800E-4	9.5215E-3	3.7012E-1
5.9900E-4	9.5215E-3	4.1465E-1
6.0000E-4	9.2773E-3	4.6553E-1
6.0100E-4	9.7656E-3	5.1470E-1
6.0200E-4	9.5215E-3	5.6172E-1
6.0300E-4	9.7656E-3	5.9995E-1
6.0400E-4	9.7656E-3	6.2856E-1
6.0500E-4	9.5215E-3	6.4136E-1
6.0600E-4	1.0010E-2	6.4136E-1
6.0700E-4	1.0254E-2	6.2686E-1
6.0800E-4	9.5215E-3	6.0396E-1
6.0900E-4	9.7656E-3	5.7852E-1
6.1000E-4	9.2773E-3	5.5078E-1
6.1100E-4	9.5215E-3	5.2261E-1
6.1200E-4	9.7656E-3	4.9468E-1
6.1300E-4	1.0254E-2	4.6670E-1
6.1400E-4	9.2773E-3	4.3604E-1
6.1500E-4	9.5215E-3	4.0664E-1
6.1600E-4	1.0010E-2	3.7983E-1
6.1700E-4	9.2773E-3	3.5503E-1
6.1800E-4	9.7656E-3	3.3506E-1
6.1900E-4	1.0498E-2	3.1968E-1
6.2000E-4	1.0010E-2	3.1436E-1
6.2100E-4	9.7656E-3	3.1494E-1
6.2200E-4	1.0010E-2	3.2480E-1
6.2300E-4	9.2773E-3	3.4111E-1
6.2400E-4	1.0010E-2	3.6558E-1
6.2500E-4	1.0498E-2	3.9199E-1
6.2600E-4	9.2773E-3	4.2515E-1
6.2700E-4	1.0254E-2	4.6323E-1
6.2800E-4	1.0010E-2	5.0200E-1
6.2900E-4	1.0254E-2	5.4014E-1
6.3000E-4	9.5215E-3	5.7358E-1
6.3100E-4	9.7656E-3	5.9980E-1
6.3200E-4	9.7656E-3	6.1235E-1
6.3300E-4	9.5215E-3	6.1431E-1
6.3400E-4	1.0254E-2	6.0601E-1
6.3500E-4	9.0332E-3	5.9268E-1
6.3600E-4	1.0498E-2	5.7617E-1
6.3700E-4	9.7656E-3	5.5933E-1
6.3800E-4	1.0254E-2	5.4043E-1
6.3900E-4	1.0010E-2	5.1699E-1
6.4000E-4	1.0010E-2	4.8975E-1
6.4100E-4	9.5215E-3	4.5947E-1
6.4200E-4	9.5215E-3	4.2744E-1
6.4300E-4	9.5215E-3	3.9756E-1
6.4400E-4	1.0254E-2	3.7261E-1
6.4500E-4	1.0254E-2	3.5293E-1
6.4600E-4	1.0010E-2	3.3823E-1
6.4700E-4	9.5215E-3	3.2813E-1
6.4800E-4	1.0010E-2	3.2393E-1
6.4900E-4	9.2773E-3	3.2598E-1
6.5000E-4	1.0010E-2	3.3389E-1
6.5100E-4	9.7656E-3	3.4849E-1
6.5200E-4	1.0010E-2	3.7041E-1
6.5300E-4	9.5215E-3	3.9741E-1
6.5400E-4	9.2773E-3	4.2847E-1
6.5500E-4	9.5215E-3	4.6279E-1
6.5600E-4	1.0010E-2	4.9692E-1
6.5700E-4	9.2773E-3	5.2979E-1
6.5800E-4	1.0010E-2	5.5928E-1
6.5900E-4	9.5215E-3	5.8154E-1
6.6000E-4	9.0332E-3	5.9360E-1
6.6100E-4	9.2773E-3	5.9458E-1
6.6200E-4	9.2773E-3	5.8682E-1
6.6300E-4	9.5215E-3	5.7212E-1
6.6400E-4	9.5215E-3	5.5464E-1
6.6500E-4	9.5215E-3	5.3877E-1
6.6600E-4	9.5215E-3	5.2749E-1
6.6700E-4	9.5215E-3	5.1514E-1
6.6800E-4	9.5215E-3	5.0459E-1
6.6900E-4	9.5215E-3	4.8994E-1
6.7000E-4	1.0010E-2	4.6968E-1
6.7100E-4	9.7656E-3	4.4209E-1
6.7200E-4	1.0010E-2	4.1484E-1
6.7300E-4	1.0254E-2	3.8887E-1
6.7400E-4	9.5215E-3	3.7212E-1
6.7500E-4	1.0254E-2	3.6240E-1
6.7600E-4	1.0254E-2	3.6582E-1
6.7700E-4	9.0332E-3	3.7852E-1
6.7800E-4	9.7656E-3	3.9556E-1
6.7900E-4	9.7656E-3	4.1431E-1
6.8000E-4	9.7656E-3	4.3677E-1
6.8100E-4	9.2773E-3	4.5986E-1
6.8200E-4	9.5215E-3	4.8086E-1
6.8300E-4	1.0010E-2	5.0479E-1
6.8400E-4	9.5215E-3	5.2808E-1
6.8500E-4	9.2773E-3	5.5049E-1
6.8600E-4	9.7656E-3	5.6421E-1
6.8700E-4	9.5215E-3	5.7524E-1
6.8800E-4	1.0010E-2	5.7627E-1
6.8900E-4	1.0010E-2	5.7119E-1
6.9000E-4	9.7656E-3	5.6035E-1
6.9100E-4	9.2773E-3	5.4839E-1
6.9200E-4	9.0332E-3	5.3599E-1
6.9300E-4	9.7656E-3	5.2529E-1
6.9400E-4	8.3008E-3	5.1479E-1
6.9500E-4	9.0332E-3	5.0220E-1
6.9600E-4	1.0010E-2	4.9146E-1
6.9700E-4	1.0010E-2	4.8071E-1
6.9800E-4	1.0254E-2	4.6699E-1
6.9900E-4	9.5215E-3	4.5176E-1
7.0000E-4	1.0254E-2	4.3936E-1
7.0100E-4	9.7656E-3	4.2578E-1
7.0200E-4	1.0010E-2	4.1470E-1
7.0300E-4	9.2773E-3	4.0737E-1
7.0400E-4	9.7656E-3	4.0718E-1
7.0500E-4	9.7656E-3	4.1240E-1
7.0600E-4	9.5215E-3	4.2539E-1
7.0700E-4	1.0010E-2	4.4365E-1
7.0800E-4	1.0254E-2	4.6489E-1
7.0900E-4	1.0254E-2	4.8525E-1
7.1000E-4	9.7656E-3	5.0513E-1
7.1100E-4	1.0254E-2	5.2349E-1
7.1200E-4	9.5215E-3	5.3657E-1
7.1300E-4	9.5215E-3	5.4897E-1
7.1400E-4	9.2773E-3	5.5952E-1
7.1500E-4	9.2773E-3	5.6426E-1
7.1600E-4	9.5215E-3	5.6265E-1
7.1700E-4	9.5215E-3	5.5718E-1
7.1800E-4	9.2773E-3	5.4863E-1
7.1900E-4	9.5215E-3	5.3628E-1
7.2000E-4	9.5215E-3	5.2656E-1
7.2100E-4	9.5215E-3	5.1914E-1
7.2200E-4	9.2773E-3	5.1484E-1
7.2300E-4	9.2773E-3	5.1021E-1
7.2400E-4	9.7656E-3	5.0532E-1
7.2500E-4	9.7656E-3	4.9688E-1
7.2600E-4	1.0010E-2	4.8862E-1
7.2700E-4	1.0010E-2	4.7915E-1
7.2800E-4	9.7656E-3	4.7251E-1
7.2900E-4	9.2773E-3	4.6934E-1
7.3000E-4	9.7656E-3	4.7100E-1
7.3100E-4	1.0254E-2	4.7495E-1
7.3200E-4	9.7656E-3	4.7998E-1
7.3300E-4	1.0010E-2	4.8843E-1
7.3400E-4	9.7656E-3	4.9805E-1
7.3500E-4	1.0010E-2	5.0957E-1
7.3600E-4	9.7656E-3	5.1909E-1
7.3700E-4	9.5215E-3	5.2925E-1
7.3800E-4	9.7656E-3	5.3506E-1
7.3900E-4	1.0010E-2	5.4092E-1
7.4000E-4	9.7656E-3	5.4170E-1
7.4100E-4	9.5215E-3	5.4204E-1
7.4200E-4	1.0254E-2	5.4053E-1
7.4300E-4	9.5215E-3	5.3726E-1
7.4400E-4	9.7656E-3	5.3027E-1
7.4500E-4	9.2773E-3	5.2485E-1
7.4600E-4	1.0010E-2	5.1426E-1
7.4700E-4	9.2773E-3	5.0093E-1
7.4800E-4	1.0010E-2	4.8687E-1
7.4900E-4	9.2773E-3	4.7515E-1
7.5000E-4	9.7656E-3	4.6309E-1
7.5100E-4	1.0010E-2	4.5566E-1
7.5200E-4	1.0010E-2	4.5273E-1
7.5300E-4	9.7656E-3	4.5513E-1
7.5400E-4	1.0010E-2	4.6025E-1
7.5500E-4	1.0254E-2	4.7085E-1
7.5600E-4	9.5215E-3	4.8564E-1
7.5700E-4	9.7656E-3	5.0332E-1
7.5800E-4	1.0010E-2	5.1860E-1
7.5900E-4	9.5215E-3	5.3115E-1
7.6000E-4	1.0254E-2	5.4033E-1
7.6100E-4	9.7656E-3	5.4688E-1
7.6200E-4	9.7656E-3	5.5049E-1
7.6300E-4	1.0010E-2	5.5469E-1
7.6400E-4	1.0010E-2	5.5874E-1
7.6500E-4	1.0010E-2	5.5986E-1
7.6600E-4	1.0010E-2	5.5557E-1
7.6700E-4	9.2773E-3	5.4854E-1
7.6800E-4	9.7656E-3	5.3716E-1
7.6900E-4	9.7656E-3	5.2085E-1
7.7000E-4	1.0010E-2	5.0205E-1
7.7100E-4	9.5215E-3	4.8516E-1
7.7200E-4	1.0010E-2	4.6943E-1
7.7300E-4	9.5215E-3	4.5586E-1
7.7400E-4	9.5215E-3	4.4585E-1
7.7500E-4	1.0010E-2	4.3867E-1
7.7600E-4	1.0010E-2	4.3413E-1
7.7700E-4	9.7656E-3	4.3115E-1
7.7800E-4	1.0010E-2	4.3125E-1
7.7900E-4	1.0010E-2	4.3613E-1
7.8000E-4	9.2773E-3	4.4546E-1
7.8100E-4	9.2773E-3	4.5796E-1
7.8200E-4	1.0010E-2	4.7441E-1
7.8300E-4	9.7656E-3	4.9414E-1
7.8400E-4	1.0010E-2	5.1514E-1
7.8500E-4	1.0010E-2	5.3438E-1
7.8600E-4	9.5215E-3	5.5225E-1
7.8700E-4	1.0010E-2	5.6636E-1
7.8800E-4	1.0010E-2	5.7593E-1
7.8900E-4	9.2773E-3	5.8091E-1
7.9000E-4	1.0010E-2	5.8169E-1
7.9100E-4	9.5215E-3	5.7734E-1
7.9200E-4	1.0254E-2	5.6743E-1
7.9300E-4	1.0010E-2	5.5293E-1
7.9400E-4	9.0332E-3	5.3496E-1
7.9500E-4	1.0010E-2	5.1353E-1
7.9600E-4	9.7656E-3	4.9189E-1
7.9700E-4	9.7656E-3	4.6899E-1
7.9800E-4	9.5215E-3	4.4561E-1
7.9900E-4	9.5215E-3	4.2056E-1
8.0000E-4	9.7656E-3	3.9878E-1
8.0100E-4	9.7656E-3	3.7871E-1
8.0200E-4	9.2773E-3	3.6221E-1
8.0300E-4	1.0010E-2	3.4907E-1
8.0400E-4	9.7656E-3	3.4292E-1
8.0500E-4	9.7656E-3	3.4165E-1
8.0600E-4	9.2773E-3	3.4800E-1
8.0700E-4	1.0010E-2	3.6094E-1
8.0800E-4	9.7656E-3	3.8110E-1
8.0900E-4	9.7656E-3	4.0859E-1
8.1000E-4	9.5215E-3	4.3999E-1
8.1100E-4	9.0332E-3	4.7168E-1
8.1200E-4	1.0254E-2	5.0635E-1
8.1300E-4	9.7656E-3	5.4048E-1
8.1400E-4	9.5215E-3	5.6729E-1
8.1500E-4	9.0332E-3	5.8853E-1
8.1600E-4	9.5215E-3	6.0239E-1
8.1700E-4	1.0010E-2	6.0542E-1
8.1800E-4	9.2773E-3	6.0132E-1
8.1900E-4	9.5215E-3	5.9238E-1
8.2000E-4	9.7656E-3	5.7837E-1
8.2100E-4	1.0010E-2	5.6123E-1
8.2200E-4	9.5215E-3	5.4248E-1
8.2300E-4	1.0010E-2	5.1973E-1
8.2400E-4	9.5215E-3	4.9478E-1
8.2500E-4	9.5215E-3	4.6729E-1
8.2600E-4	9.7656E-3	4.3740E-1
8.2700E-4	1.0010E-2	4.0537E-1
8.2800E-4	1.0498E-2	3.7432E-1
8.2900E-4	9.7656E-3	3.4751E-1
8.3000E-4	9.2773E-3	3.2583E-1
8.3100E-4	9.2773E-3	3.1206E-1
8.3200E-4	9.5215E-3	3.0771E-1
8.3300E-4	1.0254E-2	3.1274E-1
8.3400E-4	9.5215E-3	3.2466E-1
8.3500E-4	9.7656E-3	3.4424E-1
8.3600E-4	9.5215E-3	3.7261E-1
8.3700E-4	9.2773E-3	4.0552E-1
8.3800E-4	1.0254E-2	4.4194E-1
8.3900E-4	9.5215E-3	4.7988E-1
8.4000E-4	9.5215E-3	5.1938E-1
8.4100E-4	1.0010E-2	5.5508E-1
8.4200E-4	9.2773E-3	5.8877E-1
8.4300E-4	9.0332E-3	6.1401E-1
8.4400E-4	9.2773E-3	6.2705E-1
8.4500E-4	1.0010E-2	6.3052E-1
8.4600E-4	1.0010E-2	6.2432E-1
8.4700E-4	9.5215E-3	6.0884E-1
8.4800E-4	9.0332E-3	5.8462E-1
8.4900E-4	1.0010E-2	5.5815E-1
8.5000E-4	9.7656E-3	5.2583E-1
8.5100E-4	9.2773E-3	4.9126E-1
8.5200E-4	1.0010E-2	4.5200E-1
8.5300E-4	1.0010E-2	4.1431E-1
8.5400E-4	9.5215E-3	3.7681E-1
8.5500E-4	9.2773E-3	3.4263E-1
8.5600E-4	9.5215E-3	3.1040E-1
8.5700E-4	9.5215E-3	2.8760E-1
8.5800E-4	1.0010E-2	2.7017E-1
8.5900E-4	1.0010E-2	2.6133E-1
8.6000E-4	9.5215E-3	2.5840E-1
8.6100E-4	9.7656E-3	2.6484E-1
8.6200E-4	9.5215E-3	2.7422E-1
8.6300E-4	9.5215E-3	2.8896E-1
8.6400E-4	1.0498E-2	3.0986E-1
8.6500E-4	1.0010E-2	3.3931E-1
8.6600E-4	9.5215E-3	3.7422E-1
8.6700E-4	9.5215E-3	4.1958E-1
8.6800E-4	1.0010E-2	4.7261E-1
8.6900E-4	9.5215E-3	5.2656E-1
8.7000E-4	1.0010E-2	5.7681E-1
8.7100E-4	9.2773E-3	6.1855E-1
8.7200E-4	1.0010E-2	6.4282E-1
8.7300E-4	1.0010E-2	6.5098E-1
8.7400E-4	9.2773E-3	6.4497E-1
8.7500E-4	1.0010E-2	6.2593E-1
8.7600E-4	9.5215E-3	5.9580E-1
8.7700E-4	9.7656E-3	5.6411E-1
8.7800E-4	9.7656E-3	5.2593E-1
8.7900E-4	9.7656E-3	4.8413E-1
8.8000E-4	1.0254E-2	4.4131E-1
8.8100E-4	1.0254E-2	4.0000E-1
8.8200E-4	9.5215E-3	3.5713E-1
8.8300E-4	9.5215E-3	3.1948E-1
8.8400E-4	1.0010E-2	2.8657E-1
8.8500E-4	1.0010E-2	2.6250E-1
8.8600E-4	9.5215E-3	2.4751E-1
8.8700E-4	9.7656E-3	2.4004E-1
8.8800E-4	9.7656E-3	2.3848E-1
8.8900E-4	9.5215E-3	2.4160E-1
8.9000E-4	1.0010E-2	2.4746E-1
8.9100E-4	9.2773E-3	2.5386E-1
8.9200E-4	8.7891E-3	2.6597E-1
8.9300E-4	9.5215E-3	2.8906E-1
8.9400E-4	1.0010E-2	3.2358E-1
8.9500E-4	9.5215E-3	3.6914E-1
8.9600E-4	9.5215E-3	4.2671E-1
8.9700E-4	1.0254E-2	4.9072E-1
8.9800E-4	9.5215E-3	5.5254E-1
8.9900E-4	9.7656E-3	6.0493E-1
9.0000E-4	9.7656E-3	6.4272E-1
9.0100E-4	9.7656E-3	6.6245E-1
9.0200E-4	9.0332E-3	6.6274E-1
9.0300E-4	9.2773E-3	6.5029E-1
9.0400E-4	9.2773E-3	6.2651E-1
9.0500E-4	1.0010E-2	5.9512E-1
9.0600E-4	1.0010E-2	5.5791E-1
9.0700E-4	9.7656E-3	5.1333E-1
9.0800E-4	9.5215E-3	4.5937E-1
9.0900E-4	9.5215E-3	4.0601E-1
9.1000E-4	9.5215E-3	3.5566E-1
9.1100E-4	1.0254E-2	3.0962E-1
9.1200E-4	9.2773E-3	2.7256E-1
9.1300E-4	1.0254E-2	2.4561E-1
9.1400E-4	1.0010E-2	2.2656E-1
9.1500E-4	9.2773E-3	2.1304E-1
9.1600E-4	9.5215E-3	2.0698E-1
9.1700E-4	9.7656E-3	2.0786E-1
9.1800E-4	1.0010E-2	2.1738E-1
9.1900E-4	1.0498E-2	2.2988E-1
9.2000E-4	9.2773E-3	2.4639E-1
9.2100E-4	9.7656E-3	2.6699E-1
9.2200E-4	9.5215E-3	2.9307E-1
9.2300E-4	9.5215E-3	3.2402E-1
9.2400E-4	9.5215E-3	3.6509E-1
9.2500E-4	9.7656E-3	4.1260E-1
9.2600E-4	9.7656E-3	4.6733E-1
9.2700E-4	9.7656E-3	5.2583E-1
9.2800E-4	9.5215E-3	5.7813E-1
9.2900E-4	9.7656E-3	6.1646E-1
9.3000E-4	9.5215E-3	6.3911E-1
9.3100E-4	9.7656E-3	6.4277E-1
9.3200E-4	1.0010E-2	6.2896E-1
9.3300E-4	1.0010E-2	6.0190E-1
9.3400E-4	1.0010E-2	5.6846E-1
9.3500E-4	9.5215E-3	5.2856E-1
9.3600E-4	9.7656E-3	4.8677E-1
9.3700E-4	9.5215E-3	4.3906E-1
9.3800E-4	9.5215E-3	3.8999E-1
9.3900E-4	9.7656E-3	3.4102E-1
9.4000E-4	1.0010E-2	2.9458E-1
9.4100E-4	9.2773E-3	2.5244E-1
9.4200E-4	9.7656E-3	2.1880E-1
9.4300E-4	9.2773E-3	1.9336E-1
9.4400E-4	1.0010E-2	1.7334E-1
9.4500E-4	9.2773E-3	1.6035E-1
9.4600E-4	9.5215E-3	1.5132E-1
9.4700E-4	9.7656E-3	1.4883E-1
9.4800E-4	9.5215E-3	1.5044E-1
9.4900E-4	9.7656E-3	1.5894E-1
9.5000E-4	9.7656E-3	1.7461E-1
9.5100E-4	9.5215E-3	1.9692E-1
9.5200E-4	9.5215E-3	2.2563E-1
9.5300E-4	9.7656E-3	2.5996E-1
9.5400E-4	1.0498E-2	2.9893E-1
9.5500E-4	9.7656E-3	3.4170E-1
9.5600E-4	1.0010E-2	3.9009E-1
9.5700E-4	1.0010E-2	4.4121E-1
9.5800E-4	9.5215E-3	4.9385E-1
9.5900E-4	9.0332E-3	5.4399E-1
9.6000E-4	9.7656E-3	5.8535E-1
9.6100E-4	9.5215E-3	6.1196E-1
9.6200E-4	1.0010E-2	6.1909E-1
9.6300E-4	9.2773E-3	6.0527E-1
9.6400E-4	1.0010E-2	5.6606E-1
9.6500E-4	9.7656E-3	5.0713E-1
9.6600E-4	9.7656E-3	4.2959E-1
9.6700E-4	9.0332E-3	3.3848E-1
9.6800E-4	9.5215E-3	2.4155E-1
9.6900E-4	9.7656E-3	1.4927E-1
9.7000E-4	1.0010E-2	6.2500E-2
9.7100E-4	1.0010E-2	-1.2158E-2
9.7200E-4	9.5215E-3	-7.1680E-2
9.7300E-4	9.7656E-3	-1.1533E-1
9.7400E-4	9.5215E-3	-1.4834E-1
9.7500E-4	9.7656E-3	-1.7119E-1
9.7600E-4	1.0254E-2	-1.8589E-1
9.7700E-4	1.0010E-2	-1.9331E-1
9.7800E-4	9.7656E-3	-2.0015E-1
9.7900E-4	9.7656E-3	-2.0376E-1
9.8000E-4	9.5215E-3	-2.0400E-1
9.8100E-4	1.0010E-2	-2.0596E-1
9.8200E-4	1.0254E-2	-2.1152E-1
9.8300E-4	1.0010E-2	-2.1406E-1
9.8400E-4	1.0010E-2	-2.1724E-1
9.8500E-4	9.2773E-3	-2.2373E-1
9.8600E-4	1.0010E-2	-2.2861E-1
9.8700E-4	1.0010E-2	-2.3164E-1
9.8800E-4	1.0010E-2	-2.3506E-1
9.8900E-4	9.5215E-3	-2.3896E-1
9.9000E-4	1.0498E-2	-2.3696E-1
9.9100E-4	1.0254E-2	-2.3770E-1
9.9200E-4	9.5215E-3	-2.3916E-1
9.9300E-4	9.7656E-3	-2.4077E-1
9.9400E-4	1.0010E-2	-2.4058E-1
9.9500E-4	9.5215E-3	-2.4170E-1
9.9600E-4	9.2773E-3	-2.3750E-1
9.9700E-4	1.0010E-2	-2.3081E-1
9.9800E-4	9.2773E-3	-2.3081E-1
9.9900E-4	9.7656E-3	-2.3081E-1
