Time [s]	Aux in [V]	Main in [V]
0.0000E+0	9.5215E-3	-5.7944E-1
1.0000E-6	1.0010E-2	-5.8057E-1
2.0000E-6	9.7656E-3	-5.8130E-1
3.0000E-6	9.7656E-3	-5.8174E-1
4.0000E-6	9.7656E-3	-5.8242E-1
5.0000E-6	9.5215E-3	-5.8481E-1
6.0000E-6	9.7656E-3	-5.8755E-1
7.0000E-6	1.0010E-2	-5.9058E-1
8.0000E-6	9.2773E-3	-5.9204E-1
9.0000E-6	1.0010E-2	-5.9233E-1
1.0000E-5	9.7656E-3	-5.8970E-1
1.1000E-5	9.5215E-3	-5.8809E-1
1.2000E-5	9.5215E-3	-5.8745E-1
1.3000E-5	9.7656E-3	-5.8950E-1
1.4000E-5	9.0332E-3	-5.9106E-1
1.5000E-5	9.5215E-3	-5.9390E-1
1.6000E-5	1.0254E-2	-5.9136E-1
1.7000E-5	9.0332E-3	-5.8315E-1
1.8000E-5	9.7656E-3	-5.7344E-1
1.9000E-5	9.7656E-3	-5.6162E-1
2.0000E-5	9.2773E-3	-5.4800E-1
2.1000E-5	9.5215E-3	-5.3374E-1
2.2000E-5	1.0254E-2	-5.1812E-1
2.3000E-5	1.0254E-2	-4.9600E-1
2.4000E-5	9.5215E-3	-4.6499E-1
2.5000E-5	1.0010E-2	-4.2334E-1
2.6000E-5	9.2773E-3	-3.7046E-1
2.7000E-5	1.0010E-2	-3.0498E-1
2.8000E-5	1.0254E-2	-2.2710E-1
2.9000E-5	9.5215E-3	-1.3979E-1
3.0000E-5	9.7656E-3	-4.5068E-2
3.1000E-5	9.2773E-3	4.5459E-2
3.2000E-5	9.7656E-3	1.2187E-1
3.3000E-5	9.2773E-3	1.8018E-1
3.4000E-5	9.5215E-3	2.1274E-1
3.5000E-5	9.2773E-3	2.1802E-1
3.6000E-5	9.5215E-3	1.9780E-1
3.7000E-5	1.0010E-2	1.6030E-1
3.8000E-5	9.7656E-3	1.0952E-1
3.9000E-5	9.7656E-3	5.2051E-2
4.0000E-5	9.2773E-3	-1.1133E-2
4.1000E-5	1.0498E-2	-7.2119E-2
4.2000E-5	9.7656E-3	-1.2822E-1
4.3000E-5	9.7656E-3	-1.7871E-1
4.4000E-5	9.7656E-3	-2.2002E-1
4.5000E-5	9.7656E-3	-2.4990E-1
4.6000E-5	9.5215E-3	-2.6919E-1
4.7000E-5	9.5215E-3	-2.7813E-1
4.8000E-5	9.7656E-3	-2.8218E-1
4.9000E-5	9.7656E-3	-2.8472E-1
5.0000E-5	9.7656E-3	-2.8228E-1
5.1000E-5	9.5215E-3	-2.7271E-1
5.2000E-5	9.7656E-3	-2.5977E-1
5.3000E-5	9.2773E-3	-2.3999E-1
5.4000E-5	9.2773E-3	-2.1016E-1
5.5000E-5	9.7656E-3	-1.7559E-1
5.6000E-5	9.7656E-3	-1.4067E-1
5.7000E-5	9.2773E-3	-1.0342E-1
5.8000E-5	9.5215E-3	-6.1963E-2
5.9000E-5	9.5215E-3	-2.0215E-2
6.0000E-5	9.2773E-3	2.3340E-2
6.1000E-5	9.7656E-3	6.7627E-2
6.2000E-5	1.0010E-2	1.0435E-1
6.3000E-5	9.2773E-3	1.2778E-1
6.4000E-5	9.7656E-3	1.4233E-1
6.5000E-5	9.5215E-3	1.4526E-1
6.6000E-5	9.5215E-3	1.3716E-1
6.7000E-5	9.7656E-3	1.2427E-1
6.8000E-5	9.2773E-3	1.0859E-1
6.9000E-5	9.5215E-3	8.5986E-2
7.0000E-5	1.0010E-2	5.5957E-2
7.1000E-5	9.7656E-3	2.1777E-2
7.2000E-5	9.2773E-3	-1.4746E-2
7.3000E-5	9.5215E-3	-5.3564E-2
7.4000E-5	1.0498E-2	-9.1553E-2
7.5000E-5	1.0010E-2	-1.2471E-1
7.6000E-5	9.5215E-3	-1.5581E-1
7.7000E-5	1.0010E-2	-1.8481E-1
7.8000E-5	9.2773E-3	-2.0493E-1
7.9000E-5	9.5215E-3	-2.2046E-1
8.0000E-5	9.2773E-3	-2.3076E-1
8.1000E-5	9.5215E-3	-2.3213E-1
8.2000E-5	9.5215E-3	-2.2437E-1
8.3000E-5	9.2773E-3	-2.0776E-1
8.4000E-5	9.5215E-3	-1.8154E-1
8.5000E-5	1.0010E-2	-1.4868E-1
8.6000E-5	9.2773E-3	-1.0928E-1
8.7000E-5	9.5215E-3	-6.4355E-2
8.8000E-5	9.5215E-3	-2.0557E-2
8.9000E-5	9.7656E-3	2.6318E-2
9.0000E-5	9.7656E-3	7.2363E-2
9.1000E-5	9.5215E-3	1.0742E-1
9.2000E-5	9.7656E-3	1.3081E-1
9.3000E-5	1.0254E-2	1.4277E-1
9.4000E-5	9.5215E-3	1.3979E-1
9.5000E-5	1.0010E-2	1.2920E-1
9.6000E-5	1.0010E-2	1.1577E-1
9.7000E-5	1.0010E-2	9.9268E-2
9.8000E-5	1.0010E-2	7.7441E-2
9.9000E-5	9.7656E-3	4.8340E-2
1.0000E-4	1.0254E-2	1.0645E-2
1.0100E-4	9.7656E-3	-3.2275E-2
1.0200E-4	9.5215E-3	-8.0322E-2
1.0300E-4	9.7656E-3	-1.2534E-1
1.0400E-4	9.2773E-3	-1.6484E-1
1.0500E-4	1.0010E-2	-1.9683E-1
1.0600E-4	9.5215E-3	-2.2119E-1
1.0700E-4	9.7656E-3	-2.3667E-1
1.0800E-4	9.2773E-3	-2.4604E-1
1.0900E-4	9.5215E-3	-2.4790E-1
1.1000E-4	9.2773E-3	-2.4478E-1
1.1100E-4	9.7656E-3	-2.3633E-1
1.1200E-4	1.0010E-2	-2.1836E-1
1.1300E-4	1.0254E-2	-1.9375E-1
1.1400E-4	1.0010E-2	-1.6143E-1
1.1500E-4	1.0254E-2	-1.1978E-1
1.1600E-4	9.5215E-3	-7.1045E-2
1.1700E-4	9.7656E-3	-1.7529E-2
1.1800E-4	9.5215E-3	4.1162E-2
1.1900E-4	9.5215E-3	9.6436E-2
1.2000E-4	1.0010E-2	1.4058E-1
1.2100E-4	1.0254E-2	1.6982E-1
1.2200E-4	9.5215E-3	1.8022E-1
1.2300E-4	1.0254E-2	1.7524E-1
1.2400E-4	9.2773E-3	1.5859E-1
1.2500E-4	1.0498E-2	1.3623E-1
1.2600E-4	1.0010E-2	1.0947E-1
1.2700E-4	1.0010E-2	7.7441E-2
1.2800E-4	1.0498E-2	4.0479E-2
1.2900E-4	1.0254E-2	-2.4414E-3
1.3000E-4	1.0010E-2	-5.0635E-2
1.3100E-4	9.7656E-3	-9.7070E-2
1.3200E-4	9.0332E-3	-1.3799E-1
1.3300E-4	9.7656E-3	-1.7368E-1
1.3400E-4	9.2773E-3	-1.9941E-1
1.3500E-4	9.7656E-3	-2.1362E-1
1.3600E-4	1.0010E-2	-2.1851E-1
1.3700E-4	8.5449E-3	-2.1841E-1
1.3800E-4	1.0254E-2	-2.1240E-1
1.3900E-4	9.2773E-3	-2.0078E-1
1.4000E-4	9.2773E-3	-1.8394E-1
1.4100E-4	9.7656E-3	-1.5947E-1
1.4200E-4	9.7656E-3	-1.2656E-1
1.4300E-4	9.2773E-3	-8.6572E-2
1.4400E-4	9.5215E-3	-3.7549E-2
1.4500E-4	1.0254E-2	1.8604E-2
1.4600E-4	9.7656E-3	7.5977E-2
1.4700E-4	9.5215E-3	1.3345E-1
1.4800E-4	1.0010E-2	1.7939E-1
1.4900E-4	9.0332E-3	2.0806E-1
1.5000E-4	9.7656E-3	2.1748E-1
1.5100E-4	9.7656E-3	2.1113E-1
1.5200E-4	9.2773E-3	1.9160E-1
1.5300E-4	9.7656E-3	1.6733E-1
1.5400E-4	9.0332E-3	1.3687E-1
1.5500E-4	1.0254E-2	1.0200E-1
1.5600E-4	9.2773E-3	6.2402E-2
1.5700E-4	8.7891E-3	1.6895E-2
1.5800E-4	9.7656E-3	-3.3594E-2
1.5900E-4	9.5215E-3	-8.1250E-2
1.6000E-4	1.0010E-2	-1.2690E-1
1.6100E-4	9.7656E-3	-1.6802E-1
1.6200E-4	1.0498E-2	-1.9819E-1
1.6300E-4	9.5215E-3	-2.1582E-1
1.6400E-4	9.0332E-3	-2.2432E-1
1.6500E-4	9.7656E-3	-2.2163E-1
1.6600E-4	9.5215E-3	-2.0903E-1
1.6700E-4	9.5215E-3	-1.9009E-1
1.6800E-4	1.0010E-2	-1.6567E-1
1.6900E-4	9.7656E-3	-1.3564E-1
1.7000E-4	9.7656E-3	-1.0010E-1
1.7100E-4	9.7656E-3	-5.8350E-2
1.7200E-4	9.0332E-3	-9.0820E-3
1.7300E-4	9.2773E-3	4.7754E-2
1.7400E-4	1.0010E-2	1.0747E-1
1.7500E-4	9.5215E-3	1.7119E-1
1.7600E-4	9.7656E-3	2.2329E-1
1.7700E-4	9.5215E-3	2.5298E-1
1.7800E-4	9.2773E-3	2.5947E-1
1.7900E-4	1.0254E-2	2.4922E-1
1.8000E-4	9.2773E-3	2.1899E-1
1.8100E-4	1.0010E-2	1.7852E-1
1.8200E-4	1.0254E-2	1.3779E-1
1.8300E-4	9.2773E-3	9.7412E-2
1.8400E-4	1.0010E-2	5.8838E-2
1.8500E-4	9.2773E-3	1.9385E-2
1.8600E-4	9.7656E-3	-1.6064E-2
1.8700E-4	1.0010E-2	-4.8633E-2
1.8800E-4	9.7656E-3	-7.5879E-2
1.8900E-4	9.2773E-3	-1.0098E-1
1.9000E-4	9.2773E-3	-1.1787E-1
1.9100E-4	9.2773E-3	-1.2998E-1
1.9200E-4	1.0010E-2	-1.3569E-1
1.9300E-4	9.5215E-3	-1.3579E-1
1.9400E-4	9.7656E-3	-1.3174E-1
1.9500E-4	9.7656E-3	-1.2051E-1
1.9600E-4	9.7656E-3	-1.0161E-1
1.9700E-4	9.5215E-3	-7.5781E-2
1.9800E-4	9.0332E-3	-4.1748E-2
1.9900E-4	9.2773E-3	3.0273E-3
2.0000E-4	9.5215E-3	5.0586E-2
2.0100E-4	1.0010E-2	1.0239E-1
2.0200E-4	9.7656E-3	1.5244E-1
2.0300E-4	9.5215E-3	1.9526E-1
2.0400E-4	9.2773E-3	2.2549E-1
2.0500E-4	9.5215E-3	2.4263E-1
2.0600E-4	9.7656E-3	2.4502E-1
2.0700E-4	9.2773E-3	2.3516E-1
2.0800E-4	9.5215E-3	2.1406E-1
2.0900E-4	9.7656E-3	1.8369E-1
2.1000E-4	9.2773E-3	1.4585E-1
2.1100E-4	9.5215E-3	1.0342E-1
2.1200E-4	9.2773E-3	6.0449E-2
2.1300E-4	9.7656E-3	1.6211E-2
2.1400E-4	9.5215E-3	-2.4316E-2
2.1500E-4	9.2773E-3	-5.7129E-2
2.1600E-4	9.2773E-3	-8.1006E-2
2.1700E-4	9.7656E-3	-9.8437E-2
2.1800E-4	1.0010E-2	-1.0488E-1
2.1900E-4	9.7656E-3	-1.0317E-1
2.2000E-4	1.0254E-2	-9.4971E-2
2.2100E-4	9.7656E-3	-8.1592E-2
2.2200E-4	9.5215E-3	-6.1768E-2
2.2300E-4	1.0010E-2	-3.7451E-2
2.2400E-4	9.5215E-3	-8.9844E-3
2.2500E-4	9.7656E-3	2.0898E-2
2.2600E-4	9.2773E-3	4.8975E-2
2.2700E-4	1.0010E-2	7.6514E-2
2.2800E-4	1.0010E-2	1.0356E-1
2.2900E-4	8.7891E-3	1.3042E-1
2.3000E-4	9.2773E-3	1.5137E-1
2.3100E-4	9.7656E-3	1.6821E-1
2.3200E-4	1.0010E-2	1.8101E-1
2.3300E-4	9.5215E-3	1.8584E-1
2.3400E-4	1.0010E-2	1.7856E-1
2.3500E-4	1.0010E-2	1.6440E-1
2.3600E-4	9.5215E-3	1.4556E-1
2.3700E-4	9.5215E-3	1.1997E-1
2.3800E-4	9.5215E-3	9.0918E-2
2.3900E-4	1.0010E-2	6.5088E-2
2.4000E-4	9.5215E-3	4.3604E-2
2.4100E-4	1.0010E-2	2.4316E-2
2.4200E-4	9.2773E-3	8.3008E-3
2.4300E-4	1.0010E-2	-1.3672E-3
2.4400E-4	9.2773E-3	-4.0039E-3
2.4500E-4	1.0254E-2	-3.9063E-4
2.4600E-4	9.2773E-3	9.2285E-3
2.4700E-4	9.7656E-3	2.3242E-2
2.4800E-4	1.0010E-2	3.7256E-2
2.4900E-4	9.5215E-3	5.0977E-2
2.5000E-4	9.7656E-3	6.6309E-2
2.5100E-4	9.7656E-3	8.1836E-2
2.5200E-4	9.5215E-3	9.6924E-2
2.5300E-4	9.2773E-3	1.0879E-1
2.5400E-4	1.0010E-2	1.1704E-1
2.5500E-4	1.0010E-2	1.2012E-1
2.5600E-4	9.5215E-3	1.1836E-1
2.5700E-4	1.0254E-2	1.1445E-1
2.5800E-4	9.2773E-3	1.0854E-1
2.5900E-4	1.0254E-2	9.7949E-2
2.6000E-4	9.5215E-3	8.3740E-2
2.6100E-4	9.5215E-3	6.5381E-2
2.6200E-4	9.5215E-3	4.2334E-2
2.6300E-4	9.7656E-3	1.9189E-2
2.6400E-4	9.5215E-3	-1.3184E-3
2.6500E-4	9.5215E-3	-1.7871E-2
2.6600E-4	1.0010E-2	-2.8906E-2
2.6700E-4	9.2773E-3	-3.4961E-2
2.6800E-4	9.5215E-3	-3.3984E-2
2.6900E-4	9.5215E-3	-2.8271E-2
2.7000E-4	9.2773E-3	-1.8066E-2
2.7100E-4	1.0010E-2	-2.4902E-3
2.7200E-4	8.7891E-3	1.7773E-2
2.7300E-4	9.2773E-3	4.1016E-2
2.7400E-4	9.2773E-3	6.4307E-2
2.7500E-4	9.7656E-3	8.7012E-2
2.7600E-4	1.0010E-2	1.0742E-1
2.7700E-4	9.5215E-3	1.2534E-1
2.7800E-4	9.7656E-3	1.3545E-1
2.7900E-4	9.5215E-3	1.4268E-1
2.8000E-4	9.7656E-3	1.4609E-1
2.8100E-4	1.0010E-2	1.4131E-1
2.8200E-4	9.7656E-3	1.2847E-1
2.8300E-4	9.2773E-3	1.1099E-1
2.8400E-4	9.5215E-3	8.7549E-2
2.8500E-4	1.0010E-2	5.8984E-2
2.8600E-4	9.2773E-3	2.9639E-2
2.8700E-4	1.0010E-2	2.0508E-3
2.8800E-4	9.5215E-3	-2.3633E-2
2.8900E-4	1.0010E-2	-4.8340E-2
2.9000E-4	1.0254E-2	-6.8018E-2
2.9100E-4	1.0010E-2	-8.1738E-2
2.9200E-4	9.2773E-3	-9.1895E-2
2.9300E-4	1.0254E-2	-9.6729E-2
2.9400E-4	9.5215E-3	-9.4678E-2
2.9500E-4	9.5215E-3	-8.8428E-2
2.9600E-4	9.5215E-3	-7.3535E-2
2.9700E-4	9.5215E-3	-4.8779E-2
2.9800E-4	9.5215E-3	-1.8652E-2
2.9900E-4	1.0010E-2	1.8311E-2
3.0000E-4	9.5215E-3	5.8545E-2
3.0100E-4	1.0254E-2	9.7412E-2
3.0200E-4	1.0010E-2	1.3213E-1
3.0300E-4	9.7656E-3	1.6270E-1
3.0400E-4	9.5215E-3	1.8154E-1
3.0500E-4	1.0498E-2	1.8994E-1
3.0600E-4	1.0254E-2	1.8638E-1
3.0700E-4	9.5215E-3	1.7109E-1
3.0800E-4	1.0010E-2	1.4497E-1
3.0900E-4	9.2773E-3	1.1294E-1
3.1000E-4	9.2773E-3	7.4902E-2
3.1100E-4	9.7656E-3	3.2861E-2
3.1200E-4	9.5215E-3	-1.1230E-2
3.1300E-4	9.7656E-3	-5.2539E-2
3.1400E-4	1.0010E-2	-9.1309E-2
3.1500E-4	1.0010E-2	-1.2271E-1
3.1600E-4	1.0010E-2	-1.4785E-1
3.1700E-4	9.5215E-3	-1.6665E-1
3.1800E-4	9.2773E-3	-1.8062E-1
3.1900E-4	9.7656E-3	-1.8945E-1
3.2000E-4	9.7656E-3	-1.9419E-1
3.2100E-4	8.7891E-3	-1.9336E-1
3.2200E-4	1.0254E-2	-1.8691E-1
3.2300E-4	1.0010E-2	-1.7339E-1
3.2400E-4	9.7656E-3	-1.5122E-1
3.2500E-4	1.0010E-2	-1.2275E-1
3.2600E-4	9.7656E-3	-8.4766E-2
3.2700E-4	9.2773E-3	-3.9258E-2
3.2800E-4	9.2773E-3	1.3623E-2
3.2900E-4	9.7656E-3	6.8115E-2
3.3000E-4	9.7656E-3	1.2012E-1
3.3100E-4	9.7656E-3	1.6182E-1
3.3200E-4	1.0254E-2	1.8853E-1
3.3300E-4	9.5215E-3	1.9902E-1
3.3400E-4	9.2773E-3	1.9487E-1
3.3500E-4	9.5215E-3	1.7734E-1
3.3600E-4	1.0010E-2	1.4805E-1
3.3700E-4	1.0010E-2	1.1260E-1
3.3800E-4	9.2773E-3	6.8115E-2
3.3900E-4	9.7656E-3	1.7822E-2
3.4000E-4	1.0010E-2	-3.2568E-2
3.4100E-4	9.7656E-3	-8.1152E-2
3.4200E-4	9.2773E-3	-1.2559E-1
3.4300E-4	9.5215E-3	-1.6436E-1
3.4400E-4	9.5215E-3	-1.9321E-1
3.4500E-4	9.5215E-3	-2.1406E-1
3.4600E-4	9.5215E-3	-2.2690E-1
3.4700E-4	9.0332E-3	-2.3110E-1
3.4800E-4	1.0010E-2	-2.2295E-1
3.4900E-4	9.5215E-3	-2.1147E-1
3.5000E-4	9.2773E-3	-1.9556E-1
3.5100E-4	8.7891E-3	-1.7114E-1
3.5200E-4	9.7656E-3	-1.4180E-1
3.5300E-4	9.2773E-3	-1.0830E-1
3.5400E-4	9.7656E-3	-6.6895E-2
3.5500E-4	9.5215E-3	-2.1338E-2
3.5600E-4	9.5215E-3	2.8760E-2
3.5700E-4	1.0010E-2	7.9639E-2
3.5800E-4	9.7656E-3	1.2656E-1
3.5900E-4	9.7656E-3	1.6421E-1
3.6000E-4	9.7656E-3	1.8848E-1
3.6100E-4	1.0498E-2	1.9355E-1
3.6200E-4	1.0254E-2	1.8325E-1
3.6300E-4	1.0010E-2	1.5596E-1
3.6400E-4	9.7656E-3	1.1948E-1
3.6500E-4	9.0332E-3	7.4561E-2
3.6600E-4	9.0332E-3	2.5000E-2
3.6700E-4	1.0254E-2	-2.9248E-2
3.6800E-4	1.0010E-2	-8.1299E-2
3.6900E-4	1.0010E-2	-1.3486E-1
3.7000E-4	9.0332E-3	-1.8149E-1
3.7100E-4	1.0254E-2	-2.2334E-1
3.7200E-4	9.2773E-3	-2.5288E-1
3.7300E-4	9.7656E-3	-2.7549E-1
3.7400E-4	1.0254E-2	-2.8574E-1
3.7500E-4	9.2773E-3	-2.8735E-1
3.7600E-4	9.0332E-3	-2.7788E-1
3.7700E-4	9.2773E-3	-2.6401E-1
3.7800E-4	9.7656E-3	-2.4185E-1
3.7900E-4	9.7656E-3	-2.1445E-1
3.8000E-4	9.7656E-3	-1.8335E-1
3.8100E-4	1.0254E-2	-1.5103E-1
3.8200E-4	1.0010E-2	-1.1313E-1
3.8300E-4	9.5215E-3	-6.7480E-2
3.8400E-4	9.2773E-3	-1.7578E-2
3.8500E-4	1.0498E-2	3.6670E-2
3.8600E-4	9.7656E-3	9.6582E-2
3.8700E-4	1.0010E-2	1.4868E-1
3.8800E-4	9.2773E-3	1.8672E-1
3.8900E-4	9.2773E-3	2.0713E-1
3.9000E-4	1.0254E-2	2.1284E-1
3.9100E-4	9.5215E-3	1.9717E-1
3.9200E-4	9.7656E-3	1.6851E-1
3.9300E-4	9.2773E-3	1.2822E-1
3.9400E-4	1.0254E-2	7.7002E-2
3.9500E-4	9.5215E-3	1.6943E-2
3.9600E-4	9.2773E-3	-4.5166E-2
3.9700E-4	1.0498E-2	-1.0649E-1
3.9800E-4	9.7656E-3	-1.6250E-1
3.9900E-4	9.5215E-3	-2.0767E-1
4.0000E-4	9.5215E-3	-2.4365E-1
4.0100E-4	9.5215E-3	-2.6626E-1
4.0200E-4	9.7656E-3	-2.7974E-1
4.0300E-4	1.0254E-2	-2.8091E-1
4.0400E-4	9.7656E-3	-2.6978E-1
4.0500E-4	1.0010E-2	-2.5054E-1
4.0600E-4	9.0332E-3	-2.2812E-1
4.0700E-4	9.5215E-3	-1.9746E-1
4.0800E-4	9.7656E-3	-1.6333E-1
4.0900E-4	9.7656E-3	-1.3008E-1
4.1000E-4	9.2773E-3	-9.4043E-2
4.1100E-4	9.5215E-3	-4.8486E-2
4.1200E-4	9.5215E-3	1.1230E-3
4.1300E-4	1.0010E-2	5.5176E-2
4.1400E-4	9.7656E-3	1.1694E-1
4.1500E-4	9.5215E-3	1.7935E-1
4.1600E-4	9.5215E-3	2.2339E-1
4.1700E-4	9.2773E-3	2.4546E-1
4.1800E-4	9.2773E-3	2.4429E-1
4.1900E-4	1.0010E-2	2.1895E-1
4.2000E-4	1.0010E-2	1.7485E-1
4.2100E-4	9.2773E-3	1.2397E-1
4.2200E-4	1.0010E-2	7.2949E-2
4.2300E-4	9.7656E-3	2.2363E-2
4.2400E-4	1.0254E-2	-2.7783E-2
4.2500E-4	1.0010E-2	-7.6709E-2
4.2600E-4	1.0010E-2	-1.2192E-1
4.2700E-4	9.7656E-3	-1.6245E-1
4.2800E-4	1.0254E-2	-1.9771E-1
4.2900E-4	9.7656E-3	-2.2305E-1
4.3000E-4	9.2773E-3	-2.3853E-1
4.3100E-4	9.7656E-3	-2.4609E-1
4.3200E-4	1.0010E-2	-2.4551E-1
4.3300E-4	9.2773E-3	-2.3833E-1
4.3400E-4	9.5215E-3	-2.2661E-1
4.3500E-4	1.0010E-2	-2.0811E-1
4.3600E-4	1.0010E-2	-1.8188E-1
4.3700E-4	9.7656E-3	-1.5195E-1
4.3800E-4	1.0010E-2	-1.1582E-1
4.3900E-4	1.0010E-2	-7.1875E-2
4.4000E-4	9.5215E-3	-2.5488E-2
4.4100E-4	9.5215E-3	2.2705E-2
4.4200E-4	1.0254E-2	7.6367E-2
4.4300E-4	9.2773E-3	1.3081E-1
4.4400E-4	1.0010E-2	1.7822E-1
4.4500E-4	1.0010E-2	2.1553E-1
4.4600E-4	9.5215E-3	2.3662E-1
4.4700E-4	1.0254E-2	2.3657E-1
4.4800E-4	1.0010E-2	2.1758E-1
4.4900E-4	9.5215E-3	1.8525E-1
4.5000E-4	9.5215E-3	1.4229E-1
4.5100E-4	9.5215E-3	9.5117E-2
4.5200E-4	1.0010E-2	4.5801E-2
4.5300E-4	9.5215E-3	-3.4668E-3
4.5400E-4	9.7656E-3	-5.4785E-2
4.5500E-4	9.5215E-3	-1.0366E-1
4.5600E-4	9.5215E-3	-1.4795E-1
4.5700E-4	1.0254E-2	-1.8525E-1
4.5800E-4	9.7656E-3	-2.1411E-1
4.5900E-4	9.5215E-3	-2.3213E-1
4.6000E-4	9.5215E-3	-2.4141E-1
4.6100E-4	9.2773E-3	-2.4448E-1
4.6200E-4	9.5215E-3	-2.4082E-1
4.6300E-4	9.7656E-3	-2.3447E-1
4.6400E-4	9.5215E-3	-2.2632E-1
4.6500E-4	9.2773E-3	-2.1479E-1
4.6600E-4	9.7656E-3	-1.9941E-1
4.6700E-4	1.0010E-2	-1.8188E-1
4.6800E-4	9.5215E-3	-1.6118E-1
4.6900E-4	1.0010E-2	-1.3584E-1
4.7000E-4	1.0254E-2	-1.0259E-1
4.7100E-4	9.0332E-3	-6.3672E-2
4.7200E-4	9.5215E-3	-1.6797E-2
4.7300E-4	1.0254E-2	3.9111E-2
4.7400E-4	9.2773E-3	1.0015E-1
4.7500E-4	9.7656E-3	1.5693E-1
4.7600E-4	9.5215E-3	2.0234E-1
4.7700E-4	9.7656E-3	2.3042E-1
4.7800E-4	1.0254E-2	2.3638E-1
4.7900E-4	9.5215E-3	2.1641E-1
4.8000E-4	1.0010E-2	1.6973E-1
4.8100E-4	9.2773E-3	1.0146E-1
4.8200E-4	9.7656E-3	1.4502E-2
4.8300E-4	9.5215E-3	-8.2861E-2
4.8400E-4	9.7656E-3	-1.8032E-1
4.8500E-4	1.0254E-2	-2.6982E-1
4.8600E-4	9.5215E-3	-3.4673E-1
4.8700E-4	9.7656E-3	-4.0620E-1
4.8800E-4	9.5215E-3	-4.5239E-1
4.8900E-4	9.7656E-3	-4.8730E-1
4.9000E-4	1.0010E-2	-5.1489E-1
4.9100E-4	9.5215E-3	-5.3433E-1
4.9200E-4	9.7656E-3	-5.5034E-1
4.9300E-4	1.0010E-2	-5.5908E-1
4.9400E-4	9.0332E-3	-5.6709E-1
4.9500E-4	9.5215E-3	-5.6938E-1
4.9600E-4	9.5215E-3	-5.6860E-1
4.9700E-4	1.0010E-2	-5.6577E-1
4.9800E-4	9.0332E-3	-5.6709E-1
4.9900E-4	9.2773E-3	-5.6812E-1
5.0000E-4	9.7656E-3	-5.7241E-1
5.0100E-4	9.7656E-3	-5.8091E-1
5.0200E-4	9.2773E-3	-5.9023E-1
5.0300E-4	1.0254E-2	-6.0054E-1
5.0400E-4	9.7656E-3	-6.0854E-1
5.0500E-4	9.2773E-3	-6.1489E-1
5.0600E-4	1.0010E-2	-6.1797E-1
5.0700E-4	9.2773E-3	-6.2051E-1
5.0800E-4	1.0254E-2	-6.1665E-1
5.0900E-4	9.7656E-3	-6.1069E-1
5.1000E-4	9.7656E-3	-6.0264E-1
5.1100E-4	9.2773E-3	-5.9736E-1
5.1200E-4	9.7656E-3	-5.8916E-1
5.1300E-4	1.0010E-2	-5.8428E-1
5.1400E-4	9.7656E-3	-5.7925E-1
5.1500E-4	1.0254E-2	-5.7729E-1
5.1600E-4	9.2773E-3	-5.7490E-1
5.1700E-4	1.0254E-2	-5.7402E-1
5.1800E-4	9.5215E-3	-5.7329E-1
5.1900E-4	9.2773E-3	-5.7188E-1
5.2000E-4	9.7656E-3	-5.6289E-1
5.2100E-4	1.0254E-2	-5.4956E-1
5.2200E-4	9.5215E-3	-5.2944E-1
5.2300E-4	9.5215E-3	-5.0049E-1
5.2400E-4	9.5215E-3	-4.6465E-1
5.2500E-4	9.5215E-3	-4.2031E-1
5.2600E-4	9.5215E-3	-3.6484E-1
5.2700E-4	9.5215E-3	-2.9663E-1
5.2800E-4	9.7656E-3	-2.1406E-1
5.2900E-4	1.0010E-2	-1.1670E-1
5.3000E-4	9.2773E-3	-1.2061E-2
5.3100E-4	1.0254E-2	9.3359E-2
5.3200E-4	9.2773E-3	1.8730E-1
5.3300E-4	9.2773E-3	2.5894E-1
5.3400E-4	1.0010E-2	2.9985E-1
5.3500E-4	9.5215E-3	3.0601E-1
5.3600E-4	9.2773E-3	2.8032E-1
5.3700E-4	9.5215E-3	2.2871E-1
5.3800E-4	9.7656E-3	1.5996E-1
5.3900E-4	9.2773E-3	8.2764E-2
5.4000E-4	9.7656E-3	2.5391E-3
5.4100E-4	9.7656E-3	-7.1729E-2
5.4200E-4	1.0010E-2	-1.3525E-1
5.4300E-4	1.0254E-2	-1.8652E-1
5.4400E-4	9.5215E-3	-2.2363E-1
5.4500E-4	1.0010E-2	-2.4502E-1
5.4600E-4	1.0010E-2	-2.5513E-1
5.4700E-4	1.0010E-2	-2.5859E-1
5.4800E-4	9.2773E-3	-2.5640E-1
5.4900E-4	9.7656E-3	-2.4902E-1
5.5000E-4	9.5215E-3	-2.3750E-1
5.5100E-4	1.0010E-2	-2.2402E-1
5.5200E-4	9.5215E-3	-2.0503E-1
5.5300E-4	9.5215E-3	-1.8276E-1
5.5400E-4	9.7656E-3	-1.5981E-1
5.5500E-4	1.0010E-2	-1.3428E-1
5.5600E-4	9.5215E-3	-1.0083E-1
5.5700E-4	9.7656E-3	-6.4307E-2
5.5800E-4	9.5215E-3	-2.0752E-2
5.5900E-4	9.2773E-3	3.1348E-2
5.6000E-4	9.7656E-3	8.7354E-2
5.6100E-4	9.5215E-3	1.4409E-1
5.6200E-4	9.7656E-3	1.9614E-1
5.6300E-4	9.7656E-3	2.3467E-1
5.6400E-4	9.2773E-3	2.5562E-1
5.6500E-4	1.0010E-2	2.5654E-1
5.6600E-4	1.0254E-2	2.3892E-1
5.6700E-4	9.7656E-3	2.0771E-1
5.6800E-4	1.0010E-2	1.6572E-1
5.6900E-4	9.7656E-3	1.1543E-1
5.7000E-4	9.7656E-3	6.2549E-2
5.7100E-4	1.0254E-2	6.0547E-3
5.7200E-4	9.7656E-3	-4.8779E-2
5.7300E-4	1.0010E-2	-1.0068E-1
5.7400E-4	9.5215E-3	-1.4678E-1
5.7500E-4	9.5215E-3	-1.8447E-1
5.7600E-4	9.7656E-3	-2.1260E-1
5.7700E-4	1.0010E-2	-2.3433E-1
5.7800E-4	9.7656E-3	-2.4741E-1
5.7900E-4	9.5215E-3	-2.5107E-1
5.8000E-4	9.5215E-3	-2.4692E-1
5.8100E-4	1.0254E-2	-2.3501E-1
5.8200E-4	9.5215E-3	-2.1694E-1
5.8300E-4	9.5215E-3	-1.9302E-1
5.8400E-4	9.5215E-3	-1.6597E-1
5.8500E-4	1.0254E-2	-1.3706E-1
5.8600E-4	9.5215E-3	-1.0620E-1
5.8700E-4	1.0010E-2	-6.7676E-2
5.8800E-4	9.7656E-3	-2.4170E-2
5.8900E-4	1.0010E-2	2.5488E-2
5.9000E-4	1.0010E-2	8.1152E-2
5.9100E-4	9.7656E-3	1.3662E-1
5.9200E-4	1.0010E-2	1.7959E-1
5.9300E-4	9.7656E-3	2.0820E-1
5.9400E-4	1.0010E-2	2.1963E-1
5.9500E-4	9.7656E-3	2.1157E-1
5.9600E-4	8.7891E-3	1.8945E-1
5.9700E-4	9.7656E-3	1.5991E-1
5.9800E-4	9.5215E-3	1.2329E-1
5.9900E-4	9.7656E-3	8.2178E-2
6.0000E-4	9.7656E-3	3.8916E-2
6.0100E-4	9.7656E-3	-1.0742E-2
6.0200E-4	9.5215E-3	-6.2061E-2
6.0300E-4	9.7656E-3	-1.1001E-1
6.0400E-4	1.0010E-2	-1.5317E-1
6.0500E-4	1.0010E-2	-1.8921E-1
6.0600E-4	9.7656E-3	-2.1318E-1
6.0700E-4	9.5215E-3	-2.2749E-1
6.0800E-4	9.5215E-3	-2.3032E-1
6.0900E-4	9.5215E-3	-2.2656E-1
6.1000E-4	9.2773E-3	-2.1758E-1
6.1100E-4	9.7656E-3	-2.0264E-1
6.1200E-4	9.7656E-3	-1.8105E-1
6.1300E-4	9.5215E-3	-1.5396E-1
6.1400E-4	9.7656E-3	-1.2036E-1
6.1500E-4	1.0010E-2	-7.7490E-2
6.1600E-4	1.0010E-2	-2.7783E-2
6.1700E-4	9.2773E-3	2.7881E-2
6.1800E-4	1.0010E-2	8.7158E-2
6.1900E-4	9.7656E-3	1.4497E-1
6.2000E-4	9.7656E-3	1.8975E-1
6.2100E-4	1.0010E-2	2.1689E-1
6.2200E-4	9.5215E-3	2.2490E-1
6.2300E-4	9.5215E-3	2.1191E-1
6.2400E-4	9.7656E-3	1.8315E-1
6.2500E-4	9.5215E-3	1.4756E-1
6.2600E-4	9.0332E-3	1.0747E-1
6.2700E-4	9.5215E-3	6.2354E-2
6.2800E-4	9.5215E-3	1.4697E-2
6.2900E-4	1.0010E-2	-3.6035E-2
6.3000E-4	9.7656E-3	-8.3252E-2
6.3100E-4	9.5215E-3	-1.2861E-1
6.3200E-4	1.0010E-2	-1.6836E-1
6.3300E-4	9.5215E-3	-1.9917E-1
6.3400E-4	8.7891E-3	-2.1821E-1
6.3500E-4	9.5215E-3	-2.3311E-1
6.3600E-4	9.5215E-3	-2.3979E-1
6.3700E-4	1.0010E-2	-2.3882E-1
6.3800E-4	9.2773E-3	-2.3164E-1
6.3900E-4	1.0010E-2	-2.2095E-1
6.4000E-4	8.5449E-3	-2.0444E-1
6.4100E-4	9.2773E-3	-1.8071E-1
6.4200E-4	1.0254E-2	-1.5200E-1
6.4300E-4	9.5215E-3	-1.1719E-1
6.4400E-4	9.2773E-3	-7.2119E-2
6.4500E-4	9.5215E-3	-1.8701E-2
6.4600E-4	9.7656E-3	4.2236E-2
6.4700E-4	1.0254E-2	1.0327E-1
6.4800E-4	9.7656E-3	1.5645E-1
6.4900E-4	9.7656E-3	1.9180E-1
6.5000E-4	9.7656E-3	2.0801E-1
6.5100E-4	1.0498E-2	2.0728E-1
6.5200E-4	9.7656E-3	1.9287E-1
6.5300E-4	9.5215E-3	1.6875E-1
6.5400E-4	9.2773E-3	1.3794E-1
6.5500E-4	1.0254E-2	1.0181E-1
6.5600E-4	9.2773E-3	5.8105E-2
6.5700E-4	9.5215E-3	1.2646E-2
6.5800E-4	9.5215E-3	-3.4619E-2
6.5900E-4	9.5215E-3	-7.9053E-2
6.6000E-4	9.5215E-3	-1.1704E-1
6.6100E-4	1.0010E-2	-1.4785E-1
6.6200E-4	1.0010E-2	-1.7197E-1
6.6300E-4	9.5215E-3	-1.8618E-1
6.6400E-4	1.0010E-2	-1.9336E-1
6.6500E-4	9.5215E-3	-1.9604E-1
6.6600E-4	9.7656E-3	-1.9004E-1
6.6700E-4	9.5215E-3	-1.7495E-1
6.6800E-4	1.0010E-2	-1.5444E-1
6.6900E-4	9.5215E-3	-1.2656E-1
6.7000E-4	9.2773E-3	-9.1846E-2
6.7100E-4	1.0010E-2	-5.0879E-2
6.7200E-4	9.5215E-3	-4.5410E-3
6.7300E-4	9.5215E-3	4.7119E-2
6.7400E-4	9.5215E-3	9.9951E-2
6.7500E-4	1.0010E-2	1.4873E-1
6.7600E-4	9.2773E-3	1.8179E-1
6.7700E-4	9.7656E-3	1.9663E-1
6.7800E-4	1.0010E-2	1.9453E-1
6.7900E-4	9.5215E-3	1.7920E-1
6.8000E-4	9.7656E-3	1.5352E-1
6.8100E-4	9.2773E-3	1.2700E-1
6.8200E-4	1.0010E-2	9.8926E-2
6.8300E-4	9.0332E-3	6.9141E-2
6.8400E-4	9.7656E-3	3.7012E-2
6.8500E-4	1.0254E-2	4.1992E-3
6.8600E-4	9.5215E-3	-3.0908E-2
6.8700E-4	9.5215E-3	-6.2354E-2
6.8800E-4	9.5215E-3	-8.8379E-2
6.8900E-4	9.2773E-3	-1.1084E-1
6.9000E-4	9.7656E-3	-1.2783E-1
6.9100E-4	9.5215E-3	-1.3750E-1
6.9200E-4	1.0254E-2	-1.4248E-1
6.9300E-4	9.7656E-3	-1.4287E-1
6.9400E-4	9.5215E-3	-1.3608E-1
6.9500E-4	9.5215E-3	-1.2261E-1
6.9600E-4	9.7656E-3	-1.0137E-1
6.9700E-4	1.0498E-2	-7.2656E-2
6.9800E-4	9.5215E-3	-3.6084E-2
6.9900E-4	9.5215E-3	6.3477E-3
7.0000E-4	9.7656E-3	5.3418E-2
7.0100E-4	9.2773E-3	9.7656E-2
7.0200E-4	1.0010E-2	1.3589E-1
7.0300E-4	9.2773E-3	1.6436E-1
7.0400E-4	9.5215E-3	1.7979E-1
7.0500E-4	1.0010E-2	1.8413E-1
7.0600E-4	9.7656E-3	1.7744E-1
7.0700E-4	9.5215E-3	1.6855E-1
7.0800E-4	1.0010E-2	1.5479E-1
7.0900E-4	9.7656E-3	1.4116E-1
7.1000E-4	9.7656E-3	1.2305E-1
7.1100E-4	1.0254E-2	1.0688E-1
7.1200E-4	1.0010E-2	8.4521E-2
7.1300E-4	1.0010E-2	6.1816E-2
7.1400E-4	1.0010E-2	3.9746E-2
7.1500E-4	9.0332E-3	2.2363E-2
7.1600E-4	1.0254E-2	5.7617E-3
7.1700E-4	9.0332E-3	-8.2031E-3
7.1800E-4	9.7656E-3	-1.7090E-2
7.1900E-4	9.0332E-3	-2.3535E-2
7.2000E-4	9.2773E-3	-2.3779E-2
7.2100E-4	9.5215E-3	-1.8604E-2
7.2200E-4	9.7656E-3	-9.7168E-3
7.2300E-4	9.5215E-3	4.4434E-3
7.2400E-4	9.7656E-3	2.5635E-2
7.2500E-4	9.7656E-3	4.6777E-2
7.2600E-4	9.5215E-3	6.8164E-2
7.2700E-4	9.2773E-3	9.1943E-2
7.2800E-4	9.5215E-3	1.1328E-1
7.2900E-4	9.0332E-3	1.2954E-1
7.3000E-4	9.2773E-3	1.4258E-1
7.3100E-4	9.2773E-3	1.5015E-1
7.3200E-4	9.5215E-3	1.5186E-1
7.3300E-4	9.2773E-3	1.5015E-1
7.3400E-4	9.0332E-3	1.4512E-1
7.3500E-4	1.0254E-2	1.3599E-1
7.3600E-4	9.5215E-3	1.2700E-1
7.3700E-4	1.0254E-2	1.1958E-1
7.3800E-4	9.7656E-3	1.0771E-1
7.3900E-4	9.5215E-3	9.1162E-2
7.4000E-4	8.7891E-3	7.3828E-2
7.4100E-4	1.0010E-2	5.5273E-2
7.4200E-4	9.5215E-3	3.7109E-2
7.4300E-4	9.7656E-3	2.3975E-2
7.4400E-4	9.5215E-3	1.9824E-2
7.4500E-4	9.7656E-3	2.0117E-2
7.4600E-4	9.7656E-3	2.5928E-2
7.4700E-4	9.2773E-3	3.3447E-2
7.4800E-4	9.5215E-3	4.3115E-2
7.4900E-4	9.7656E-3	5.4395E-2
7.5000E-4	1.0742E-2	6.8555E-2
7.5100E-4	1.0010E-2	8.3154E-2
7.5200E-4	9.7656E-3	9.9268E-2
7.5300E-4	9.7656E-3	1.1597E-1
7.5400E-4	9.7656E-3	1.3022E-1
7.5500E-4	9.5215E-3	1.3999E-1
7.5600E-4	1.0010E-2	1.4526E-1
7.5700E-4	9.5215E-3	1.4575E-1
7.5800E-4	9.0332E-3	1.4282E-1
7.5900E-4	1.0010E-2	1.3633E-1
7.6000E-4	9.5215E-3	1.2607E-1
7.6100E-4	9.5215E-3	1.1470E-1
7.6200E-4	9.0332E-3	1.0132E-1
7.6300E-4	9.7656E-3	8.4229E-2
7.6400E-4	9.2773E-3	6.7627E-2
7.6500E-4	1.0498E-2	5.4639E-2
7.6600E-4	9.5215E-3	4.1650E-2
7.6700E-4	9.7656E-3	3.2861E-2
7.6800E-4	1.0010E-2	3.0518E-2
7.6900E-4	9.5215E-3	3.1104E-2
7.7000E-4	9.2773E-3	3.6035E-2
7.7100E-4	9.7656E-3	5.1514E-2
7.7200E-4	9.2773E-3	7.2510E-2
7.7300E-4	1.0010E-2	9.6387E-2
7.7400E-4	9.7656E-3	1.2324E-1
7.7500E-4	9.5215E-3	1.4829E-1
7.7600E-4	9.7656E-3	1.6538E-1
7.7700E-4	9.5215E-3	1.7485E-1
7.7800E-4	9.5215E-3	1.7578E-1
7.7900E-4	1.0254E-2	1.7148E-1
7.8000E-4	9.5215E-3	1.6191E-1
7.8100E-4	9.5215E-3	1.5166E-1
7.8200E-4	1.0010E-2	1.3979E-1
7.8300E-4	9.7656E-3	1.2373E-1
7.8400E-4	9.2773E-3	1.0371E-1
7.8500E-4	9.2773E-3	8.3008E-2
7.8600E-4	9.5215E-3	5.8594E-2
7.8700E-4	9.7656E-3	3.4863E-2
7.8800E-4	1.0010E-2	1.4307E-2
7.8900E-4	1.0010E-2	-3.5156E-3
7.9000E-4	9.7656E-3	-1.9922E-2
7.9100E-4	9.5215E-3	-3.2666E-2
7.9200E-4	1.0010E-2	-4.2676E-2
7.9300E-4	1.0010E-2	-4.7070E-2
7.9400E-4	9.2773E-3	-4.9756E-2
7.9500E-4	9.7656E-3	-4.4727E-2
7.9600E-4	9.5215E-3	-3.4766E-2
7.9700E-4	9.7656E-3	-1.8555E-2
7.9800E-4	9.5215E-3	1.6113E-3
7.9900E-4	9.7656E-3	3.0762E-2
8.0000E-4	9.2773E-3	6.3281E-2
8.0100E-4	1.0010E-2	9.8437E-2
8.0200E-4	9.7656E-3	1.3296E-1
8.0300E-4	9.7656E-3	1.6597E-1
8.0400E-4	9.2773E-3	1.9170E-1
8.0500E-4	9.7656E-3	2.1074E-1
8.0600E-4	1.0010E-2	2.1953E-1
8.0700E-4	9.5215E-3	2.1812E-1
8.0800E-4	1.0010E-2	2.0771E-1
8.0900E-4	9.2773E-3	1.8877E-1
8.1000E-4	9.7656E-3	1.6030E-1
8.1100E-4	1.0254E-2	1.2554E-1
8.1200E-4	9.5215E-3	8.8232E-2
8.1300E-4	1.0010E-2	4.5850E-2
8.1400E-4	9.5215E-3	2.8809E-3
8.1500E-4	9.7656E-3	-3.6328E-2
8.1600E-4	9.5215E-3	-6.9043E-2
8.1700E-4	9.7656E-3	-9.6484E-2
8.1800E-4	9.5215E-3	-1.1416E-1
8.1900E-4	9.5215E-3	-1.2339E-1
8.2000E-4	1.0498E-2	-1.2754E-1
8.2100E-4	9.7656E-3	-1.2812E-1
8.2200E-4	9.2773E-3	-1.2271E-1
8.2300E-4	9.2773E-3	-1.1343E-1
8.2400E-4	9.5215E-3	-9.8291E-2
8.2500E-4	9.5215E-3	-7.5000E-2
8.2600E-4	9.7656E-3	-4.1406E-2
8.2700E-4	9.7656E-3	-4.3945E-4
8.2800E-4	9.2773E-3	4.4727E-2
8.2900E-4	9.2773E-3	9.5117E-2
8.3000E-4	9.7656E-3	1.4468E-1
8.3100E-4	9.5215E-3	1.8794E-1
8.3200E-4	9.5215E-3	2.1733E-1
8.3300E-4	9.7656E-3	2.3394E-1
8.3400E-4	9.5215E-3	2.3262E-1
8.3500E-4	1.0010E-2	2.1426E-1
8.3600E-4	9.5215E-3	1.8164E-1
8.3700E-4	9.5215E-3	1.3906E-1
8.3800E-4	9.0332E-3	9.0576E-2
8.3900E-4	9.7656E-3	3.8232E-2
8.4000E-4	1.0498E-2	-1.4160E-2
8.4100E-4	1.0010E-2	-6.0840E-2
8.4200E-4	9.7656E-3	-1.0176E-1
8.4300E-4	9.5215E-3	-1.3921E-1
8.4400E-4	9.7656E-3	-1.6963E-1
8.4500E-4	9.5215E-3	-1.9321E-1
8.4600E-4	1.0498E-2	-2.1035E-1
8.4700E-4	1.0010E-2	-2.1821E-1
8.4800E-4	1.0010E-2	-2.1567E-1
8.4900E-4	9.2773E-3	-2.0488E-1
8.5000E-4	9.7656E-3	-1.8735E-1
8.5100E-4	9.5215E-3	-1.6812E-1
8.5200E-4	9.7656E-3	-1.4482E-1
8.5300E-4	9.7656E-3	-1.1880E-1
8.5400E-4	1.0254E-2	-8.7402E-2
8.5500E-4	9.5215E-3	-4.6436E-2
8.5600E-4	1.0254E-2	4.5898E-3
8.5700E-4	9.2773E-3	6.1377E-2
8.5800E-4	1.0010E-2	1.2480E-1
8.5900E-4	9.2773E-3	1.8115E-1
8.6000E-4	9.7656E-3	2.2173E-1
8.6100E-4	9.5215E-3	2.4468E-1
8.6200E-4	1.0010E-2	2.4683E-1
8.6300E-4	9.2773E-3	2.2749E-1
8.6400E-4	9.5215E-3	1.9419E-1
8.6500E-4	9.2773E-3	1.5259E-1
8.6600E-4	9.7656E-3	1.0435E-1
8.6700E-4	1.0010E-2	4.9512E-2
8.6800E-4	9.2773E-3	-7.7637E-3
8.6900E-4	9.0332E-3	-6.5820E-2
8.7000E-4	9.5215E-3	-1.2124E-1
8.7100E-4	1.0498E-2	-1.7173E-1
8.7200E-4	9.7656E-3	-2.1045E-1
8.7300E-4	9.7656E-3	-2.3550E-1
8.7400E-4	9.2773E-3	-2.4561E-1
8.7500E-4	1.0010E-2	-2.4482E-1
8.7600E-4	1.0254E-2	-2.3687E-1
8.7700E-4	9.5215E-3	-2.2065E-1
8.7800E-4	9.5215E-3	-2.0229E-1
8.7900E-4	9.2773E-3	-1.8203E-1
8.8000E-4	1.0010E-2	-1.5610E-1
8.8100E-4	9.7656E-3	-1.2339E-1
8.8200E-4	9.5215E-3	-8.3398E-2
8.8300E-4	1.0010E-2	-3.7451E-2
8.8400E-4	9.2773E-3	1.8848E-2
8.8500E-4	9.7656E-3	7.6514E-2
8.8600E-4	9.7656E-3	1.3750E-1
8.8700E-4	9.5215E-3	1.9092E-1
8.8800E-4	9.7656E-3	2.3008E-1
8.8900E-4	9.7656E-3	2.4507E-1
8.9000E-4	1.0254E-2	2.3853E-1
8.9100E-4	9.0332E-3	2.0996E-1
8.9200E-4	9.5215E-3	1.6191E-1
8.9300E-4	9.7656E-3	1.0767E-1
8.9400E-4	9.5215E-3	5.0635E-2
8.9500E-4	9.5215E-3	-6.1523E-3
8.9600E-4	1.0010E-2	-5.9229E-2
8.9700E-4	1.0254E-2	-1.0425E-1
8.9800E-4	1.0010E-2	-1.4771E-1
8.9900E-4	9.7656E-3	-1.8433E-1
9.0000E-4	9.2773E-3	-2.1348E-1
9.0100E-4	9.7656E-3	-2.3647E-1
9.0200E-4	9.2773E-3	-2.5249E-1
9.0300E-4	1.0010E-2	-2.5571E-1
9.0400E-4	1.0254E-2	-2.5210E-1
9.0500E-4	9.7656E-3	-2.4385E-1
9.0600E-4	1.0742E-2	-2.2808E-1
9.0700E-4	9.2773E-3	-2.0498E-1
9.0800E-4	9.2773E-3	-1.7842E-1
9.0900E-4	9.7656E-3	-1.4614E-1
9.1000E-4	9.2773E-3	-1.0591E-1
9.1100E-4	1.0254E-2	-6.0498E-2
9.1200E-4	9.7656E-3	-8.2520E-3
9.1300E-4	9.2773E-3	4.9023E-2
9.1400E-4	9.7656E-3	1.1104E-1
9.1500E-4	9.5215E-3	1.7295E-1
9.1600E-4	9.7656E-3	2.1978E-1
9.1700E-4	9.5215E-3	2.4575E-1
9.1800E-4	1.0254E-2	2.4995E-1
9.1900E-4	9.5215E-3	2.3193E-1
9.2000E-4	9.5215E-3	1.9365E-1
9.2100E-4	9.7656E-3	1.4839E-1
9.2200E-4	9.5215E-3	9.9414E-2
9.2300E-4	9.5215E-3	4.9463E-2
9.2400E-4	9.7656E-3	-1.1719E-3
9.2500E-4	1.0010E-2	-5.0684E-2
9.2600E-4	9.2773E-3	-9.9805E-2
9.2700E-4	9.2773E-3	-1.4419E-1
9.2800E-4	1.0254E-2	-1.8125E-1
9.2900E-4	9.7656E-3	-2.0903E-1
9.3000E-4	9.2773E-3	-2.2598E-1
9.3100E-4	9.5215E-3	-2.3252E-1
9.3200E-4	1.0010E-2	-2.3320E-1
9.3300E-4	9.7656E-3	-2.2671E-1
9.3400E-4	1.0010E-2	-2.1626E-1
9.3500E-4	1.0010E-2	-2.0210E-1
9.3600E-4	9.7656E-3	-1.8135E-1
9.3700E-4	9.5215E-3	-1.5225E-1
9.3800E-4	9.7656E-3	-1.1772E-1
9.3900E-4	9.5215E-3	-7.9053E-2
9.4000E-4	1.0010E-2	-3.4912E-2
9.4100E-4	1.0010E-2	1.4355E-2
9.4200E-4	1.0498E-2	6.7041E-2
9.4300E-4	9.0332E-3	1.1895E-1
9.4400E-4	1.0010E-2	1.6914E-1
9.4500E-4	9.2773E-3	2.0894E-1
9.4600E-4	1.0254E-2	2.3418E-1
9.4700E-4	9.7656E-3	2.4170E-1
9.4800E-4	1.0010E-2	2.3115E-1
9.4900E-4	8.7891E-3	2.0347E-1
9.5000E-4	9.5215E-3	1.6152E-1
9.5100E-4	1.0498E-2	1.0928E-1
9.5200E-4	1.0254E-2	5.1709E-2
9.5300E-4	9.7656E-3	-7.1777E-3
9.5400E-4	1.0010E-2	-6.3281E-2
9.5500E-4	9.7656E-3	-1.1128E-1
9.5600E-4	9.7656E-3	-1.5410E-1
9.5700E-4	9.2773E-3	-1.9028E-1
9.5800E-4	9.7656E-3	-2.1851E-1
9.5900E-4	1.0010E-2	-2.3872E-1
9.6000E-4	1.0254E-2	-2.5234E-1
9.6100E-4	1.0254E-2	-2.5742E-1
9.6200E-4	9.5215E-3	-2.5591E-1
9.6300E-4	9.5215E-3	-2.4995E-1
9.6400E-4	9.7656E-3	-2.3867E-1
9.6500E-4	1.0254E-2	-2.2148E-1
9.6600E-4	9.2773E-3	-2.0176E-1
9.6700E-4	9.7656E-3	-1.8022E-1
9.6800E-4	9.2773E-3	-1.5518E-1
9.6900E-4	9.5215E-3	-1.2642E-1
9.7000E-4	9.2773E-3	-9.5508E-2
9.7100E-4	9.2773E-3	-5.6348E-2
9.7200E-4	1.0010E-2	-8.2031E-3
9.7300E-4	9.0332E-3	5.0098E-2
9.7400E-4	9.7656E-3	1.1191E-1
9.7500E-4	9.7656E-3	1.7021E-1
9.7600E-4	9.5215E-3	2.1455E-1
9.7700E-4	9.7656E-3	2.3750E-1
9.7800E-4	1.0010E-2	2.3291E-1
9.7900E-4	9.5215E-3	2.0298E-1
9.8000E-4	9.7656E-3	1.4771E-1
9.8100E-4	1.0010E-2	7.3389E-2
9.8200E-4	9.0332E-3	-1.4307E-2
9.8300E-4	9.5215E-3	-1.0845E-1
9.8400E-4	9.7656E-3	-2.0439E-1
9.8500E-4	9.5215E-3	-2.9263E-1
9.8600E-4	9.2773E-3	-3.7031E-1
9.8700E-4	9.5215E-3	-4.3452E-1
9.8800E-4	9.2773E-3	-4.8389E-1
9.8900E-4	8.7891E-3	-5.2085E-1
9.9000E-4	9.7656E-3	-5.4697E-1
9.9100E-4	9.7656E-3	-5.6138E-1
9.9200E-4	9.7656E-3	-5.6646E-1
9.9300E-4	9.5215E-3	-5.6953E-1
9.9400E-4	9.7656E-3	-5.6890E-1
9.9500E-4	1.0010E-2	-5.6694E-1
9.9600E-4	9.7656E-3	-5.6587E-1
9.9700E-4	9.7656E-3	-5.6753E-1
9.9800E-4	1.0010E-2	-5.6753E-1
9.9900E-4	1.0010E-2	-5.6753E-1
