Time [s]	Aux in [V]	Main in [V]
0.0000E+0	1.0010E-2	-6.2036E-1
1.0000E-6	9.2773E-3	-6.2158E-1
2.0000E-6	9.7656E-3	-6.2144E-1
3.0000E-6	9.7656E-3	-6.2207E-1
4.0000E-6	1.0010E-2	-6.1895E-1
5.0000E-6	9.5215E-3	-6.1699E-1
6.0000E-6	1.0010E-2	-6.1641E-1
7.0000E-6	9.2773E-3	-6.1797E-1
8.0000E-6	1.0010E-2	-6.1782E-1
9.0000E-6	9.7656E-3	-6.1528E-1
1.0000E-5	9.7656E-3	-6.0605E-1
1.1000E-5	1.0010E-2	-5.9243E-1
1.2000E-5	9.5215E-3	-5.7041E-1
1.3000E-5	1.0254E-2	-5.3994E-1
1.4000E-5	1.0010E-2	-5.0039E-1
1.5000E-5	9.5215E-3	-4.5298E-1
1.6000E-5	9.7656E-3	-3.9771E-1
1.7000E-5	9.7656E-3	-3.3589E-1
1.8000E-5	1.0010E-2	-2.6279E-1
1.9000E-5	1.0010E-2	-1.8364E-1
2.0000E-5	9.7656E-3	-1.0225E-1
2.1000E-5	1.0254E-2	-2.5488E-2
2.2000E-5	1.0498E-2	4.1357E-2
2.3000E-5	9.7656E-3	8.6426E-2
2.4000E-5	1.0010E-2	1.0596E-1
2.5000E-5	9.7656E-3	1.0425E-1
2.6000E-5	9.7656E-3	8.6572E-2
2.7000E-5	1.0010E-2	5.5859E-2
2.8000E-5	9.2773E-3	1.7285E-2
2.9000E-5	9.2773E-3	-2.2949E-2
3.0000E-5	1.0010E-2	-6.8457E-2
3.1000E-5	9.7656E-3	-1.1685E-1
3.2000E-5	9.2773E-3	-1.6143E-1
3.3000E-5	1.0010E-2	-2.0176E-1
3.4000E-5	9.5215E-3	-2.3687E-1
3.5000E-5	9.7656E-3	-2.6274E-1
3.6000E-5	9.5215E-3	-2.7983E-1
3.7000E-5	1.0254E-2	-2.9268E-1
3.8000E-5	1.0254E-2	-3.0020E-1
3.9000E-5	9.2773E-3	-3.0205E-1
4.0000E-5	9.7656E-3	-3.0024E-1
4.1000E-5	1.0010E-2	-2.9380E-1
4.2000E-5	9.5215E-3	-2.8027E-1
4.3000E-5	1.0498E-2	-2.6211E-1
4.4000E-5	9.7656E-3	-2.3848E-1
4.5000E-5	9.5215E-3	-2.0674E-1
4.6000E-5	1.0498E-2	-1.6938E-1
4.7000E-5	9.0332E-3	-1.2910E-1
4.8000E-5	9.5215E-3	-8.6523E-2
4.9000E-5	9.5215E-3	-4.1504E-2
5.0000E-5	9.7656E-3	2.4414E-4
5.1000E-5	1.0254E-2	3.5986E-2
5.2000E-5	1.0254E-2	6.1328E-2
5.3000E-5	9.5215E-3	7.2900E-2
5.4000E-5	9.2773E-3	6.6211E-2
5.5000E-5	9.0332E-3	4.9902E-2
5.6000E-5	9.7656E-3	2.6611E-2
5.7000E-5	1.0254E-2	1.6602E-3
5.8000E-5	9.5215E-3	-1.8848E-2
5.9000E-5	9.5215E-3	-3.4326E-2
6.0000E-5	9.7656E-3	-5.2295E-2
6.1000E-5	1.0010E-2	-7.5098E-2
6.2000E-5	9.2773E-3	-1.0190E-1
6.3000E-5	1.0498E-2	-1.3477E-1
6.4000E-5	1.0010E-2	-1.7114E-1
6.5000E-5	1.0010E-2	-2.0737E-1
6.6000E-5	1.0010E-2	-2.3579E-1
6.7000E-5	1.0010E-2	-2.5679E-1
6.8000E-5	1.0254E-2	-2.6860E-1
6.9000E-5	9.5215E-3	-2.6943E-1
7.0000E-5	1.0254E-2	-2.6196E-1
7.1000E-5	9.5215E-3	-2.5146E-1
7.2000E-5	9.2773E-3	-2.3853E-1
7.3000E-5	1.0010E-2	-2.2095E-1
7.4000E-5	9.7656E-3	-1.9805E-1
7.5000E-5	9.2773E-3	-1.7339E-1
7.6000E-5	1.0254E-2	-1.4204E-1
7.7000E-5	1.0010E-2	-1.0479E-1
7.8000E-5	9.5215E-3	-6.4453E-2
7.9000E-5	9.0332E-3	-2.5391E-2
8.0000E-5	9.7656E-3	1.2354E-2
8.1000E-5	1.0010E-2	4.6826E-2
8.2000E-5	1.0254E-2	6.8945E-2
8.3000E-5	9.5215E-3	7.4658E-2
8.4000E-5	1.0254E-2	7.1729E-2
8.5000E-5	9.5215E-3	6.6357E-2
8.6000E-5	1.0010E-2	5.0635E-2
8.7000E-5	1.0010E-2	3.0469E-2
8.8000E-5	9.7656E-3	5.6152E-3
8.9000E-5	9.2773E-3	-2.6416E-2
9.0000E-5	9.5215E-3	-6.9092E-2
9.1000E-5	9.5215E-3	-1.1523E-1
9.2000E-5	1.0010E-2	-1.6172E-1
9.3000E-5	1.0010E-2	-2.0156E-1
9.4000E-5	1.0010E-2	-2.3589E-1
9.5000E-5	9.2773E-3	-2.6479E-1
9.6000E-5	9.7656E-3	-2.8667E-1
9.7000E-5	1.0010E-2	-2.9863E-1
9.8000E-5	1.0254E-2	-3.0317E-1
9.9000E-5	1.0254E-2	-3.0142E-1
1.0000E-4	9.5215E-3	-2.8809E-1
1.0100E-4	9.2773E-3	-2.6763E-1
1.0200E-4	9.7656E-3	-2.4111E-1
1.0300E-4	1.0010E-2	-2.0713E-1
1.0400E-4	1.0010E-2	-1.6538E-1
1.0500E-4	1.0010E-2	-1.2158E-1
1.0600E-4	1.0010E-2	-7.1826E-2
1.0700E-4	9.7656E-3	-1.6846E-2
1.0800E-4	9.7656E-3	3.4717E-2
1.0900E-4	9.7656E-3	7.7344E-2
1.1000E-4	9.0332E-3	1.0820E-1
1.1100E-4	9.2773E-3	1.1992E-1
1.1200E-4	9.5215E-3	1.1021E-1
1.1300E-4	9.5215E-3	9.0967E-2
1.1400E-4	9.7656E-3	6.3818E-2
1.1500E-4	9.5215E-3	3.0176E-2
1.1600E-4	1.0010E-2	-5.4199E-3
1.1700E-4	1.0010E-2	-4.1846E-2
1.1800E-4	9.7656E-3	-8.4326E-2
1.1900E-4	1.0010E-2	-1.2886E-1
1.2000E-4	1.0010E-2	-1.7148E-1
1.2100E-4	9.7656E-3	-2.0996E-1
1.2200E-4	1.0010E-2	-2.4312E-1
1.2300E-4	9.0332E-3	-2.6831E-1
1.2400E-4	1.0254E-2	-2.8662E-1
1.2500E-4	1.0010E-2	-2.9839E-1
1.2600E-4	9.2773E-3	-3.0552E-1
1.2700E-4	9.5215E-3	-3.0557E-1
1.2800E-4	1.0254E-2	-3.0083E-1
1.2900E-4	9.5215E-3	-2.8779E-1
1.3000E-4	1.0010E-2	-2.6460E-1
1.3100E-4	1.0010E-2	-2.3086E-1
1.3200E-4	1.0254E-2	-1.9004E-1
1.3300E-4	9.7656E-3	-1.4336E-1
1.3400E-4	9.2773E-3	-9.3555E-2
1.3500E-4	9.5215E-3	-4.2578E-2
1.3600E-4	1.0010E-2	5.7129E-3
1.3700E-4	9.7656E-3	5.0000E-2
1.3800E-4	1.0254E-2	8.7158E-2
1.3900E-4	9.5215E-3	1.0527E-1
1.4000E-4	1.0254E-2	1.0767E-1
1.4100E-4	1.0254E-2	1.0098E-1
1.4200E-4	9.7656E-3	8.2422E-2
1.4300E-4	9.5215E-3	5.4199E-2
1.4400E-4	1.0010E-2	2.3633E-2
1.4500E-4	9.2773E-3	-1.2842E-2
1.4600E-4	9.5215E-3	-5.9033E-2
1.4700E-4	9.2773E-3	-1.0752E-1
1.4800E-4	9.2773E-3	-1.5454E-1
1.4900E-4	9.5215E-3	-1.9517E-1
1.5000E-4	1.0254E-2	-2.2964E-1
1.5100E-4	9.7656E-3	-2.5366E-1
1.5200E-4	9.2773E-3	-2.7056E-1
1.5300E-4	9.5215E-3	-2.7983E-1
1.5400E-4	9.7656E-3	-2.8062E-1
1.5500E-4	9.7656E-3	-2.7334E-1
1.5600E-4	9.5215E-3	-2.5820E-1
1.5700E-4	8.7891E-3	-2.3413E-1
1.5800E-4	9.7656E-3	-2.0293E-1
1.5900E-4	9.5215E-3	-1.6919E-1
1.6000E-4	1.0498E-2	-1.3105E-1
1.6100E-4	1.0254E-2	-9.0088E-2
1.6200E-4	9.7656E-3	-4.6191E-2
1.6300E-4	1.0010E-2	-2.7344E-3
1.6400E-4	9.2773E-3	4.0967E-2
1.6500E-4	9.0332E-3	8.1445E-2
1.6600E-4	1.0010E-2	1.1011E-1
1.6700E-4	1.0010E-2	1.2080E-1
1.6800E-4	9.7656E-3	1.1802E-1
1.6900E-4	9.5215E-3	1.0352E-1
1.7000E-4	9.7656E-3	7.9199E-2
1.7100E-4	9.7656E-3	4.8682E-2
1.7200E-4	9.2773E-3	1.6699E-2
1.7300E-4	1.0010E-2	-1.7773E-2
1.7400E-4	1.0010E-2	-5.5762E-2
1.7500E-4	1.0254E-2	-9.4531E-2
1.7600E-4	1.0254E-2	-1.3052E-1
1.7700E-4	1.0010E-2	-1.6040E-1
1.7800E-4	9.7656E-3	-1.8452E-1
1.7900E-4	1.0254E-2	-2.0156E-1
1.8000E-4	9.5215E-3	-2.1528E-1
1.8100E-4	1.0254E-2	-2.2217E-1
1.8200E-4	1.0010E-2	-2.2539E-1
1.8300E-4	9.7656E-3	-2.2324E-1
1.8400E-4	1.0498E-2	-2.1450E-1
1.8500E-4	9.7656E-3	-1.9585E-1
1.8600E-4	9.2773E-3	-1.6997E-1
1.8700E-4	1.0010E-2	-1.3901E-1
1.8800E-4	9.5215E-3	-1.0059E-1
1.8900E-4	1.0010E-2	-5.9131E-2
1.9000E-4	1.0010E-2	-1.5137E-2
1.9100E-4	9.7656E-3	2.7148E-2
1.9200E-4	9.7656E-3	6.8115E-2
1.9300E-4	9.5215E-3	1.0078E-1
1.9400E-4	1.0254E-2	1.2646E-1
1.9500E-4	1.0254E-2	1.3989E-1
1.9600E-4	1.0254E-2	1.4355E-1
1.9700E-4	9.7656E-3	1.3545E-1
1.9800E-4	1.0498E-2	1.1875E-1
1.9900E-4	1.0254E-2	9.4580E-2
2.0000E-4	1.0010E-2	6.4746E-2
2.0100E-4	9.2773E-3	2.9492E-2
2.0200E-4	1.0498E-2	-4.9316E-3
2.0300E-4	9.7656E-3	-3.8428E-2
2.0400E-4	9.7656E-3	-7.0605E-2
2.0500E-4	9.7656E-3	-9.5898E-2
2.0600E-4	1.0010E-2	-1.1323E-1
2.0700E-4	9.5215E-3	-1.2456E-1
2.0800E-4	9.7656E-3	-1.3101E-1
2.0900E-4	1.0010E-2	-1.3018E-1
2.1000E-4	1.0010E-2	-1.2617E-1
2.1100E-4	9.5215E-3	-1.1997E-1
2.1200E-4	1.0010E-2	-1.0820E-1
2.1300E-4	9.5215E-3	-8.9795E-2
2.1400E-4	1.0254E-2	-6.7139E-2
2.1500E-4	1.0254E-2	-4.2285E-2
2.1600E-4	9.7656E-3	-1.4111E-2
2.1700E-4	9.5215E-3	1.3867E-2
2.1800E-4	9.5215E-3	4.0381E-2
2.1900E-4	9.2773E-3	6.2402E-2
2.2000E-4	1.0010E-2	8.2666E-2
2.2100E-4	9.5215E-3	9.7363E-2
2.2200E-4	9.7656E-3	1.0518E-1
2.2300E-4	9.7656E-3	1.0488E-1
2.2400E-4	1.0986E-2	9.6973E-2
2.2500E-4	9.5215E-3	8.0322E-2
2.2600E-4	1.0010E-2	5.7764E-2
2.2700E-4	9.7656E-3	3.1201E-2
2.2800E-4	1.0010E-2	3.0762E-3
2.2900E-4	1.0498E-2	-2.1680E-2
2.3000E-4	9.5215E-3	-4.3457E-2
2.3100E-4	1.0010E-2	-6.0596E-2
2.3200E-4	9.5215E-3	-7.3389E-2
2.3300E-4	9.0332E-3	-8.0615E-2
2.3400E-4	9.7656E-3	-8.4131E-2
2.3500E-4	9.7656E-3	-8.2275E-2
2.3600E-4	1.0010E-2	-7.4658E-2
2.3700E-4	1.0742E-2	-6.2207E-2
2.3800E-4	1.0254E-2	-4.5752E-2
2.3900E-4	1.0254E-2	-2.5293E-2
2.4000E-4	1.0010E-2	6.3477E-4
2.4100E-4	1.0010E-2	2.6758E-2
2.4200E-4	9.2773E-3	5.2539E-2
2.4300E-4	9.7656E-3	7.2852E-2
2.4400E-4	1.0254E-2	8.7451E-2
2.4500E-4	1.0254E-2	9.3213E-2
2.4600E-4	1.0010E-2	9.3555E-2
2.4700E-4	9.7656E-3	8.7598E-2
2.4800E-4	9.5215E-3	7.9492E-2
2.4900E-4	1.0254E-2	6.6846E-2
2.5000E-4	1.0254E-2	5.2148E-2
2.5100E-4	1.0010E-2	3.5107E-2
2.5200E-4	1.0498E-2	1.7969E-2
2.5300E-4	1.0498E-2	7.3242E-4
2.5400E-4	9.5215E-3	-1.2988E-2
2.5500E-4	1.0254E-2	-2.4219E-2
2.5600E-4	1.0254E-2	-3.1934E-2
2.5700E-4	9.7656E-3	-3.5254E-2
2.5800E-4	1.0010E-2	-3.4717E-2
2.5900E-4	1.0010E-2	-3.0273E-2
2.6000E-4	9.5215E-3	-2.1484E-2
2.6100E-4	9.7656E-3	-8.8867E-3
2.6200E-4	9.5215E-3	4.0527E-3
2.6300E-4	9.5215E-3	2.1533E-2
2.6400E-4	9.7656E-3	4.0869E-2
2.6500E-4	9.0332E-3	5.9619E-2
2.6600E-4	9.5215E-3	8.0127E-2
2.6700E-4	9.7656E-3	1.0151E-1
2.6800E-4	9.5215E-3	1.1743E-1
2.6900E-4	9.5215E-3	1.2734E-1
2.7000E-4	9.2773E-3	1.2964E-1
2.7100E-4	9.5215E-3	1.2256E-1
2.7200E-4	9.5215E-3	1.0908E-1
2.7300E-4	9.7656E-3	8.8477E-2
2.7400E-4	9.7656E-3	6.4941E-2
2.7500E-4	1.0010E-2	3.7549E-2
2.7600E-4	9.5215E-3	8.7891E-3
2.7700E-4	9.2773E-3	-2.0313E-2
2.7800E-4	1.0010E-2	-4.8047E-2
2.7900E-4	9.5215E-3	-7.5977E-2
2.8000E-4	1.0254E-2	-9.7900E-2
2.8100E-4	9.5215E-3	-1.1694E-1
2.8200E-4	9.5215E-3	-1.3145E-1
2.8300E-4	9.5215E-3	-1.3931E-1
2.8400E-4	9.5215E-3	-1.3882E-1
2.8500E-4	9.7656E-3	-1.3423E-1
2.8600E-4	9.7656E-3	-1.2017E-1
2.8700E-4	1.0010E-2	-9.9512E-2
2.8800E-4	1.0010E-2	-7.2656E-2
2.8900E-4	8.5449E-3	-4.4092E-2
2.9000E-4	9.5215E-3	-6.9336E-3
2.9100E-4	1.0254E-2	3.2666E-2
2.9200E-4	1.0010E-2	7.3047E-2
2.9300E-4	9.7656E-3	1.1304E-1
2.9400E-4	1.0254E-2	1.5073E-1
2.9500E-4	1.0010E-2	1.7632E-1
2.9600E-4	9.2773E-3	1.9048E-1
2.9700E-4	9.5215E-3	1.9282E-1
2.9800E-4	9.5215E-3	1.8169E-1
2.9900E-4	9.7656E-3	1.5615E-1
3.0000E-4	9.5215E-3	1.2114E-1
3.0100E-4	9.0332E-3	7.6660E-2
3.0200E-4	1.0010E-2	2.6904E-2
3.0300E-4	9.5215E-3	-2.5781E-2
3.0400E-4	9.5215E-3	-7.4219E-2
3.0500E-4	9.2773E-3	-1.1455E-1
3.0600E-4	9.7656E-3	-1.4741E-1
3.0700E-4	9.2773E-3	-1.7363E-1
3.0800E-4	1.0254E-2	-1.9048E-1
3.0900E-4	9.2773E-3	-1.9819E-1
3.1000E-4	9.5215E-3	-2.0142E-1
3.1100E-4	1.0010E-2	-1.9819E-1
3.1200E-4	9.5215E-3	-1.8418E-1
3.1300E-4	9.7656E-3	-1.6245E-1
3.1400E-4	9.5215E-3	-1.3662E-1
3.1500E-4	9.5215E-3	-1.0283E-1
3.1600E-4	1.0254E-2	-6.2598E-2
3.1700E-4	9.5215E-3	-1.9922E-2
3.1800E-4	9.2773E-3	2.4023E-2
3.1900E-4	1.0010E-2	7.1143E-2
3.2000E-4	9.5215E-3	1.1719E-1
3.2100E-4	9.7656E-3	1.5630E-1
3.2200E-4	9.2773E-3	1.8140E-1
3.2300E-4	9.7656E-3	1.9683E-1
3.2400E-4	1.0010E-2	1.9478E-1
3.2500E-4	1.0010E-2	1.7593E-1
3.2600E-4	1.0254E-2	1.4536E-1
3.2700E-4	1.0254E-2	1.0698E-1
3.2800E-4	9.5215E-3	5.8252E-2
3.2900E-4	9.5215E-3	5.7617E-3
3.3000E-4	1.0010E-2	-4.9023E-2
3.3100E-4	9.5215E-3	-1.0088E-1
3.3200E-4	9.7656E-3	-1.4385E-1
3.3300E-4	9.7656E-3	-1.7690E-1
3.3400E-4	9.5215E-3	-2.0278E-1
3.3500E-4	9.5215E-3	-2.1841E-1
3.3600E-4	1.0010E-2	-2.2866E-1
3.3700E-4	1.0498E-2	-2.3672E-1
3.3800E-4	9.2773E-3	-2.4102E-1
3.3900E-4	9.5215E-3	-2.3853E-1
3.4000E-4	9.7656E-3	-2.3101E-1
3.4100E-4	9.7656E-3	-2.1563E-1
3.4200E-4	1.0010E-2	-1.9263E-1
3.4300E-4	9.7656E-3	-1.6318E-1
3.4400E-4	9.5215E-3	-1.2705E-1
3.4500E-4	9.5215E-3	-8.3936E-2
3.4600E-4	1.0010E-2	-3.1689E-2
3.4700E-4	9.5215E-3	2.7881E-2
3.4800E-4	1.0498E-2	9.1797E-2
3.4900E-4	1.0498E-2	1.5249E-1
3.5000E-4	1.0010E-2	1.9922E-1
3.5100E-4	9.0332E-3	2.2388E-1
3.5200E-4	9.7656E-3	2.2495E-1
3.5300E-4	1.0010E-2	2.0532E-1
3.5400E-4	9.5215E-3	1.6689E-1
3.5500E-4	9.7656E-3	1.1855E-1
3.5600E-4	1.0010E-2	6.4209E-2
3.5700E-4	9.5215E-3	6.0059E-3
3.5800E-4	9.2773E-3	-5.5615E-2
3.5900E-4	9.5215E-3	-1.1372E-1
3.6000E-4	1.0010E-2	-1.6602E-1
3.6100E-4	1.0254E-2	-2.0889E-1
3.6200E-4	1.0010E-2	-2.4097E-1
3.6300E-4	9.0332E-3	-2.6416E-1
3.6400E-4	1.0010E-2	-2.7637E-1
3.6500E-4	1.0010E-2	-2.7935E-1
3.6600E-4	9.7656E-3	-2.7603E-1
3.6700E-4	9.5215E-3	-2.6602E-1
3.6800E-4	9.5215E-3	-2.4438E-1
3.6900E-4	9.5215E-3	-2.1636E-1
3.7000E-4	9.7656E-3	-1.8398E-1
3.7100E-4	1.0254E-2	-1.4604E-1
3.7200E-4	9.5215E-3	-1.0288E-1
3.7300E-4	1.0254E-2	-5.7422E-2
3.7400E-4	1.0254E-2	-7.7637E-3
3.7500E-4	9.7656E-3	4.5166E-2
3.7600E-4	9.5215E-3	9.8437E-2
3.7700E-4	9.2773E-3	1.4727E-1
3.7800E-4	9.5215E-3	1.7964E-1
3.7900E-4	1.0254E-2	1.9253E-1
3.8000E-4	1.0010E-2	1.8921E-1
3.8100E-4	9.5215E-3	1.6885E-1
3.8200E-4	1.0010E-2	1.3184E-1
3.8300E-4	9.5215E-3	8.6963E-2
3.8400E-4	9.7656E-3	3.6426E-2
3.8500E-4	9.2773E-3	-1.9922E-2
3.8600E-4	9.7656E-3	-7.8223E-2
3.8700E-4	1.0254E-2	-1.3428E-1
3.8800E-4	1.0254E-2	-1.8433E-1
3.8900E-4	9.7656E-3	-2.2646E-1
3.9000E-4	9.5215E-3	-2.5786E-1
3.9100E-4	9.5215E-3	-2.7881E-1
3.9200E-4	1.0742E-2	-2.9077E-1
3.9300E-4	9.5215E-3	-2.9297E-1
3.9400E-4	1.0254E-2	-2.8779E-1
3.9500E-4	1.0010E-2	-2.7886E-1
3.9600E-4	9.7656E-3	-2.6611E-1
3.9700E-4	9.5215E-3	-2.4697E-1
3.9800E-4	1.0010E-2	-2.2241E-1
3.9900E-4	1.0254E-2	-1.9180E-1
4.0000E-4	9.7656E-3	-1.5127E-1
4.0100E-4	9.2773E-3	-1.0039E-1
4.0200E-4	9.7656E-3	-4.4238E-2
4.0300E-4	1.0010E-2	1.7090E-2
4.0400E-4	9.5215E-3	8.4814E-2
4.0500E-4	9.5215E-3	1.4814E-1
4.0600E-4	9.5215E-3	1.9644E-1
4.0700E-4	9.2773E-3	2.2432E-1
4.0800E-4	1.0254E-2	2.2959E-1
4.0900E-4	9.7656E-3	2.0864E-1
4.1000E-4	1.0254E-2	1.6768E-1
4.1100E-4	9.7656E-3	1.1323E-1
4.1200E-4	9.7656E-3	5.4297E-2
4.1300E-4	1.0010E-2	-7.0801E-3
4.1400E-4	1.0254E-2	-6.5039E-2
4.1500E-4	9.7656E-3	-1.1694E-1
4.1600E-4	9.5215E-3	-1.6011E-1
4.1700E-4	1.0254E-2	-1.9536E-1
4.1800E-4	9.5215E-3	-2.2007E-1
4.1900E-4	9.5215E-3	-2.3789E-1
4.2000E-4	1.0010E-2	-2.4971E-1
4.2100E-4	9.2773E-3	-2.5474E-1
4.2200E-4	1.0010E-2	-2.5439E-1
4.2300E-4	1.0254E-2	-2.5249E-1
4.2400E-4	1.0010E-2	-2.4478E-1
4.2500E-4	9.5215E-3	-2.3213E-1
4.2600E-4	1.0254E-2	-2.1289E-1
4.2700E-4	1.0010E-2	-1.8730E-1
4.2800E-4	9.7656E-3	-1.5273E-1
4.2900E-4	9.2773E-3	-1.1289E-1
4.3000E-4	1.0010E-2	-6.8994E-2
4.3100E-4	1.0254E-2	-2.1045E-2
4.3200E-4	1.0010E-2	3.1055E-2
4.3300E-4	9.7656E-3	8.1592E-2
4.3400E-4	1.0010E-2	1.2446E-1
4.3500E-4	1.0010E-2	1.5762E-1
4.3600E-4	9.7656E-3	1.7617E-1
4.3700E-4	9.7656E-3	1.7793E-1
4.3800E-4	1.0254E-2	1.6323E-1
4.3900E-4	1.0010E-2	1.3799E-1
4.4000E-4	1.0010E-2	1.0293E-1
4.4100E-4	9.2773E-3	5.9229E-2
4.4200E-4	9.7656E-3	1.0693E-2
4.4300E-4	9.5215E-3	-3.9160E-2
4.4400E-4	9.7656E-3	-8.7988E-2
4.4500E-4	1.0010E-2	-1.3208E-1
4.4600E-4	1.0010E-2	-1.7036E-1
4.4700E-4	1.0010E-2	-2.0010E-1
4.4800E-4	1.0254E-2	-2.2280E-1
4.4900E-4	1.0254E-2	-2.4341E-1
4.5000E-4	1.0498E-2	-2.6025E-1
4.5100E-4	9.5215E-3	-2.7314E-1
4.5200E-4	1.0010E-2	-2.8071E-1
4.5300E-4	9.5215E-3	-2.8408E-1
4.5400E-4	9.5215E-3	-2.8018E-1
4.5500E-4	9.5215E-3	-2.7148E-1
4.5600E-4	1.0010E-2	-2.5781E-1
4.5700E-4	9.5215E-3	-2.3975E-1
4.5800E-4	9.2773E-3	-2.1602E-1
4.5900E-4	1.0498E-2	-1.8311E-1
4.6000E-4	1.0010E-2	-1.4219E-1
4.6100E-4	9.7656E-3	-9.0967E-2
4.6200E-4	1.0254E-2	-3.6279E-2
4.6300E-4	9.5215E-3	2.3486E-2
4.6400E-4	9.5215E-3	8.0469E-2
4.6500E-4	1.0010E-2	1.2969E-1
4.6600E-4	9.2773E-3	1.6084E-1
4.6700E-4	1.0498E-2	1.7622E-1
4.6800E-4	1.0010E-2	1.6724E-1
4.6900E-4	9.2773E-3	1.3511E-1
4.7000E-4	1.0010E-2	8.1494E-2
4.7100E-4	9.0332E-3	1.5039E-2
4.7200E-4	1.0254E-2	-6.3037E-2
4.7300E-4	9.7656E-3	-1.4653E-1
4.7400E-4	9.7656E-3	-2.2959E-1
4.7500E-4	9.2773E-3	-3.0342E-1
4.7600E-4	9.7656E-3	-3.7017E-1
4.7700E-4	1.0010E-2	-4.2778E-1
4.7800E-4	9.5215E-3	-4.7290E-1
4.7900E-4	9.2773E-3	-5.0728E-1
4.8000E-4	1.0010E-2	-5.3604E-1
4.8100E-4	1.0010E-2	-5.5698E-1
4.8200E-4	1.0010E-2	-5.7070E-1
4.8300E-4	9.2773E-3	-5.8394E-1
4.8400E-4	9.0332E-3	-5.9292E-1
4.8500E-4	9.2773E-3	-5.9834E-1
4.8600E-4	9.5215E-3	-6.0166E-1
4.8700E-4	1.0010E-2	-6.0493E-1
4.8800E-4	1.0010E-2	-6.0293E-1
4.8900E-4	1.0254E-2	-6.0146E-1
4.9000E-4	9.7656E-3	-6.0244E-1
4.9100E-4	1.0010E-2	-6.0376E-1
4.9200E-4	1.0010E-2	-6.0840E-1
4.9300E-4	1.0010E-2	-6.1572E-1
4.9400E-4	1.0498E-2	-6.2266E-1
4.9500E-4	1.0498E-2	-6.2783E-1
4.9600E-4	9.2773E-3	-6.3311E-1
4.9700E-4	9.2773E-3	-6.3423E-1
4.9800E-4	9.7656E-3	-6.3589E-1
4.9900E-4	1.0254E-2	-6.3579E-1
5.0000E-4	9.7656E-3	-6.3521E-1
5.0100E-4	9.5215E-3	-6.3350E-1
5.0200E-4	9.5215E-3	-6.3164E-1
5.0300E-4	1.0010E-2	-6.2881E-1
5.0400E-4	9.7656E-3	-6.2476E-1
5.0500E-4	9.7656E-3	-6.1826E-1
5.0600E-4	9.2773E-3	-6.1245E-1
5.0700E-4	1.0254E-2	-6.0791E-1
5.0800E-4	9.5215E-3	-6.0054E-1
5.0900E-4	1.0010E-2	-5.9639E-1
5.1000E-4	1.0010E-2	-5.8945E-1
5.1100E-4	9.2773E-3	-5.7778E-1
5.1200E-4	9.7656E-3	-5.5962E-1
5.1300E-4	9.7656E-3	-5.3750E-1
5.1400E-4	9.7656E-3	-5.0708E-1
5.1500E-4	9.7656E-3	-4.6890E-1
5.1600E-4	9.5215E-3	-4.2012E-1
5.1700E-4	9.2773E-3	-3.6055E-1
5.1800E-4	9.7656E-3	-2.8350E-1
5.1900E-4	1.0254E-2	-1.9790E-1
5.2000E-4	9.5215E-3	-1.0894E-1
5.2100E-4	9.7656E-3	-2.0801E-2
5.2200E-4	9.7656E-3	5.8154E-2
5.2300E-4	9.5215E-3	1.1631E-1
5.2400E-4	1.0010E-2	1.5249E-1
5.2500E-4	1.0254E-2	1.6289E-1
5.2600E-4	1.0498E-2	1.4854E-1
5.2700E-4	9.7656E-3	1.1470E-1
5.2800E-4	9.2773E-3	6.7578E-2
5.2900E-4	9.7656E-3	1.0352E-2
5.3000E-4	1.0742E-2	-4.7559E-2
5.3100E-4	1.0010E-2	-1.0444E-1
5.3200E-4	8.7891E-3	-1.5669E-1
5.3300E-4	1.0498E-2	-2.0308E-1
5.3400E-4	9.7656E-3	-2.3833E-1
5.3500E-4	9.5215E-3	-2.6396E-1
5.3600E-4	9.0332E-3	-2.8013E-1
5.3700E-4	9.5215E-3	-2.8779E-1
5.3800E-4	9.5215E-3	-2.8940E-1
5.3900E-4	9.7656E-3	-2.8281E-1
5.4000E-4	9.7656E-3	-2.7349E-1
5.4100E-4	9.5215E-3	-2.6187E-1
5.4200E-4	1.0254E-2	-2.4722E-1
5.4300E-4	9.0332E-3	-2.2847E-1
5.4400E-4	9.5215E-3	-2.0864E-1
5.4500E-4	1.0010E-2	-1.8438E-1
5.4600E-4	1.0254E-2	-1.5806E-1
5.4700E-4	9.7656E-3	-1.2734E-1
5.4800E-4	9.5215E-3	-9.0234E-2
5.4900E-4	1.0010E-2	-4.9902E-2
5.5000E-4	9.7656E-3	-7.6172E-3
5.5100E-4	9.2773E-3	3.7891E-2
5.5200E-4	1.0010E-2	7.6563E-2
5.5300E-4	1.0010E-2	1.0195E-1
5.5400E-4	9.5215E-3	1.1333E-1
5.5500E-4	1.0742E-2	1.1045E-1
5.5600E-4	1.0254E-2	9.4727E-2
5.5700E-4	9.5215E-3	7.2510E-2
5.5800E-4	9.5215E-3	4.5020E-2
5.5900E-4	9.2773E-3	1.5332E-2
5.6000E-4	9.7656E-3	-1.6553E-2
5.6100E-4	9.5215E-3	-5.1172E-2
5.6200E-4	1.0254E-2	-8.9307E-2
5.6300E-4	9.7656E-3	-1.2856E-1
5.6400E-4	9.7656E-3	-1.6816E-1
5.6500E-4	9.7656E-3	-2.0107E-1
5.6600E-4	9.5215E-3	-2.3086E-1
5.6700E-4	1.0254E-2	-2.5464E-1
5.6800E-4	9.5215E-3	-2.6997E-1
5.6900E-4	9.5215E-3	-2.7480E-1
5.7000E-4	1.0254E-2	-2.7588E-1
5.7100E-4	1.0010E-2	-2.6768E-1
5.7200E-4	1.0010E-2	-2.5171E-1
5.7300E-4	9.7656E-3	-2.2793E-1
5.7400E-4	9.2773E-3	-1.9922E-1
5.7500E-4	1.0010E-2	-1.6450E-1
5.7600E-4	9.7656E-3	-1.2598E-1
5.7700E-4	9.7656E-3	-8.4131E-2
5.7800E-4	9.5215E-3	-3.9453E-2
5.7900E-4	1.0010E-2	4.1992E-3
5.8000E-4	9.7656E-3	4.2920E-2
5.8100E-4	9.5215E-3	7.2412E-2
5.8200E-4	9.2773E-3	8.3936E-2
5.8300E-4	9.5215E-3	7.6074E-2
5.8400E-4	1.0010E-2	5.8594E-2
5.8500E-4	9.7656E-3	3.3643E-2
5.8600E-4	1.0010E-2	5.1270E-3
5.8700E-4	1.0010E-2	-1.9043E-2
5.8800E-4	1.0010E-2	-4.1699E-2
5.8900E-4	1.0254E-2	-6.9043E-2
5.9000E-4	9.7656E-3	-9.7510E-2
5.9100E-4	9.7656E-3	-1.2563E-1
5.9200E-4	1.0010E-2	-1.5610E-1
5.9300E-4	9.5215E-3	-1.8823E-1
5.9400E-4	1.0254E-2	-2.2002E-1
5.9500E-4	1.0010E-2	-2.5044E-1
5.9600E-4	9.2773E-3	-2.8149E-1
5.9700E-4	9.2773E-3	-3.0620E-1
5.9800E-4	1.0254E-2	-3.2183E-1
5.9900E-4	9.2773E-3	-3.2627E-1
6.0000E-4	9.7656E-3	-3.1855E-1
6.0100E-4	9.5215E-3	-2.9888E-1
6.0200E-4	9.7656E-3	-2.7231E-1
6.0300E-4	9.7656E-3	-2.3716E-1
6.0400E-4	1.0254E-2	-1.9380E-1
6.0500E-4	9.5215E-3	-1.4844E-1
6.0600E-4	9.5215E-3	-9.9072E-2
6.0700E-4	9.5215E-3	-4.4775E-2
6.0800E-4	9.2773E-3	6.4453E-3
6.0900E-4	1.0254E-2	5.0684E-2
6.1000E-4	1.0010E-2	7.9395E-2
6.1100E-4	1.0010E-2	8.9453E-2
6.1200E-4	1.0010E-2	8.4180E-2
6.1300E-4	9.5215E-3	7.0117E-2
6.1400E-4	1.0254E-2	4.7070E-2
6.1500E-4	1.0010E-2	2.2949E-2
6.1600E-4	9.7656E-3	-1.6113E-3
6.1700E-4	9.5215E-3	-3.1738E-2
6.1800E-4	9.7656E-3	-6.5625E-2
6.1900E-4	9.2773E-3	-1.0630E-1
6.2000E-4	1.0010E-2	-1.5029E-1
6.2100E-4	9.7656E-3	-1.9141E-1
6.2200E-4	1.0254E-2	-2.2715E-1
6.2300E-4	9.7656E-3	-2.6089E-1
6.2400E-4	1.0010E-2	-2.8452E-1
6.2500E-4	1.0010E-2	-2.9941E-1
6.2600E-4	1.0254E-2	-3.0601E-1
6.2700E-4	9.5215E-3	-3.0278E-1
6.2800E-4	9.2773E-3	-2.8838E-1
6.2900E-4	1.0010E-2	-2.6890E-1
6.3000E-4	9.5215E-3	-2.4053E-1
6.3100E-4	1.0010E-2	-2.0781E-1
6.3200E-4	1.0254E-2	-1.7090E-1
6.3300E-4	9.2773E-3	-1.2808E-1
6.3400E-4	9.7656E-3	-7.8418E-2
6.3500E-4	1.0254E-2	-2.9736E-2
6.3600E-4	1.0010E-2	1.4355E-2
6.3700E-4	9.2773E-3	5.0342E-2
6.3800E-4	1.0010E-2	7.2021E-2
6.3900E-4	9.2773E-3	7.9053E-2
6.4000E-4	9.5215E-3	7.3975E-2
6.4100E-4	9.0332E-3	6.2500E-2
6.4200E-4	9.7656E-3	4.6533E-2
6.4300E-4	9.5215E-3	2.8906E-2
6.4400E-4	1.0010E-2	6.3477E-3
6.4500E-4	1.0010E-2	-2.1094E-2
6.4600E-4	1.0742E-2	-5.8203E-2
6.4700E-4	1.0254E-2	-9.9805E-2
6.4800E-4	1.0010E-2	-1.4409E-1
6.4900E-4	9.5215E-3	-1.8516E-1
6.5000E-4	1.0010E-2	-2.2153E-1
6.5100E-4	9.7656E-3	-2.4800E-1
6.5200E-4	1.0010E-2	-2.6968E-1
6.5300E-4	9.7656E-3	-2.8340E-1
6.5400E-4	9.5215E-3	-2.8936E-1
6.5500E-4	9.7656E-3	-2.8516E-1
6.5600E-4	1.0498E-2	-2.7471E-1
6.5700E-4	9.5215E-3	-2.5371E-1
6.5800E-4	9.5215E-3	-2.2500E-1
6.5900E-4	9.2773E-3	-1.9292E-1
6.6000E-4	9.5215E-3	-1.5913E-1
6.6100E-4	9.7656E-3	-1.1855E-1
6.6200E-4	9.5215E-3	-7.8516E-2
6.6300E-4	1.0010E-2	-3.7549E-2
6.6400E-4	1.0010E-2	5.7617E-3
6.6500E-4	9.5215E-3	4.7607E-2
6.6600E-4	1.0254E-2	7.9736E-2
6.6700E-4	9.5215E-3	1.0142E-1
6.6800E-4	9.5215E-3	1.0923E-1
6.6900E-4	1.0010E-2	1.0229E-1
6.7000E-4	1.0010E-2	8.5498E-2
6.7100E-4	1.0010E-2	6.4795E-2
6.7200E-4	9.7656E-3	4.0967E-2
6.7300E-4	1.0010E-2	1.1621E-2
6.7400E-4	1.0010E-2	-2.1582E-2
6.7500E-4	1.0010E-2	-5.7080E-2
6.7600E-4	1.0010E-2	-9.6143E-2
6.7700E-4	9.7656E-3	-1.3281E-1
6.7800E-4	9.7656E-3	-1.6357E-1
6.7900E-4	1.0010E-2	-1.8481E-1
6.8000E-4	9.7656E-3	-1.9873E-1
6.8100E-4	9.7656E-3	-2.0605E-1
6.8200E-4	1.0010E-2	-2.0542E-1
6.8300E-4	9.2773E-3	-1.9907E-1
6.8400E-4	1.0254E-2	-1.8711E-1
6.8500E-4	9.7656E-3	-1.6787E-1
6.8600E-4	1.0742E-2	-1.4048E-1
6.8700E-4	1.0010E-2	-1.1045E-1
6.8800E-4	1.0010E-2	-7.3291E-2
6.8900E-4	1.0010E-2	-3.3789E-2
6.9000E-4	1.0498E-2	6.3965E-3
6.9100E-4	1.0010E-2	4.5557E-2
6.9200E-4	9.7656E-3	7.8369E-2
6.9300E-4	9.5215E-3	1.0591E-1
6.9400E-4	9.5215E-3	1.2559E-1
6.9500E-4	9.2773E-3	1.3408E-1
6.9600E-4	1.0010E-2	1.2847E-1
6.9700E-4	9.7656E-3	1.1802E-1
6.9800E-4	1.0010E-2	9.8486E-2
6.9900E-4	9.7656E-3	7.0459E-2
7.0000E-4	9.7656E-3	3.7012E-2
7.0100E-4	1.0254E-2	5.3711E-3
7.0200E-4	9.7656E-3	-2.6953E-2
7.0300E-4	1.0010E-2	-6.0937E-2
7.0400E-4	1.0010E-2	-9.0869E-2
7.0500E-4	9.7656E-3	-1.1846E-1
7.0600E-4	1.0010E-2	-1.4102E-1
7.0700E-4	1.0010E-2	-1.5669E-1
7.0800E-4	1.0498E-2	-1.6250E-1
7.0900E-4	9.7656E-3	-1.5981E-1
7.1000E-4	9.5215E-3	-1.4731E-1
7.1100E-4	1.0254E-2	-1.2837E-1
7.1200E-4	1.0254E-2	-1.0605E-1
7.1300E-4	9.5215E-3	-8.2471E-2
7.1400E-4	9.5215E-3	-5.5420E-2
7.1500E-4	1.0010E-2	-2.7588E-2
7.1600E-4	9.7656E-3	1.4648E-4
7.1700E-4	9.7656E-3	2.6514E-2
7.1800E-4	1.0010E-2	5.2637E-2
7.1900E-4	9.5215E-3	7.4023E-2
7.2000E-4	1.0010E-2	9.4092E-2
7.2100E-4	9.0332E-3	1.1074E-1
7.2200E-4	9.5215E-3	1.2046E-1
7.2300E-4	9.2773E-3	1.2173E-1
7.2400E-4	1.0010E-2	1.1709E-1
7.2500E-4	1.0010E-2	1.0303E-1
7.2600E-4	1.0254E-2	7.9785E-2
7.2700E-4	1.0010E-2	5.3906E-2
7.2800E-4	1.0254E-2	2.7148E-2
7.2900E-4	9.2773E-3	2.4414E-4
7.3000E-4	1.0010E-2	-2.2705E-2
7.3100E-4	9.5215E-3	-4.1455E-2
7.3200E-4	1.0498E-2	-5.4297E-2
7.3300E-4	1.0010E-2	-6.0645E-2
7.3400E-4	1.0254E-2	-6.1328E-2
7.3500E-4	9.7656E-3	-5.7471E-2
7.3600E-4	1.0010E-2	-4.8828E-2
7.3700E-4	1.0010E-2	-3.8379E-2
7.3800E-4	1.0498E-2	-2.6221E-2
7.3900E-4	9.5215E-3	-1.1670E-2
7.4000E-4	1.0010E-2	2.9297E-3
7.4100E-4	9.5215E-3	1.8604E-2
7.4200E-4	9.7656E-3	3.4912E-2
7.4300E-4	1.0010E-2	4.9365E-2
7.4400E-4	9.5215E-3	6.0400E-2
7.4500E-4	9.2773E-3	7.1436E-2
7.4600E-4	9.7656E-3	7.7051E-2
7.4700E-4	9.7656E-3	7.7002E-2
7.4800E-4	9.7656E-3	7.3340E-2
7.4900E-4	9.5215E-3	6.5576E-2
7.5000E-4	9.2773E-3	5.2637E-2
7.5100E-4	9.2773E-3	3.5840E-2
7.5200E-4	9.7656E-3	1.6113E-2
7.5300E-4	1.0010E-2	-4.1504E-3
7.5400E-4	9.5215E-3	-2.1582E-2
7.5500E-4	1.0010E-2	-3.9258E-2
7.5600E-4	9.7656E-3	-5.2246E-2
7.5700E-4	9.5215E-3	-5.8936E-2
7.5800E-4	1.0254E-2	-6.1768E-2
7.5900E-4	9.7656E-3	-6.1719E-2
7.6000E-4	1.0010E-2	-5.3955E-2
7.6100E-4	9.5215E-3	-3.9258E-2
7.6200E-4	9.7656E-3	-2.1338E-2
7.6300E-4	1.0010E-2	2.1484E-3
7.6400E-4	1.0254E-2	2.9297E-2
7.6500E-4	1.0254E-2	5.6689E-2
7.6600E-4	1.0010E-2	8.4033E-2
7.6700E-4	8.7891E-3	1.1006E-1
7.6800E-4	1.0254E-2	1.2983E-1
7.6900E-4	9.7656E-3	1.4473E-1
7.7000E-4	9.5215E-3	1.5039E-1
7.7100E-4	9.7656E-3	1.4448E-1
7.7200E-4	9.5215E-3	1.2944E-1
7.7300E-4	9.5215E-3	1.0923E-1
7.7400E-4	9.2773E-3	8.0469E-2
7.7500E-4	9.5215E-3	4.9121E-2
7.7600E-4	1.0254E-2	1.7236E-2
7.7700E-4	1.0254E-2	-1.2939E-2
7.7800E-4	1.0254E-2	-4.2725E-2
7.7900E-4	1.0010E-2	-7.0410E-2
7.8000E-4	1.0010E-2	-9.1943E-2
7.8100E-4	9.5215E-3	-1.0967E-1
7.8200E-4	9.5215E-3	-1.2324E-1
7.8300E-4	1.0498E-2	-1.2788E-1
7.8400E-4	1.0010E-2	-1.2441E-1
7.8500E-4	9.5215E-3	-1.1646E-1
7.8600E-4	9.5215E-3	-9.8437E-2
7.8700E-4	9.7656E-3	-7.2217E-2
7.8800E-4	1.0254E-2	-4.4043E-2
7.8900E-4	1.0010E-2	-9.9121E-3
7.9000E-4	1.0010E-2	2.5879E-2
7.9100E-4	9.5215E-3	6.1768E-2
7.9200E-4	9.5215E-3	9.8193E-2
7.9300E-4	1.0010E-2	1.2969E-1
7.9400E-4	9.7656E-3	1.5293E-1
7.9500E-4	1.0010E-2	1.6904E-1
7.9600E-4	1.0010E-2	1.7427E-1
7.9700E-4	9.0332E-3	1.6650E-1
7.9800E-4	9.7656E-3	1.4971E-1
7.9900E-4	9.5215E-3	1.2344E-1
8.0000E-4	1.0254E-2	8.9160E-2
8.0100E-4	1.0254E-2	5.0488E-2
8.0200E-4	1.0498E-2	5.3711E-3
8.0300E-4	1.0010E-2	-4.2334E-2
8.0400E-4	9.7656E-3	-8.7061E-2
8.0500E-4	9.7656E-3	-1.2725E-1
8.0600E-4	1.0254E-2	-1.6343E-1
8.0700E-4	9.5215E-3	-1.8901E-1
8.0800E-4	1.0010E-2	-2.0542E-1
8.0900E-4	1.0254E-2	-2.1514E-1
8.1000E-4	9.2773E-3	-2.1519E-1
8.1100E-4	9.7656E-3	-2.0786E-1
8.1200E-4	9.5215E-3	-1.9268E-1
8.1300E-4	9.5215E-3	-1.6938E-1
8.1400E-4	1.0254E-2	-1.4097E-1
8.1500E-4	9.7656E-3	-1.0903E-1
8.1600E-4	1.0010E-2	-7.3242E-2
8.1700E-4	9.7656E-3	-3.6475E-2
8.1800E-4	9.7656E-3	3.3203E-3
8.1900E-4	9.7656E-3	4.5605E-2
8.2000E-4	9.5215E-3	8.8281E-2
8.2100E-4	1.0010E-2	1.2944E-1
8.2200E-4	9.7656E-3	1.6274E-1
8.2300E-4	9.7656E-3	1.8071E-1
8.2400E-4	9.7656E-3	1.8301E-1
8.2500E-4	9.7656E-3	1.6953E-1
8.2600E-4	1.0010E-2	1.4424E-1
8.2700E-4	9.5215E-3	1.0732E-1
8.2800E-4	1.0498E-2	6.3721E-2
8.2900E-4	1.0010E-2	1.6260E-2
8.3000E-4	1.0010E-2	-3.3350E-2
8.3100E-4	9.5215E-3	-8.6865E-2
8.3200E-4	1.0498E-2	-1.3506E-1
8.3300E-4	1.0010E-2	-1.7300E-1
8.3400E-4	9.2773E-3	-2.0190E-1
8.3500E-4	9.5215E-3	-2.2344E-1
8.3600E-4	1.0010E-2	-2.3608E-1
8.3700E-4	9.7656E-3	-2.4375E-1
8.3800E-4	1.0010E-2	-2.4678E-1
8.3900E-4	9.7656E-3	-2.4312E-1
8.4000E-4	1.0254E-2	-2.3398E-1
8.4100E-4	1.0254E-2	-2.1836E-1
8.4200E-4	9.7656E-3	-1.9072E-1
8.4300E-4	9.7656E-3	-1.5898E-1
8.4400E-4	9.0332E-3	-1.2163E-1
8.4500E-4	9.7656E-3	-7.4463E-2
8.4600E-4	1.0498E-2	-1.9531E-2
8.4700E-4	1.0254E-2	3.5889E-2
8.4800E-4	9.5215E-3	9.2334E-2
8.4900E-4	9.7656E-3	1.4063E-1
8.5000E-4	1.0254E-2	1.6919E-1
8.5100E-4	1.0254E-2	1.7529E-1
8.5200E-4	1.0010E-2	1.6294E-1
8.5300E-4	9.7656E-3	1.3081E-1
8.5400E-4	1.0010E-2	8.6670E-2
8.5500E-4	9.5215E-3	3.8379E-2
8.5600E-4	1.0498E-2	-1.2744E-2
8.5700E-4	9.2773E-3	-6.4404E-2
8.5800E-4	1.0010E-2	-1.1333E-1
8.5900E-4	9.7656E-3	-1.5952E-1
8.6000E-4	1.0254E-2	-2.0088E-1
8.6100E-4	9.0332E-3	-2.3359E-1
8.6200E-4	1.0254E-2	-2.6011E-1
8.6300E-4	1.0010E-2	-2.7832E-1
8.6400E-4	9.7656E-3	-2.8784E-1
8.6500E-4	1.0254E-2	-2.8950E-1
8.6600E-4	1.0254E-2	-2.8667E-1
8.6700E-4	9.5215E-3	-2.7842E-1
8.6800E-4	1.0254E-2	-2.6636E-1
8.6900E-4	9.2773E-3	-2.4902E-1
8.7000E-4	9.5215E-3	-2.2383E-1
8.7100E-4	9.2773E-3	-1.8970E-1
8.7200E-4	9.7656E-3	-1.4995E-1
8.7300E-4	1.0010E-2	-1.0156E-1
8.7400E-4	1.0254E-2	-4.7754E-2
8.7500E-4	9.5215E-3	7.0801E-3
8.7600E-4	1.0254E-2	6.2549E-2
8.7700E-4	9.7656E-3	1.1343E-1
8.7800E-4	1.0010E-2	1.5049E-1
8.7900E-4	1.0010E-2	1.7075E-1
8.8000E-4	9.5215E-3	1.7188E-1
8.8100E-4	9.5215E-3	1.5244E-1
8.8200E-4	1.0010E-2	1.1987E-1
8.8300E-4	9.7656E-3	8.0029E-2
8.8400E-4	1.0010E-2	3.3691E-2
8.8500E-4	9.7656E-3	-1.7432E-2
8.8600E-4	9.2773E-3	-6.9482E-2
8.8700E-4	9.2773E-3	-1.2280E-1
8.8800E-4	9.7656E-3	-1.7192E-1
8.8900E-4	9.2773E-3	-2.1392E-1
8.9000E-4	1.0498E-2	-2.4468E-1
8.9100E-4	1.0498E-2	-2.6343E-1
8.9200E-4	1.0254E-2	-2.7373E-1
8.9300E-4	9.7656E-3	-2.7725E-1
8.9400E-4	9.7656E-3	-2.7397E-1
8.9500E-4	9.2773E-3	-2.6631E-1
8.9600E-4	9.5215E-3	-2.5474E-1
8.9700E-4	9.7656E-3	-2.3276E-1
8.9800E-4	9.7656E-3	-2.0469E-1
8.9900E-4	9.5215E-3	-1.6924E-1
9.0000E-4	1.0254E-2	-1.2568E-1
9.0100E-4	9.0332E-3	-7.6025E-2
9.0200E-4	1.0010E-2	-2.2266E-2
9.0300E-4	1.0010E-2	3.1689E-2
9.0400E-4	1.0254E-2	8.3252E-2
9.0500E-4	9.7656E-3	1.3086E-1
9.0600E-4	1.0010E-2	1.6406E-1
9.0700E-4	1.0254E-2	1.7759E-1
9.0800E-4	1.0254E-2	1.7529E-1
9.0900E-4	9.7656E-3	1.5679E-1
9.1000E-4	9.7656E-3	1.2251E-1
9.1100E-4	9.7656E-3	8.1885E-2
9.1200E-4	1.0010E-2	3.7988E-2
9.1300E-4	9.2773E-3	-9.4727E-3
9.1400E-4	9.7656E-3	-5.8740E-2
9.1500E-4	9.5215E-3	-1.0420E-1
9.1600E-4	1.0254E-2	-1.5029E-1
9.1700E-4	9.0332E-3	-1.9097E-1
9.1800E-4	1.0010E-2	-2.2422E-1
9.1900E-4	9.7656E-3	-2.4873E-1
9.2000E-4	9.5215E-3	-2.6724E-1
9.2100E-4	1.0010E-2	-2.7329E-1
9.2200E-4	1.0498E-2	-2.7368E-1
9.2300E-4	9.5215E-3	-2.6924E-1
9.2400E-4	1.0010E-2	-2.6113E-1
9.2500E-4	1.0010E-2	-2.4780E-1
9.2600E-4	9.2773E-3	-2.2783E-1
9.2700E-4	9.0332E-3	-2.0337E-1
9.2800E-4	1.0010E-2	-1.6958E-1
9.2900E-4	9.7656E-3	-1.2861E-1
9.3000E-4	9.7656E-3	-8.3643E-2
9.3100E-4	9.2773E-3	-3.5889E-2
9.3200E-4	1.0498E-2	1.6504E-2
9.3300E-4	9.7656E-3	6.7676E-2
9.3400E-4	9.5215E-3	1.1572E-1
9.3500E-4	1.0010E-2	1.5010E-1
9.3600E-4	9.5215E-3	1.6738E-1
9.3700E-4	9.2773E-3	1.6943E-1
9.3800E-4	1.0010E-2	1.5610E-1
9.3900E-4	1.0010E-2	1.2783E-1
9.4000E-4	1.0010E-2	9.4092E-2
9.4100E-4	9.7656E-3	5.5518E-2
9.4200E-4	1.0010E-2	1.2988E-2
9.4300E-4	9.5215E-3	-3.3203E-2
9.4400E-4	9.7656E-3	-8.1250E-2
9.4500E-4	9.5215E-3	-1.2788E-1
9.4600E-4	9.7656E-3	-1.6987E-1
9.4700E-4	9.5215E-3	-2.0679E-1
9.4800E-4	9.7656E-3	-2.3745E-1
9.4900E-4	9.5215E-3	-2.5933E-1
9.5000E-4	9.5215E-3	-2.7515E-1
9.5100E-4	9.5215E-3	-2.8442E-1
9.5200E-4	9.7656E-3	-2.8975E-1
9.5300E-4	9.5215E-3	-2.9106E-1
9.5400E-4	1.0254E-2	-2.8687E-1
9.5500E-4	9.2773E-3	-2.7612E-1
9.5600E-4	1.0010E-2	-2.5938E-1
9.5700E-4	9.5215E-3	-2.3823E-1
9.5800E-4	1.0254E-2	-2.1025E-1
9.5900E-4	1.0010E-2	-1.7710E-1
9.6000E-4	9.5215E-3	-1.3955E-1
9.6100E-4	9.7656E-3	-9.7559E-2
9.6200E-4	9.7656E-3	-4.8145E-2
9.6300E-4	9.5215E-3	2.4414E-3
9.6400E-4	9.5215E-3	5.4150E-2
9.6500E-4	9.5215E-3	1.0322E-1
9.6600E-4	1.0010E-2	1.4072E-1
9.6700E-4	1.0254E-2	1.6050E-1
9.6800E-4	1.0010E-2	1.6426E-1
9.6900E-4	9.5215E-3	1.4487E-1
9.7000E-4	9.7656E-3	1.0151E-1
9.7100E-4	9.7656E-3	3.8867E-2
9.7200E-4	1.0254E-2	-3.8330E-2
9.7300E-4	9.2773E-3	-1.2588E-1
9.7400E-4	9.7656E-3	-2.1484E-1
9.7500E-4	1.0010E-2	-2.9873E-1
9.7600E-4	9.7656E-3	-3.7217E-1
9.7700E-4	9.2773E-3	-4.3267E-1
9.7800E-4	9.5215E-3	-4.8354E-1
9.7900E-4	1.0010E-2	-5.2007E-1
9.8000E-4	9.7656E-3	-5.4570E-1
9.8100E-4	9.2773E-3	-5.6587E-1
9.8200E-4	1.0010E-2	-5.8262E-1
9.8300E-4	9.5215E-3	-5.9312E-1
9.8400E-4	1.0254E-2	-6.0342E-1
9.8500E-4	9.7656E-3	-6.1191E-1
9.8600E-4	9.7656E-3	-6.1631E-1
9.8700E-4	9.7656E-3	-6.1709E-1
9.8800E-4	1.0010E-2	-6.1489E-1
9.8900E-4	9.7656E-3	-6.1177E-1
9.9000E-4	9.7656E-3	-6.1147E-1
9.9100E-4	1.0010E-2	-6.1226E-1
9.9200E-4	9.2773E-3	-6.1328E-1
9.9300E-4	1.0498E-2	-6.1157E-1
9.9400E-4	1.0010E-2	-6.1128E-1
9.9500E-4	1.0010E-2	-6.1055E-1
9.9600E-4	9.7656E-3	-6.1118E-1
9.9700E-4	9.2773E-3	-6.1533E-1
9.9800E-4	1.0010E-2	-6.1533E-1
9.9900E-4	9.7656E-3	-6.1533E-1
