Time [s]	Aux in [V]	Main in [V]
0.0000E+0	1.0498E-2	-7.7734E-1
1.0000E-6	9.7656E-3	-7.7622E-1
2.0000E-6	9.2773E-3	-7.7461E-1
3.0000E-6	9.5215E-3	-7.7148E-1
4.0000E-6	1.0742E-2	-7.6748E-1
5.0000E-6	9.7656E-3	-7.6592E-1
6.0000E-6	9.0332E-3	-7.6211E-1
7.0000E-6	1.0254E-2	-7.5259E-1
8.0000E-6	1.0010E-2	-7.3965E-1
9.0000E-6	9.7656E-3	-7.2202E-1
1.0000E-5	9.5215E-3	-6.9526E-1
1.1000E-5	9.7656E-3	-6.5981E-1
1.2000E-5	9.5215E-3	-6.1826E-1
1.3000E-5	9.7656E-3	-5.6636E-1
1.4000E-5	9.5215E-3	-5.0103E-1
1.5000E-5	9.7656E-3	-4.2334E-1
1.6000E-5	9.5215E-3	-3.3496E-1
1.7000E-5	9.0332E-3	-2.3442E-1
1.8000E-5	9.5215E-3	-1.3345E-1
1.9000E-5	9.7656E-3	-4.3066E-2
2.0000E-5	9.7656E-3	2.4756E-2
2.1000E-5	1.0010E-2	6.3525E-2
2.2000E-5	1.0254E-2	7.0508E-2
2.3000E-5	9.2773E-3	4.9316E-2
2.4000E-5	9.2773E-3	5.1758E-3
2.5000E-5	9.2773E-3	-4.8877E-2
2.6000E-5	9.5215E-3	-1.1055E-1
2.7000E-5	9.2773E-3	-1.7769E-1
2.8000E-5	9.2773E-3	-2.4272E-1
2.9000E-5	9.5215E-3	-3.0068E-1
3.0000E-5	1.0010E-2	-3.5308E-1
3.1000E-5	1.0010E-2	-3.9624E-1
3.2000E-5	9.2773E-3	-4.2739E-1
3.3000E-5	9.5215E-3	-4.4902E-1
3.4000E-5	9.0332E-3	-4.6240E-1
3.5000E-5	9.5215E-3	-4.6597E-1
3.6000E-5	1.0010E-2	-4.6177E-1
3.7000E-5	1.0010E-2	-4.5112E-1
3.8000E-5	9.2773E-3	-4.3672E-1
3.9000E-5	1.0254E-2	-4.1782E-1
4.0000E-5	9.7656E-3	-3.9668E-1
4.1000E-5	1.0010E-2	-3.7051E-1
4.2000E-5	1.0254E-2	-3.4219E-1
4.3000E-5	9.5215E-3	-3.0864E-1
4.4000E-5	1.0010E-2	-2.6855E-1
4.5000E-5	9.2773E-3	-2.2261E-1
4.6000E-5	9.7656E-3	-1.7368E-1
4.7000E-5	9.2773E-3	-1.2261E-1
4.8000E-5	9.5215E-3	-7.2852E-2
4.9000E-5	1.0010E-2	-3.1641E-2
5.0000E-5	9.7656E-3	-3.9063E-4
5.1000E-5	9.7656E-3	1.8848E-2
5.2000E-5	1.0010E-2	2.3096E-2
5.3000E-5	1.0254E-2	1.3086E-2
5.4000E-5	9.5215E-3	-8.7891E-3
5.5000E-5	9.7656E-3	-4.5166E-2
5.6000E-5	9.7656E-3	-8.9893E-2
5.7000E-5	9.5215E-3	-1.4155E-1
5.8000E-5	9.2773E-3	-1.9355E-1
5.9000E-5	9.5215E-3	-2.4409E-1
6.0000E-5	1.0254E-2	-2.8765E-1
6.1000E-5	9.2773E-3	-3.2681E-1
6.2000E-5	9.2773E-3	-3.5850E-1
6.3000E-5	1.0254E-2	-3.8423E-1
6.4000E-5	9.5215E-3	-4.0571E-1
6.5000E-5	1.0010E-2	-4.1982E-1
6.6000E-5	1.0010E-2	-4.2661E-1
6.7000E-5	9.7656E-3	-4.2661E-1
6.8000E-5	1.0010E-2	-4.2007E-1
6.9000E-5	9.7656E-3	-4.0347E-1
7.0000E-5	1.0010E-2	-3.7856E-1
7.1000E-5	9.2773E-3	-3.4526E-1
7.2000E-5	1.0010E-2	-3.0596E-1
7.3000E-5	1.0010E-2	-2.6235E-1
7.4000E-5	9.5215E-3	-2.1484E-1
7.5000E-5	9.5215E-3	-1.6787E-1
7.6000E-5	9.7656E-3	-1.2046E-1
7.7000E-5	1.0010E-2	-7.3486E-2
7.8000E-5	9.7656E-3	-3.1592E-2
7.9000E-5	1.0010E-2	-2.2461E-3
8.0000E-5	1.0010E-2	1.2988E-2
8.1000E-5	1.0254E-2	1.2158E-2
8.2000E-5	9.7656E-3	-2.8320E-3
8.3000E-5	1.0254E-2	-3.0420E-2
8.4000E-5	9.5215E-3	-6.7432E-2
8.5000E-5	9.5215E-3	-1.0928E-1
8.6000E-5	1.0254E-2	-1.5937E-1
8.7000E-5	1.0010E-2	-2.1245E-1
8.8000E-5	9.7656E-3	-2.6782E-1
8.9000E-5	9.5215E-3	-3.1958E-1
9.0000E-5	9.2773E-3	-3.6675E-1
9.1000E-5	9.5215E-3	-4.0171E-1
9.2000E-5	1.0010E-2	-4.2832E-1
9.3000E-5	9.2773E-3	-4.4438E-1
9.4000E-5	9.5215E-3	-4.4932E-1
9.5000E-5	9.5215E-3	-4.4487E-1
9.6000E-5	1.0010E-2	-4.3462E-1
9.7000E-5	9.7656E-3	-4.1914E-1
9.8000E-5	9.5215E-3	-3.9937E-1
9.9000E-5	9.5215E-3	-3.7939E-1
1.0000E-4	9.7656E-3	-3.5386E-1
1.0100E-4	9.5215E-3	-3.2290E-1
1.0200E-4	1.0254E-2	-2.8701E-1
1.0300E-4	9.7656E-3	-2.4229E-1
1.0400E-4	9.7656E-3	-1.9082E-1
1.0500E-4	1.0010E-2	-1.3540E-1
1.0600E-4	9.5215E-3	-7.9297E-2
1.0700E-4	9.5215E-3	-2.5244E-2
1.0800E-4	9.7656E-3	1.2061E-2
1.0900E-4	9.2773E-3	3.2617E-2
1.1000E-4	9.5215E-3	3.1055E-2
1.1100E-4	9.2773E-3	1.0303E-2
1.1200E-4	9.7656E-3	-2.8662E-2
1.1300E-4	1.0498E-2	-7.5195E-2
1.1400E-4	9.7656E-3	-1.2529E-1
1.1500E-4	9.2773E-3	-1.8037E-1
1.1600E-4	9.7656E-3	-2.3647E-1
1.1700E-4	9.0332E-3	-2.9067E-1
1.1800E-4	9.2773E-3	-3.3975E-1
1.1900E-4	9.7656E-3	-3.8130E-1
1.2000E-4	9.7656E-3	-4.1265E-1
1.2100E-4	1.0010E-2	-4.3472E-1
1.2200E-4	1.0254E-2	-4.4365E-1
1.2300E-4	9.2773E-3	-4.4536E-1
1.2400E-4	9.2773E-3	-4.4136E-1
1.2500E-4	1.0254E-2	-4.3032E-1
1.2600E-4	9.7656E-3	-4.1343E-1
1.2700E-4	9.2773E-3	-3.9063E-1
1.2800E-4	1.0254E-2	-3.6123E-1
1.2900E-4	9.7656E-3	-3.2451E-1
1.3000E-4	1.0254E-2	-2.7505E-1
1.3100E-4	9.2773E-3	-2.1890E-1
1.3200E-4	1.0010E-2	-1.5830E-1
1.3300E-4	9.2773E-3	-9.1357E-2
1.3400E-4	1.0254E-2	-2.7490E-2
1.3500E-4	9.2773E-3	2.5244E-2
1.3600E-4	9.2773E-3	5.8447E-2
1.3700E-4	9.2773E-3	6.7236E-2
1.3800E-4	1.0498E-2	5.4150E-2
1.3900E-4	1.0498E-2	2.3730E-2
1.4000E-4	9.7656E-3	-2.3291E-2
1.4100E-4	1.0010E-2	-7.3779E-2
1.4200E-4	1.0254E-2	-1.2563E-1
1.4300E-4	9.5215E-3	-1.8105E-1
1.4400E-4	9.2773E-3	-2.3716E-1
1.4500E-4	9.5215E-3	-2.9009E-1
1.4600E-4	9.5215E-3	-3.3872E-1
1.4700E-4	1.0010E-2	-3.8105E-1
1.4800E-4	1.0010E-2	-4.1230E-1
1.4900E-4	9.7656E-3	-4.3276E-1
1.5000E-4	9.7656E-3	-4.4219E-1
1.5100E-4	1.0010E-2	-4.4414E-1
1.5200E-4	9.7656E-3	-4.3545E-1
1.5300E-4	1.0254E-2	-4.2153E-1
1.5400E-4	1.0498E-2	-4.0254E-1
1.5500E-4	1.0010E-2	-3.7603E-1
1.5600E-4	1.0010E-2	-3.3994E-1
1.5700E-4	1.0010E-2	-2.9780E-1
1.5800E-4	9.7656E-3	-2.4849E-1
1.5900E-4	9.5215E-3	-1.9111E-1
1.6000E-4	9.5215E-3	-1.3384E-1
1.6100E-4	9.7656E-3	-7.3389E-2
1.6200E-4	1.0254E-2	-1.6455E-2
1.6300E-4	9.5215E-3	2.8857E-2
1.6400E-4	1.0010E-2	5.3662E-2
1.6500E-4	1.0254E-2	5.9521E-2
1.6600E-4	9.5215E-3	4.6094E-2
1.6700E-4	9.7656E-3	1.8506E-2
1.6800E-4	1.0254E-2	-1.6992E-2
1.6900E-4	9.7656E-3	-5.5957E-2
1.7000E-4	9.0332E-3	-9.5850E-2
1.7100E-4	1.0254E-2	-1.4097E-1
1.7200E-4	1.0010E-2	-1.8716E-1
1.7300E-4	9.0332E-3	-2.3281E-1
1.7400E-4	1.0010E-2	-2.7451E-1
1.7500E-4	9.5215E-3	-3.1196E-1
1.7600E-4	9.7656E-3	-3.4053E-1
1.7700E-4	9.5215E-3	-3.6030E-1
1.7800E-4	1.0010E-2	-3.6865E-1
1.7900E-4	1.0254E-2	-3.6636E-1
1.8000E-4	1.0010E-2	-3.5327E-1
1.8100E-4	9.7656E-3	-3.3237E-1
1.8200E-4	8.7891E-3	-3.0527E-1
1.8300E-4	9.7656E-3	-2.7466E-1
1.8400E-4	9.7656E-3	-2.4194E-1
1.8500E-4	9.5215E-3	-2.0615E-1
1.8600E-4	9.7656E-3	-1.6436E-1
1.8700E-4	9.5215E-3	-1.2031E-1
1.8800E-4	1.0010E-2	-7.1484E-2
1.8900E-4	9.5215E-3	-2.0850E-2
1.9000E-4	9.2773E-3	2.5342E-2
1.9100E-4	9.5215E-3	5.7520E-2
1.9200E-4	1.0010E-2	7.6416E-2
1.9300E-4	9.5215E-3	7.2754E-2
1.9400E-4	9.2773E-3	5.4395E-2
1.9500E-4	9.2773E-3	2.2656E-2
1.9600E-4	1.0254E-2	-1.6455E-2
1.9700E-4	9.5215E-3	-6.1768E-2
1.9800E-4	1.0254E-2	-1.0591E-1
1.9900E-4	9.7656E-3	-1.4976E-1
2.0000E-4	9.5215E-3	-1.9019E-1
2.0100E-4	1.0010E-2	-2.2593E-1
2.0200E-4	9.7656E-3	-2.5469E-1
2.0300E-4	9.7656E-3	-2.7617E-1
2.0400E-4	1.0254E-2	-2.8945E-1
2.0500E-4	9.2773E-3	-2.9829E-1
2.0600E-4	9.5215E-3	-2.9932E-1
2.0700E-4	9.5215E-3	-2.9331E-1
2.0800E-4	9.5215E-3	-2.7964E-1
2.0900E-4	9.0332E-3	-2.6235E-1
2.1000E-4	9.2773E-3	-2.3750E-1
2.1100E-4	1.0010E-2	-2.0737E-1
2.1200E-4	9.7656E-3	-1.7495E-1
2.1300E-4	9.0332E-3	-1.4165E-1
2.1400E-4	9.7656E-3	-1.0615E-1
2.1500E-4	9.0332E-3	-7.2754E-2
2.1600E-4	9.0332E-3	-4.3164E-2
2.1700E-4	9.5215E-3	-1.6650E-2
2.1800E-4	9.7656E-3	4.8828E-5
2.1900E-4	9.5215E-3	6.0547E-3
2.2000E-4	1.0010E-2	5.6152E-3
2.2100E-4	9.2773E-3	-4.8828E-3
2.2200E-4	9.5215E-3	-2.2852E-2
2.2300E-4	1.0010E-2	-4.4531E-2
2.2400E-4	1.0010E-2	-7.1484E-2
2.2500E-4	9.2773E-3	-9.9219E-2
2.2600E-4	9.0332E-3	-1.2129E-1
2.2700E-4	9.5215E-3	-1.4282E-1
2.2800E-4	9.2773E-3	-1.5859E-1
2.2900E-4	1.0010E-2	-1.6841E-1
2.3000E-4	9.5215E-3	-1.7681E-1
2.3100E-4	1.0254E-2	-1.8594E-1
2.3200E-4	9.5215E-3	-1.8950E-1
2.3300E-4	9.0332E-3	-1.9116E-1
2.3400E-4	9.2773E-3	-1.8652E-1
2.3500E-4	9.5215E-3	-1.7383E-1
2.3600E-4	9.5215E-3	-1.5454E-1
2.3700E-4	9.0332E-3	-1.3169E-1
2.3800E-4	1.0010E-2	-1.0537E-1
2.3900E-4	9.7656E-3	-8.0225E-2
2.4000E-4	9.5215E-3	-6.0498E-2
2.4100E-4	9.2773E-3	-4.5410E-2
2.4200E-4	9.0332E-3	-3.6572E-2
2.4300E-4	9.7656E-3	-3.3447E-2
2.4400E-4	1.0010E-2	-3.7451E-2
2.4500E-4	9.2773E-3	-4.6680E-2
2.4600E-4	9.5215E-3	-6.2109E-2
2.4700E-4	9.2773E-3	-8.0908E-2
2.4800E-4	9.5215E-3	-1.0400E-1
2.4900E-4	9.5215E-3	-1.2656E-1
2.5000E-4	9.5215E-3	-1.4854E-1
2.5100E-4	9.5215E-3	-1.6895E-1
2.5200E-4	1.0010E-2	-1.8784E-1
2.5300E-4	1.0010E-2	-2.0239E-1
2.5400E-4	9.5215E-3	-2.1118E-1
2.5500E-4	9.5215E-3	-2.1304E-1
2.5600E-4	1.0254E-2	-2.0708E-1
2.5700E-4	1.0010E-2	-1.9766E-1
2.5800E-4	1.0010E-2	-1.8462E-1
2.5900E-4	1.0010E-2	-1.6797E-1
2.6000E-4	1.0010E-2	-1.4941E-1
2.6100E-4	9.5215E-3	-1.3149E-1
2.6200E-4	9.7656E-3	-1.0791E-1
2.6300E-4	9.7656E-3	-7.9492E-2
2.6400E-4	9.7656E-3	-5.2100E-2
2.6500E-4	1.0010E-2	-2.7930E-2
2.6600E-4	1.0010E-2	-8.9355E-3
2.6700E-4	1.0254E-2	2.7344E-3
2.6800E-4	9.7656E-3	5.2734E-3
2.6900E-4	9.7656E-3	-2.0020E-3
2.7000E-4	9.2773E-3	-1.6016E-2
2.7100E-4	8.7891E-3	-3.5352E-2
2.7200E-4	1.0010E-2	-6.1035E-2
2.7300E-4	1.0010E-2	-9.1309E-2
2.7400E-4	9.7656E-3	-1.2607E-1
2.7500E-4	9.7656E-3	-1.6274E-1
2.7600E-4	9.7656E-3	-1.9736E-1
2.7700E-4	1.0010E-2	-2.2642E-1
2.7800E-4	9.2773E-3	-2.5107E-1
2.7900E-4	9.5215E-3	-2.6460E-1
2.8000E-4	9.5215E-3	-2.6895E-1
2.8100E-4	9.7656E-3	-2.6763E-1
2.8200E-4	9.7656E-3	-2.5913E-1
2.8300E-4	9.5215E-3	-2.4219E-1
2.8400E-4	9.0332E-3	-2.2178E-1
2.8500E-4	9.5215E-3	-1.9360E-1
2.8600E-4	9.0332E-3	-1.5693E-1
2.8700E-4	9.5215E-3	-1.1758E-1
2.8800E-4	9.5215E-3	-7.4609E-2
2.8900E-4	9.7656E-3	-2.9883E-2
2.9000E-4	1.0498E-2	6.9824E-3
2.9100E-4	9.7656E-3	3.3887E-2
2.9200E-4	9.7656E-3	5.2539E-2
2.9300E-4	9.5215E-3	5.6738E-2
2.9400E-4	1.0010E-2	4.9219E-2
2.9500E-4	9.7656E-3	3.1055E-2
2.9600E-4	1.0010E-2	3.8086E-3
2.9700E-4	1.0254E-2	-3.2861E-2
2.9800E-4	9.5215E-3	-7.5928E-2
2.9900E-4	9.7656E-3	-1.2524E-1
3.0000E-4	9.7656E-3	-1.7407E-1
3.0100E-4	9.5215E-3	-2.2168E-1
3.0200E-4	1.0010E-2	-2.6519E-1
3.0300E-4	1.0010E-2	-3.0142E-1
3.0400E-4	9.7656E-3	-3.2646E-1
3.0500E-4	9.2773E-3	-3.4302E-1
3.0600E-4	9.5215E-3	-3.4785E-1
3.0700E-4	1.0254E-2	-3.4478E-1
3.0800E-4	9.7656E-3	-3.3740E-1
3.0900E-4	9.7656E-3	-3.2612E-1
3.1000E-4	1.0254E-2	-3.0991E-1
3.1100E-4	9.0332E-3	-2.8833E-1
3.1200E-4	9.2773E-3	-2.6245E-1
3.1300E-4	1.0254E-2	-2.3115E-1
3.1400E-4	1.0498E-2	-1.9263E-1
3.1500E-4	9.7656E-3	-1.4824E-1
3.1600E-4	9.2773E-3	-9.7803E-2
3.1700E-4	9.5215E-3	-4.3311E-2
3.1800E-4	9.2773E-3	1.1377E-2
3.1900E-4	9.2773E-3	5.3564E-2
3.2000E-4	1.0010E-2	8.0225E-2
3.2100E-4	9.7656E-3	8.5547E-2
3.2200E-4	9.7656E-3	7.0361E-2
3.2300E-4	9.0332E-3	3.6523E-2
3.2400E-4	9.7656E-3	-8.3496E-3
3.2500E-4	9.2773E-3	-6.0937E-2
3.2600E-4	9.7656E-3	-1.1768E-1
3.2700E-4	9.7656E-3	-1.7593E-1
3.2800E-4	9.5215E-3	-2.3340E-1
3.2900E-4	9.7656E-3	-2.8379E-1
3.3000E-4	1.0254E-2	-3.2476E-1
3.3100E-4	9.5215E-3	-3.5518E-1
3.3200E-4	9.7656E-3	-3.7598E-1
3.3300E-4	1.0254E-2	-3.8535E-1
3.3400E-4	9.7656E-3	-3.8794E-1
3.3500E-4	9.5215E-3	-3.8286E-1
3.3600E-4	1.0010E-2	-3.7407E-1
3.3700E-4	1.0010E-2	-3.5820E-1
3.3800E-4	9.5215E-3	-3.3608E-1
3.3900E-4	1.0010E-2	-3.0825E-1
3.4000E-4	9.5215E-3	-2.7700E-1
3.4100E-4	9.5215E-3	-2.3945E-1
3.4200E-4	1.0498E-2	-1.9634E-1
3.4300E-4	9.5215E-3	-1.4458E-1
3.4400E-4	9.5215E-3	-8.8184E-2
3.4500E-4	1.0010E-2	-3.1445E-2
3.4600E-4	1.0010E-2	2.0313E-2
3.4700E-4	9.7656E-3	5.7861E-2
3.4800E-4	9.7656E-3	7.2314E-2
3.4900E-4	9.5215E-3	6.8066E-2
3.5000E-4	1.0010E-2	4.4971E-2
3.5100E-4	9.7656E-3	6.6406E-3
3.5200E-4	1.0010E-2	-4.2041E-2
3.5300E-4	9.0332E-3	-9.7070E-2
3.5400E-4	9.5215E-3	-1.5391E-1
3.5500E-4	9.7656E-3	-2.1313E-1
3.5600E-4	9.5215E-3	-2.6958E-1
3.5700E-4	9.2773E-3	-3.2109E-1
3.5800E-4	9.0332E-3	-3.6123E-1
3.5900E-4	9.5215E-3	-3.9380E-1
3.6000E-4	1.0254E-2	-4.1606E-1
3.6100E-4	9.7656E-3	-4.2754E-1
3.6200E-4	9.7656E-3	-4.2910E-1
3.6300E-4	9.5215E-3	-4.2236E-1
3.6400E-4	9.7656E-3	-4.1104E-1
3.6500E-4	1.0254E-2	-3.9253E-1
3.6600E-4	9.7656E-3	-3.7261E-1
3.6700E-4	1.0010E-2	-3.4922E-1
3.6800E-4	9.5215E-3	-3.2285E-1
3.6900E-4	9.7656E-3	-2.8813E-1
3.7000E-4	9.5215E-3	-2.4492E-1
3.7100E-4	1.0254E-2	-1.9062E-1
3.7200E-4	9.7656E-3	-1.2642E-1
3.7300E-4	9.5215E-3	-5.4150E-2
3.7400E-4	8.7891E-3	1.3574E-2
3.7500E-4	9.5215E-3	6.6846E-2
3.7600E-4	1.0010E-2	9.9609E-2
3.7700E-4	9.7656E-3	1.0649E-1
3.7800E-4	9.2773E-3	8.3301E-2
3.7900E-4	1.0010E-2	3.9941E-2
3.8000E-4	9.7656E-3	-1.5771E-2
3.8100E-4	1.0986E-2	-8.2373E-2
3.8200E-4	1.0010E-2	-1.5015E-1
3.8300E-4	1.0010E-2	-2.1470E-1
3.8400E-4	1.0010E-2	-2.7378E-1
3.8500E-4	9.5215E-3	-3.2363E-1
3.8600E-4	9.7656E-3	-3.6309E-1
3.8700E-4	9.5215E-3	-3.9458E-1
3.8800E-4	1.0254E-2	-4.1587E-1
3.8900E-4	9.2773E-3	-4.2876E-1
3.9000E-4	9.5215E-3	-4.3560E-1
3.9100E-4	9.0332E-3	-4.3325E-1
3.9200E-4	9.5215E-3	-4.2319E-1
3.9300E-4	9.0332E-3	-4.0518E-1
3.9400E-4	1.0498E-2	-3.8228E-1
3.9500E-4	9.7656E-3	-3.5439E-1
3.9600E-4	1.0010E-2	-3.2178E-1
3.9700E-4	9.7656E-3	-2.8467E-1
3.9800E-4	9.7656E-3	-2.4263E-1
3.9900E-4	9.0332E-3	-1.8945E-1
4.0000E-4	1.0254E-2	-1.2827E-1
4.0100E-4	1.0986E-2	-6.4062E-2
4.0200E-4	1.0010E-2	-6.3477E-4
4.0300E-4	9.5215E-3	5.0635E-2
4.0400E-4	9.5215E-3	7.9932E-2
4.0500E-4	9.7656E-3	8.5303E-2
4.0600E-4	1.0010E-2	7.1680E-2
4.0700E-4	9.5215E-3	4.1162E-2
4.0800E-4	9.7656E-3	-1.8555E-3
4.0900E-4	1.0498E-2	-5.2344E-2
4.1000E-4	1.0010E-2	-1.0884E-1
4.1100E-4	1.0254E-2	-1.7021E-1
4.1200E-4	9.5215E-3	-2.3149E-1
4.1300E-4	9.5215E-3	-2.8823E-1
4.1400E-4	1.0010E-2	-3.3906E-1
4.1500E-4	1.0254E-2	-3.7856E-1
4.1600E-4	9.7656E-3	-4.0703E-1
4.1700E-4	9.5215E-3	-4.2417E-1
4.1800E-4	1.0254E-2	-4.3071E-1
4.1900E-4	9.2773E-3	-4.2515E-1
4.2000E-4	9.7656E-3	-4.1294E-1
4.2100E-4	1.0010E-2	-3.9585E-1
4.2200E-4	9.7656E-3	-3.7583E-1
4.2300E-4	9.5215E-3	-3.5293E-1
4.2400E-4	9.0332E-3	-3.2739E-1
4.2500E-4	9.2773E-3	-2.9883E-1
4.2600E-4	9.2773E-3	-2.6406E-1
4.2700E-4	9.7656E-3	-2.2339E-1
4.2800E-4	1.0010E-2	-1.7466E-1
4.2900E-4	9.2773E-3	-1.1982E-1
4.3000E-4	1.0254E-2	-5.7080E-2
4.3100E-4	9.7656E-3	4.4922E-3
4.3200E-4	1.0254E-2	5.6152E-2
4.3300E-4	9.7656E-3	8.9453E-2
4.3400E-4	9.7656E-3	9.9316E-2
4.3500E-4	9.7656E-3	8.5596E-2
4.3600E-4	9.5215E-3	5.2441E-2
4.3700E-4	1.0010E-2	8.1055E-3
4.3800E-4	9.5215E-3	-4.4189E-2
4.3900E-4	9.7656E-3	-9.9463E-2
4.4000E-4	1.0254E-2	-1.5928E-1
4.4100E-4	9.7656E-3	-2.1738E-1
4.4200E-4	9.7656E-3	-2.7158E-1
4.4300E-4	9.0332E-3	-3.1831E-1
4.4400E-4	1.0010E-2	-3.5391E-1
4.4500E-4	9.5215E-3	-3.7754E-1
4.4600E-4	9.2773E-3	-3.9580E-1
4.4700E-4	1.0254E-2	-4.0879E-1
4.4800E-4	9.7656E-3	-4.1743E-1
4.4900E-4	1.0010E-2	-4.2432E-1
4.5000E-4	1.0010E-2	-4.3018E-1
4.5100E-4	1.0010E-2	-4.2788E-1
4.5200E-4	9.5215E-3	-4.2041E-1
4.5300E-4	9.5215E-3	-4.0835E-1
4.5400E-4	9.5215E-3	-3.8857E-1
4.5500E-4	9.2773E-3	-3.5913E-1
4.5600E-4	9.0332E-3	-3.2656E-1
4.5700E-4	1.0010E-2	-2.8989E-1
4.5800E-4	9.2773E-3	-2.4292E-1
4.5900E-4	1.0010E-2	-1.9258E-1
4.6000E-4	1.0498E-2	-1.3667E-1
4.6100E-4	9.7656E-3	-7.5781E-2
4.6200E-4	1.0254E-2	-1.2988E-2
4.6300E-4	9.5215E-3	3.8623E-2
4.6400E-4	9.2773E-3	7.2656E-2
4.6500E-4	9.5215E-3	8.3398E-2
4.6600E-4	9.5215E-3	6.5869E-2
4.6700E-4	9.7656E-3	1.5430E-2
4.6800E-4	9.2773E-3	-5.9619E-2
4.6900E-4	9.7656E-3	-1.4995E-1
4.7000E-4	9.7656E-3	-2.5000E-1
4.7100E-4	9.7656E-3	-3.5010E-1
4.7200E-4	9.7656E-3	-4.3828E-1
4.7300E-4	1.0254E-2	-5.1519E-1
4.7400E-4	9.7656E-3	-5.7749E-1
4.7500E-4	9.0332E-3	-6.2847E-1
4.7600E-4	9.5215E-3	-6.6743E-1
4.7700E-4	1.0010E-2	-6.9795E-1
4.7800E-4	9.2773E-3	-7.2007E-1
4.7900E-4	9.7656E-3	-7.3564E-1
4.8000E-4	9.7656E-3	-7.4248E-1
4.8100E-4	1.0010E-2	-7.4526E-1
4.8200E-4	9.2773E-3	-7.4658E-1
4.8300E-4	9.7656E-3	-7.4531E-1
4.8400E-4	9.5215E-3	-7.4463E-1
4.8500E-4	1.0254E-2	-7.4458E-1
4.8600E-4	9.7656E-3	-7.4399E-1
4.8700E-4	9.7656E-3	-7.4170E-1
4.8800E-4	8.7891E-3	-7.4263E-1
4.8900E-4	9.2773E-3	-7.4429E-1
4.9000E-4	9.7656E-3	-7.5049E-1
4.9100E-4	9.7656E-3	-7.5825E-1
4.9200E-4	9.5215E-3	-7.6777E-1
4.9300E-4	1.0742E-2	-7.7539E-1
4.9400E-4	1.0010E-2	-7.8208E-1
4.9500E-4	9.7656E-3	-7.8433E-1
4.9600E-4	1.0254E-2	-7.8867E-1
4.9700E-4	9.0332E-3	-7.9092E-1
4.9800E-4	9.7656E-3	-7.9004E-1
4.9900E-4	9.5215E-3	-7.8506E-1
5.0000E-4	1.0010E-2	-7.7959E-1
5.0100E-4	1.0010E-2	-7.6982E-1
5.0200E-4	9.5215E-3	-7.6182E-1
5.0300E-4	9.2773E-3	-7.5547E-1
5.0400E-4	9.7656E-3	-7.5308E-1
5.0500E-4	1.0010E-2	-7.4932E-1
5.0600E-4	9.2773E-3	-7.4482E-1
5.0700E-4	9.5215E-3	-7.3765E-1
5.0800E-4	1.0254E-2	-7.2500E-1
5.0900E-4	9.7656E-3	-7.0303E-1
5.1000E-4	1.0010E-2	-6.7852E-1
5.1100E-4	9.2773E-3	-6.4922E-1
5.1200E-4	1.0010E-2	-6.0713E-1
5.1300E-4	1.0010E-2	-5.5547E-1
5.1400E-4	9.5215E-3	-4.9639E-1
5.1500E-4	1.0010E-2	-4.2222E-1
5.1600E-4	1.0010E-2	-3.2935E-1
5.1700E-4	9.5215E-3	-2.2690E-1
5.1800E-4	9.7656E-3	-1.2124E-1
5.1900E-4	9.2773E-3	-1.9482E-2
5.2000E-4	9.2773E-3	6.3379E-2
5.2100E-4	9.5215E-3	1.1572E-1
5.2200E-4	1.0010E-2	1.3135E-1
5.2300E-4	9.5215E-3	1.1343E-1
5.2400E-4	1.0010E-2	6.7480E-2
5.2500E-4	9.5215E-3	2.6367E-3
5.2600E-4	1.0010E-2	-7.3730E-2
5.2700E-4	9.2773E-3	-1.5337E-1
5.2800E-4	1.0010E-2	-2.2915E-1
5.2900E-4	9.5215E-3	-2.9697E-1
5.3000E-4	1.0498E-2	-3.5088E-1
5.3100E-4	9.7656E-3	-3.8911E-1
5.3200E-4	9.7656E-3	-4.1387E-1
5.3300E-4	1.0254E-2	-4.2988E-1
5.3400E-4	9.2773E-3	-4.3857E-1
5.3500E-4	9.2773E-3	-4.4189E-1
5.3600E-4	9.7656E-3	-4.4146E-1
5.3700E-4	9.7656E-3	-4.3706E-1
5.3800E-4	1.0010E-2	-4.2896E-1
5.3900E-4	9.7656E-3	-4.1519E-1
5.4000E-4	9.5215E-3	-3.9653E-1
5.4100E-4	1.0010E-2	-3.7290E-1
5.4200E-4	1.0010E-2	-3.4141E-1
5.4300E-4	9.7656E-3	-3.0063E-1
5.4400E-4	1.0010E-2	-2.5283E-1
5.4500E-4	9.7656E-3	-2.0015E-1
5.4600E-4	1.0254E-2	-1.4585E-1
5.4700E-4	1.0010E-2	-9.0625E-2
5.4800E-4	9.7656E-3	-3.5742E-2
5.4900E-4	1.0254E-2	1.1377E-2
5.5000E-4	9.5215E-3	4.9268E-2
5.5100E-4	1.0010E-2	7.2070E-2
5.5200E-4	9.2773E-3	7.4219E-2
5.5300E-4	1.0010E-2	5.7324E-2
5.5400E-4	9.5215E-3	2.2461E-2
5.5500E-4	1.0010E-2	-2.6270E-2
5.5600E-4	1.0254E-2	-8.3545E-2
5.5700E-4	9.7656E-3	-1.4233E-1
5.5800E-4	1.0498E-2	-2.0122E-1
5.5900E-4	1.0010E-2	-2.5317E-1
5.6000E-4	9.0332E-3	-3.0117E-1
5.6100E-4	9.7656E-3	-3.4014E-1
5.6200E-4	9.5215E-3	-3.7373E-1
5.6300E-4	9.2773E-3	-4.0176E-1
5.6400E-4	1.0010E-2	-4.2427E-1
5.6500E-4	9.5215E-3	-4.3896E-1
5.6600E-4	9.0332E-3	-4.4653E-1
5.6700E-4	9.2773E-3	-4.4277E-1
5.6800E-4	9.7656E-3	-4.2905E-1
5.6900E-4	9.2773E-3	-4.0835E-1
5.7000E-4	1.0010E-2	-3.8325E-1
5.7100E-4	9.5215E-3	-3.5127E-1
5.7200E-4	9.7656E-3	-3.1465E-1
5.7300E-4	9.7656E-3	-2.7646E-1
5.7400E-4	9.5215E-3	-2.3208E-1
5.7500E-4	9.5215E-3	-1.8071E-1
5.7600E-4	9.7656E-3	-1.2607E-1
5.7700E-4	1.0010E-2	-7.0361E-2
5.7800E-4	9.7656E-3	-1.5820E-2
5.7900E-4	9.7656E-3	2.6318E-2
5.8000E-4	9.5215E-3	5.3467E-2
5.8100E-4	1.0254E-2	5.8008E-2
5.8200E-4	9.7656E-3	4.4238E-2
5.8300E-4	9.2773E-3	1.2695E-2
5.8400E-4	9.7656E-3	-2.9102E-2
5.8500E-4	1.0498E-2	-8.0859E-2
5.8600E-4	9.2773E-3	-1.3320E-1
5.8700E-4	9.7656E-3	-1.9102E-1
5.8800E-4	1.0498E-2	-2.5063E-1
5.8900E-4	9.5215E-3	-3.0864E-1
5.9000E-4	1.0254E-2	-3.5791E-1
5.9100E-4	9.2773E-3	-3.9927E-1
5.9200E-4	9.5215E-3	-4.2681E-1
5.9300E-4	9.5215E-3	-4.4014E-1
5.9400E-4	9.0332E-3	-4.4282E-1
5.9500E-4	9.5215E-3	-4.3726E-1
5.9600E-4	9.5215E-3	-4.2593E-1
5.9700E-4	1.0254E-2	-4.1152E-1
5.9800E-4	1.0254E-2	-3.9341E-1
5.9900E-4	9.5215E-3	-3.6938E-1
6.0000E-4	9.2773E-3	-3.3979E-1
6.0100E-4	9.2773E-3	-3.0195E-1
6.0200E-4	1.0254E-2	-2.5708E-1
6.0300E-4	8.7891E-3	-2.0513E-1
6.0400E-4	9.5215E-3	-1.4819E-1
6.0500E-4	1.0498E-2	-8.5889E-2
6.0600E-4	9.5215E-3	-2.6367E-2
6.0700E-4	9.7656E-3	2.0459E-2
6.0800E-4	1.0010E-2	4.7949E-2
6.0900E-4	9.5215E-3	5.6689E-2
6.1000E-4	9.7656E-3	4.1748E-2
6.1100E-4	1.0010E-2	6.0547E-3
6.1200E-4	9.7656E-3	-4.1064E-2
6.1300E-4	9.2773E-3	-9.4287E-2
6.1400E-4	9.5215E-3	-1.5435E-1
6.1500E-4	9.5215E-3	-2.1636E-1
6.1600E-4	1.0010E-2	-2.7349E-1
6.1700E-4	9.5215E-3	-3.2300E-1
6.1800E-4	9.7656E-3	-3.6416E-1
6.1900E-4	9.7656E-3	-3.9536E-1
6.2000E-4	9.5215E-3	-4.1460E-1
6.2100E-4	1.0254E-2	-4.2944E-1
6.2200E-4	9.2773E-3	-4.4062E-1
6.2300E-4	9.5215E-3	-4.4673E-1
6.2400E-4	9.2773E-3	-4.4541E-1
6.2500E-4	9.7656E-3	-4.3687E-1
6.2600E-4	8.5449E-3	-4.1909E-1
6.2700E-4	9.5215E-3	-3.9302E-1
6.2800E-4	1.0498E-2	-3.5776E-1
6.2900E-4	9.0332E-3	-3.1724E-1
6.3000E-4	9.2773E-3	-2.7451E-1
6.3100E-4	9.5215E-3	-2.2534E-1
6.3200E-4	9.7656E-3	-1.6860E-1
6.3300E-4	1.0010E-2	-1.1118E-1
6.3400E-4	1.0010E-2	-5.4004E-2
6.3500E-4	9.5215E-3	-3.6621E-3
6.3600E-4	1.0010E-2	2.8027E-2
6.3700E-4	9.7656E-3	3.8281E-2
6.3800E-4	1.0010E-2	2.9199E-2
6.3900E-4	9.5215E-3	3.1250E-3
6.4000E-4	9.2773E-3	-3.7695E-2
6.4100E-4	9.7656E-3	-8.4912E-2
6.4200E-4	1.0254E-2	-1.3296E-1
6.4300E-4	9.5215E-3	-1.8608E-1
6.4400E-4	9.2773E-3	-2.4033E-1
6.4500E-4	9.2773E-3	-2.8892E-1
6.4600E-4	9.7656E-3	-3.3135E-1
6.4700E-4	9.5215E-3	-3.6924E-1
6.4800E-4	1.0254E-2	-3.9517E-1
6.4900E-4	9.2773E-3	-4.1064E-1
6.5000E-4	1.0010E-2	-4.1870E-1
6.5100E-4	9.5215E-3	-4.1592E-1
6.5200E-4	9.5215E-3	-4.0488E-1
6.5300E-4	9.2773E-3	-3.8608E-1
6.5400E-4	9.2773E-3	-3.6494E-1
6.5500E-4	8.7891E-3	-3.3857E-1
6.5600E-4	9.7656E-3	-3.0571E-1
6.5700E-4	9.7656E-3	-2.6782E-1
6.5800E-4	9.2773E-3	-2.2559E-1
6.5900E-4	9.5215E-3	-1.7456E-1
6.6000E-4	9.7656E-3	-1.2046E-1
6.6100E-4	9.5215E-3	-6.9971E-2
6.6200E-4	1.0010E-2	-2.3486E-2
6.6300E-4	9.0332E-3	1.2549E-2
6.6400E-4	9.2773E-3	2.8320E-2
6.6500E-4	9.2773E-3	2.8125E-2
6.6600E-4	9.5215E-3	1.3330E-2
6.6700E-4	1.0254E-2	-1.6846E-2
6.6800E-4	9.5215E-3	-5.5176E-2
6.6900E-4	9.7656E-3	-9.6582E-2
6.7000E-4	1.0010E-2	-1.4038E-1
6.7100E-4	9.5215E-3	-1.8789E-1
6.7200E-4	8.7891E-3	-2.3428E-1
6.7300E-4	9.7656E-3	-2.7729E-1
6.7400E-4	1.0010E-2	-3.1338E-1
6.7500E-4	9.5215E-3	-3.4463E-1
6.7600E-4	1.0010E-2	-3.6416E-1
6.7700E-4	1.0010E-2	-3.7446E-1
6.7800E-4	9.2773E-3	-3.7871E-1
6.7900E-4	9.5215E-3	-3.7891E-1
6.8000E-4	9.5215E-3	-3.7119E-1
6.8100E-4	9.5215E-3	-3.5825E-1
6.8200E-4	9.7656E-3	-3.3726E-1
6.8300E-4	9.5215E-3	-3.1309E-1
6.8400E-4	9.7656E-3	-2.7944E-1
6.8500E-4	1.0010E-2	-2.3662E-1
6.8600E-4	1.0010E-2	-1.8877E-1
6.8700E-4	9.7656E-3	-1.3730E-1
6.8800E-4	1.0010E-2	-8.1396E-2
6.8900E-4	1.0254E-2	-2.9541E-2
6.9000E-4	9.5215E-3	1.0889E-2
6.9100E-4	9.5215E-3	3.9502E-2
6.9200E-4	9.5215E-3	5.1611E-2
6.9300E-4	9.7656E-3	5.0293E-2
6.9400E-4	9.7656E-3	3.4131E-2
6.9500E-4	9.5215E-3	7.0313E-3
6.9600E-4	9.7656E-3	-2.7637E-2
6.9700E-4	1.0498E-2	-6.6699E-2
6.9800E-4	9.5215E-3	-1.0850E-1
6.9900E-4	9.0332E-3	-1.4814E-1
7.0000E-4	1.0254E-2	-1.8525E-1
7.0100E-4	9.5215E-3	-2.1768E-1
7.0200E-4	9.7656E-3	-2.4419E-1
7.0300E-4	1.0254E-2	-2.6577E-1
7.0400E-4	1.0254E-2	-2.8193E-1
7.0500E-4	1.0010E-2	-2.8682E-1
7.0600E-4	1.0254E-2	-2.8359E-1
7.0700E-4	1.0254E-2	-2.7246E-1
7.0800E-4	9.7656E-3	-2.5322E-1
7.0900E-4	9.5215E-3	-2.2935E-1
7.1000E-4	9.5215E-3	-2.0713E-1
7.1100E-4	9.7656E-3	-1.8467E-1
7.1200E-4	9.2773E-3	-1.6211E-1
7.1300E-4	8.7891E-3	-1.4028E-1
7.1400E-4	9.7656E-3	-1.1753E-1
7.1500E-4	9.5215E-3	-9.2041E-2
7.1600E-4	9.5215E-3	-6.5479E-2
7.1700E-4	1.0010E-2	-4.5166E-2
7.1800E-4	1.0254E-2	-2.8271E-2
7.1900E-4	9.5215E-3	-1.6699E-2
7.2000E-4	1.0254E-2	-1.1768E-2
7.2100E-4	9.0332E-3	-1.8018E-2
7.2200E-4	9.5215E-3	-3.0664E-2
7.2300E-4	1.0010E-2	-5.2393E-2
7.2400E-4	9.2773E-3	-8.0078E-2
7.2500E-4	9.5215E-3	-1.1309E-1
7.2600E-4	1.0010E-2	-1.4502E-1
7.2700E-4	9.5215E-3	-1.7212E-1
7.2800E-4	1.0254E-2	-1.9321E-1
7.2900E-4	9.5215E-3	-2.0981E-1
7.3000E-4	1.0498E-2	-2.1763E-1
7.3100E-4	9.5215E-3	-2.1929E-1
7.3200E-4	1.0010E-2	-2.1484E-1
7.3300E-4	9.7656E-3	-2.0806E-1
7.3400E-4	9.5215E-3	-1.9248E-1
7.3500E-4	9.5215E-3	-1.7588E-1
7.3600E-4	1.0010E-2	-1.5850E-1
7.3700E-4	9.7656E-3	-1.4043E-1
7.3800E-4	9.5215E-3	-1.1973E-1
7.3900E-4	9.5215E-3	-1.0327E-1
7.4000E-4	9.0332E-3	-9.0576E-2
7.4100E-4	1.0010E-2	-7.9248E-2
7.4200E-4	9.5215E-3	-7.2021E-2
7.4300E-4	9.7656E-3	-7.2168E-2
7.4400E-4	1.0010E-2	-7.4561E-2
7.4500E-4	9.5215E-3	-7.9736E-2
7.4600E-4	1.0010E-2	-8.7305E-2
7.4700E-4	9.2773E-3	-9.7998E-2
7.4800E-4	9.0332E-3	-1.0645E-1
7.4900E-4	9.5215E-3	-1.1792E-1
7.5000E-4	9.5215E-3	-1.2905E-1
7.5100E-4	9.2773E-3	-1.4180E-1
7.5200E-4	9.2773E-3	-1.5508E-1
7.5300E-4	9.2773E-3	-1.6616E-1
7.5400E-4	1.0010E-2	-1.7314E-1
7.5500E-4	9.2773E-3	-1.7544E-1
7.5600E-4	1.0254E-2	-1.7476E-1
7.5700E-4	9.5215E-3	-1.6846E-1
7.5800E-4	1.0010E-2	-1.5869E-1
7.5900E-4	9.0332E-3	-1.4497E-1
7.6000E-4	1.0010E-2	-1.2891E-1
7.6100E-4	1.0254E-2	-1.0776E-1
7.6200E-4	9.5215E-3	-8.5107E-2
7.6300E-4	9.7656E-3	-6.5527E-2
7.6400E-4	1.0254E-2	-4.8145E-2
7.6500E-4	1.0254E-2	-3.5449E-2
7.6600E-4	9.5215E-3	-2.6416E-2
7.6700E-4	9.2773E-3	-2.4170E-2
7.6800E-4	1.0498E-2	-2.5000E-2
7.6900E-4	1.0010E-2	-3.7891E-2
7.7000E-4	9.2773E-3	-5.6689E-2
7.7100E-4	9.2773E-3	-8.5645E-2
7.7200E-4	9.5215E-3	-1.1709E-1
7.7300E-4	1.0254E-2	-1.5454E-1
7.7400E-4	1.0010E-2	-1.8389E-1
7.7500E-4	1.0254E-2	-2.1333E-1
7.7600E-4	9.7656E-3	-2.3853E-1
7.7700E-4	1.0254E-2	-2.5913E-1
7.7800E-4	9.2773E-3	-2.7197E-1
7.7900E-4	1.0010E-2	-2.8188E-1
7.8000E-4	9.5215E-3	-2.8389E-1
7.8100E-4	9.5215E-3	-2.8022E-1
7.8200E-4	1.0010E-2	-2.7241E-1
7.8300E-4	9.5215E-3	-2.5908E-1
7.8400E-4	9.7656E-3	-2.4321E-1
7.8500E-4	9.5215E-3	-2.2153E-1
7.8600E-4	9.5215E-3	-1.9370E-1
7.8700E-4	1.0010E-2	-1.6099E-1
7.8800E-4	1.0010E-2	-1.2427E-1
7.8900E-4	1.0254E-2	-8.2764E-2
7.9000E-4	9.7656E-3	-4.1602E-2
7.9100E-4	9.5215E-3	-4.9316E-3
7.9200E-4	9.7656E-3	2.3242E-2
7.9300E-4	8.7891E-3	3.9746E-2
7.9400E-4	9.5215E-3	4.0234E-2
7.9500E-4	1.0010E-2	2.5342E-2
7.9600E-4	9.7656E-3	3.4180E-4
7.9700E-4	9.7656E-3	-3.2471E-2
7.9800E-4	1.0010E-2	-7.5781E-2
7.9900E-4	9.7656E-3	-1.2192E-1
8.0000E-4	9.5215E-3	-1.6885E-1
8.0100E-4	9.7656E-3	-2.1494E-1
8.0200E-4	1.0498E-2	-2.5742E-1
8.0300E-4	9.2773E-3	-2.9248E-1
8.0400E-4	9.5215E-3	-3.2051E-1
8.0500E-4	9.5215E-3	-3.3716E-1
8.0600E-4	1.0010E-2	-3.4624E-1
8.0700E-4	9.2773E-3	-3.4844E-1
8.0800E-4	9.7656E-3	-3.4307E-1
8.0900E-4	1.0010E-2	-3.2993E-1
8.1000E-4	1.0254E-2	-3.1802E-1
8.1100E-4	1.0010E-2	-2.9883E-1
8.1200E-4	9.2773E-3	-2.7207E-1
8.1300E-4	9.2773E-3	-2.3652E-1
8.1400E-4	9.5215E-3	-1.9536E-1
8.1500E-4	9.5215E-3	-1.4380E-1
8.1600E-4	9.2773E-3	-8.9795E-2
8.1700E-4	9.7656E-3	-3.4277E-2
8.1800E-4	9.7656E-3	1.3818E-2
8.1900E-4	1.0254E-2	5.0000E-2
8.2000E-4	1.0254E-2	6.8506E-2
8.2100E-4	9.2773E-3	7.1826E-2
8.2200E-4	9.5215E-3	5.3223E-2
8.2300E-4	9.0332E-3	2.1484E-2
8.2400E-4	8.7891E-3	-2.2852E-2
8.2500E-4	9.5215E-3	-7.6318E-2
8.2600E-4	9.2773E-3	-1.3677E-1
8.2700E-4	8.7891E-3	-2.0005E-1
8.2800E-4	1.0010E-2	-2.6055E-1
8.2900E-4	9.5215E-3	-3.1089E-1
8.3000E-4	1.0254E-2	-3.5127E-1
8.3100E-4	9.7656E-3	-3.8452E-1
8.3200E-4	1.0254E-2	-4.0488E-1
8.3300E-4	9.7656E-3	-4.1646E-1
8.3400E-4	9.5215E-3	-4.2017E-1
8.3500E-4	9.5215E-3	-4.1523E-1
8.3600E-4	9.5215E-3	-4.0352E-1
8.3700E-4	9.2773E-3	-3.8413E-1
8.3800E-4	9.5215E-3	-3.6255E-1
8.3900E-4	9.2773E-3	-3.3623E-1
8.4000E-4	9.2773E-3	-3.0479E-1
8.4100E-4	1.0010E-2	-2.6680E-1
8.4200E-4	1.0010E-2	-2.2578E-1
8.4300E-4	9.5215E-3	-1.7827E-1
8.4400E-4	1.0254E-2	-1.2485E-1
8.4500E-4	1.0010E-2	-6.5771E-2
8.4600E-4	1.0010E-2	-4.8340E-3
8.4700E-4	1.0010E-2	4.5850E-2
8.4800E-4	9.2773E-3	8.0566E-2
8.4900E-4	1.0010E-2	9.3213E-2
8.5000E-4	1.0010E-2	7.9248E-2
8.5100E-4	9.7656E-3	3.9941E-2
8.5200E-4	9.5215E-3	-1.1572E-2
8.5300E-4	9.2773E-3	-7.0410E-2
8.5400E-4	9.5215E-3	-1.3369E-1
8.5500E-4	9.7656E-3	-1.9692E-1
8.5600E-4	9.7656E-3	-2.5371E-1
8.5700E-4	9.5215E-3	-3.0376E-1
8.5800E-4	9.5215E-3	-3.4556E-1
8.5900E-4	9.5215E-3	-3.7734E-1
8.6000E-4	9.7656E-3	-3.9873E-1
8.6100E-4	1.0498E-2	-4.1191E-1
8.6200E-4	1.0498E-2	-4.1719E-1
8.6300E-4	9.2773E-3	-4.1499E-1
8.6400E-4	9.5215E-3	-4.0649E-1
8.6500E-4	9.2773E-3	-3.8940E-1
8.6600E-4	9.5215E-3	-3.6880E-1
8.6700E-4	1.0010E-2	-3.4307E-1
8.6800E-4	9.7656E-3	-3.1504E-1
8.6900E-4	9.0332E-3	-2.7925E-1
8.7000E-4	9.5215E-3	-2.3623E-1
8.7100E-4	1.0254E-2	-1.8145E-1
8.7200E-4	9.0332E-3	-1.2012E-1
8.7300E-4	9.5215E-3	-5.2100E-2
8.7400E-4	1.0010E-2	1.0547E-2
8.7500E-4	1.0010E-2	5.8398E-2
8.7600E-4	1.0010E-2	8.1201E-2
8.7700E-4	9.5215E-3	8.3887E-2
8.7800E-4	9.7656E-3	6.6553E-2
8.7900E-4	1.0010E-2	2.9102E-2
8.8000E-4	9.2773E-3	-2.1680E-2
8.8100E-4	9.7656E-3	-7.8125E-2
8.8200E-4	9.5215E-3	-1.3804E-1
8.8300E-4	1.0010E-2	-2.0132E-1
8.8400E-4	1.0254E-2	-2.6348E-1
8.8500E-4	9.5215E-3	-3.2080E-1
8.8600E-4	1.0254E-2	-3.6616E-1
8.8700E-4	9.7656E-3	-4.0464E-1
8.8800E-4	9.5215E-3	-4.3047E-1
8.8900E-4	9.7656E-3	-4.4399E-1
8.9000E-4	9.7656E-3	-4.4634E-1
8.9100E-4	9.2773E-3	-4.4209E-1
8.9200E-4	9.5215E-3	-4.3330E-1
8.9300E-4	9.5215E-3	-4.1880E-1
8.9400E-4	1.0010E-2	-3.9687E-1
8.9500E-4	9.5215E-3	-3.6885E-1
8.9600E-4	9.7656E-3	-3.3467E-1
8.9700E-4	9.7656E-3	-2.9170E-1
8.9800E-4	1.0010E-2	-2.4126E-1
8.9900E-4	9.5215E-3	-1.8521E-1
9.0000E-4	1.0254E-2	-1.2261E-1
9.0100E-4	1.0010E-2	-5.6738E-2
9.0200E-4	9.7656E-3	5.0293E-3
9.0300E-4	9.0332E-3	5.2197E-2
9.0400E-4	1.0010E-2	7.7832E-2
9.0500E-4	9.5215E-3	8.5791E-2
9.0600E-4	9.5215E-3	7.3340E-2
9.0700E-4	1.0010E-2	4.2627E-2
9.0800E-4	9.7656E-3	-2.1484E-3
9.0900E-4	1.0254E-2	-5.1611E-2
9.1000E-4	9.2773E-3	-1.1016E-1
9.1100E-4	9.2773E-3	-1.7378E-1
9.1200E-4	9.5215E-3	-2.3662E-1
9.1300E-4	9.7656E-3	-2.9526E-1
9.1400E-4	1.0254E-2	-3.4360E-1
9.1500E-4	9.7656E-3	-3.8198E-1
9.1600E-4	1.0254E-2	-4.0884E-1
9.1700E-4	1.0010E-2	-4.2236E-1
9.1800E-4	9.5215E-3	-4.2300E-1
9.1900E-4	9.7656E-3	-4.2134E-1
9.2000E-4	9.5215E-3	-4.1450E-1
9.2100E-4	9.5215E-3	-3.9980E-1
9.2200E-4	9.5215E-3	-3.8135E-1
9.2300E-4	1.0010E-2	-3.6025E-1
9.2400E-4	1.0254E-2	-3.3286E-1
9.2500E-4	9.5215E-3	-2.9932E-1
9.2600E-4	1.0010E-2	-2.6226E-1
9.2700E-4	9.5215E-3	-2.1802E-1
9.2800E-4	1.0010E-2	-1.6816E-1
9.2900E-4	9.7656E-3	-1.1318E-1
9.3000E-4	9.5215E-3	-5.7471E-2
9.3100E-4	9.5215E-3	-4.5898E-3
9.3200E-4	9.5215E-3	3.6133E-2
9.3300E-4	1.0254E-2	6.1328E-2
9.3400E-4	9.5215E-3	7.0459E-2
9.3500E-4	8.7891E-3	6.2402E-2
9.3600E-4	9.2773E-3	3.6572E-2
9.3700E-4	9.5215E-3	-2.8320E-3
9.3800E-4	9.2773E-3	-5.0391E-2
9.3900E-4	1.0498E-2	-1.0649E-1
9.4000E-4	1.0254E-2	-1.6738E-1
9.4100E-4	9.2773E-3	-2.2783E-1
9.4200E-4	1.0498E-2	-2.8403E-1
9.4300E-4	9.7656E-3	-3.3301E-1
9.4400E-4	9.7656E-3	-3.7314E-1
9.4500E-4	1.0742E-2	-4.0054E-1
9.4600E-4	9.5215E-3	-4.1685E-1
9.4700E-4	9.2773E-3	-4.2720E-1
9.4800E-4	1.0254E-2	-4.3101E-1
9.4900E-4	1.0254E-2	-4.2715E-1
9.5000E-4	9.5215E-3	-4.2061E-1
9.5100E-4	9.7656E-3	-4.1045E-1
9.5200E-4	1.0498E-2	-3.9351E-1
9.5300E-4	1.0254E-2	-3.7515E-1
9.5400E-4	9.5215E-3	-3.5596E-1
9.5500E-4	1.0010E-2	-3.3218E-1
9.5600E-4	1.0010E-2	-3.0400E-1
9.5700E-4	9.0332E-3	-2.7227E-1
9.5800E-4	9.5215E-3	-2.3394E-1
9.5900E-4	1.0010E-2	-1.8999E-1
9.6000E-4	1.0254E-2	-1.3887E-1
9.6100E-4	9.5215E-3	-8.7158E-2
9.6200E-4	9.7656E-3	-3.7061E-2
9.6300E-4	9.5215E-3	1.9043E-3
9.6400E-4	9.5215E-3	2.4951E-2
9.6500E-4	1.0498E-2	2.2900E-2
9.6600E-4	9.5215E-3	-1.6113E-3
9.6700E-4	9.5215E-3	-5.0391E-2
9.6800E-4	9.2773E-3	-1.1870E-1
9.6900E-4	1.0254E-2	-2.0005E-1
9.7000E-4	9.7656E-3	-2.8623E-1
9.7100E-4	9.2773E-3	-3.7754E-1
9.7200E-4	9.2773E-3	-4.6323E-1
9.7300E-4	9.5215E-3	-5.3516E-1
9.7400E-4	1.0254E-2	-5.9648E-1
9.7500E-4	9.7656E-3	-6.4634E-1
9.7600E-4	9.2773E-3	-6.8301E-1
9.7700E-4	9.5215E-3	-7.0835E-1
9.7800E-4	1.0010E-2	-7.2759E-1
9.7900E-4	9.7656E-3	-7.3662E-1
9.8000E-4	9.5215E-3	-7.4263E-1
9.8100E-4	9.0332E-3	-7.4531E-1
9.8200E-4	9.7656E-3	-7.4644E-1
9.8300E-4	9.5215E-3	-7.4824E-1
9.8400E-4	9.5215E-3	-7.5195E-1
9.8500E-4	1.0010E-2	-7.5806E-1
9.8600E-4	1.0010E-2	-7.6548E-1
9.8700E-4	9.2773E-3	-7.7412E-1
9.8800E-4	1.0254E-2	-7.8179E-1
9.8900E-4	9.5215E-3	-7.8750E-1
9.9000E-4	9.5215E-3	-7.9043E-1
9.9100E-4	1.0254E-2	-7.9038E-1
9.9200E-4	9.5215E-3	-7.8774E-1
9.9300E-4	1.0010E-2	-7.8262E-1
9.9400E-4	9.5215E-3	-7.7817E-1
9.9500E-4	9.7656E-3	-7.7524E-1
9.9600E-4	1.0254E-2	-7.7432E-1
9.9700E-4	9.5215E-3	-7.7681E-1
9.9800E-4	9.7656E-3	-7.7681E-1
9.9900E-4	1.0010E-2	-7.7681E-1
