Time [s]	Aux in [V]	Main in [V]
0.0000E+0	9.2773E-3	-7.5981E-1
1.0000E-6	9.0332E-3	-7.5942E-1
2.0000E-6	9.7656E-3	-7.5625E-1
3.0000E-6	9.7656E-3	-7.4937E-1
4.0000E-6	9.7656E-3	-7.4497E-1
5.0000E-6	9.0332E-3	-7.3921E-1
6.0000E-6	9.2773E-3	-7.3652E-1
7.0000E-6	9.5215E-3	-7.3848E-1
8.0000E-6	9.5215E-3	-7.4512E-1
9.0000E-6	1.0010E-2	-7.5190E-1
1.0000E-5	1.0010E-2	-7.5713E-1
1.1000E-5	9.5215E-3	-7.5659E-1
1.2000E-5	9.2773E-3	-7.5273E-1
1.3000E-5	1.0254E-2	-7.4570E-1
1.4000E-5	9.2773E-3	-7.3555E-1
1.5000E-5	9.7656E-3	-7.2100E-1
1.6000E-5	9.2773E-3	-7.0264E-1
1.7000E-5	9.5215E-3	-6.7954E-1
1.8000E-5	1.0010E-2	-6.5181E-1
1.9000E-5	9.2773E-3	-6.1538E-1
2.0000E-5	9.7656E-3	-5.7378E-1
2.1000E-5	9.2773E-3	-5.2515E-1
2.2000E-5	1.0254E-2	-4.6152E-1
2.3000E-5	9.7656E-3	-3.8208E-1
2.4000E-5	9.7656E-3	-2.8784E-1
2.5000E-5	1.0254E-2	-1.8335E-1
2.6000E-5	9.5215E-3	-7.4023E-2
2.7000E-5	8.7891E-3	2.3389E-2
2.8000E-5	9.7656E-3	9.5215E-2
2.9000E-5	9.2773E-3	1.3394E-1
3.0000E-5	1.0010E-2	1.3916E-1
3.1000E-5	8.7891E-3	1.1040E-1
3.2000E-5	9.7656E-3	5.5811E-2
3.3000E-5	9.5215E-3	-1.5332E-2
3.4000E-5	9.7656E-3	-9.3799E-2
3.5000E-5	9.7656E-3	-1.7329E-1
3.6000E-5	9.5215E-3	-2.4541E-1
3.7000E-5	9.5215E-3	-3.0854E-1
3.8000E-5	9.5215E-3	-3.5762E-1
3.9000E-5	9.2773E-3	-3.9434E-1
4.0000E-5	9.7656E-3	-4.1831E-1
4.1000E-5	9.5215E-3	-4.3413E-1
4.2000E-5	9.5215E-3	-4.4043E-1
4.3000E-5	9.2773E-3	-4.3999E-1
4.4000E-5	9.5215E-3	-4.3320E-1
4.5000E-5	9.5215E-3	-4.2051E-1
4.6000E-5	9.7656E-3	-4.0459E-1
4.7000E-5	9.7656E-3	-3.8438E-1
4.8000E-5	9.5215E-3	-3.5967E-1
4.9000E-5	1.0010E-2	-3.3320E-1
5.0000E-5	9.5215E-3	-3.0396E-1
5.1000E-5	9.5215E-3	-2.7129E-1
5.2000E-5	1.0010E-2	-2.3447E-1
5.3000E-5	9.7656E-3	-1.9199E-1
5.4000E-5	9.2773E-3	-1.4341E-1
5.5000E-5	9.0332E-3	-8.9404E-2
5.6000E-5	9.2773E-3	-3.2666E-2
5.7000E-5	9.7656E-3	1.9434E-2
5.8000E-5	9.7656E-3	5.6445E-2
5.9000E-5	9.2773E-3	7.6025E-2
6.0000E-5	9.5215E-3	7.4463E-2
6.1000E-5	9.7656E-3	5.5273E-2
6.2000E-5	9.7656E-3	2.3877E-2
6.3000E-5	9.5215E-3	-1.2305E-2
6.4000E-5	9.7656E-3	-5.5273E-2
6.5000E-5	9.5215E-3	-1.0317E-1
6.6000E-5	9.5215E-3	-1.5430E-1
6.7000E-5	1.0010E-2	-2.0684E-1
6.8000E-5	9.0332E-3	-2.5986E-1
6.9000E-5	9.0332E-3	-3.0522E-1
7.0000E-5	9.2773E-3	-3.4106E-1
7.1000E-5	9.5215E-3	-3.6851E-1
7.2000E-5	9.5215E-3	-3.9009E-1
7.3000E-5	9.0332E-3	-4.0215E-1
7.4000E-5	9.5215E-3	-4.0708E-1
7.5000E-5	9.2773E-3	-4.0757E-1
7.6000E-5	1.0010E-2	-4.0215E-1
7.7000E-5	9.5215E-3	-3.8892E-1
7.8000E-5	9.7656E-3	-3.6909E-1
7.9000E-5	9.2773E-3	-3.4399E-1
8.0000E-5	9.7656E-3	-3.1182E-1
8.1000E-5	9.0332E-3	-2.7319E-1
8.2000E-5	9.5215E-3	-2.2842E-1
8.3000E-5	9.5215E-3	-1.7744E-1
8.4000E-5	1.0010E-2	-1.2129E-1
8.5000E-5	1.0010E-2	-6.4893E-2
8.6000E-5	1.0254E-2	-1.2891E-2
8.7000E-5	9.0332E-3	2.7783E-2
8.8000E-5	9.2773E-3	4.8389E-2
8.9000E-5	1.0010E-2	5.0732E-2
9.0000E-5	9.5215E-3	3.9062E-2
9.1000E-5	1.0010E-2	1.5088E-2
9.2000E-5	9.5215E-3	-1.5918E-2
9.3000E-5	9.5215E-3	-4.9316E-2
9.4000E-5	9.5215E-3	-8.8867E-2
9.5000E-5	9.2773E-3	-1.3501E-1
9.6000E-5	1.0010E-2	-1.8477E-1
9.7000E-5	9.7656E-3	-2.3726E-1
9.8000E-5	9.5215E-3	-2.8594E-1
9.9000E-5	1.0254E-2	-3.2778E-1
1.0000E-4	9.5215E-3	-3.6118E-1
1.0100E-4	9.5215E-3	-3.8560E-1
1.0200E-4	9.2773E-3	-4.0195E-1
1.0300E-4	9.5215E-3	-4.1157E-1
1.0400E-4	9.5215E-3	-4.1265E-1
1.0500E-4	9.5215E-3	-4.0679E-1
1.0600E-4	9.7656E-3	-3.9150E-1
1.0700E-4	9.7656E-3	-3.6699E-1
1.0800E-4	1.0010E-2	-3.3677E-1
1.0900E-4	1.0498E-2	-2.9990E-1
1.1000E-4	9.0332E-3	-2.5742E-1
1.1100E-4	1.0010E-2	-2.1021E-1
1.1200E-4	1.0254E-2	-1.5830E-1
1.1300E-4	9.2773E-3	-1.0039E-1
1.1400E-4	1.0010E-2	-4.5947E-2
1.1500E-4	1.0010E-2	4.8828E-5
1.1600E-4	1.0010E-2	2.9443E-2
1.1700E-4	9.0332E-3	4.1016E-2
1.1800E-4	9.5215E-3	3.2373E-2
1.1900E-4	9.7656E-3	1.0986E-2
1.2000E-4	9.7656E-3	-2.2266E-2
1.2100E-4	9.5215E-3	-6.3770E-2
1.2200E-4	9.2773E-3	-1.1069E-1
1.2300E-4	9.7656E-3	-1.6011E-1
1.2400E-4	9.5215E-3	-2.1157E-1
1.2500E-4	9.5215E-3	-2.6123E-1
1.2600E-4	9.2773E-3	-3.0591E-1
1.2700E-4	9.5215E-3	-3.4438E-1
1.2800E-4	9.7656E-3	-3.7544E-1
1.2900E-4	9.2773E-3	-3.9844E-1
1.3000E-4	1.0010E-2	-4.1045E-1
1.3100E-4	9.5215E-3	-4.1436E-1
1.3200E-4	9.5215E-3	-4.1392E-1
1.3300E-4	9.2773E-3	-4.0767E-1
1.3400E-4	9.5215E-3	-3.9526E-1
1.3500E-4	9.5215E-3	-3.7959E-1
1.3600E-4	1.0010E-2	-3.5762E-1
1.3700E-4	1.0010E-2	-3.2910E-1
1.3800E-4	9.7656E-3	-2.9307E-1
1.3900E-4	9.5215E-3	-2.5024E-1
1.4000E-4	9.2773E-3	-1.9766E-1
1.4100E-4	8.7891E-3	-1.3779E-1
1.4200E-4	9.5215E-3	-7.6563E-2
1.4300E-4	9.7656E-3	-2.7246E-2
1.4400E-4	9.2773E-3	7.6172E-3
1.4500E-4	9.2773E-3	2.2656E-2
1.4600E-4	1.0010E-2	2.1289E-2
1.4700E-4	9.5215E-3	7.2266E-3
1.4800E-4	9.2773E-3	-1.1279E-2
1.4900E-4	9.0332E-3	-3.6963E-2
1.5000E-4	9.5215E-3	-6.7773E-2
1.5100E-4	9.0332E-3	-1.0820E-1
1.5200E-4	9.5215E-3	-1.5503E-1
1.5300E-4	9.5215E-3	-2.0610E-1
1.5400E-4	9.7656E-3	-2.5610E-1
1.5500E-4	9.0332E-3	-3.0015E-1
1.5600E-4	9.2773E-3	-3.3599E-1
1.5700E-4	9.0332E-3	-3.6177E-1
1.5800E-4	1.0254E-2	-3.7524E-1
1.5900E-4	9.5215E-3	-3.7612E-1
1.6000E-4	1.0010E-2	-3.7056E-1
1.6100E-4	9.2773E-3	-3.5825E-1
1.6200E-4	9.2773E-3	-3.3857E-1
1.6300E-4	8.7891E-3	-3.1733E-1
1.6400E-4	9.2773E-3	-2.9370E-1
1.6500E-4	9.2773E-3	-2.6367E-1
1.6600E-4	1.0498E-2	-2.2563E-1
1.6700E-4	9.7656E-3	-1.8228E-1
1.6800E-4	1.0010E-2	-1.3184E-1
1.6900E-4	1.0010E-2	-8.0811E-2
1.7000E-4	9.5215E-3	-3.7256E-2
1.7100E-4	1.0010E-2	-7.4219E-3
1.7200E-4	9.2773E-3	5.2246E-3
1.7300E-4	1.0254E-2	1.9043E-3
1.7400E-4	9.7656E-3	-9.9609E-3
1.7500E-4	9.5215E-3	-2.5391E-2
1.7600E-4	1.0010E-2	-4.5264E-2
1.7700E-4	9.5215E-3	-6.4746E-2
1.7800E-4	1.0010E-2	-8.7939E-2
1.7900E-4	1.0010E-2	-1.1963E-1
1.8000E-4	9.7656E-3	-1.5767E-1
1.8100E-4	1.0010E-2	-1.9414E-1
1.8200E-4	1.0254E-2	-2.3164E-1
1.8300E-4	9.5215E-3	-2.6763E-1
1.8400E-4	9.2773E-3	-2.9814E-1
1.8500E-4	1.0010E-2	-3.2051E-1
1.8600E-4	9.7656E-3	-3.3657E-1
1.8700E-4	9.5215E-3	-3.4341E-1
1.8800E-4	9.7656E-3	-3.3848E-1
1.8900E-4	9.7656E-3	-3.2534E-1
1.9000E-4	9.2773E-3	-3.0732E-1
1.9100E-4	9.2773E-3	-2.8335E-1
1.9200E-4	9.2773E-3	-2.5361E-1
1.9300E-4	9.0332E-3	-2.1973E-1
1.9400E-4	9.7656E-3	-1.8081E-1
1.9500E-4	9.7656E-3	-1.3628E-1
1.9600E-4	9.5215E-3	-8.9258E-2
1.9700E-4	9.0332E-3	-4.2773E-2
1.9800E-4	8.7891E-3	-2.0508E-3
1.9900E-4	1.0010E-2	2.7441E-2
2.0000E-4	9.2773E-3	4.3213E-2
2.0100E-4	9.7656E-3	4.4580E-2
2.0200E-4	9.5215E-3	3.3545E-2
2.0300E-4	9.5215E-3	1.3428E-2
2.0400E-4	9.5215E-3	-1.0449E-2
2.0500E-4	1.0010E-2	-3.5693E-2
2.0600E-4	9.7656E-3	-6.2158E-2
2.0700E-4	9.5215E-3	-9.0723E-2
2.0800E-4	9.5215E-3	-1.1919E-1
2.0900E-4	1.0498E-2	-1.4634E-1
2.1000E-4	9.0332E-3	-1.7114E-1
2.1100E-4	1.0010E-2	-1.9180E-1
2.1200E-4	9.5215E-3	-2.0654E-1
2.1300E-4	9.5215E-3	-2.1196E-1
2.1400E-4	1.0010E-2	-2.1343E-1
2.1500E-4	9.5215E-3	-2.0894E-1
2.1600E-4	9.7656E-3	-1.9863E-1
2.1700E-4	9.2773E-3	-1.8530E-1
2.1800E-4	9.7656E-3	-1.6982E-1
2.1900E-4	9.7656E-3	-1.4819E-1
2.2000E-4	1.0010E-2	-1.2446E-1
2.2100E-4	1.0010E-2	-9.9512E-2
2.2200E-4	9.5215E-3	-7.3535E-2
2.2300E-4	9.5215E-3	-5.2441E-2
2.2400E-4	8.7891E-3	-3.6963E-2
2.2500E-4	9.5215E-3	-2.7490E-2
2.2600E-4	9.7656E-3	-2.3291E-2
2.2700E-4	9.7656E-3	-2.2852E-2
2.2800E-4	9.5215E-3	-2.6270E-2
2.2900E-4	9.0332E-3	-3.1152E-2
2.3000E-4	9.7656E-3	-3.7061E-2
2.3100E-4	9.7656E-3	-4.7168E-2
2.3200E-4	9.5215E-3	-6.0205E-2
2.3300E-4	9.2773E-3	-7.2607E-2
2.3400E-4	9.0332E-3	-8.7988E-2
2.3500E-4	9.2773E-3	-1.0332E-1
2.3600E-4	9.2773E-3	-1.1704E-1
2.3700E-4	9.7656E-3	-1.3062E-1
2.3800E-4	1.0498E-2	-1.4438E-1
2.3900E-4	9.2773E-3	-1.5337E-1
2.4000E-4	9.2773E-3	-1.5854E-1
2.4100E-4	9.7656E-3	-1.5649E-1
2.4200E-4	9.5215E-3	-1.4648E-1
2.4300E-4	9.5215E-3	-1.3037E-1
2.4400E-4	1.0010E-2	-1.1187E-1
2.4500E-4	1.0010E-2	-9.2969E-2
2.4600E-4	9.2773E-3	-7.6367E-2
2.4700E-4	9.7656E-3	-6.4258E-2
2.4800E-4	9.7656E-3	-5.3271E-2
2.4900E-4	9.0332E-3	-4.6777E-2
2.5000E-4	9.5215E-3	-4.1699E-2
2.5100E-4	9.2773E-3	-3.7207E-2
2.5200E-4	1.0010E-2	-3.6133E-2
2.5300E-4	1.0010E-2	-3.9160E-2
2.5400E-4	9.2773E-3	-4.4336E-2
2.5500E-4	9.5215E-3	-5.3027E-2
2.5600E-4	9.5215E-3	-6.6406E-2
2.5700E-4	9.0332E-3	-7.9687E-2
2.5800E-4	1.0010E-2	-9.5654E-2
2.5900E-4	9.2773E-3	-1.1362E-1
2.6000E-4	1.0010E-2	-1.2812E-1
2.6100E-4	9.2773E-3	-1.3823E-1
2.6200E-4	1.0010E-2	-1.4521E-1
2.6300E-4	1.0254E-2	-1.4692E-1
2.6400E-4	1.0254E-2	-1.3970E-1
2.6500E-4	9.7656E-3	-1.3105E-1
2.6600E-4	9.7656E-3	-1.2031E-1
2.6700E-4	9.5215E-3	-1.0708E-1
2.6800E-4	9.2773E-3	-8.9355E-2
2.6900E-4	9.2773E-3	-7.4463E-2
2.7000E-4	9.5215E-3	-6.1377E-2
2.7100E-4	9.7656E-3	-4.9805E-2
2.7200E-4	9.5215E-3	-4.2236E-2
2.7300E-4	9.5215E-3	-3.9600E-2
2.7400E-4	9.2773E-3	-3.8428E-2
2.7500E-4	9.2773E-3	-4.0576E-2
2.7600E-4	9.7656E-3	-4.9707E-2
2.7700E-4	9.5215E-3	-5.9180E-2
2.7800E-4	9.7656E-3	-7.2900E-2
2.7900E-4	9.5215E-3	-8.9160E-2
2.8000E-4	9.2773E-3	-1.0518E-1
2.8100E-4	9.7656E-3	-1.1914E-1
2.8200E-4	9.5215E-3	-1.3613E-1
2.8300E-4	9.7656E-3	-1.5317E-1
2.8400E-4	9.5215E-3	-1.6929E-1
2.8500E-4	9.5215E-3	-1.8506E-1
2.8600E-4	1.0254E-2	-1.9976E-1
2.8700E-4	9.5215E-3	-2.0996E-1
2.8800E-4	1.0010E-2	-2.1577E-1
2.8900E-4	1.0010E-2	-2.1758E-1
2.9000E-4	9.5215E-3	-2.1587E-1
2.9100E-4	9.5215E-3	-2.0762E-1
2.9200E-4	8.3008E-3	-1.9619E-1
2.9300E-4	9.2773E-3	-1.7896E-1
2.9400E-4	9.7656E-3	-1.5640E-1
2.9500E-4	9.0332E-3	-1.2983E-1
2.9600E-4	1.0010E-2	-9.9463E-2
2.9700E-4	9.5215E-3	-6.8799E-2
2.9800E-4	9.5215E-3	-4.4043E-2
2.9900E-4	9.7656E-3	-2.6709E-2
3.0000E-4	9.5215E-3	-1.6992E-2
3.0100E-4	9.0332E-3	-2.0850E-2
3.0200E-4	9.7656E-3	-2.9736E-2
3.0300E-4	9.5215E-3	-4.0332E-2
3.0400E-4	1.0498E-2	-5.3955E-2
3.0500E-4	9.0332E-3	-7.0215E-2
3.0600E-4	9.5215E-3	-8.4375E-2
3.0700E-4	1.0254E-2	-1.0059E-1
3.0800E-4	9.5215E-3	-1.2153E-1
3.0900E-4	9.7656E-3	-1.4404E-1
3.1000E-4	1.0010E-2	-1.6895E-1
3.1100E-4	9.0332E-3	-1.9819E-1
3.1200E-4	9.2773E-3	-2.2910E-1
3.1300E-4	9.2773E-3	-2.5576E-1
3.1400E-4	9.7656E-3	-2.7676E-1
3.1500E-4	9.5215E-3	-2.9014E-1
3.1600E-4	1.0010E-2	-2.9072E-1
3.1700E-4	9.2773E-3	-2.8105E-1
3.1800E-4	9.0332E-3	-2.6641E-1
3.1900E-4	9.2773E-3	-2.4331E-1
3.2000E-4	9.5215E-3	-2.1543E-1
3.2100E-4	9.5215E-3	-1.8481E-1
3.2200E-4	1.0498E-2	-1.5039E-1
3.2300E-4	9.5215E-3	-1.1406E-1
3.2400E-4	9.7656E-3	-7.9053E-2
3.2500E-4	9.0332E-3	-4.7119E-2
3.2600E-4	9.7656E-3	-2.3486E-2
3.2700E-4	9.5215E-3	-1.2354E-2
3.2800E-4	1.0010E-2	-9.5703E-3
3.2900E-4	9.0332E-3	-1.7725E-2
3.3000E-4	9.5215E-3	-3.0957E-2
3.3100E-4	9.0332E-3	-5.1318E-2
3.3200E-4	1.0010E-2	-7.3193E-2
3.3300E-4	9.2773E-3	-9.9561E-2
3.3400E-4	9.2773E-3	-1.2681E-1
3.3500E-4	1.0010E-2	-1.5962E-1
3.3600E-4	9.5215E-3	-1.8955E-1
3.3700E-4	9.7656E-3	-2.2007E-1
3.3800E-4	9.2773E-3	-2.5063E-1
3.3900E-4	1.0010E-2	-2.8115E-1
3.4000E-4	9.5215E-3	-3.0664E-1
3.4100E-4	9.5215E-3	-3.2896E-1
3.4200E-4	1.0010E-2	-3.4844E-1
3.4300E-4	9.2773E-3	-3.6084E-1
3.4400E-4	9.7656E-3	-3.6411E-1
3.4500E-4	1.0010E-2	-3.5977E-1
3.4600E-4	1.0010E-2	-3.4756E-1
3.4700E-4	9.2773E-3	-3.2646E-1
3.4800E-4	9.5215E-3	-2.9927E-1
3.4900E-4	9.7656E-3	-2.6577E-1
3.5000E-4	9.7656E-3	-2.2432E-1
3.5100E-4	9.5215E-3	-1.7563E-1
3.5200E-4	1.0010E-2	-1.1938E-1
3.5300E-4	8.7891E-3	-5.7715E-2
3.5400E-4	9.7656E-3	-3.9062E-3
3.5500E-4	9.2773E-3	3.6670E-2
3.5600E-4	9.2773E-3	5.9033E-2
3.5700E-4	9.2773E-3	5.8643E-2
3.5800E-4	1.0010E-2	3.9062E-2
3.5900E-4	9.0332E-3	9.3262E-3
3.6000E-4	1.0010E-2	-2.9053E-2
3.6100E-4	1.0010E-2	-7.2363E-2
3.6200E-4	9.5215E-3	-1.1675E-1
3.6300E-4	9.7656E-3	-1.6367E-1
3.6400E-4	9.5215E-3	-2.1313E-1
3.6500E-4	9.5215E-3	-2.5898E-1
3.6600E-4	1.0498E-2	-3.0200E-1
3.6700E-4	9.5215E-3	-3.3857E-1
3.6800E-4	1.0010E-2	-3.6709E-1
3.6900E-4	9.2773E-3	-3.8652E-1
3.7000E-4	1.0254E-2	-3.9893E-1
3.7100E-4	9.7656E-3	-4.0073E-1
3.7200E-4	9.5215E-3	-3.9121E-1
3.7300E-4	9.5215E-3	-3.7358E-1
3.7400E-4	1.0010E-2	-3.4932E-1
3.7500E-4	9.0332E-3	-3.1797E-1
3.7600E-4	9.5215E-3	-2.8364E-1
3.7700E-4	9.0332E-3	-2.4751E-1
3.7800E-4	9.5215E-3	-2.0425E-1
3.7900E-4	9.7656E-3	-1.5186E-1
3.8000E-4	9.0332E-3	-9.2969E-2
3.8100E-4	9.7656E-3	-3.3691E-2
3.8200E-4	9.7656E-3	1.7041E-2
3.8300E-4	9.2773E-3	5.0244E-2
3.8400E-4	9.7656E-3	6.3916E-2
3.8500E-4	9.0332E-3	5.5273E-2
3.8600E-4	9.5215E-3	3.1787E-2
3.8700E-4	1.0010E-2	-2.0508E-3
3.8800E-4	9.2773E-3	-4.2773E-2
3.8900E-4	1.0010E-2	-9.0820E-2
3.9000E-4	9.2773E-3	-1.4287E-1
3.9100E-4	9.2773E-3	-1.9854E-1
3.9200E-4	1.0010E-2	-2.5278E-1
3.9300E-4	1.0010E-2	-3.0352E-1
3.9400E-4	9.2773E-3	-3.4751E-1
3.9500E-4	9.2773E-3	-3.7910E-1
3.9600E-4	9.0332E-3	-3.9888E-1
3.9700E-4	9.5215E-3	-4.1147E-1
3.9800E-4	1.0010E-2	-4.1621E-1
3.9900E-4	9.0332E-3	-4.1362E-1
4.0000E-4	9.5215E-3	-4.0850E-1
4.0100E-4	9.5215E-3	-4.0039E-1
4.0200E-4	9.7656E-3	-3.8506E-1
4.0300E-4	9.2773E-3	-3.5879E-1
4.0400E-4	9.0332E-3	-3.2573E-1
4.0500E-4	9.5215E-3	-2.8311E-1
4.0600E-4	9.5215E-3	-2.3267E-1
4.0700E-4	1.0010E-2	-1.7461E-1
4.0800E-4	9.5215E-3	-1.1128E-1
4.0900E-4	9.5215E-3	-4.2627E-2
4.1000E-4	1.0010E-2	1.6602E-2
4.1100E-4	9.7656E-3	6.2988E-2
4.1200E-4	1.0010E-2	9.0381E-2
4.1300E-4	9.7656E-3	9.4824E-2
4.1400E-4	1.0010E-2	7.8027E-2
4.1500E-4	9.7656E-3	4.9365E-2
4.1600E-4	9.5215E-3	1.0107E-2
4.1700E-4	1.0010E-2	-3.6816E-2
4.1800E-4	1.0010E-2	-8.9551E-2
4.1900E-4	9.7656E-3	-1.4819E-1
4.2000E-4	9.2773E-3	-2.0728E-1
4.2100E-4	9.2773E-3	-2.6177E-1
4.2200E-4	9.5215E-3	-3.1152E-1
4.2300E-4	1.0254E-2	-3.5107E-1
4.2400E-4	9.5215E-3	-3.7925E-1
4.2500E-4	9.7656E-3	-3.9727E-1
4.2600E-4	9.7656E-3	-4.0679E-1
4.2700E-4	9.2773E-3	-4.0283E-1
4.2800E-4	9.7656E-3	-3.9448E-1
4.2900E-4	9.5215E-3	-3.8149E-1
4.3000E-4	9.7656E-3	-3.6392E-1
4.3100E-4	9.2773E-3	-3.4146E-1
4.3200E-4	9.5215E-3	-3.1660E-1
4.3300E-4	9.0332E-3	-2.8501E-1
4.3400E-4	9.5215E-3	-2.4683E-1
4.3500E-4	9.5215E-3	-2.0283E-1
4.3600E-4	1.0010E-2	-1.5249E-1
4.3700E-4	9.7656E-3	-9.7119E-2
4.3800E-4	1.0498E-2	-3.9160E-2
4.3900E-4	9.2773E-3	1.3721E-2
4.4000E-4	1.0010E-2	5.3809E-2
4.4100E-4	9.7656E-3	7.7490E-2
4.4200E-4	8.7891E-3	8.1592E-2
4.4300E-4	9.0332E-3	6.7383E-2
4.4400E-4	9.5215E-3	3.8916E-2
4.4500E-4	9.5215E-3	1.7578E-3
4.4600E-4	9.5215E-3	-4.5117E-2
4.4700E-4	9.2773E-3	-9.8437E-2
4.4800E-4	1.0254E-2	-1.5566E-1
4.4900E-4	1.0010E-2	-2.1094E-1
4.5000E-4	9.7656E-3	-2.6592E-1
4.5100E-4	1.0010E-2	-3.1304E-1
4.5200E-4	9.7656E-3	-3.5146E-1
4.5300E-4	9.7656E-3	-3.8125E-1
4.5400E-4	9.5215E-3	-4.0303E-1
4.5500E-4	9.2773E-3	-4.1641E-1
4.5600E-4	1.0498E-2	-4.2051E-1
4.5700E-4	9.5215E-3	-4.1665E-1
4.5800E-4	9.2773E-3	-4.1025E-1
4.5900E-4	9.7656E-3	-4.0083E-1
4.6000E-4	1.0010E-2	-3.8423E-1
4.6100E-4	1.0010E-2	-3.6548E-1
4.6200E-4	1.0498E-2	-3.4512E-1
4.6300E-4	1.0010E-2	-3.1733E-1
4.6400E-4	9.7656E-3	-2.8525E-1
4.6500E-4	9.7656E-3	-2.4883E-1
4.6600E-4	9.0332E-3	-2.0518E-1
4.6700E-4	9.2773E-3	-1.5327E-1
4.6800E-4	9.2773E-3	-9.5508E-2
4.6900E-4	9.5215E-3	-3.3545E-2
4.7000E-4	9.7656E-3	2.3291E-2
4.7100E-4	9.2773E-3	6.5723E-2
4.7200E-4	9.7656E-3	8.5889E-2
4.7300E-4	1.0254E-2	7.8955E-2
4.7400E-4	9.5215E-3	4.1260E-2
4.7500E-4	9.5215E-3	-2.2363E-2
4.7600E-4	9.7656E-3	-1.0562E-1
4.7700E-4	9.5215E-3	-1.9912E-1
4.7800E-4	9.7656E-3	-2.9683E-1
4.7900E-4	9.5215E-3	-3.9111E-1
4.8000E-4	9.2773E-3	-4.7856E-1
4.8100E-4	9.0332E-3	-5.5288E-1
4.8200E-4	9.7656E-3	-6.1489E-1
4.8300E-4	9.0332E-3	-6.6167E-1
4.8400E-4	9.5215E-3	-6.9561E-1
4.8500E-4	9.7656E-3	-7.1553E-1
4.8600E-4	9.5215E-3	-7.2837E-1
4.8700E-4	1.0010E-2	-7.3325E-1
4.8800E-4	9.7656E-3	-7.3574E-1
4.8900E-4	9.2773E-3	-7.3672E-1
4.9000E-4	9.5215E-3	-7.3921E-1
4.9100E-4	9.2773E-3	-7.4131E-1
4.9200E-4	9.5215E-3	-7.4434E-1
4.9300E-4	9.5215E-3	-7.4756E-1
4.9400E-4	1.0254E-2	-7.4976E-1
4.9500E-4	9.5215E-3	-7.4937E-1
4.9600E-4	9.0332E-3	-7.4985E-1
4.9700E-4	9.2773E-3	-7.5010E-1
4.9800E-4	9.7656E-3	-7.4985E-1
4.9900E-4	9.0332E-3	-7.4937E-1
5.0000E-4	9.7656E-3	-7.5288E-1
5.0100E-4	9.5215E-3	-7.5527E-1
5.0200E-4	9.5215E-3	-7.5625E-1
5.0300E-4	9.2773E-3	-7.5469E-1
5.0400E-4	9.5215E-3	-7.5405E-1
5.0500E-4	9.5215E-3	-7.5210E-1
5.0600E-4	9.2773E-3	-7.4976E-1
5.0700E-4	9.5215E-3	-7.5234E-1
5.0800E-4	9.2773E-3	-7.5801E-1
5.0900E-4	9.7656E-3	-7.5957E-1
5.1000E-4	9.2773E-3	-7.5884E-1
5.1100E-4	9.7656E-3	-7.5684E-1
5.1200E-4	9.7656E-3	-7.5103E-1
5.1300E-4	9.5215E-3	-7.4297E-1
5.1400E-4	1.0254E-2	-7.3770E-1
5.1500E-4	9.0332E-3	-7.2969E-1
5.1600E-4	9.5215E-3	-7.1782E-1
5.1700E-4	9.0332E-3	-6.9917E-1
5.1800E-4	9.2773E-3	-6.7222E-1
5.1900E-4	9.7656E-3	-6.3408E-1
5.2000E-4	1.0010E-2	-5.8760E-1
5.2100E-4	9.5215E-3	-5.3062E-1
5.2200E-4	9.7656E-3	-4.6445E-1
5.2300E-4	9.5215E-3	-3.8657E-1
5.2400E-4	9.7656E-3	-2.9678E-1
5.2500E-4	9.2773E-3	-1.9404E-1
5.2600E-4	9.2773E-3	-8.5986E-2
5.2700E-4	9.5215E-3	1.3330E-2
5.2800E-4	1.0010E-2	8.9355E-2
5.2900E-4	9.7656E-3	1.3428E-1
5.3000E-4	9.7656E-3	1.4272E-1
5.3100E-4	1.0254E-2	1.1641E-1
5.3200E-4	9.0332E-3	6.6064E-2
5.3300E-4	9.5215E-3	-3.9063E-4
5.3400E-4	9.7656E-3	-7.7637E-2
5.3500E-4	9.7656E-3	-1.5937E-1
5.3600E-4	1.0254E-2	-2.3809E-1
5.3700E-4	9.0332E-3	-3.1006E-1
5.3800E-4	9.2773E-3	-3.6919E-1
5.3900E-4	9.5215E-3	-4.1167E-1
5.4000E-4	9.7656E-3	-4.3838E-1
5.4100E-4	9.5215E-3	-4.5381E-1
5.4200E-4	9.2773E-3	-4.5674E-1
5.4300E-4	9.2773E-3	-4.5352E-1
5.4400E-4	9.5215E-3	-4.4702E-1
5.4500E-4	1.0010E-2	-4.3667E-1
5.4600E-4	9.5215E-3	-4.2358E-1
5.4700E-4	9.5215E-3	-4.0811E-1
5.4800E-4	9.5215E-3	-3.8735E-1
5.4900E-4	9.7656E-3	-3.6152E-1
5.5000E-4	9.2773E-3	-3.3037E-1
5.5100E-4	9.2773E-3	-2.9546E-1
5.5200E-4	9.2773E-3	-2.5361E-1
5.5300E-4	9.5215E-3	-2.0459E-1
5.5400E-4	9.7656E-3	-1.4980E-1
5.5500E-4	9.2773E-3	-9.2627E-2
5.5600E-4	9.7656E-3	-3.2666E-2
5.5700E-4	9.2773E-3	2.1094E-2
5.5800E-4	9.7656E-3	6.1230E-2
5.5900E-4	9.0332E-3	8.5107E-2
5.6000E-4	1.0254E-2	8.8623E-2
5.6100E-4	1.0010E-2	7.2070E-2
5.6200E-4	9.7656E-3	3.9404E-2
5.6300E-4	1.0010E-2	-6.4453E-3
5.6400E-4	9.5215E-3	-6.0889E-2
5.6500E-4	9.7656E-3	-1.1602E-1
5.6600E-4	1.0010E-2	-1.7212E-1
5.6700E-4	1.0010E-2	-2.2681E-1
5.6800E-4	9.5215E-3	-2.7695E-1
5.6900E-4	9.0332E-3	-3.2021E-1
5.7000E-4	9.7656E-3	-3.5664E-1
5.7100E-4	1.0010E-2	-3.8286E-1
5.7200E-4	1.0254E-2	-4.0063E-1
5.7300E-4	9.7656E-3	-4.0757E-1
5.7400E-4	9.2773E-3	-4.0503E-1
5.7500E-4	9.7656E-3	-3.9497E-1
5.7600E-4	1.0010E-2	-3.8047E-1
5.7700E-4	9.2773E-3	-3.6152E-1
5.7800E-4	1.0010E-2	-3.3896E-1
5.7900E-4	9.5215E-3	-3.1216E-1
5.8000E-4	9.7656E-3	-2.8110E-1
5.8100E-4	9.2773E-3	-2.4326E-1
5.8200E-4	9.7656E-3	-1.9932E-1
5.8300E-4	9.2773E-3	-1.4878E-1
5.8400E-4	9.2773E-3	-9.2627E-2
5.8500E-4	9.7656E-3	-3.2373E-2
5.8600E-4	9.7656E-3	2.3877E-2
5.8700E-4	9.7656E-3	6.5723E-2
5.8800E-4	9.7656E-3	8.6816E-2
5.8900E-4	9.5215E-3	8.5010E-2
5.9000E-4	9.5215E-3	6.1768E-2
5.9100E-4	9.5215E-3	2.1191E-2
5.9200E-4	9.5215E-3	-2.6855E-2
5.9300E-4	9.2773E-3	-8.0371E-2
5.9400E-4	1.0010E-2	-1.3877E-1
5.9500E-4	9.7656E-3	-1.9424E-1
5.9600E-4	1.0010E-2	-2.4917E-1
5.9700E-4	9.7656E-3	-3.0322E-1
5.9800E-4	9.7656E-3	-3.4727E-1
5.9900E-4	9.2773E-3	-3.8047E-1
6.0000E-4	1.0010E-2	-4.0723E-1
6.0100E-4	9.5215E-3	-4.2505E-1
6.0200E-4	1.0010E-2	-4.3062E-1
6.0300E-4	8.7891E-3	-4.2925E-1
6.0400E-4	9.5215E-3	-4.2412E-1
6.0500E-4	9.5215E-3	-4.1499E-1
6.0600E-4	9.5215E-3	-3.9707E-1
6.0700E-4	9.5215E-3	-3.7461E-1
6.0800E-4	1.0010E-2	-3.4448E-1
6.0900E-4	9.2773E-3	-3.0596E-1
6.1000E-4	1.0254E-2	-2.5859E-1
6.1100E-4	9.7656E-3	-2.0464E-1
6.1200E-4	9.7656E-3	-1.4341E-1
6.1300E-4	1.0254E-2	-7.9980E-2
6.1400E-4	9.5215E-3	-1.3281E-2
6.1500E-4	9.2773E-3	4.6533E-2
6.1600E-4	9.7656E-3	8.6621E-2
6.1700E-4	9.2773E-3	1.0493E-1
6.1800E-4	9.7656E-3	9.9170E-2
6.1900E-4	9.7656E-3	7.1924E-2
6.2000E-4	9.2773E-3	2.5977E-2
6.2100E-4	9.2773E-3	-2.8076E-2
6.2200E-4	1.0010E-2	-8.5596E-2
6.2300E-4	8.5449E-3	-1.4600E-1
6.2400E-4	9.2773E-3	-2.0884E-1
6.2500E-4	8.5449E-3	-2.6777E-1
6.2600E-4	9.7656E-3	-3.1870E-1
6.2700E-4	9.2773E-3	-3.6118E-1
6.2800E-4	9.5215E-3	-3.9053E-1
6.2900E-4	9.5215E-3	-4.0967E-1
6.3000E-4	9.5215E-3	-4.1807E-1
6.3100E-4	1.0010E-2	-4.1826E-1
6.3200E-4	9.7656E-3	-4.1084E-1
6.3300E-4	9.5215E-3	-3.9790E-1
6.3400E-4	9.5215E-3	-3.7793E-1
6.3500E-4	9.2773E-3	-3.5479E-1
6.3600E-4	1.0254E-2	-3.2466E-1
6.3700E-4	1.0010E-2	-2.8896E-1
6.3800E-4	1.0254E-2	-2.4512E-1
6.3900E-4	9.7656E-3	-1.9150E-1
6.4000E-4	9.7656E-3	-1.3086E-1
6.4100E-4	9.7656E-3	-6.6455E-2
6.4200E-4	9.7656E-3	-3.3691E-3
6.4300E-4	9.5215E-3	4.4189E-2
6.4400E-4	1.0010E-2	6.7822E-2
6.4500E-4	9.0332E-3	6.9775E-2
6.4600E-4	9.7656E-3	5.3809E-2
6.4700E-4	9.5215E-3	2.4707E-2
6.4800E-4	9.2773E-3	-1.3867E-2
6.4900E-4	9.5215E-3	-5.4980E-2
6.5000E-4	9.5215E-3	-9.8193E-2
6.5100E-4	9.5215E-3	-1.4697E-1
6.5200E-4	9.5215E-3	-2.0078E-1
6.5300E-4	9.2773E-3	-2.4824E-1
6.5400E-4	9.7656E-3	-2.9067E-1
6.5500E-4	1.0010E-2	-3.2686E-1
6.5600E-4	9.7656E-3	-3.5459E-1
6.5700E-4	9.2773E-3	-3.7246E-1
6.5800E-4	9.7656E-3	-3.8569E-1
6.5900E-4	9.0332E-3	-3.9019E-1
6.6000E-4	1.0254E-2	-3.8691E-1
6.6100E-4	9.5215E-3	-3.7622E-1
6.6200E-4	9.2773E-3	-3.6226E-1
6.6300E-4	9.0332E-3	-3.4009E-1
6.6400E-4	8.7891E-3	-3.1235E-1
6.6500E-4	9.5215E-3	-2.7915E-1
6.6600E-4	9.2773E-3	-2.3994E-1
6.6700E-4	9.5215E-3	-1.9233E-1
6.6800E-4	9.5215E-3	-1.3955E-1
6.6900E-4	9.7656E-3	-8.2520E-2
6.7000E-4	9.7656E-3	-2.6270E-2
6.7100E-4	9.5215E-3	2.0068E-2
6.7200E-4	9.2773E-3	4.6826E-2
6.7300E-4	1.0010E-2	5.5078E-2
6.7400E-4	9.5215E-3	4.5752E-2
6.7500E-4	9.5215E-3	2.1826E-2
6.7600E-4	9.2773E-3	-9.4238E-3
6.7700E-4	9.7656E-3	-3.8525E-2
6.7800E-4	9.0332E-3	-7.0264E-2
6.7900E-4	9.7656E-3	-1.0581E-1
6.8000E-4	9.7656E-3	-1.4326E-1
6.8100E-4	1.0254E-2	-1.8291E-1
6.8200E-4	9.5215E-3	-2.2363E-1
6.8300E-4	9.5215E-3	-2.5854E-1
6.8400E-4	9.5215E-3	-2.8667E-1
6.8500E-4	9.2773E-3	-3.0806E-1
6.8600E-4	9.2773E-3	-3.2334E-1
6.8700E-4	9.5215E-3	-3.2910E-1
6.8800E-4	9.2773E-3	-3.2715E-1
6.8900E-4	8.7891E-3	-3.1899E-1
6.9000E-4	9.5215E-3	-3.0059E-1
6.9100E-4	9.5215E-3	-2.7202E-1
6.9200E-4	9.5215E-3	-2.3691E-1
6.9300E-4	1.0010E-2	-1.9668E-1
6.9400E-4	9.7656E-3	-1.4956E-1
6.9500E-4	9.5215E-3	-1.0312E-1
6.9600E-4	8.5449E-3	-5.8057E-2
6.9700E-4	1.0010E-2	-2.0654E-2
6.9800E-4	1.0010E-2	6.0547E-3
6.9900E-4	9.2773E-3	1.6455E-2
7.0000E-4	9.0332E-3	1.6455E-2
7.0100E-4	1.0010E-2	7.0801E-3
7.0200E-4	9.2773E-3	-8.5938E-3
7.0300E-4	9.5215E-3	-2.8369E-2
7.0400E-4	1.0010E-2	-4.7705E-2
7.0500E-4	1.0010E-2	-6.8750E-2
7.0600E-4	9.5215E-3	-9.1748E-2
7.0700E-4	9.5215E-3	-1.1465E-1
7.0800E-4	9.5215E-3	-1.3628E-1
7.0900E-4	9.7656E-3	-1.5581E-1
7.1000E-4	9.7656E-3	-1.7397E-1
7.1100E-4	9.5215E-3	-1.8779E-1
7.1200E-4	9.7656E-3	-1.9961E-1
7.1300E-4	9.0332E-3	-2.0884E-1
7.1400E-4	9.5215E-3	-2.1558E-1
7.1500E-4	9.2773E-3	-2.1895E-1
7.1600E-4	9.5215E-3	-2.2041E-1
7.1700E-4	9.7656E-3	-2.1704E-1
7.1800E-4	9.5215E-3	-2.0581E-1
7.1900E-4	9.7656E-3	-1.9097E-1
7.2000E-4	1.0010E-2	-1.7290E-1
7.2100E-4	9.7656E-3	-1.4663E-1
7.2200E-4	9.2773E-3	-1.1729E-1
7.2300E-4	9.5215E-3	-9.2480E-2
7.2400E-4	1.0010E-2	-6.8701E-2
7.2500E-4	9.7656E-3	-4.4678E-2
7.2600E-4	9.7656E-3	-3.1201E-2
7.2700E-4	9.5215E-3	-2.5244E-2
7.2800E-4	8.7891E-3	-2.5049E-2
7.2900E-4	1.0010E-2	-2.8760E-2
7.3000E-4	1.0010E-2	-4.1211E-2
7.3100E-4	9.5215E-3	-5.6055E-2
7.3200E-4	9.7656E-3	-7.4121E-2
7.3300E-4	1.0010E-2	-9.0234E-2
7.3400E-4	9.7656E-3	-1.0562E-1
7.3500E-4	9.5215E-3	-1.1934E-1
7.3600E-4	9.7656E-3	-1.3145E-1
7.3700E-4	9.5215E-3	-1.4072E-1
7.3800E-4	9.5215E-3	-1.4731E-1
7.3900E-4	9.5215E-3	-1.5117E-1
7.4000E-4	9.2773E-3	-1.5059E-1
7.4100E-4	9.7656E-3	-1.4609E-1
7.4200E-4	9.5215E-3	-1.3589E-1
7.4300E-4	1.0010E-2	-1.2490E-1
7.4400E-4	9.2773E-3	-1.1426E-1
7.4500E-4	9.2773E-3	-1.0249E-1
7.4600E-4	9.5215E-3	-9.2432E-2
7.4700E-4	8.7891E-3	-8.2568E-2
7.4800E-4	1.0010E-2	-7.5146E-2
7.4900E-4	9.7656E-3	-6.8652E-2
7.5000E-4	9.5215E-3	-6.6113E-2
7.5100E-4	9.7656E-3	-6.7236E-2
7.5200E-4	9.5215E-3	-7.3389E-2
7.5300E-4	9.5215E-3	-8.0518E-2
7.5400E-4	9.7656E-3	-8.8867E-2
7.5500E-4	9.2773E-3	-9.7412E-2
7.5600E-4	9.2773E-3	-1.0532E-1
7.5700E-4	9.5215E-3	-1.1436E-1
7.5800E-4	9.2773E-3	-1.2383E-1
7.5900E-4	9.5215E-3	-1.3403E-1
7.6000E-4	9.7656E-3	-1.4507E-1
7.6100E-4	9.7656E-3	-1.5493E-1
7.6200E-4	9.0332E-3	-1.6099E-1
7.6300E-4	9.5215E-3	-1.6094E-1
7.6400E-4	1.0010E-2	-1.5811E-1
7.6500E-4	9.2773E-3	-1.5093E-1
7.6600E-4	9.7656E-3	-1.3853E-1
7.6700E-4	9.0332E-3	-1.2354E-1
7.6800E-4	9.7656E-3	-1.1226E-1
7.6900E-4	9.5215E-3	-1.0073E-1
7.7000E-4	1.0254E-2	-8.9990E-2
7.7100E-4	1.0010E-2	-7.9834E-2
7.7200E-4	1.0010E-2	-7.2412E-2
7.7300E-4	9.0332E-3	-6.2842E-2
7.7400E-4	9.5215E-3	-5.6152E-2
7.7500E-4	9.5215E-3	-5.1660E-2
7.7600E-4	1.0010E-2	-5.5957E-2
7.7700E-4	9.5215E-3	-6.2939E-2
7.7800E-4	9.7656E-3	-7.5537E-2
7.7900E-4	1.0254E-2	-8.8428E-2
7.8000E-4	9.2773E-3	-1.0146E-1
7.8100E-4	9.5215E-3	-1.1113E-1
7.8200E-4	9.2773E-3	-1.2402E-1
7.8300E-4	1.0254E-2	-1.3735E-1
7.8400E-4	9.0332E-3	-1.5425E-1
7.8500E-4	9.0332E-3	-1.7324E-1
7.8600E-4	9.5215E-3	-1.9097E-1
7.8700E-4	9.7656E-3	-2.0317E-1
7.8800E-4	9.5215E-3	-2.1123E-1
7.8900E-4	9.0332E-3	-2.1255E-1
7.9000E-4	9.7656E-3	-2.0586E-1
7.9100E-4	9.5215E-3	-1.9546E-1
7.9200E-4	9.7656E-3	-1.8208E-1
7.9300E-4	9.5215E-3	-1.6553E-1
7.9400E-4	9.0332E-3	-1.4512E-1
7.9500E-4	1.0010E-2	-1.2275E-1
7.9600E-4	1.0010E-2	-9.8926E-2
7.9700E-4	9.0332E-3	-7.6807E-2
7.9800E-4	9.5215E-3	-5.3955E-2
7.9900E-4	9.2773E-3	-3.6133E-2
8.0000E-4	9.7656E-3	-2.6074E-2
8.0100E-4	9.2773E-3	-2.3389E-2
8.0200E-4	9.0332E-3	-2.5391E-2
8.0300E-4	9.5215E-3	-3.6328E-2
8.0400E-4	9.5215E-3	-5.1221E-2
8.0500E-4	9.2773E-3	-6.9385E-2
8.0600E-4	9.7656E-3	-9.0674E-2
8.0700E-4	9.2773E-3	-1.1553E-1
8.0800E-4	9.2773E-3	-1.4219E-1
8.0900E-4	9.7656E-3	-1.7271E-1
8.1000E-4	9.5215E-3	-2.0337E-1
8.1100E-4	9.5215E-3	-2.3262E-1
8.1200E-4	9.2773E-3	-2.5801E-1
8.1300E-4	9.2773E-3	-2.7964E-1
8.1400E-4	9.5215E-3	-2.9370E-1
8.1500E-4	9.0332E-3	-3.0229E-1
8.1600E-4	9.2773E-3	-3.0820E-1
8.1700E-4	1.0010E-2	-3.0913E-1
8.1800E-4	9.0332E-3	-2.9995E-1
8.1900E-4	8.7891E-3	-2.8530E-1
8.2000E-4	1.0010E-2	-2.6299E-1
8.2100E-4	9.0332E-3	-2.3052E-1
8.2200E-4	9.7656E-3	-1.8975E-1
8.2300E-4	9.5215E-3	-1.4956E-1
8.2400E-4	9.7656E-3	-1.0801E-1
8.2500E-4	9.2773E-3	-6.9824E-2
8.2600E-4	9.2773E-3	-3.5156E-2
8.2700E-4	9.5215E-3	-1.2256E-2
8.2800E-4	9.2773E-3	1.7090E-3
8.2900E-4	9.7656E-3	4.9316E-3
8.3000E-4	9.7656E-3	-4.8828E-4
8.3100E-4	9.5215E-3	-1.5283E-2
8.3200E-4	9.2773E-3	-3.5693E-2
8.3300E-4	9.5215E-3	-6.0986E-2
8.3400E-4	9.5215E-3	-9.3945E-2
8.3500E-4	9.0332E-3	-1.3213E-1
8.3600E-4	9.5215E-3	-1.7437E-1
8.3700E-4	9.5215E-3	-2.1782E-1
8.3800E-4	9.2773E-3	-2.5869E-1
8.3900E-4	9.0332E-3	-2.9609E-1
8.4000E-4	9.7656E-3	-3.2412E-1
8.4100E-4	9.2773E-3	-3.4263E-1
8.4200E-4	9.0332E-3	-3.5273E-1
8.4300E-4	9.5215E-3	-3.5728E-1
8.4400E-4	1.0254E-2	-3.5298E-1
8.4500E-4	9.7656E-3	-3.4687E-1
8.4600E-4	9.5215E-3	-3.3296E-1
8.4700E-4	9.5215E-3	-3.1270E-1
8.4800E-4	1.0254E-2	-2.8633E-1
8.4900E-4	8.7891E-3	-2.4893E-1
8.5000E-4	9.7656E-3	-1.9844E-1
8.5100E-4	9.7656E-3	-1.4468E-1
8.5200E-4	9.5215E-3	-8.8135E-2
8.5300E-4	9.5215E-3	-3.3545E-2
8.5400E-4	1.0498E-2	4.8828E-3
8.5500E-4	9.5215E-3	2.1875E-2
8.5600E-4	9.2773E-3	2.2559E-2
8.5700E-4	9.2773E-3	9.9121E-3
8.5800E-4	1.0010E-2	-1.6504E-2
8.5900E-4	9.7656E-3	-4.4873E-2
8.6000E-4	9.7656E-3	-7.5537E-2
8.6100E-4	9.7656E-3	-1.0742E-1
8.6200E-4	9.0332E-3	-1.4473E-1
8.6300E-4	9.2773E-3	-1.8442E-1
8.6400E-4	9.2773E-3	-2.2510E-1
8.6500E-4	9.0332E-3	-2.6362E-1
8.6600E-4	9.5215E-3	-3.0239E-1
8.6700E-4	9.2773E-3	-3.3359E-1
8.6800E-4	1.0010E-2	-3.5762E-1
8.6900E-4	8.5449E-3	-3.7710E-1
8.7000E-4	9.5215E-3	-3.8853E-1
8.7100E-4	9.2773E-3	-3.9180E-1
8.7200E-4	9.7656E-3	-3.9229E-1
8.7300E-4	9.7656E-3	-3.8462E-1
8.7400E-4	9.2773E-3	-3.6821E-1
8.7500E-4	9.5215E-3	-3.4878E-1
8.7600E-4	1.0010E-2	-3.2305E-1
8.7700E-4	9.0332E-3	-2.8960E-1
8.7800E-4	9.5215E-3	-2.4644E-1
8.7900E-4	9.5215E-3	-1.9546E-1
8.8000E-4	9.2773E-3	-1.3296E-1
8.8100E-4	9.2773E-3	-6.5820E-2
8.8200E-4	9.7656E-3	-2.3926E-3
8.8300E-4	1.0010E-2	4.2969E-2
8.8400E-4	9.7656E-3	6.8652E-2
8.8500E-4	9.5215E-3	7.1777E-2
8.8600E-4	9.7656E-3	5.3223E-2
8.8700E-4	8.7891E-3	2.2412E-2
8.8800E-4	9.7656E-3	-1.6699E-2
8.8900E-4	9.7656E-3	-6.3086E-2
8.9000E-4	9.5215E-3	-1.1689E-1
8.9100E-4	9.5215E-3	-1.7090E-1
8.9200E-4	9.2773E-3	-2.2529E-1
8.9300E-4	9.0332E-3	-2.7554E-1
8.9400E-4	9.7656E-3	-3.2007E-1
8.9500E-4	9.5215E-3	-3.5503E-1
8.9600E-4	9.7656E-3	-3.8145E-1
8.9700E-4	9.0332E-3	-3.9912E-1
8.9800E-4	9.7656E-3	-4.0815E-1
8.9900E-4	9.2773E-3	-4.0767E-1
9.0000E-4	9.5215E-3	-4.0132E-1
9.0100E-4	9.7656E-3	-3.9038E-1
9.0200E-4	9.2773E-3	-3.7363E-1
9.0300E-4	9.2773E-3	-3.4849E-1
9.0400E-4	1.0010E-2	-3.1426E-1
9.0500E-4	9.7656E-3	-2.7163E-1
9.0600E-4	9.5215E-3	-2.2271E-1
9.0700E-4	9.5215E-3	-1.6523E-1
9.0800E-4	9.7656E-3	-1.0293E-1
9.0900E-4	9.2773E-3	-4.0088E-2
9.1000E-4	9.5215E-3	1.5771E-2
9.1100E-4	1.0010E-2	6.0596E-2
9.1200E-4	1.0254E-2	8.2178E-2
9.1300E-4	9.2773E-3	7.9102E-2
9.1400E-4	1.0010E-2	5.6982E-2
9.1500E-4	1.0254E-2	2.0850E-2
9.1600E-4	9.7656E-3	-2.5244E-2
9.1700E-4	9.7656E-3	-7.4316E-2
9.1800E-4	9.2773E-3	-1.2402E-1
9.1900E-4	9.5215E-3	-1.7734E-1
9.2000E-4	1.0010E-2	-2.3096E-1
9.2100E-4	9.5215E-3	-2.8306E-1
9.2200E-4	9.5215E-3	-3.2788E-1
9.2300E-4	9.5215E-3	-3.6416E-1
9.2400E-4	9.2773E-3	-3.9072E-1
9.2500E-4	9.5215E-3	-4.0562E-1
9.2600E-4	9.5215E-3	-4.1069E-1
9.2700E-4	9.5215E-3	-4.0835E-1
9.2800E-4	9.5215E-3	-3.9902E-1
9.2900E-4	9.5215E-3	-3.8438E-1
9.3000E-4	9.5215E-3	-3.6704E-1
9.3100E-4	9.5215E-3	-3.4497E-1
9.3200E-4	9.5215E-3	-3.2134E-1
9.3300E-4	9.7656E-3	-2.9092E-1
9.3400E-4	1.0010E-2	-2.5386E-1
9.3500E-4	9.2773E-3	-2.0845E-1
9.3600E-4	9.7656E-3	-1.5698E-1
9.3700E-4	9.0332E-3	-1.0122E-1
9.3800E-4	9.2773E-3	-4.3408E-2
9.3900E-4	9.5215E-3	8.3984E-3
9.4000E-4	9.2773E-3	5.0146E-2
9.4100E-4	9.2773E-3	7.4609E-2
9.4200E-4	1.0010E-2	8.1006E-2
9.4300E-4	9.2773E-3	6.7090E-2
9.4400E-4	9.5215E-3	3.8770E-2
9.4500E-4	9.5215E-3	-1.1719E-3
9.4600E-4	9.5215E-3	-4.9170E-2
9.4700E-4	9.2773E-3	-1.0254E-1
9.4800E-4	9.5215E-3	-1.6011E-1
9.4900E-4	1.0254E-2	-2.1729E-1
9.5000E-4	1.0254E-2	-2.7305E-1
9.5100E-4	9.7656E-3	-3.2012E-1
9.5200E-4	9.7656E-3	-3.6162E-1
9.5300E-4	9.5215E-3	-3.9360E-1
9.5400E-4	9.7656E-3	-4.1660E-1
9.5500E-4	9.0332E-3	-4.3047E-1
9.5600E-4	1.0254E-2	-4.3999E-1
9.5700E-4	9.7656E-3	-4.3931E-1
9.5800E-4	1.0010E-2	-4.3423E-1
9.5900E-4	9.5215E-3	-4.2642E-1
9.6000E-4	1.0254E-2	-4.1245E-1
9.6100E-4	9.2773E-3	-3.9233E-1
9.6200E-4	9.5215E-3	-3.6899E-1
9.6300E-4	1.0010E-2	-3.3999E-1
9.6400E-4	9.5215E-3	-3.0679E-1
9.6500E-4	9.5215E-3	-2.6963E-1
9.6600E-4	9.7656E-3	-2.2485E-1
9.6700E-4	9.5215E-3	-1.7158E-1
9.6800E-4	9.5215E-3	-1.1455E-1
9.6900E-4	1.0010E-2	-5.4980E-2
9.7000E-4	9.7656E-3	-2.4414E-4
9.7100E-4	9.2773E-3	4.2627E-2
9.7200E-4	9.5215E-3	6.4990E-2
9.7300E-4	9.7656E-3	6.5967E-2
9.7400E-4	9.5215E-3	4.1553E-2
9.7500E-4	1.0010E-2	-1.0400E-2
9.7600E-4	9.5215E-3	-8.3984E-2
9.7700E-4	9.7656E-3	-1.7305E-1
9.7800E-4	9.5215E-3	-2.7007E-1
9.7900E-4	9.2773E-3	-3.6655E-1
9.8000E-4	9.2773E-3	-4.5181E-1
9.8100E-4	1.0254E-2	-5.2563E-1
9.8200E-4	9.5215E-3	-5.8506E-1
9.8300E-4	9.2773E-3	-6.3228E-1
9.8400E-4	9.2773E-3	-6.6738E-1
9.8500E-4	9.0332E-3	-6.9243E-1
9.8600E-4	1.0254E-2	-7.0879E-1
9.8700E-4	9.5215E-3	-7.1797E-1
9.8800E-4	9.5215E-3	-7.2290E-1
9.8900E-4	9.5215E-3	-7.2632E-1
9.9000E-4	9.5215E-3	-7.3154E-1
9.9100E-4	9.2773E-3	-7.3735E-1
9.9200E-4	9.2773E-3	-7.4321E-1
9.9300E-4	9.5215E-3	-7.4932E-1
9.9400E-4	9.5215E-3	-7.5229E-1
9.9500E-4	9.7656E-3	-7.5415E-1
9.9600E-4	9.7656E-3	-7.5576E-1
9.9700E-4	9.2773E-3	-7.5801E-1
9.9800E-4	9.0332E-3	-7.5801E-1
9.9900E-4	9.0332E-3	-7.5801E-1
