Time [s]	Aux in [V]	Main in [V]
0.0000E+0	9.2773E-3	3.6191E-1
1.0000E-6	9.0332E-3	3.6162E-1
2.0000E-6	1.0010E-2	3.6040E-1
3.0000E-6	1.0010E-2	3.5947E-1
4.0000E-6	9.5215E-3	3.5659E-1
5.0000E-6	9.2773E-3	3.5386E-1
6.0000E-6	9.5215E-3	3.5068E-1
7.0000E-6	9.2773E-3	3.5107E-1
8.0000E-6	9.0332E-3	3.5435E-1
9.0000E-6	9.0332E-3	3.5991E-1
1.0000E-5	9.7656E-3	3.6538E-1
1.1000E-5	9.2773E-3	3.7266E-1
1.2000E-5	9.7656E-3	3.7705E-1
1.3000E-5	9.7656E-3	3.7656E-1
1.4000E-5	9.5215E-3	3.7490E-1
1.5000E-5	9.5215E-3	3.7188E-1
1.6000E-5	9.7656E-3	3.6768E-1
1.7000E-5	9.5215E-3	3.6270E-1
1.8000E-5	9.7656E-3	3.6001E-1
1.9000E-5	9.7656E-3	3.5874E-1
2.0000E-5	9.7656E-3	3.5874E-1
2.1000E-5	9.5215E-3	3.6040E-1
2.2000E-5	9.5215E-3	3.6392E-1
2.3000E-5	9.7656E-3	3.6650E-1
2.4000E-5	9.0332E-3	3.6963E-1
2.5000E-5	9.0332E-3	3.7222E-1
2.6000E-5	9.7656E-3	3.7329E-1
2.7000E-5	9.2773E-3	3.7246E-1
2.8000E-5	9.7656E-3	3.7231E-1
2.9000E-5	9.7656E-3	3.7051E-1
3.0000E-5	9.0332E-3	3.6753E-1
3.1000E-5	1.0254E-2	3.6460E-1
3.2000E-5	9.5215E-3	3.6177E-1
3.3000E-5	1.0254E-2	3.5840E-1
3.4000E-5	9.2773E-3	3.5625E-1
3.5000E-5	8.7891E-3	3.5371E-1
3.6000E-5	1.0010E-2	3.4902E-1
3.7000E-5	9.2773E-3	3.4312E-1
3.8000E-5	1.0010E-2	3.3564E-1
3.9000E-5	9.7656E-3	3.2676E-1
4.0000E-5	9.7656E-3	3.2109E-1
4.1000E-5	9.7656E-3	3.1895E-1
4.2000E-5	9.0332E-3	3.1733E-1
4.3000E-5	9.0332E-3	3.1973E-1
4.4000E-5	9.0332E-3	3.2212E-1
4.5000E-5	9.7656E-3	3.2139E-1
4.6000E-5	1.0254E-2	3.1738E-1
4.7000E-5	9.7656E-3	3.1450E-1
4.8000E-5	9.5215E-3	3.0923E-1
4.9000E-5	8.7891E-3	3.0283E-1
5.0000E-5	9.7656E-3	2.9595E-1
5.1000E-5	1.0010E-2	2.9102E-1
5.2000E-5	9.7656E-3	2.8525E-1
5.3000E-5	1.0010E-2	2.7988E-1
5.4000E-5	9.0332E-3	2.7666E-1
5.5000E-5	9.5215E-3	2.7544E-1
5.6000E-5	9.5215E-3	2.7544E-1
5.7000E-5	9.2773E-3	2.7573E-1
5.8000E-5	9.5215E-3	2.7617E-1
5.9000E-5	9.7656E-3	2.7432E-1
6.0000E-5	9.7656E-3	2.7129E-1
6.1000E-5	9.5215E-3	2.6567E-1
6.2000E-5	9.0332E-3	2.6123E-1
6.3000E-5	9.7656E-3	2.5698E-1
6.4000E-5	9.2773E-3	2.5576E-1
6.5000E-5	9.5215E-3	2.5542E-1
6.6000E-5	9.7656E-3	2.5542E-1
6.7000E-5	9.0332E-3	2.5620E-1
6.8000E-5	9.7656E-3	2.5684E-1
6.9000E-5	1.0010E-2	2.5591E-1
7.0000E-5	9.2773E-3	2.5469E-1
7.1000E-5	9.2773E-3	2.5264E-1
7.2000E-5	9.7656E-3	2.4902E-1
7.3000E-5	1.0254E-2	2.4424E-1
7.4000E-5	9.7656E-3	2.3862E-1
7.5000E-5	1.0254E-2	2.3320E-1
7.6000E-5	9.7656E-3	2.2896E-1
7.7000E-5	1.0010E-2	2.2651E-1
7.8000E-5	9.5215E-3	2.2554E-1
7.9000E-5	1.0010E-2	2.2490E-1
8.0000E-5	1.0010E-2	2.2246E-1
8.1000E-5	9.5215E-3	2.1880E-1
8.2000E-5	9.0332E-3	2.1489E-1
8.3000E-5	9.5215E-3	2.1133E-1
8.4000E-5	1.0254E-2	2.0630E-1
8.5000E-5	9.5215E-3	2.0347E-1
8.6000E-5	9.5215E-3	2.0391E-1
8.7000E-5	9.5215E-3	2.0439E-1
8.8000E-5	9.2773E-3	2.0293E-1
8.9000E-5	9.2773E-3	2.0313E-1
9.0000E-5	9.5215E-3	2.0166E-1
9.1000E-5	9.2773E-3	1.9692E-1
9.2000E-5	9.7656E-3	1.9185E-1
9.3000E-5	1.0010E-2	1.8647E-1
9.4000E-5	1.0010E-2	1.8008E-1
9.5000E-5	9.5215E-3	1.7559E-1
9.6000E-5	9.5215E-3	1.7339E-1
9.7000E-5	9.2773E-3	1.6924E-1
9.8000E-5	8.7891E-3	1.6558E-1
9.9000E-5	9.0332E-3	1.6431E-1
1.0000E-4	9.5215E-3	1.6318E-1
1.0100E-4	9.5215E-3	1.6367E-1
1.0200E-4	1.0254E-2	1.6611E-1
1.0300E-4	9.5215E-3	1.6953E-1
1.0400E-4	9.7656E-3	1.7285E-1
1.0500E-4	9.5215E-3	1.7490E-1
1.0600E-4	9.0332E-3	1.7573E-1
1.0700E-4	9.2773E-3	1.7495E-1
1.0800E-4	9.2773E-3	1.7412E-1
1.0900E-4	9.5215E-3	1.6938E-1
1.1000E-4	1.0010E-2	1.6655E-1
1.1100E-4	1.0010E-2	1.6128E-1
1.1200E-4	1.0254E-2	1.5757E-1
1.1300E-4	9.5215E-3	1.5391E-1
1.1400E-4	8.5449E-3	1.5596E-1
1.1500E-4	9.7656E-3	1.5586E-1
1.1600E-4	9.5215E-3	1.5669E-1
1.1700E-4	9.2773E-3	1.5654E-1
1.1800E-4	9.0332E-3	1.5601E-1
1.1900E-4	1.0010E-2	1.5273E-1
1.2000E-4	9.0332E-3	1.5215E-1
1.2100E-4	1.0010E-2	1.5249E-1
1.2200E-4	9.5215E-3	1.5503E-1
1.2300E-4	9.2773E-3	1.5801E-1
1.2400E-4	9.7656E-3	1.6064E-1
1.2500E-4	9.7656E-3	1.6284E-1
1.2600E-4	9.2773E-3	1.6465E-1
1.2700E-4	9.5215E-3	1.6548E-1
1.2800E-4	9.7656E-3	1.6606E-1
1.2900E-4	9.7656E-3	1.6685E-1
1.3000E-4	1.0010E-2	1.6553E-1
1.3100E-4	9.7656E-3	1.6572E-1
1.3200E-4	9.7656E-3	1.6406E-1
1.3300E-4	9.5215E-3	1.6289E-1
1.3400E-4	9.5215E-3	1.6128E-1
1.3500E-4	9.0332E-3	1.6143E-1
1.3600E-4	9.2773E-3	1.5952E-1
1.3700E-4	9.7656E-3	1.5981E-1
1.3800E-4	9.5215E-3	1.6035E-1
1.3900E-4	9.2773E-3	1.6304E-1
1.4000E-4	9.7656E-3	1.6558E-1
1.4100E-4	9.5215E-3	1.6865E-1
1.4200E-4	9.2773E-3	1.6938E-1
1.4300E-4	9.5215E-3	1.6924E-1
1.4400E-4	9.7656E-3	1.6831E-1
1.4500E-4	1.0010E-2	1.6777E-1
1.4600E-4	9.5215E-3	1.6768E-1
1.4700E-4	1.0010E-2	1.6958E-1
1.4800E-4	1.0254E-2	1.7280E-1
1.4900E-4	9.7656E-3	1.7671E-1
1.5000E-4	9.5215E-3	1.8008E-1
1.5100E-4	9.7656E-3	1.8374E-1
1.5200E-4	9.5215E-3	1.8823E-1
1.5300E-4	9.2773E-3	1.9209E-1
1.5400E-4	8.5449E-3	1.9575E-1
1.5500E-4	9.2773E-3	1.9834E-1
1.5600E-4	9.7656E-3	2.0122E-1
1.5700E-4	1.0254E-2	2.0298E-1
1.5800E-4	1.0010E-2	2.0366E-1
1.5900E-4	9.0332E-3	2.0464E-1
1.6000E-4	9.2773E-3	2.0566E-1
1.6100E-4	9.5215E-3	2.0708E-1
1.6200E-4	9.2773E-3	2.0752E-1
1.6300E-4	9.5215E-3	2.1006E-1
1.6400E-4	1.0498E-2	2.1274E-1
1.6500E-4	9.5215E-3	2.1665E-1
1.6600E-4	9.7656E-3	2.2134E-1
1.6700E-4	1.0254E-2	2.2739E-1
1.6800E-4	1.0498E-2	2.3057E-1
1.6900E-4	9.2773E-3	2.3252E-1
1.7000E-4	9.5215E-3	2.3535E-1
1.7100E-4	9.0332E-3	2.3779E-1
1.7200E-4	9.5215E-3	2.3882E-1
1.7300E-4	9.7656E-3	2.3950E-1
1.7400E-4	9.2773E-3	2.4019E-1
1.7500E-4	9.2773E-3	2.4155E-1
1.7600E-4	1.0010E-2	2.4355E-1
1.7700E-4	1.0498E-2	2.4785E-1
1.7800E-4	9.7656E-3	2.5630E-1
1.7900E-4	9.7656E-3	2.6519E-1
1.8000E-4	9.0332E-3	2.7446E-1
1.8100E-4	9.7656E-3	2.8257E-1
1.8200E-4	9.2773E-3	2.8882E-1
1.8300E-4	9.5215E-3	2.9209E-1
1.8400E-4	9.2773E-3	2.9624E-1
1.8500E-4	9.5215E-3	2.9702E-1
1.8600E-4	9.5215E-3	2.9629E-1
1.8700E-4	9.7656E-3	2.9678E-1
1.8800E-4	9.5215E-3	2.9810E-1
1.8900E-4	9.5215E-3	2.9941E-1
1.9000E-4	9.5215E-3	3.0474E-1
1.9100E-4	9.5215E-3	3.1079E-1
1.9200E-4	1.0010E-2	3.1597E-1
1.9300E-4	9.7656E-3	3.2188E-1
1.9400E-4	1.0010E-2	3.2969E-1
1.9500E-4	9.7656E-3	3.3320E-1
1.9600E-4	9.2773E-3	3.3843E-1
1.9700E-4	9.0332E-3	3.4409E-1
1.9800E-4	9.7656E-3	3.5161E-1
1.9900E-4	9.2773E-3	3.5698E-1
2.0000E-4	1.0010E-2	3.6509E-1
2.0100E-4	1.0254E-2	3.7285E-1
2.0200E-4	9.2773E-3	3.7983E-1
2.0300E-4	9.0332E-3	3.8525E-1
2.0400E-4	1.0254E-2	3.9023E-1
2.0500E-4	9.7656E-3	3.9282E-1
2.0600E-4	9.7656E-3	3.9355E-1
2.0700E-4	1.0254E-2	3.9531E-1
2.0800E-4	9.5215E-3	3.9507E-1
2.0900E-4	9.5215E-3	3.9478E-1
2.1000E-4	9.5215E-3	3.9653E-1
2.1100E-4	1.0010E-2	3.9907E-1
2.1200E-4	9.7656E-3	4.0151E-1
2.1300E-4	1.0010E-2	4.0532E-1
2.1400E-4	1.0254E-2	4.0786E-1
2.1500E-4	9.7656E-3	4.0869E-1
2.1600E-4	9.2773E-3	4.1167E-1
2.1700E-4	9.5215E-3	4.1357E-1
2.1800E-4	9.5215E-3	4.1523E-1
2.1900E-4	9.5215E-3	4.1660E-1
2.2000E-4	1.0498E-2	4.1997E-1
2.2100E-4	1.0010E-2	4.2163E-1
2.2200E-4	9.7656E-3	4.2085E-1
2.2300E-4	9.2773E-3	4.1689E-1
2.2400E-4	1.0254E-2	4.1279E-1
2.2500E-4	9.5215E-3	4.0703E-1
2.2600E-4	9.5215E-3	4.0220E-1
2.2700E-4	9.2773E-3	4.0024E-1
2.2800E-4	9.2773E-3	4.0049E-1
2.2900E-4	9.7656E-3	4.0137E-1
2.3000E-4	9.2773E-3	4.0244E-1
2.3100E-4	9.5215E-3	4.0200E-1
2.3200E-4	9.7656E-3	4.0107E-1
2.3300E-4	9.5215E-3	3.9980E-1
2.3400E-4	8.5449E-3	3.9907E-1
2.3500E-4	9.7656E-3	3.9697E-1
2.3600E-4	9.5215E-3	3.9253E-1
2.3700E-4	1.0254E-2	3.8984E-1
2.3800E-4	9.7656E-3	3.8691E-1
2.3900E-4	9.5215E-3	3.8267E-1
2.4000E-4	9.2773E-3	3.8047E-1
2.4100E-4	9.7656E-3	3.8018E-1
2.4200E-4	1.0010E-2	3.7686E-1
2.4300E-4	9.2773E-3	3.7334E-1
2.4400E-4	9.5215E-3	3.6978E-1
2.4500E-4	9.7656E-3	3.6558E-1
2.4600E-4	9.5215E-3	3.6099E-1
2.4700E-4	9.7656E-3	3.5732E-1
2.4800E-4	1.0010E-2	3.5239E-1
2.4900E-4	9.0332E-3	3.5044E-1
2.5000E-4	9.2773E-3	3.4961E-1
2.5100E-4	9.7656E-3	3.4917E-1
2.5200E-4	9.2773E-3	3.4927E-1
2.5300E-4	9.5215E-3	3.4946E-1
2.5400E-4	9.7656E-3	3.4673E-1
2.5500E-4	1.0010E-2	3.4092E-1
2.5600E-4	9.7656E-3	3.3384E-1
2.5700E-4	9.7656E-3	3.2715E-1
2.5800E-4	9.5215E-3	3.2241E-1
2.5900E-4	1.0010E-2	3.1948E-1
2.6000E-4	9.7656E-3	3.1626E-1
2.6100E-4	1.0010E-2	3.1333E-1
2.6200E-4	9.7656E-3	3.1011E-1
2.6300E-4	9.2773E-3	3.0439E-1
2.6400E-4	1.0010E-2	2.9736E-1
2.6500E-4	9.5215E-3	2.9019E-1
2.6600E-4	9.5215E-3	2.8442E-1
2.6700E-4	9.5215E-3	2.7788E-1
2.6800E-4	9.7656E-3	2.7397E-1
2.6900E-4	1.0010E-2	2.6855E-1
2.7000E-4	9.2773E-3	2.6392E-1
2.7100E-4	1.0254E-2	2.5972E-1
2.7200E-4	9.5215E-3	2.5479E-1
2.7300E-4	1.0010E-2	2.4937E-1
2.7400E-4	8.7891E-3	2.4492E-1
2.7500E-4	1.0010E-2	2.4102E-1
2.7600E-4	1.0254E-2	2.3618E-1
2.7700E-4	1.0498E-2	2.3350E-1
2.7800E-4	9.0332E-3	2.3096E-1
2.7900E-4	9.7656E-3	2.2983E-1
2.8000E-4	9.5215E-3	2.2979E-1
2.8100E-4	9.7656E-3	2.3120E-1
2.8200E-4	1.0010E-2	2.3120E-1
2.8300E-4	9.7656E-3	2.3208E-1
2.8400E-4	1.0498E-2	2.3130E-1
2.8500E-4	9.5215E-3	2.3013E-1
2.8600E-4	9.5215E-3	2.2686E-1
2.8700E-4	1.0010E-2	2.2407E-1
2.8800E-4	9.7656E-3	2.2012E-1
2.8900E-4	9.2773E-3	2.1538E-1
2.9000E-4	9.5215E-3	2.1172E-1
2.9100E-4	1.0010E-2	2.0762E-1
2.9200E-4	9.5215E-3	2.0332E-1
2.9300E-4	9.7656E-3	2.0093E-1
2.9400E-4	1.0254E-2	2.0132E-1
2.9500E-4	1.0010E-2	2.0273E-1
2.9600E-4	1.0254E-2	2.0410E-1
2.9700E-4	9.5215E-3	2.0659E-1
2.9800E-4	1.0010E-2	2.0713E-1
2.9900E-4	9.7656E-3	2.0654E-1
3.0000E-4	9.5215E-3	2.0430E-1
3.0100E-4	1.0010E-2	2.0444E-1
3.0200E-4	9.2773E-3	2.0205E-1
3.0300E-4	9.7656E-3	2.0264E-1
3.0400E-4	9.7656E-3	2.0376E-1
3.0500E-4	1.0010E-2	2.0420E-1
3.0600E-4	9.2773E-3	2.0498E-1
3.0700E-4	9.2773E-3	2.0767E-1
3.0800E-4	1.0010E-2	2.0718E-1
3.0900E-4	1.0254E-2	2.0732E-1
3.1000E-4	9.7656E-3	2.0698E-1
3.1100E-4	9.5215E-3	2.0503E-1
3.1200E-4	9.7656E-3	2.0195E-1
3.1300E-4	9.7656E-3	1.9976E-1
3.1400E-4	9.7656E-3	1.9736E-1
3.1500E-4	9.2773E-3	1.9556E-1
3.1600E-4	9.0332E-3	1.9351E-1
3.1700E-4	9.2773E-3	1.9307E-1
3.1800E-4	9.0332E-3	1.9219E-1
3.1900E-4	9.7656E-3	1.9053E-1
3.2000E-4	9.0332E-3	1.8892E-1
3.2100E-4	9.7656E-3	1.8750E-1
3.2200E-4	1.0010E-2	1.8594E-1
3.2300E-4	9.2773E-3	1.8672E-1
3.2400E-4	9.0332E-3	1.8809E-1
3.2500E-4	1.0498E-2	1.8994E-1
3.2600E-4	9.0332E-3	1.9224E-1
3.2700E-4	9.2773E-3	1.9541E-1
3.2800E-4	9.7656E-3	1.9707E-1
3.2900E-4	9.7656E-3	1.9907E-1
3.3000E-4	9.5215E-3	2.0083E-1
3.3100E-4	9.7656E-3	2.0327E-1
3.3200E-4	9.7656E-3	2.0488E-1
3.3300E-4	9.7656E-3	2.0659E-1
3.3400E-4	9.7656E-3	2.0605E-1
3.3500E-4	9.0332E-3	2.0469E-1
3.3600E-4	9.2773E-3	2.0132E-1
3.3700E-4	1.0010E-2	1.9873E-1
3.3800E-4	8.7891E-3	1.9658E-1
3.3900E-4	1.0010E-2	1.9658E-1
3.4000E-4	9.5215E-3	1.9634E-1
3.4100E-4	1.0010E-2	1.9839E-1
3.4200E-4	1.0010E-2	1.9951E-1
3.4300E-4	9.5215E-3	2.0063E-1
3.4400E-4	9.7656E-3	2.0205E-1
3.4500E-4	9.5215E-3	2.0464E-1
3.4600E-4	9.0332E-3	2.0684E-1
3.4700E-4	9.0332E-3	2.1138E-1
3.4800E-4	1.0254E-2	2.1567E-1
3.4900E-4	9.5215E-3	2.1831E-1
3.5000E-4	9.7656E-3	2.2065E-1
3.5100E-4	1.0010E-2	2.2402E-1
3.5200E-4	1.0010E-2	2.2568E-1
3.5300E-4	9.5215E-3	2.2725E-1
3.5400E-4	9.5215E-3	2.3003E-1
3.5500E-4	1.0254E-2	2.3218E-1
3.5600E-4	9.2773E-3	2.3320E-1
3.5700E-4	1.0010E-2	2.3384E-1
3.5800E-4	9.5215E-3	2.3442E-1
3.5900E-4	1.0010E-2	2.3594E-1
3.6000E-4	1.0010E-2	2.3975E-1
3.6100E-4	9.5215E-3	2.4297E-1
3.6200E-4	9.5215E-3	2.4746E-1
3.6300E-4	9.7656E-3	2.5371E-1
3.6400E-4	9.2773E-3	2.5767E-1
3.6500E-4	9.2773E-3	2.6128E-1
3.6600E-4	9.5215E-3	2.6343E-1
3.6700E-4	1.0010E-2	2.6436E-1
3.6800E-4	1.0010E-2	2.6528E-1
3.6900E-4	1.0498E-2	2.6899E-1
3.7000E-4	9.5215E-3	2.7300E-1
3.7100E-4	9.7656E-3	2.8071E-1
3.7200E-4	9.5215E-3	2.8809E-1
3.7300E-4	1.0254E-2	2.9238E-1
3.7400E-4	9.7656E-3	2.9609E-1
3.7500E-4	9.0332E-3	2.9868E-1
3.7600E-4	9.5215E-3	2.9731E-1
3.7700E-4	1.0254E-2	2.9893E-1
3.7800E-4	9.5215E-3	3.0166E-1
3.7900E-4	9.7656E-3	3.0488E-1
3.8000E-4	1.0254E-2	3.0737E-1
3.8100E-4	9.0332E-3	3.1270E-1
3.8200E-4	9.2773E-3	3.1636E-1
3.8300E-4	9.5215E-3	3.2061E-1
3.8400E-4	1.0010E-2	3.2422E-1
3.8500E-4	9.0332E-3	3.2852E-1
3.8600E-4	9.5215E-3	3.3291E-1
3.8700E-4	1.0010E-2	3.3760E-1
3.8800E-4	1.0254E-2	3.4229E-1
3.8900E-4	9.7656E-3	3.4575E-1
3.9000E-4	9.2773E-3	3.4863E-1
3.9100E-4	9.7656E-3	3.4961E-1
3.9200E-4	9.7656E-3	3.5034E-1
3.9300E-4	9.7656E-3	3.5151E-1
3.9400E-4	9.7656E-3	3.5474E-1
3.9500E-4	9.7656E-3	3.5962E-1
3.9600E-4	9.7656E-3	3.6729E-1
3.9700E-4	9.5215E-3	3.7544E-1
3.9800E-4	1.0010E-2	3.8276E-1
3.9900E-4	9.5215E-3	3.8818E-1
4.0000E-4	1.0254E-2	3.9126E-1
4.0100E-4	9.7656E-3	3.9248E-1
4.0200E-4	8.7891E-3	3.9141E-1
4.0300E-4	9.5215E-3	3.8926E-1
4.0400E-4	1.0010E-2	3.8862E-1
4.0500E-4	9.0332E-3	3.8867E-1
4.0600E-4	1.0010E-2	3.8901E-1
4.0700E-4	9.5215E-3	3.8994E-1
4.0800E-4	9.7656E-3	3.9082E-1
4.0900E-4	1.0254E-2	3.9370E-1
4.1000E-4	9.5215E-3	3.9722E-1
4.1100E-4	1.0254E-2	4.0122E-1
4.1200E-4	1.0010E-2	4.0400E-1
4.1300E-4	9.7656E-3	4.0713E-1
4.1400E-4	9.7656E-3	4.0581E-1
4.1500E-4	9.2773E-3	4.0317E-1
4.1600E-4	9.2773E-3	3.9790E-1
4.1700E-4	9.5215E-3	3.9482E-1
4.1800E-4	1.0010E-2	3.9268E-1
4.1900E-4	9.5215E-3	3.9321E-1
4.2000E-4	9.7656E-3	3.9468E-1
4.2100E-4	1.0254E-2	3.9854E-1
4.2200E-4	9.5215E-3	4.0132E-1
4.2300E-4	9.5215E-3	4.0220E-1
4.2400E-4	9.2773E-3	4.0293E-1
4.2500E-4	9.2773E-3	4.0332E-1
4.2600E-4	9.5215E-3	4.0332E-1
4.2700E-4	1.0010E-2	4.0400E-1
4.2800E-4	1.0010E-2	4.0698E-1
4.2900E-4	9.2773E-3	4.0625E-1
4.3000E-4	9.2773E-3	4.0708E-1
4.3100E-4	9.5215E-3	4.0718E-1
4.3200E-4	1.0010E-2	4.0542E-1
4.3300E-4	9.7656E-3	4.0215E-1
4.3400E-4	9.7656E-3	4.0190E-1
4.3500E-4	9.5215E-3	4.0142E-1
4.3600E-4	9.7656E-3	4.0122E-1
4.3700E-4	9.2773E-3	4.0151E-1
4.3800E-4	9.2773E-3	4.0127E-1
4.3900E-4	1.0254E-2	4.0029E-1
4.4000E-4	9.5215E-3	3.9932E-1
4.4100E-4	9.7656E-3	4.0078E-1
4.4200E-4	9.0332E-3	4.0078E-1
4.4300E-4	1.0010E-2	4.0103E-1
4.4400E-4	9.2773E-3	3.9990E-1
4.4500E-4	1.0010E-2	3.9863E-1
4.4600E-4	9.5215E-3	3.9556E-1
4.4700E-4	9.5215E-3	3.9346E-1
4.4800E-4	9.2773E-3	3.9214E-1
4.4900E-4	9.5215E-3	3.9150E-1
4.5000E-4	9.0332E-3	3.9116E-1
4.5100E-4	9.7656E-3	3.8872E-1
4.5200E-4	9.5215E-3	3.8823E-1
4.5300E-4	9.5215E-3	3.8647E-1
4.5400E-4	9.0332E-3	3.8413E-1
4.5500E-4	9.2773E-3	3.7939E-1
4.5600E-4	9.5215E-3	3.7524E-1
4.5700E-4	9.5215E-3	3.7124E-1
4.5800E-4	1.0010E-2	3.7002E-1
4.5900E-4	1.0010E-2	3.7036E-1
4.6000E-4	9.5215E-3	3.7310E-1
4.6100E-4	9.5215E-3	3.7817E-1
4.6200E-4	9.5215E-3	3.8364E-1
4.6300E-4	1.0010E-2	3.8652E-1
4.6400E-4	9.7656E-3	3.8896E-1
4.6500E-4	9.5215E-3	3.8721E-1
4.6600E-4	9.2773E-3	3.8350E-1
4.6700E-4	9.5215E-3	3.7729E-1
4.6800E-4	1.0010E-2	3.7300E-1
4.6900E-4	9.7656E-3	3.6919E-1
4.7000E-4	9.5215E-3	3.6943E-1
4.7100E-4	9.5215E-3	3.7324E-1
4.7200E-4	9.2773E-3	3.7798E-1
4.7300E-4	9.7656E-3	3.8159E-1
4.7400E-4	9.2773E-3	3.8413E-1
4.7500E-4	9.2773E-3	3.8452E-1
4.7600E-4	9.7656E-3	3.8130E-1
4.7700E-4	9.2773E-3	3.7954E-1
4.7800E-4	1.0010E-2	3.7871E-1
4.7900E-4	9.5215E-3	3.7900E-1
4.8000E-4	1.0010E-2	3.8042E-1
4.8100E-4	9.7656E-3	3.8203E-1
4.8200E-4	9.5215E-3	3.8203E-1
4.8300E-4	1.0010E-2	3.8218E-1
4.8400E-4	1.0010E-2	3.8291E-1
4.8500E-4	9.7656E-3	3.8374E-1
4.8600E-4	9.5215E-3	3.8516E-1
4.8700E-4	9.7656E-3	3.8794E-1
4.8800E-4	1.0254E-2	3.8975E-1
4.8900E-4	1.0254E-2	3.9087E-1
4.9000E-4	8.7891E-3	3.9219E-1
4.9100E-4	9.7656E-3	3.9326E-1
4.9200E-4	1.0254E-2	3.9370E-1
4.9300E-4	9.7656E-3	3.9341E-1
4.9400E-4	9.0332E-3	3.9199E-1
4.9500E-4	1.0254E-2	3.9189E-1
4.9600E-4	8.7891E-3	3.9214E-1
4.9700E-4	9.5215E-3	3.9199E-1
4.9800E-4	9.5215E-3	3.9492E-1
4.9900E-4	1.0010E-2	4.0000E-1
5.0000E-4	9.5215E-3	4.0371E-1
5.0100E-4	9.5215E-3	4.0825E-1
5.0200E-4	9.0332E-3	4.1162E-1
5.0300E-4	9.2773E-3	4.1318E-1
5.0400E-4	9.2773E-3	4.1431E-1
5.0500E-4	9.5215E-3	4.1563E-1
5.0600E-4	9.7656E-3	4.1665E-1
5.0700E-4	9.0332E-3	4.1816E-1
5.0800E-4	1.0010E-2	4.2031E-1
5.0900E-4	9.7656E-3	4.2109E-1
5.1000E-4	9.5215E-3	4.2202E-1
5.1100E-4	9.2773E-3	4.2437E-1
5.1200E-4	1.0010E-2	4.2686E-1
5.1300E-4	9.5215E-3	4.2876E-1
5.1400E-4	9.5215E-3	4.2964E-1
5.1500E-4	9.5215E-3	4.2847E-1
5.1600E-4	1.0010E-2	4.2524E-1
5.1700E-4	1.0010E-2	4.2314E-1
5.1800E-4	9.5215E-3	4.2095E-1
5.1900E-4	9.7656E-3	4.2017E-1
5.2000E-4	9.5215E-3	4.2095E-1
5.2100E-4	9.2773E-3	4.2271E-1
5.2200E-4	9.5215E-3	4.2314E-1
5.2300E-4	1.0010E-2	4.2344E-1
5.2400E-4	9.7656E-3	4.2163E-1
5.2500E-4	9.7656E-3	4.1724E-1
5.2600E-4	9.7656E-3	4.1187E-1
5.2700E-4	9.2773E-3	4.0640E-1
5.2800E-4	9.0332E-3	4.0288E-1
5.2900E-4	9.5215E-3	4.0107E-1
5.3000E-4	8.7891E-3	4.0308E-1
5.3100E-4	9.7656E-3	4.0513E-1
5.3200E-4	9.2773E-3	4.0801E-1
5.3300E-4	9.7656E-3	4.0889E-1
5.3400E-4	9.5215E-3	4.0884E-1
5.3500E-4	9.2773E-3	4.0786E-1
5.3600E-4	9.5215E-3	4.0581E-1
5.3700E-4	1.0010E-2	4.0347E-1
5.3800E-4	1.0498E-2	4.0186E-1
5.3900E-4	9.7656E-3	4.0200E-1
5.4000E-4	9.2773E-3	4.0190E-1
5.4100E-4	1.0010E-2	4.0137E-1
5.4200E-4	9.5215E-3	4.0020E-1
5.4300E-4	1.0254E-2	3.9805E-1
5.4400E-4	1.0254E-2	3.9341E-1
5.4500E-4	9.5215E-3	3.8867E-1
5.4600E-4	9.5215E-3	3.8452E-1
5.4700E-4	9.7656E-3	3.8110E-1
5.4800E-4	1.0010E-2	3.7637E-1
5.4900E-4	1.0498E-2	3.7236E-1
5.5000E-4	1.0010E-2	3.6772E-1
5.5100E-4	1.0254E-2	3.6206E-1
5.5200E-4	1.0010E-2	3.5659E-1
5.5300E-4	9.5215E-3	3.5200E-1
5.5400E-4	9.7656E-3	3.4941E-1
5.5500E-4	9.7656E-3	3.4849E-1
5.5600E-4	9.5215E-3	3.4941E-1
5.5700E-4	1.0010E-2	3.4702E-1
5.5800E-4	9.5215E-3	3.4434E-1
5.5900E-4	9.2773E-3	3.4102E-1
5.6000E-4	1.0010E-2	3.3496E-1
5.6100E-4	1.0010E-2	3.2915E-1
5.6200E-4	9.2773E-3	3.2603E-1
5.6300E-4	9.5215E-3	3.2295E-1
5.6400E-4	9.2773E-3	3.1670E-1
5.6500E-4	9.7656E-3	3.1182E-1
5.6600E-4	9.5215E-3	3.0645E-1
5.6700E-4	9.2773E-3	3.0181E-1
5.6800E-4	9.5215E-3	2.9834E-1
5.6900E-4	1.0010E-2	2.9863E-1
5.7000E-4	1.0010E-2	2.9854E-1
5.7100E-4	9.7656E-3	2.9756E-1
5.7200E-4	9.7656E-3	2.9648E-1
5.7300E-4	9.5215E-3	2.9307E-1
5.7400E-4	9.5215E-3	2.8750E-1
5.7500E-4	9.5215E-3	2.8120E-1
5.7600E-4	9.2773E-3	2.7534E-1
5.7700E-4	1.0254E-2	2.6938E-1
5.7800E-4	9.7656E-3	2.6470E-1
5.7900E-4	1.0010E-2	2.6025E-1
5.8000E-4	9.5215E-3	2.5742E-1
5.8100E-4	9.7656E-3	2.5630E-1
5.8200E-4	9.0332E-3	2.5342E-1
5.8300E-4	9.5215E-3	2.5132E-1
5.8400E-4	9.5215E-3	2.4932E-1
5.8500E-4	8.7891E-3	2.4731E-1
5.8600E-4	9.2773E-3	2.4170E-1
5.8700E-4	9.7656E-3	2.3618E-1
5.8800E-4	1.0010E-2	2.3071E-1
5.8900E-4	9.2773E-3	2.2700E-1
5.9000E-4	9.5215E-3	2.2148E-1
5.9100E-4	9.2773E-3	2.1777E-1
5.9200E-4	9.5215E-3	2.1665E-1
5.9300E-4	1.0254E-2	2.1431E-1
5.9400E-4	9.2773E-3	2.1270E-1
5.9500E-4	1.0010E-2	2.1353E-1
5.9600E-4	9.5215E-3	2.1543E-1
5.9700E-4	9.7656E-3	2.1479E-1
5.9800E-4	1.0010E-2	2.1680E-1
5.9900E-4	9.5215E-3	2.1714E-1
6.0000E-4	9.7656E-3	2.1470E-1
6.0100E-4	9.5215E-3	2.1104E-1
6.0200E-4	1.0254E-2	2.0757E-1
6.0300E-4	9.7656E-3	2.0415E-1
6.0400E-4	9.5215E-3	2.0176E-1
6.0500E-4	9.5215E-3	2.0332E-1
6.0600E-4	1.0254E-2	2.0410E-1
6.0700E-4	9.5215E-3	2.0703E-1
6.0800E-4	9.5215E-3	2.0669E-1
6.0900E-4	9.5215E-3	2.0371E-1
6.1000E-4	9.5215E-3	1.9932E-1
6.1100E-4	1.0254E-2	1.9658E-1
6.1200E-4	9.7656E-3	1.9185E-1
6.1300E-4	9.7656E-3	1.8911E-1
6.1400E-4	9.5215E-3	1.8833E-1
6.1500E-4	9.2773E-3	1.8813E-1
6.1600E-4	9.5215E-3	1.8643E-1
6.1700E-4	9.2773E-3	1.8608E-1
6.1800E-4	9.0332E-3	1.8574E-1
6.1900E-4	9.7656E-3	1.8647E-1
6.2000E-4	9.0332E-3	1.8623E-1
6.2100E-4	9.2773E-3	1.8813E-1
6.2200E-4	9.2773E-3	1.8994E-1
6.2300E-4	1.0010E-2	1.9058E-1
6.2400E-4	1.0010E-2	1.8936E-1
6.2500E-4	1.0010E-2	1.8867E-1
6.2600E-4	9.2773E-3	1.8804E-1
6.2700E-4	1.0010E-2	1.8486E-1
6.2800E-4	9.5215E-3	1.8335E-1
6.2900E-4	9.5215E-3	1.8311E-1
6.3000E-4	9.2773E-3	1.8203E-1
6.3100E-4	9.7656E-3	1.8149E-1
6.3200E-4	1.0010E-2	1.8252E-1
6.3300E-4	9.5215E-3	1.8325E-1
6.3400E-4	9.5215E-3	1.8403E-1
6.3500E-4	1.0254E-2	1.8599E-1
6.3600E-4	9.5215E-3	1.8696E-1
6.3700E-4	1.0010E-2	1.8804E-1
6.3800E-4	9.5215E-3	1.8833E-1
6.3900E-4	9.5215E-3	1.8838E-1
6.4000E-4	9.2773E-3	1.8770E-1
6.4100E-4	1.0254E-2	1.8774E-1
6.4200E-4	9.0332E-3	1.8823E-1
6.4300E-4	9.7656E-3	1.8906E-1
6.4400E-4	9.2773E-3	1.8901E-1
6.4500E-4	9.5215E-3	1.8931E-1
6.4600E-4	9.0332E-3	1.8950E-1
6.4700E-4	1.0010E-2	1.8975E-1
6.4800E-4	8.7891E-3	1.8984E-1
6.4900E-4	9.7656E-3	1.9209E-1
6.5000E-4	9.2773E-3	1.9507E-1
6.5100E-4	9.7656E-3	1.9727E-1
6.5200E-4	9.5215E-3	1.9907E-1
6.5300E-4	9.7656E-3	2.0200E-1
6.5400E-4	9.0332E-3	2.0356E-1
6.5500E-4	9.7656E-3	2.0376E-1
6.5600E-4	9.2773E-3	2.0288E-1
6.5700E-4	1.0010E-2	2.0464E-1
6.5800E-4	9.5215E-3	2.0688E-1
6.5900E-4	1.0010E-2	2.1021E-1
6.6000E-4	9.5215E-3	2.1450E-1
6.6100E-4	9.2773E-3	2.1978E-1
6.6200E-4	9.7656E-3	2.2314E-1
6.6300E-4	9.5215E-3	2.2559E-1
6.6400E-4	9.5215E-3	2.2803E-1
6.6500E-4	1.0010E-2	2.2852E-1
6.6600E-4	9.5215E-3	2.2993E-1
6.6700E-4	9.0332E-3	2.3213E-1
6.6800E-4	1.0254E-2	2.3306E-1
6.6900E-4	1.0010E-2	2.3462E-1
6.7000E-4	9.2773E-3	2.3813E-1
6.7100E-4	9.5215E-3	2.4316E-1
6.7200E-4	9.0332E-3	2.4761E-1
6.7300E-4	9.2773E-3	2.5444E-1
6.7400E-4	9.5215E-3	2.5811E-1
6.7500E-4	9.2773E-3	2.6133E-1
6.7600E-4	9.7656E-3	2.6343E-1
6.7700E-4	9.5215E-3	2.6509E-1
6.7800E-4	9.2773E-3	2.6543E-1
6.7900E-4	9.2773E-3	2.6885E-1
6.8000E-4	8.7891E-3	2.7251E-1
6.8100E-4	9.5215E-3	2.7607E-1
6.8200E-4	9.5215E-3	2.8086E-1
6.8300E-4	9.2773E-3	2.8623E-1
6.8400E-4	1.0010E-2	2.9048E-1
6.8500E-4	9.5215E-3	2.9507E-1
6.8600E-4	9.7656E-3	2.9932E-1
6.8700E-4	1.0010E-2	3.0415E-1
6.8800E-4	9.2773E-3	3.0947E-1
6.8900E-4	1.0254E-2	3.1338E-1
6.9000E-4	9.5215E-3	3.1792E-1
6.9100E-4	9.7656E-3	3.2178E-1
6.9200E-4	9.0332E-3	3.2339E-1
6.9300E-4	9.2773E-3	3.2471E-1
6.9400E-4	9.5215E-3	3.2773E-1
6.9500E-4	9.5215E-3	3.3115E-1
6.9600E-4	9.7656E-3	3.3447E-1
6.9700E-4	9.5215E-3	3.3926E-1
6.9800E-4	1.0010E-2	3.4365E-1
6.9900E-4	1.0010E-2	3.5010E-1
7.0000E-4	9.2773E-3	3.5591E-1
7.0100E-4	9.2773E-3	3.6172E-1
7.0200E-4	9.2773E-3	3.6792E-1
7.0300E-4	9.7656E-3	3.7422E-1
7.0400E-4	9.7656E-3	3.7788E-1
7.0500E-4	1.0010E-2	3.8066E-1
7.0600E-4	9.2773E-3	3.8389E-1
7.0700E-4	9.5215E-3	3.8755E-1
7.0800E-4	9.7656E-3	3.9116E-1
7.0900E-4	9.2773E-3	3.9341E-1
7.1000E-4	9.0332E-3	3.9585E-1
7.1100E-4	9.5215E-3	3.9771E-1
7.1200E-4	1.0254E-2	3.9707E-1
7.1300E-4	9.5215E-3	3.9600E-1
7.1400E-4	9.5215E-3	3.9805E-1
7.1500E-4	1.0010E-2	4.0171E-1
7.1600E-4	9.5215E-3	4.0615E-1
7.1700E-4	9.5215E-3	4.1045E-1
7.1800E-4	9.7656E-3	4.1523E-1
7.1900E-4	1.0010E-2	4.1860E-1
7.2000E-4	9.5215E-3	4.1870E-1
7.2100E-4	1.0254E-2	4.1582E-1
7.2200E-4	1.0010E-2	4.1436E-1
7.2300E-4	9.5215E-3	4.1128E-1
7.2400E-4	9.2773E-3	4.0679E-1
7.2500E-4	1.0010E-2	4.0518E-1
7.2600E-4	9.2773E-3	4.0664E-1
7.2700E-4	9.2773E-3	4.0815E-1
7.2800E-4	9.5215E-3	4.0850E-1
7.2900E-4	9.5215E-3	4.0991E-1
7.3000E-4	9.2773E-3	4.0903E-1
7.3100E-4	9.2773E-3	4.0776E-1
7.3200E-4	8.7891E-3	4.0459E-1
7.3300E-4	9.5215E-3	4.0249E-1
7.3400E-4	9.5215E-3	3.9888E-1
7.3500E-4	9.5215E-3	3.9443E-1
7.3600E-4	1.0010E-2	3.8862E-1
7.3700E-4	1.0254E-2	3.8462E-1
7.3800E-4	9.5215E-3	3.8174E-1
7.3900E-4	1.0010E-2	3.7866E-1
7.4000E-4	9.2773E-3	3.7461E-1
7.4100E-4	1.0010E-2	3.7119E-1
7.4200E-4	9.0332E-3	3.6543E-1
7.4300E-4	9.5215E-3	3.5908E-1
7.4400E-4	9.7656E-3	3.5391E-1
7.4500E-4	9.5215E-3	3.4902E-1
7.4600E-4	9.2773E-3	3.4355E-1
7.4700E-4	1.0010E-2	3.3828E-1
7.4800E-4	9.7656E-3	3.3481E-1
7.4900E-4	1.0498E-2	3.3159E-1
7.5000E-4	9.2773E-3	3.2900E-1
7.5100E-4	9.5215E-3	3.2725E-1
7.5200E-4	9.2773E-3	3.2622E-1
7.5300E-4	1.0010E-2	3.2241E-1
7.5400E-4	9.7656E-3	3.1768E-1
7.5500E-4	1.0254E-2	3.1392E-1
7.5600E-4	9.5215E-3	3.0981E-1
7.5700E-4	1.0254E-2	3.0435E-1
7.5800E-4	9.5215E-3	2.9956E-1
7.5900E-4	9.2773E-3	2.9395E-1
7.6000E-4	1.0254E-2	2.8569E-1
7.6100E-4	9.2773E-3	2.7793E-1
7.6200E-4	9.7656E-3	2.7056E-1
7.6300E-4	9.7656E-3	2.6309E-1
7.6400E-4	9.0332E-3	2.5757E-1
7.6500E-4	9.2773E-3	2.5522E-1
7.6600E-4	9.7656E-3	2.5278E-1
7.6700E-4	9.2773E-3	2.5190E-1
7.6800E-4	1.0010E-2	2.5269E-1
7.6900E-4	9.7656E-3	2.5171E-1
7.7000E-4	9.5215E-3	2.5098E-1
7.7100E-4	9.7656E-3	2.4946E-1
7.7200E-4	9.7656E-3	2.4648E-1
7.7300E-4	9.2773E-3	2.4004E-1
7.7400E-4	9.7656E-3	2.3403E-1
7.7500E-4	9.5215E-3	2.2666E-1
7.7600E-4	1.0010E-2	2.2061E-1
7.7700E-4	9.7656E-3	2.1548E-1
7.7800E-4	1.0010E-2	2.1191E-1
7.7900E-4	9.5215E-3	2.1006E-1
7.8000E-4	1.0010E-2	2.0947E-1
7.8100E-4	1.0010E-2	2.0942E-1
7.8200E-4	9.2773E-3	2.1035E-1
7.8300E-4	1.0010E-2	2.1021E-1
7.8400E-4	9.2773E-3	2.0947E-1
7.8500E-4	1.0010E-2	2.0723E-1
7.8600E-4	9.5215E-3	2.0435E-1
7.8700E-4	9.7656E-3	2.0151E-1
7.8800E-4	9.5215E-3	2.0190E-1
7.8900E-4	9.7656E-3	2.0371E-1
7.9000E-4	9.5215E-3	2.0576E-1
7.9100E-4	9.7656E-3	2.0635E-1
7.9200E-4	9.2773E-3	2.0522E-1
7.9300E-4	9.7656E-3	2.0220E-1
7.9400E-4	9.7656E-3	1.9604E-1
7.9500E-4	9.5215E-3	1.8999E-1
7.9600E-4	9.7656E-3	1.8423E-1
7.9700E-4	9.7656E-3	1.8110E-1
7.9800E-4	1.0010E-2	1.7686E-1
7.9900E-4	1.0254E-2	1.7446E-1
8.0000E-4	9.7656E-3	1.7446E-1
8.0100E-4	8.7891E-3	1.7573E-1
8.0200E-4	9.2773E-3	1.7520E-1
8.0300E-4	8.5449E-3	1.7661E-1
8.0400E-4	9.7656E-3	1.7852E-1
8.0500E-4	9.5215E-3	1.7900E-1
8.0600E-4	9.0332E-3	1.7969E-1
8.0700E-4	9.7656E-3	1.7949E-1
8.0800E-4	1.0010E-2	1.7842E-1
8.0900E-4	9.2773E-3	1.7651E-1
8.1000E-4	9.7656E-3	1.7534E-1
8.1100E-4	9.7656E-3	1.7397E-1
8.1200E-4	9.2773E-3	1.7373E-1
8.1300E-4	9.5215E-3	1.7393E-1
8.1400E-4	9.2773E-3	1.7583E-1
8.1500E-4	9.5215E-3	1.7573E-1
8.1600E-4	1.0254E-2	1.7407E-1
8.1700E-4	9.2773E-3	1.7290E-1
8.1800E-4	9.0332E-3	1.7168E-1
8.1900E-4	9.5215E-3	1.6948E-1
8.2000E-4	9.7656E-3	1.7104E-1
8.2100E-4	9.5215E-3	1.7251E-1
8.2200E-4	9.2773E-3	1.7490E-1
8.2300E-4	1.0010E-2	1.7627E-1
8.2400E-4	9.5215E-3	1.7852E-1
8.2500E-4	9.7656E-3	1.7871E-1
8.2600E-4	9.5215E-3	1.8057E-1
8.2700E-4	9.5215E-3	1.8223E-1
8.2800E-4	9.5215E-3	1.8672E-1
8.2900E-4	9.2773E-3	1.8872E-1
8.3000E-4	9.2773E-3	1.8853E-1
8.3100E-4	1.0010E-2	1.8774E-1
8.3200E-4	8.7891E-3	1.8638E-1
8.3300E-4	9.5215E-3	1.8447E-1
8.3400E-4	9.7656E-3	1.8286E-1
8.3500E-4	9.7656E-3	1.8325E-1
8.3600E-4	1.0010E-2	1.8433E-1
8.3700E-4	9.0332E-3	1.8696E-1
8.3800E-4	9.0332E-3	1.8931E-1
8.3900E-4	9.7656E-3	1.9321E-1
8.4000E-4	1.0254E-2	1.9775E-1
8.4100E-4	1.0010E-2	2.0088E-1
8.4200E-4	9.2773E-3	2.0308E-1
8.4300E-4	9.7656E-3	2.0547E-1
8.4400E-4	9.2773E-3	2.0645E-1
8.4500E-4	8.7891E-3	2.0693E-1
8.4600E-4	1.0254E-2	2.0874E-1
8.4700E-4	9.7656E-3	2.1123E-1
8.4800E-4	1.0010E-2	2.1323E-1
8.4900E-4	9.2773E-3	2.1582E-1
8.5000E-4	9.2773E-3	2.1821E-1
8.5100E-4	9.5215E-3	2.1978E-1
8.5200E-4	9.7656E-3	2.1968E-1
8.5300E-4	1.0010E-2	2.2041E-1
8.5400E-4	9.5215E-3	2.2158E-1
8.5500E-4	1.0010E-2	2.2275E-1
8.5600E-4	9.5215E-3	2.2432E-1
8.5700E-4	9.2773E-3	2.2725E-1
8.5800E-4	9.2773E-3	2.2910E-1
8.5900E-4	9.0332E-3	2.3247E-1
8.6000E-4	9.7656E-3	2.3696E-1
8.6100E-4	9.7656E-3	2.4082E-1
8.6200E-4	1.0010E-2	2.4341E-1
8.6300E-4	9.2773E-3	2.4775E-1
8.6400E-4	8.7891E-3	2.5063E-1
8.6500E-4	9.2773E-3	2.5342E-1
8.6600E-4	9.7656E-3	2.5698E-1
8.6700E-4	1.0010E-2	2.6304E-1
8.6800E-4	9.5215E-3	2.6704E-1
8.6900E-4	9.7656E-3	2.7212E-1
8.7000E-4	9.7656E-3	2.7671E-1
8.7100E-4	9.2773E-3	2.8110E-1
8.7200E-4	1.0010E-2	2.8359E-1
8.7300E-4	9.5215E-3	2.8667E-1
8.7400E-4	9.2773E-3	2.8784E-1
8.7500E-4	9.7656E-3	2.8740E-1
8.7600E-4	9.2773E-3	2.8940E-1
8.7700E-4	1.0010E-2	2.9131E-1
8.7800E-4	9.0332E-3	2.9404E-1
8.7900E-4	9.2773E-3	2.9785E-1
8.8000E-4	9.7656E-3	3.0337E-1
8.8100E-4	9.5215E-3	3.0752E-1
8.8200E-4	9.2773E-3	3.1240E-1
8.8300E-4	9.7656E-3	3.1870E-1
8.8400E-4	1.0010E-2	3.2539E-1
8.8500E-4	9.7656E-3	3.3105E-1
8.8600E-4	9.5215E-3	3.3486E-1
8.8700E-4	9.0332E-3	3.3750E-1
8.8800E-4	9.5215E-3	3.3862E-1
8.8900E-4	9.5215E-3	3.4004E-1
8.9000E-4	9.2773E-3	3.4155E-1
8.9100E-4	9.5215E-3	3.4429E-1
8.9200E-4	1.0498E-2	3.4775E-1
8.9300E-4	9.2773E-3	3.5059E-1
8.9400E-4	9.5215E-3	3.5386E-1
8.9500E-4	9.2773E-3	3.5977E-1
8.9600E-4	1.0010E-2	3.6533E-1
8.9700E-4	1.0010E-2	3.6890E-1
8.9800E-4	9.7656E-3	3.7383E-1
8.9900E-4	9.5215E-3	3.7769E-1
9.0000E-4	9.2773E-3	3.7866E-1
9.0100E-4	9.7656E-3	3.7954E-1
9.0200E-4	9.7656E-3	3.8354E-1
9.0300E-4	9.7656E-3	3.8501E-1
9.0400E-4	9.2773E-3	3.8511E-1
9.0500E-4	9.0332E-3	3.8721E-1
9.0600E-4	9.2773E-3	3.9072E-1
9.0700E-4	1.0254E-2	3.9209E-1
9.0800E-4	8.7891E-3	3.9644E-1
9.0900E-4	9.7656E-3	4.0259E-1
9.1000E-4	1.0254E-2	4.0664E-1
9.1100E-4	9.2773E-3	4.0791E-1
9.1200E-4	1.0254E-2	4.1123E-1
9.1300E-4	9.7656E-3	4.1187E-1
9.1400E-4	9.0332E-3	4.0942E-1
9.1500E-4	9.5215E-3	4.0596E-1
9.1600E-4	9.5215E-3	4.0444E-1
9.1700E-4	9.5215E-3	4.0229E-1
9.1800E-4	8.7891E-3	4.0190E-1
9.1900E-4	1.0010E-2	4.0381E-1
9.2000E-4	9.7656E-3	4.0625E-1
9.2100E-4	9.7656E-3	4.0620E-1
9.2200E-4	9.2773E-3	4.0356E-1
9.2300E-4	1.0010E-2	4.0137E-1
9.2400E-4	1.0498E-2	3.9927E-1
9.2500E-4	9.7656E-3	3.9937E-1
9.2600E-4	9.5215E-3	4.0137E-1
9.2700E-4	9.7656E-3	4.0566E-1
9.2800E-4	9.0332E-3	4.0913E-1
9.2900E-4	9.5215E-3	4.1230E-1
9.3000E-4	9.7656E-3	4.1177E-1
9.3100E-4	1.0010E-2	4.1250E-1
9.3200E-4	1.0742E-2	4.1401E-1
9.3300E-4	9.5215E-3	4.1421E-1
9.3400E-4	9.5215E-3	4.1348E-1
9.3500E-4	1.0254E-2	4.1543E-1
9.3600E-4	9.2773E-3	4.1582E-1
9.3700E-4	9.2773E-3	4.1348E-1
9.3800E-4	9.0332E-3	4.0928E-1
9.3900E-4	9.7656E-3	4.0439E-1
9.4000E-4	9.7656E-3	3.9785E-1
9.4100E-4	9.7656E-3	3.9131E-1
9.4200E-4	9.7656E-3	3.8716E-1
9.4300E-4	9.5215E-3	3.8633E-1
9.4400E-4	1.0498E-2	3.8638E-1
9.4500E-4	9.5215E-3	3.8911E-1
9.4600E-4	9.5215E-3	3.9185E-1
9.4700E-4	9.7656E-3	3.9385E-1
9.4800E-4	9.5215E-3	3.9521E-1
9.4900E-4	1.0254E-2	3.9531E-1
9.5000E-4	9.0332E-3	3.9126E-1
9.5100E-4	9.5215E-3	3.8857E-1
9.5200E-4	9.5215E-3	3.8584E-1
9.5300E-4	9.5215E-3	3.8384E-1
9.5400E-4	9.0332E-3	3.8301E-1
9.5500E-4	1.0498E-2	3.8389E-1
9.5600E-4	9.2773E-3	3.8506E-1
9.5700E-4	8.7891E-3	3.8452E-1
9.5800E-4	9.5215E-3	3.8340E-1
9.5900E-4	9.7656E-3	3.8267E-1
9.6000E-4	9.2773E-3	3.8394E-1
9.6100E-4	1.0254E-2	3.8433E-1
9.6200E-4	9.5215E-3	3.8638E-1
9.6300E-4	9.5215E-3	3.8750E-1
9.6400E-4	1.0010E-2	3.8838E-1
9.6500E-4	9.5215E-3	3.8779E-1
9.6600E-4	8.7891E-3	3.8706E-1
9.6700E-4	9.5215E-3	3.8618E-1
9.6800E-4	9.7656E-3	3.8428E-1
9.6900E-4	9.7656E-3	3.8345E-1
9.7000E-4	9.2773E-3	3.8271E-1
9.7100E-4	9.2773E-3	3.8135E-1
9.7200E-4	9.5215E-3	3.8018E-1
9.7300E-4	9.7656E-3	3.8198E-1
9.7400E-4	9.7656E-3	3.8110E-1
9.7500E-4	9.5215E-3	3.8105E-1
9.7600E-4	9.0332E-3	3.8218E-1
9.7700E-4	1.0010E-2	3.8433E-1
9.7800E-4	1.0010E-2	3.8472E-1
9.7900E-4	9.7656E-3	3.8804E-1
9.8000E-4	9.7656E-3	3.9063E-1
9.8100E-4	9.5215E-3	3.9102E-1
9.8200E-4	9.5215E-3	3.8965E-1
9.8300E-4	9.7656E-3	3.8662E-1
9.8400E-4	1.0010E-2	3.8203E-1
9.8500E-4	9.5215E-3	3.7812E-1
9.8600E-4	9.7656E-3	3.7749E-1
9.8700E-4	1.0010E-2	3.7778E-1
9.8800E-4	9.2773E-3	3.7954E-1
9.8900E-4	9.5215E-3	3.8281E-1
9.9000E-4	1.0010E-2	3.8667E-1
9.9100E-4	9.5215E-3	3.9058E-1
9.9200E-4	9.2773E-3	3.9277E-1
9.9300E-4	1.0254E-2	3.9717E-1
9.9400E-4	9.5215E-3	4.0083E-1
9.9500E-4	1.0498E-2	4.0337E-1
9.9600E-4	9.5215E-3	4.0371E-1
9.9700E-4	9.2773E-3	4.0391E-1
9.9800E-4	9.7656E-3	4.0391E-1
9.9900E-4	9.5215E-3	4.0391E-1
