Time [s]	Aux in [V]	Main in [V]
0.0000E+0	1.0254E-2	5.7964E-1
1.0000E-6	1.0010E-2	5.8096E-1
2.0000E-6	1.0254E-2	5.8232E-1
3.0000E-6	9.0332E-3	5.8408E-1
4.0000E-6	9.7656E-3	5.8496E-1
5.0000E-6	9.0332E-3	5.8848E-1
6.0000E-6	1.0010E-2	5.9092E-1
7.0000E-6	1.0254E-2	5.9214E-1
8.0000E-6	9.5215E-3	5.9224E-1
9.0000E-6	9.7656E-3	5.9082E-1
1.0000E-5	9.7656E-3	5.8838E-1
1.1000E-5	1.0010E-2	5.8691E-1
1.2000E-5	9.0332E-3	5.8809E-1
1.3000E-5	9.7656E-3	5.9102E-1
1.4000E-5	9.5215E-3	5.9648E-1
1.5000E-5	9.2773E-3	6.0078E-1
1.6000E-5	9.7656E-3	6.0610E-1
1.7000E-5	1.0254E-2	6.1001E-1
1.8000E-5	1.0010E-2	6.1328E-1
1.9000E-5	9.7656E-3	6.1616E-1
2.0000E-5	9.5215E-3	6.1763E-1
2.1000E-5	9.7656E-3	6.1968E-1
2.2000E-5	1.0254E-2	6.2266E-1
2.3000E-5	1.0010E-2	6.2529E-1
2.4000E-5	1.0010E-2	6.2559E-1
2.5000E-5	9.5215E-3	6.2749E-1
2.6000E-5	9.0332E-3	6.2744E-1
2.7000E-5	9.7656E-3	6.2666E-1
2.8000E-5	1.0010E-2	6.2549E-1
2.9000E-5	9.2773E-3	6.2783E-1
3.0000E-5	9.5215E-3	6.2837E-1
3.1000E-5	9.0332E-3	6.2993E-1
3.2000E-5	9.5215E-3	6.3125E-1
3.3000E-5	9.7656E-3	6.3159E-1
3.4000E-5	9.5215E-3	6.3208E-1
3.5000E-5	9.7656E-3	6.3452E-1
3.6000E-5	1.0010E-2	6.3687E-1
3.7000E-5	9.5215E-3	6.3857E-1
3.8000E-5	9.7656E-3	6.4160E-1
3.9000E-5	1.0010E-2	6.4272E-1
4.0000E-5	1.0010E-2	6.4243E-1
4.1000E-5	9.5215E-3	6.4097E-1
4.2000E-5	9.7656E-3	6.3882E-1
4.3000E-5	9.7656E-3	6.3701E-1
4.4000E-5	9.7656E-3	6.3613E-1
4.5000E-5	9.2773E-3	6.3726E-1
4.6000E-5	9.5215E-3	6.3887E-1
4.7000E-5	9.7656E-3	6.3965E-1
4.8000E-5	1.0254E-2	6.3784E-1
4.9000E-5	9.7656E-3	6.3276E-1
5.0000E-5	9.5215E-3	6.2500E-1
5.1000E-5	9.7656E-3	6.1582E-1
5.2000E-5	9.2773E-3	6.0996E-1
5.3000E-5	1.0254E-2	6.0586E-1
5.4000E-5	9.7656E-3	6.0400E-1
5.5000E-5	9.5215E-3	6.0342E-1
5.6000E-5	9.5215E-3	6.0435E-1
5.7000E-5	9.0332E-3	6.0430E-1
5.8000E-5	1.0254E-2	6.0454E-1
5.9000E-5	1.0254E-2	6.0317E-1
6.0000E-5	1.0010E-2	6.0005E-1
6.1000E-5	9.7656E-3	5.9443E-1
6.2000E-5	9.7656E-3	5.8813E-1
6.3000E-5	9.7656E-3	5.8066E-1
6.4000E-5	9.5215E-3	5.7461E-1
6.5000E-5	9.5215E-3	5.7002E-1
6.6000E-5	9.5215E-3	5.6631E-1
6.7000E-5	9.7656E-3	5.6133E-1
6.8000E-5	9.5215E-3	5.5669E-1
6.9000E-5	9.7656E-3	5.5010E-1
7.0000E-5	9.5215E-3	5.4268E-1
7.1000E-5	9.5215E-3	5.3569E-1
7.2000E-5	9.2773E-3	5.2891E-1
7.3000E-5	9.2773E-3	5.2456E-1
7.4000E-5	1.0498E-2	5.2202E-1
7.5000E-5	1.0010E-2	5.1958E-1
7.6000E-5	1.0010E-2	5.1465E-1
7.7000E-5	9.5215E-3	5.0991E-1
7.8000E-5	9.5215E-3	5.0366E-1
7.9000E-5	9.7656E-3	4.9644E-1
8.0000E-5	1.0254E-2	4.8774E-1
8.1000E-5	9.2773E-3	4.8179E-1
8.2000E-5	9.7656E-3	4.7607E-1
8.3000E-5	9.5215E-3	4.7085E-1
8.4000E-5	1.0010E-2	4.6611E-1
8.5000E-5	9.5215E-3	4.6265E-1
8.6000E-5	1.0010E-2	4.5830E-1
8.7000E-5	1.0010E-2	4.5386E-1
8.8000E-5	9.7656E-3	4.4854E-1
8.9000E-5	9.2773E-3	4.4331E-1
9.0000E-5	1.0742E-2	4.3882E-1
9.1000E-5	9.5215E-3	4.3521E-1
9.2000E-5	1.0254E-2	4.3081E-1
9.3000E-5	9.5215E-3	4.2554E-1
9.4000E-5	1.0010E-2	4.2036E-1
9.5000E-5	9.7656E-3	4.1567E-1
9.6000E-5	9.2773E-3	4.0981E-1
9.7000E-5	9.2773E-3	4.0356E-1
9.8000E-5	1.0010E-2	3.9805E-1
9.9000E-5	1.0010E-2	3.9165E-1
1.0000E-4	1.0010E-2	3.8530E-1
1.0100E-4	1.0742E-2	3.8140E-1
1.0200E-4	9.7656E-3	3.7944E-1
1.0300E-4	9.0332E-3	3.7627E-1
1.0400E-4	9.7656E-3	3.7627E-1
1.0500E-4	9.5215E-3	3.7446E-1
1.0600E-4	1.0254E-2	3.7139E-1
1.0700E-4	1.0254E-2	3.6885E-1
1.0800E-4	9.5215E-3	3.6704E-1
1.0900E-4	1.0010E-2	3.6196E-1
1.1000E-4	9.7656E-3	3.5630E-1
1.1100E-4	9.2773E-3	3.4980E-1
1.1200E-4	9.5215E-3	3.4087E-1
1.1300E-4	1.0742E-2	3.3296E-1
1.1400E-4	1.0254E-2	3.2544E-1
1.1500E-4	9.7656E-3	3.2109E-1
1.1600E-4	9.5215E-3	3.1831E-1
1.1700E-4	1.0254E-2	3.1753E-1
1.1800E-4	1.0010E-2	3.1572E-1
1.1900E-4	9.2773E-3	3.1382E-1
1.2000E-4	1.0010E-2	3.1006E-1
1.2100E-4	9.7656E-3	3.0552E-1
1.2200E-4	1.0254E-2	3.0020E-1
1.2300E-4	9.5215E-3	2.9575E-1
1.2400E-4	1.0254E-2	2.9565E-1
1.2500E-4	9.7656E-3	2.9639E-1
1.2600E-4	1.0254E-2	2.9775E-1
1.2700E-4	1.0010E-2	2.9771E-1
1.2800E-4	9.2773E-3	2.9624E-1
1.2900E-4	9.7656E-3	2.9180E-1
1.3000E-4	1.0010E-2	2.8745E-1
1.3100E-4	1.0254E-2	2.8403E-1
1.3200E-4	1.0010E-2	2.8228E-1
1.3300E-4	1.0010E-2	2.8257E-1
1.3400E-4	9.7656E-3	2.8301E-1
1.3500E-4	9.7656E-3	2.8398E-1
1.3600E-4	9.5215E-3	2.8359E-1
1.3700E-4	9.5215E-3	2.8452E-1
1.3800E-4	1.0254E-2	2.8481E-1
1.3900E-4	9.2773E-3	2.8442E-1
1.4000E-4	1.0498E-2	2.8311E-1
1.4100E-4	9.2773E-3	2.8325E-1
1.4200E-4	9.7656E-3	2.8354E-1
1.4300E-4	1.0010E-2	2.8301E-1
1.4400E-4	9.7656E-3	2.8364E-1
1.4500E-4	1.0010E-2	2.8408E-1
1.4600E-4	9.7656E-3	2.8276E-1
1.4700E-4	9.5215E-3	2.7905E-1
1.4800E-4	1.0010E-2	2.7651E-1
1.4900E-4	9.7656E-3	2.7383E-1
1.5000E-4	1.0010E-2	2.7051E-1
1.5100E-4	9.0332E-3	2.6792E-1
1.5200E-4	1.0498E-2	2.6519E-1
1.5300E-4	9.5215E-3	2.6421E-1
1.5400E-4	9.7656E-3	2.6372E-1
1.5500E-4	1.0254E-2	2.6646E-1
1.5600E-4	1.0010E-2	2.6807E-1
1.5700E-4	9.5215E-3	2.7178E-1
1.5800E-4	9.7656E-3	2.7573E-1
1.5900E-4	1.0010E-2	2.8022E-1
1.6000E-4	1.0010E-2	2.8350E-1
1.6100E-4	1.0010E-2	2.8677E-1
1.6200E-4	9.5215E-3	2.8950E-1
1.6300E-4	1.0010E-2	2.8979E-1
1.6400E-4	9.5215E-3	2.8730E-1
1.6500E-4	1.0010E-2	2.8394E-1
1.6600E-4	9.7656E-3	2.8252E-1
1.6700E-4	9.5215E-3	2.8262E-1
1.6800E-4	9.2773E-3	2.8203E-1
1.6900E-4	9.2773E-3	2.8203E-1
1.7000E-4	9.7656E-3	2.8311E-1
1.7100E-4	9.5215E-3	2.8296E-1
1.7200E-4	9.7656E-3	2.8330E-1
1.7300E-4	1.0498E-2	2.8364E-1
1.7400E-4	1.0010E-2	2.8618E-1
1.7500E-4	9.5215E-3	2.9053E-1
1.7600E-4	9.7656E-3	2.9536E-1
1.7700E-4	1.0010E-2	3.0029E-1
1.7800E-4	9.7656E-3	3.0649E-1
1.7900E-4	9.7656E-3	3.1182E-1
1.8000E-4	9.2773E-3	3.1626E-1
1.8100E-4	9.0332E-3	3.2080E-1
1.8200E-4	9.5215E-3	3.2422E-1
1.8300E-4	9.7656E-3	3.2803E-1
1.8400E-4	9.7656E-3	3.3120E-1
1.8500E-4	9.5215E-3	3.3335E-1
1.8600E-4	1.0254E-2	3.3672E-1
1.8700E-4	9.5215E-3	3.3872E-1
1.8800E-4	9.7656E-3	3.3950E-1
1.8900E-4	9.5215E-3	3.4194E-1
1.9000E-4	1.0010E-2	3.4463E-1
1.9100E-4	9.7656E-3	3.4736E-1
1.9200E-4	1.0254E-2	3.5425E-1
1.9300E-4	9.0332E-3	3.6323E-1
1.9400E-4	9.0332E-3	3.7085E-1
1.9500E-4	9.5215E-3	3.7856E-1
1.9600E-4	1.0010E-2	3.8428E-1
1.9700E-4	9.7656E-3	3.8867E-1
1.9800E-4	9.2773E-3	3.9302E-1
1.9900E-4	9.5215E-3	3.9917E-1
2.0000E-4	1.0010E-2	4.0557E-1
2.0100E-4	9.5215E-3	4.1289E-1
2.0200E-4	9.5215E-3	4.2002E-1
2.0300E-4	9.5215E-3	4.2822E-1
2.0400E-4	9.7656E-3	4.3535E-1
2.0500E-4	9.2773E-3	4.4131E-1
2.0600E-4	9.5215E-3	4.4727E-1
2.0700E-4	9.5215E-3	4.5244E-1
2.0800E-4	9.5215E-3	4.5864E-1
2.0900E-4	9.7656E-3	4.6709E-1
2.1000E-4	1.0254E-2	4.7754E-1
2.1100E-4	1.0010E-2	4.8828E-1
2.1200E-4	1.0254E-2	4.9863E-1
2.1300E-4	9.7656E-3	5.0840E-1
2.1400E-4	1.0254E-2	5.1367E-1
2.1500E-4	9.7656E-3	5.1860E-1
2.1600E-4	9.7656E-3	5.2388E-1
2.1700E-4	8.7891E-3	5.2910E-1
2.1800E-4	1.0010E-2	5.3315E-1
2.1900E-4	9.5215E-3	5.3706E-1
2.2000E-4	1.0254E-2	5.4131E-1
2.2100E-4	1.0254E-2	5.4688E-1
2.2200E-4	9.5215E-3	5.5337E-1
2.2300E-4	9.7656E-3	5.6025E-1
2.2400E-4	9.7656E-3	5.6875E-1
2.2500E-4	9.7656E-3	5.7754E-1
2.2600E-4	9.5215E-3	5.8657E-1
2.2700E-4	1.0010E-2	5.9331E-1
2.2800E-4	9.7656E-3	5.9893E-1
2.2900E-4	9.7656E-3	6.0283E-1
2.3000E-4	9.5215E-3	6.0503E-1
2.3100E-4	9.5215E-3	6.0464E-1
2.3200E-4	1.0010E-2	6.0532E-1
2.3300E-4	9.5215E-3	6.0249E-1
2.3400E-4	1.0010E-2	6.0103E-1
2.3500E-4	9.2773E-3	5.9980E-1
2.3600E-4	9.5215E-3	5.9829E-1
2.3700E-4	9.2773E-3	5.9688E-1
2.3800E-4	9.7656E-3	5.9893E-1
2.3900E-4	9.2773E-3	6.0195E-1
2.4000E-4	9.5215E-3	6.0269E-1
2.4100E-4	1.0010E-2	6.0425E-1
2.4200E-4	1.0010E-2	6.0596E-1
2.4300E-4	9.5215E-3	6.0767E-1
2.4400E-4	1.0254E-2	6.0679E-1
2.4500E-4	9.7656E-3	6.0684E-1
2.4600E-4	9.5215E-3	6.0415E-1
2.4700E-4	9.5215E-3	6.0063E-1
2.4800E-4	1.0010E-2	5.9712E-1
2.4900E-4	9.2773E-3	5.9341E-1
2.5000E-4	9.5215E-3	5.8828E-1
2.5100E-4	9.5215E-3	5.8433E-1
2.5200E-4	9.7656E-3	5.7969E-1
2.5300E-4	1.0498E-2	5.7207E-1
2.5400E-4	9.2773E-3	5.6504E-1
2.5500E-4	1.0254E-2	5.5801E-1
2.5600E-4	1.0254E-2	5.5117E-1
2.5700E-4	9.7656E-3	5.4575E-1
2.5800E-4	9.7656E-3	5.4365E-1
2.5900E-4	9.5215E-3	5.4097E-1
2.6000E-4	9.7656E-3	5.3931E-1
2.6100E-4	9.2773E-3	5.3643E-1
2.6200E-4	9.7656E-3	5.3271E-1
2.6300E-4	1.0254E-2	5.2744E-1
2.6400E-4	1.0010E-2	5.2236E-1
2.6500E-4	1.0254E-2	5.1567E-1
2.6600E-4	9.5215E-3	5.0840E-1
2.6700E-4	1.0254E-2	5.0005E-1
2.6800E-4	9.5215E-3	4.8999E-1
2.6900E-4	1.0010E-2	4.8115E-1
2.7000E-4	1.0010E-2	4.7397E-1
2.7100E-4	9.5215E-3	4.6841E-1
2.7200E-4	9.7656E-3	4.6318E-1
2.7300E-4	9.2773E-3	4.5732E-1
2.7400E-4	9.7656E-3	4.5088E-1
2.7500E-4	9.2773E-3	4.4272E-1
2.7600E-4	9.7656E-3	4.3462E-1
2.7700E-4	9.5215E-3	4.2769E-1
2.7800E-4	9.7656E-3	4.2241E-1
2.7900E-4	1.0254E-2	4.1855E-1
2.8000E-4	1.0010E-2	4.1670E-1
2.8100E-4	1.0010E-2	4.1489E-1
2.8200E-4	9.7656E-3	4.1196E-1
2.8300E-4	9.7656E-3	4.1118E-1
2.8400E-4	1.0010E-2	4.0737E-1
2.8500E-4	9.5215E-3	4.0322E-1
2.8600E-4	9.7656E-3	3.9829E-1
2.8700E-4	1.0010E-2	3.9331E-1
2.8800E-4	1.0498E-2	3.8755E-1
2.8900E-4	1.0010E-2	3.8047E-1
2.9000E-4	9.7656E-3	3.7168E-1
2.9100E-4	1.0254E-2	3.6323E-1
2.9200E-4	9.5215E-3	3.5498E-1
2.9300E-4	1.0010E-2	3.4678E-1
2.9400E-4	9.7656E-3	3.4326E-1
2.9500E-4	1.0254E-2	3.4194E-1
2.9600E-4	1.0010E-2	3.4224E-1
2.9700E-4	1.0010E-2	3.4287E-1
2.9800E-4	9.5215E-3	3.4194E-1
2.9900E-4	9.2773E-3	3.3989E-1
3.0000E-4	9.5215E-3	3.3564E-1
3.0100E-4	1.0010E-2	3.3096E-1
3.0200E-4	1.0254E-2	3.2598E-1
3.0300E-4	9.7656E-3	3.2065E-1
3.0400E-4	9.0332E-3	3.1401E-1
3.0500E-4	9.7656E-3	3.1016E-1
3.0600E-4	9.5215E-3	3.0674E-1
3.0700E-4	9.5215E-3	3.0435E-1
3.0800E-4	9.2773E-3	3.0435E-1
3.0900E-4	9.5215E-3	3.0562E-1
3.1000E-4	1.0010E-2	3.0688E-1
3.1100E-4	9.7656E-3	3.0757E-1
3.1200E-4	1.0010E-2	3.0845E-1
3.1300E-4	9.7656E-3	3.0718E-1
3.1400E-4	9.5215E-3	3.0425E-1
3.1500E-4	9.5215E-3	2.9995E-1
3.1600E-4	1.0254E-2	2.9453E-1
3.1700E-4	9.2773E-3	2.8838E-1
3.1800E-4	1.0010E-2	2.8306E-1
3.1900E-4	9.2773E-3	2.7832E-1
3.2000E-4	9.5215E-3	2.7461E-1
3.2100E-4	1.0010E-2	2.7139E-1
3.2200E-4	1.0254E-2	2.6890E-1
3.2300E-4	9.7656E-3	2.6812E-1
3.2400E-4	9.5215E-3	2.6733E-1
3.2500E-4	9.2773E-3	2.6704E-1
3.2600E-4	9.5215E-3	2.6738E-1
3.2700E-4	9.5215E-3	2.6973E-1
3.2800E-4	1.0010E-2	2.7153E-1
3.2900E-4	9.2773E-3	2.7515E-1
3.3000E-4	9.5215E-3	2.7817E-1
3.3100E-4	9.7656E-3	2.8110E-1
3.3200E-4	9.7656E-3	2.8120E-1
3.3300E-4	1.0010E-2	2.8120E-1
3.3400E-4	9.7656E-3	2.8091E-1
3.3500E-4	9.7656E-3	2.8037E-1
3.3600E-4	9.7656E-3	2.8037E-1
3.3700E-4	1.0010E-2	2.8047E-1
3.3800E-4	9.7656E-3	2.7900E-1
3.3900E-4	1.0010E-2	2.7700E-1
3.4000E-4	1.0254E-2	2.7622E-1
3.4100E-4	9.2773E-3	2.7544E-1
3.4200E-4	9.5215E-3	2.7554E-1
3.4300E-4	9.0332E-3	2.7705E-1
3.4400E-4	9.2773E-3	2.8105E-1
3.4500E-4	9.7656E-3	2.8638E-1
3.4600E-4	9.5215E-3	2.9146E-1
3.4700E-4	1.0010E-2	2.9561E-1
3.4800E-4	9.2773E-3	2.9893E-1
3.4900E-4	9.5215E-3	2.9922E-1
3.5000E-4	9.7656E-3	2.9741E-1
3.5100E-4	1.0010E-2	2.9609E-1
3.5200E-4	9.5215E-3	2.9463E-1
3.5300E-4	9.2773E-3	2.9351E-1
3.5400E-4	1.0254E-2	2.9390E-1
3.5500E-4	1.0010E-2	2.9409E-1
3.5600E-4	9.7656E-3	2.9561E-1
3.5700E-4	9.5215E-3	2.9692E-1
3.5800E-4	1.0254E-2	2.9917E-1
3.5900E-4	9.7656E-3	3.0039E-1
3.6000E-4	9.5215E-3	3.0312E-1
3.6100E-4	1.0010E-2	3.0669E-1
3.6200E-4	9.7656E-3	3.1289E-1
3.6300E-4	9.2773E-3	3.2046E-1
3.6400E-4	9.2773E-3	3.2827E-1
3.6500E-4	9.2773E-3	3.3794E-1
3.6600E-4	9.5215E-3	3.4443E-1
3.6700E-4	9.2773E-3	3.5044E-1
3.6800E-4	1.0010E-2	3.5234E-1
3.6900E-4	1.0010E-2	3.5488E-1
3.7000E-4	1.0498E-2	3.5493E-1
3.7100E-4	9.7656E-3	3.5576E-1
3.7200E-4	1.0498E-2	3.5518E-1
3.7300E-4	1.0254E-2	3.5557E-1
3.7400E-4	9.5215E-3	3.5547E-1
3.7500E-4	9.7656E-3	3.5615E-1
3.7600E-4	1.0254E-2	3.5771E-1
3.7700E-4	9.7656E-3	3.6064E-1
3.7800E-4	9.5215E-3	3.6641E-1
3.7900E-4	9.5215E-3	3.7563E-1
3.8000E-4	9.5215E-3	3.8633E-1
3.8100E-4	1.0010E-2	3.9751E-1
3.8200E-4	9.7656E-3	4.0703E-1
3.8300E-4	1.0010E-2	4.1318E-1
3.8400E-4	9.5215E-3	4.1753E-1
3.8500E-4	9.5215E-3	4.1997E-1
3.8600E-4	9.5215E-3	4.2026E-1
3.8700E-4	9.5215E-3	4.2163E-1
3.8800E-4	1.0010E-2	4.2354E-1
3.8900E-4	9.2773E-3	4.2412E-1
3.9000E-4	1.0254E-2	4.2573E-1
3.9100E-4	1.0010E-2	4.3042E-1
3.9200E-4	9.7656E-3	4.3770E-1
3.9300E-4	1.0010E-2	4.4805E-1
3.9400E-4	1.0010E-2	4.6113E-1
3.9500E-4	9.2773E-3	4.7534E-1
3.9600E-4	1.0498E-2	4.8823E-1
3.9700E-4	9.5215E-3	4.9937E-1
3.9800E-4	1.0254E-2	5.0981E-1
3.9900E-4	1.0254E-2	5.1729E-1
4.0000E-4	1.0010E-2	5.2397E-1
4.0100E-4	9.5215E-3	5.3027E-1
4.0200E-4	1.0010E-2	5.3540E-1
4.0300E-4	1.0254E-2	5.3838E-1
4.0400E-4	9.5215E-3	5.4141E-1
4.0500E-4	1.0010E-2	5.4399E-1
4.0600E-4	9.7656E-3	5.4805E-1
4.0700E-4	9.7656E-3	5.5342E-1
4.0800E-4	9.2773E-3	5.6040E-1
4.0900E-4	1.0254E-2	5.6934E-1
4.1000E-4	1.0010E-2	5.7656E-1
4.1100E-4	9.2773E-3	5.8130E-1
4.1200E-4	1.0254E-2	5.8657E-1
4.1300E-4	9.2773E-3	5.9219E-1
4.1400E-4	9.7656E-3	5.9639E-1
4.1500E-4	1.0010E-2	6.0107E-1
4.1600E-4	1.0254E-2	6.0645E-1
4.1700E-4	1.0010E-2	6.1021E-1
4.1800E-4	9.2773E-3	6.1348E-1
4.1900E-4	1.0010E-2	6.1743E-1
4.2000E-4	9.2773E-3	6.2183E-1
4.2100E-4	1.0010E-2	6.2729E-1
4.2200E-4	9.5215E-3	6.3340E-1
4.2300E-4	9.7656E-3	6.3960E-1
4.2400E-4	9.7656E-3	6.4458E-1
4.2500E-4	9.2773E-3	6.4819E-1
4.2600E-4	9.5215E-3	6.5044E-1
4.2700E-4	9.7656E-3	6.5210E-1
4.2800E-4	9.7656E-3	6.5239E-1
4.2900E-4	9.5215E-3	6.5542E-1
4.3000E-4	1.0254E-2	6.6060E-1
4.3100E-4	9.5215E-3	6.6670E-1
4.3200E-4	9.5215E-3	6.7197E-1
4.3300E-4	9.5215E-3	6.7891E-1
4.3400E-4	8.7891E-3	6.8369E-1
4.3500E-4	1.0010E-2	6.8682E-1
4.3600E-4	1.0254E-2	6.8735E-1
4.3700E-4	9.5215E-3	6.8643E-1
4.3800E-4	1.0010E-2	6.8394E-1
4.3900E-4	1.0010E-2	6.7866E-1
4.4000E-4	1.0498E-2	6.7280E-1
4.4100E-4	1.0254E-2	6.6982E-1
4.4200E-4	9.7656E-3	6.7031E-1
4.4300E-4	9.2773E-3	6.7114E-1
4.4400E-4	9.5215E-3	6.7607E-1
4.4500E-4	9.7656E-3	6.8218E-1
4.4600E-4	9.5215E-3	6.8984E-1
4.4700E-4	1.0010E-2	6.9546E-1
4.4800E-4	9.2773E-3	6.9883E-1
4.4900E-4	9.5215E-3	6.9819E-1
4.5000E-4	9.2773E-3	6.9751E-1
4.5100E-4	1.0010E-2	6.9277E-1
4.5200E-4	1.0010E-2	6.8740E-1
4.5300E-4	1.0010E-2	6.8174E-1
4.5400E-4	1.0010E-2	6.7788E-1
4.5500E-4	9.5215E-3	6.7329E-1
4.5600E-4	9.2773E-3	6.6943E-1
4.5700E-4	9.7656E-3	6.6592E-1
4.5800E-4	1.0010E-2	6.6450E-1
4.5900E-4	9.7656E-3	6.6270E-1
4.6000E-4	9.7656E-3	6.6128E-1
4.6100E-4	1.0010E-2	6.6196E-1
4.6200E-4	9.2773E-3	6.6294E-1
4.6300E-4	1.0010E-2	6.6538E-1
4.6400E-4	9.7656E-3	6.7026E-1
4.6500E-4	9.7656E-3	6.7383E-1
4.6600E-4	9.2773E-3	6.7388E-1
4.6700E-4	1.0010E-2	6.7476E-1
4.6800E-4	1.0986E-2	6.7432E-1
4.6900E-4	1.0254E-2	6.6997E-1
4.7000E-4	9.7656E-3	6.6533E-1
4.7100E-4	9.7656E-3	6.6445E-1
4.7200E-4	9.5215E-3	6.6289E-1
4.7300E-4	9.5215E-3	6.6152E-1
4.7400E-4	1.0010E-2	6.6104E-1
4.7500E-4	1.0254E-2	6.6299E-1
4.7600E-4	1.0254E-2	6.6250E-1
4.7700E-4	9.2773E-3	6.6279E-1
4.7800E-4	9.7656E-3	6.6260E-1
4.7900E-4	1.0254E-2	6.6113E-1
4.8000E-4	9.7656E-3	6.5928E-1
4.8100E-4	1.0010E-2	6.5747E-1
4.8200E-4	9.5215E-3	6.5469E-1
4.8300E-4	1.0010E-2	6.5195E-1
4.8400E-4	9.7656E-3	6.5093E-1
4.8500E-4	9.2773E-3	6.4888E-1
4.8600E-4	1.0010E-2	6.4624E-1
4.8700E-4	1.0010E-2	6.4414E-1
4.8800E-4	1.0010E-2	6.4263E-1
4.8900E-4	1.0010E-2	6.4258E-1
4.9000E-4	1.0254E-2	6.4126E-1
4.9100E-4	9.7656E-3	6.4233E-1
4.9200E-4	9.2773E-3	6.4385E-1
4.9300E-4	9.7656E-3	6.4502E-1
4.9400E-4	9.5215E-3	6.4526E-1
4.9500E-4	1.0010E-2	6.4707E-1
4.9600E-4	9.7656E-3	6.4819E-1
4.9700E-4	9.0332E-3	6.5161E-1
4.9800E-4	1.0010E-2	6.5615E-1
4.9900E-4	9.7656E-3	6.6084E-1
5.0000E-4	1.0010E-2	6.6563E-1
5.0100E-4	1.0010E-2	6.7012E-1
5.0200E-4	1.0010E-2	6.7329E-1
5.0300E-4	9.7656E-3	6.7456E-1
5.0400E-4	9.7656E-3	6.7456E-1
5.0500E-4	1.0010E-2	6.7285E-1
5.0600E-4	9.5215E-3	6.7095E-1
5.0700E-4	9.7656E-3	6.6792E-1
5.0800E-4	9.5215E-3	6.6704E-1
5.0900E-4	9.0332E-3	6.6748E-1
5.1000E-4	9.5215E-3	6.7017E-1
5.1100E-4	1.0010E-2	6.7300E-1
5.1200E-4	1.0010E-2	6.7578E-1
5.1300E-4	1.0010E-2	6.7676E-1
5.1400E-4	1.0254E-2	6.8013E-1
5.1500E-4	9.5215E-3	6.8394E-1
5.1600E-4	9.5215E-3	6.8843E-1
5.1700E-4	9.7656E-3	6.9224E-1
5.1800E-4	9.5215E-3	6.9644E-1
5.1900E-4	1.0254E-2	6.9854E-1
5.2000E-4	9.2773E-3	6.9932E-1
5.2100E-4	9.7656E-3	6.9927E-1
5.2200E-4	9.7656E-3	6.9932E-1
5.2300E-4	9.7656E-3	6.9888E-1
5.2400E-4	9.2773E-3	6.9707E-1
5.2500E-4	9.7656E-3	6.9570E-1
5.2600E-4	9.2773E-3	6.9580E-1
5.2700E-4	1.0010E-2	6.9551E-1
5.2800E-4	9.7656E-3	6.9634E-1
5.2900E-4	9.2773E-3	6.9863E-1
5.3000E-4	1.0010E-2	7.0005E-1
5.3100E-4	9.5215E-3	7.0273E-1
5.3200E-4	9.7656E-3	7.0659E-1
5.3300E-4	1.0254E-2	7.1016E-1
5.3400E-4	9.5215E-3	7.1294E-1
5.3500E-4	1.0498E-2	7.1519E-1
5.3600E-4	9.5215E-3	7.1470E-1
5.3700E-4	9.5215E-3	7.1353E-1
5.3800E-4	9.2773E-3	7.1216E-1
5.3900E-4	9.2773E-3	7.0986E-1
5.4000E-4	1.0010E-2	7.0732E-1
5.4100E-4	9.7656E-3	7.0410E-1
5.4200E-4	1.0010E-2	7.0166E-1
5.4300E-4	1.0254E-2	7.0049E-1
5.4400E-4	9.2773E-3	6.9937E-1
5.4500E-4	1.0254E-2	6.9878E-1
5.4600E-4	9.5215E-3	6.9844E-1
5.4700E-4	1.0254E-2	6.9463E-1
5.4800E-4	1.0010E-2	6.9160E-1
5.4900E-4	9.7656E-3	6.8931E-1
5.5000E-4	1.0498E-2	6.8672E-1
5.5100E-4	1.0010E-2	6.8257E-1
5.5200E-4	9.7656E-3	6.7988E-1
5.5300E-4	9.0332E-3	6.7593E-1
5.5400E-4	9.7656E-3	6.7070E-1
5.5500E-4	9.5215E-3	6.6538E-1
5.5600E-4	1.0010E-2	6.6035E-1
5.5700E-4	9.7656E-3	6.5449E-1
5.5800E-4	9.5215E-3	6.4731E-1
5.5900E-4	9.5215E-3	6.4087E-1
5.6000E-4	9.0332E-3	6.3418E-1
5.6100E-4	9.5215E-3	6.2944E-1
5.6200E-4	9.5215E-3	6.2622E-1
5.6300E-4	9.7656E-3	6.2261E-1
5.6400E-4	9.7656E-3	6.1904E-1
5.6500E-4	9.5215E-3	6.1885E-1
5.6600E-4	9.5215E-3	6.1738E-1
5.6700E-4	9.7656E-3	6.1445E-1
5.6800E-4	1.0010E-2	6.1138E-1
5.6900E-4	1.0254E-2	6.0630E-1
5.7000E-4	9.2773E-3	5.9995E-1
5.7100E-4	1.0254E-2	5.9307E-1
5.7200E-4	9.2773E-3	5.8628E-1
5.7300E-4	9.5215E-3	5.7964E-1
5.7400E-4	1.0254E-2	5.7363E-1
5.7500E-4	9.2773E-3	5.6528E-1
5.7600E-4	9.7656E-3	5.5508E-1
5.7700E-4	1.0254E-2	5.4429E-1
5.7800E-4	9.5215E-3	5.3291E-1
5.7900E-4	9.5215E-3	5.2231E-1
5.8000E-4	9.7656E-3	5.1191E-1
5.8100E-4	9.2773E-3	5.0449E-1
5.8200E-4	1.0498E-2	5.0200E-1
5.8300E-4	9.7656E-3	5.0171E-1
5.8400E-4	9.5215E-3	5.0244E-1
5.8500E-4	9.7656E-3	5.0288E-1
5.8600E-4	9.7656E-3	5.0229E-1
5.8700E-4	9.7656E-3	4.9893E-1
5.8800E-4	1.0254E-2	4.9341E-1
5.8900E-4	1.0010E-2	4.8608E-1
5.9000E-4	9.7656E-3	4.7852E-1
5.9100E-4	9.0332E-3	4.7065E-1
5.9200E-4	9.0332E-3	4.6099E-1
5.9300E-4	1.0010E-2	4.5225E-1
5.9400E-4	9.7656E-3	4.4448E-1
5.9500E-4	9.2773E-3	4.3760E-1
5.9600E-4	1.0010E-2	4.3086E-1
5.9700E-4	9.7656E-3	4.2466E-1
5.9800E-4	9.7656E-3	4.1797E-1
5.9900E-4	9.7656E-3	4.1421E-1
6.0000E-4	1.0010E-2	4.1323E-1
6.0100E-4	9.2773E-3	4.1387E-1
6.0200E-4	1.0010E-2	4.1514E-1
6.0300E-4	9.2773E-3	4.1733E-1
6.0400E-4	1.0010E-2	4.1680E-1
6.0500E-4	9.7656E-3	4.1406E-1
6.0600E-4	9.5215E-3	4.1021E-1
6.0700E-4	9.7656E-3	4.0601E-1
6.0800E-4	1.0010E-2	3.9932E-1
6.0900E-4	9.7656E-3	3.9111E-1
6.1000E-4	9.5215E-3	3.8232E-1
6.1100E-4	1.0010E-2	3.7397E-1
6.1200E-4	9.5215E-3	3.6841E-1
6.1300E-4	9.2773E-3	3.6523E-1
6.1400E-4	9.7656E-3	3.6343E-1
6.1500E-4	1.0010E-2	3.6050E-1
6.1600E-4	1.0254E-2	3.6050E-1
6.1700E-4	1.0010E-2	3.5977E-1
6.1800E-4	9.2773E-3	3.5942E-1
6.1900E-4	9.7656E-3	3.5889E-1
6.2000E-4	9.7656E-3	3.5938E-1
6.2100E-4	9.2773E-3	3.5698E-1
6.2200E-4	9.5215E-3	3.5269E-1
6.2300E-4	9.5215E-3	3.4795E-1
6.2400E-4	1.0010E-2	3.4258E-1
6.2500E-4	9.7656E-3	3.3794E-1
6.2600E-4	1.0010E-2	3.3325E-1
6.2700E-4	9.5215E-3	3.2939E-1
6.2800E-4	9.2773E-3	3.2559E-1
6.2900E-4	1.0010E-2	3.2407E-1
6.3000E-4	9.5215E-3	3.2344E-1
6.3100E-4	1.0254E-2	3.2300E-1
6.3200E-4	9.2773E-3	3.2378E-1
6.3300E-4	1.0010E-2	3.2729E-1
6.3400E-4	1.0010E-2	3.2979E-1
6.3500E-4	1.0010E-2	3.3184E-1
6.3600E-4	1.0254E-2	3.3359E-1
6.3700E-4	1.0254E-2	3.3413E-1
6.3800E-4	1.0254E-2	3.3252E-1
6.3900E-4	9.5215E-3	3.3057E-1
6.4000E-4	1.0010E-2	3.2598E-1
6.4100E-4	9.5215E-3	3.2197E-1
6.4200E-4	1.0010E-2	3.1885E-1
6.4300E-4	1.0010E-2	3.1650E-1
6.4400E-4	9.7656E-3	3.1582E-1
6.4500E-4	9.5215E-3	3.1812E-1
6.4600E-4	9.5215E-3	3.2109E-1
6.4700E-4	1.0254E-2	3.2271E-1
6.4800E-4	1.0498E-2	3.2354E-1
6.4900E-4	9.7656E-3	3.2261E-1
6.5000E-4	9.7656E-3	3.2461E-1
6.5100E-4	1.0254E-2	3.2705E-1
6.5200E-4	9.5215E-3	3.2896E-1
6.5300E-4	9.5215E-3	3.2920E-1
6.5400E-4	9.5215E-3	3.3071E-1
6.5500E-4	9.5215E-3	3.2847E-1
6.5600E-4	9.7656E-3	3.2500E-1
6.5700E-4	9.5215E-3	3.2285E-1
6.5800E-4	9.2773E-3	3.2324E-1
6.5900E-4	1.0010E-2	3.2363E-1
6.6000E-4	9.7656E-3	3.2710E-1
6.6100E-4	9.5215E-3	3.3086E-1
6.6200E-4	9.2773E-3	3.3560E-1
6.6300E-4	9.5215E-3	3.3965E-1
6.6400E-4	1.0254E-2	3.4219E-1
6.6500E-4	1.0010E-2	3.4175E-1
6.6600E-4	9.2773E-3	3.4136E-1
6.6700E-4	9.2773E-3	3.4238E-1
6.6800E-4	1.0010E-2	3.4341E-1
6.6900E-4	9.5215E-3	3.4692E-1
6.7000E-4	9.2773E-3	3.4961E-1
6.7100E-4	9.2773E-3	3.5210E-1
6.7200E-4	9.7656E-3	3.5308E-1
6.7300E-4	9.2773E-3	3.5283E-1
6.7400E-4	9.7656E-3	3.5259E-1
6.7500E-4	9.7656E-3	3.5498E-1
6.7600E-4	9.7656E-3	3.5742E-1
6.7700E-4	9.2773E-3	3.5859E-1
6.7800E-4	9.5215E-3	3.6045E-1
6.7900E-4	1.0010E-2	3.6094E-1
6.8000E-4	9.5215E-3	3.6030E-1
6.8100E-4	9.2773E-3	3.6084E-1
6.8200E-4	9.2773E-3	3.6382E-1
6.8300E-4	9.2773E-3	3.6836E-1
6.8400E-4	1.0010E-2	3.7822E-1
6.8500E-4	9.7656E-3	3.8960E-1
6.8600E-4	9.5215E-3	4.0063E-1
6.8700E-4	9.5215E-3	4.0962E-1
6.8800E-4	9.2773E-3	4.1616E-1
6.8900E-4	9.5215E-3	4.1748E-1
6.9000E-4	9.5215E-3	4.1812E-1
6.9100E-4	9.7656E-3	4.1719E-1
6.9200E-4	9.7656E-3	4.1719E-1
6.9300E-4	9.2773E-3	4.1919E-1
6.9400E-4	9.5215E-3	4.2329E-1
6.9500E-4	9.0332E-3	4.2661E-1
6.9600E-4	1.0254E-2	4.3188E-1
6.9700E-4	1.0254E-2	4.3770E-1
6.9800E-4	9.5215E-3	4.4238E-1
6.9900E-4	1.0010E-2	4.4556E-1
7.0000E-4	1.0010E-2	4.5073E-1
7.0100E-4	9.5215E-3	4.5981E-1
7.0200E-4	9.7656E-3	4.6772E-1
7.0300E-4	9.5215E-3	4.7612E-1
7.0400E-4	9.5215E-3	4.8384E-1
7.0500E-4	1.0498E-2	4.8955E-1
7.0600E-4	1.0498E-2	4.9263E-1
7.0700E-4	9.7656E-3	4.9648E-1
7.0800E-4	9.5215E-3	5.0039E-1
7.0900E-4	1.0010E-2	5.0674E-1
7.1000E-4	9.5215E-3	5.1387E-1
7.1100E-4	9.7656E-3	5.2061E-1
7.1200E-4	9.2773E-3	5.2798E-1
7.1300E-4	9.5215E-3	5.3516E-1
7.1400E-4	9.2773E-3	5.3999E-1
7.1500E-4	9.7656E-3	5.4565E-1
7.1600E-4	9.5215E-3	5.5059E-1
7.1700E-4	9.2773E-3	5.5420E-1
7.1800E-4	1.0254E-2	5.5937E-1
7.1900E-4	9.5215E-3	5.6567E-1
7.2000E-4	9.7656E-3	5.7056E-1
7.2100E-4	1.0254E-2	5.7520E-1
7.2200E-4	1.0254E-2	5.7983E-1
7.2300E-4	9.5215E-3	5.8315E-1
7.2400E-4	9.5215E-3	5.8628E-1
7.2500E-4	1.0010E-2	5.8975E-1
7.2600E-4	9.7656E-3	5.9390E-1
7.2700E-4	1.0254E-2	5.9873E-1
7.2800E-4	1.0010E-2	6.0386E-1
7.2900E-4	9.7656E-3	6.1089E-1
7.3000E-4	1.0010E-2	6.1860E-1
7.3100E-4	9.7656E-3	6.2505E-1
7.3200E-4	1.0010E-2	6.3047E-1
7.3300E-4	1.0254E-2	6.3447E-1
7.3400E-4	9.7656E-3	6.3672E-1
7.3500E-4	1.0010E-2	6.3892E-1
7.3600E-4	1.0254E-2	6.3936E-1
7.3700E-4	9.7656E-3	6.3906E-1
7.3800E-4	1.0254E-2	6.3809E-1
7.3900E-4	1.0010E-2	6.3628E-1
7.4000E-4	9.7656E-3	6.3540E-1
7.4100E-4	1.0254E-2	6.3442E-1
7.4200E-4	1.0010E-2	6.3394E-1
7.4300E-4	9.5215E-3	6.3359E-1
7.4400E-4	9.5215E-3	6.3267E-1
7.4500E-4	9.7656E-3	6.2910E-1
7.4600E-4	9.2773E-3	6.2554E-1
7.4700E-4	9.7656E-3	6.2085E-1
7.4800E-4	1.0010E-2	6.1606E-1
7.4900E-4	1.0010E-2	6.0928E-1
7.5000E-4	9.5215E-3	6.0190E-1
7.5100E-4	9.5215E-3	5.9619E-1
7.5200E-4	9.5215E-3	5.9189E-1
7.5300E-4	9.7656E-3	5.8691E-1
7.5400E-4	9.2773E-3	5.8418E-1
7.5500E-4	1.0010E-2	5.8159E-1
7.5600E-4	9.7656E-3	5.7827E-1
7.5700E-4	9.5215E-3	5.7378E-1
7.5800E-4	9.7656E-3	5.6924E-1
7.5900E-4	9.2773E-3	5.6416E-1
7.6000E-4	1.0254E-2	5.5913E-1
7.6100E-4	9.0332E-3	5.5415E-1
7.6200E-4	9.0332E-3	5.4849E-1
7.6300E-4	9.5215E-3	5.4297E-1
7.6400E-4	9.2773E-3	5.3643E-1
7.6500E-4	1.0010E-2	5.2773E-1
7.6600E-4	1.0254E-2	5.1895E-1
7.6700E-4	9.2773E-3	5.0986E-1
7.6800E-4	1.0254E-2	5.0313E-1
7.6900E-4	9.2773E-3	4.9834E-1
7.7000E-4	9.7656E-3	4.9565E-1
7.7100E-4	9.7656E-3	4.9219E-1
7.7200E-4	9.5215E-3	4.8926E-1
7.7300E-4	9.7656E-3	4.8496E-1
7.7400E-4	1.0254E-2	4.7852E-1
7.7500E-4	9.7656E-3	4.7046E-1
7.7600E-4	9.7656E-3	4.6357E-1
7.7700E-4	9.7656E-3	4.5605E-1
7.7800E-4	9.7656E-3	4.4741E-1
7.7900E-4	9.2773E-3	4.3911E-1
7.8000E-4	1.0254E-2	4.3184E-1
7.8100E-4	9.2773E-3	4.2368E-1
7.8200E-4	9.7656E-3	4.1704E-1
7.8300E-4	9.5215E-3	4.1250E-1
7.8400E-4	9.5215E-3	4.0981E-1
7.8500E-4	9.7656E-3	4.0830E-1
7.8600E-4	9.7656E-3	4.0947E-1
7.8700E-4	1.0010E-2	4.0830E-1
7.8800E-4	9.7656E-3	4.0518E-1
7.8900E-4	9.7656E-3	4.0059E-1
7.9000E-4	9.2773E-3	3.9438E-1
7.9100E-4	1.0010E-2	3.8618E-1
7.9200E-4	9.2773E-3	3.7847E-1
7.9300E-4	9.7656E-3	3.7139E-1
7.9400E-4	9.7656E-3	3.6416E-1
7.9500E-4	9.2773E-3	3.5820E-1
7.9600E-4	9.5215E-3	3.5273E-1
7.9700E-4	9.5215E-3	3.4907E-1
7.9800E-4	9.2773E-3	3.4687E-1
7.9900E-4	9.7656E-3	3.4536E-1
8.0000E-4	9.5215E-3	3.4355E-1
8.0100E-4	1.0010E-2	3.4092E-1
8.0200E-4	9.5215E-3	3.4043E-1
8.0300E-4	9.2773E-3	3.3789E-1
8.0400E-4	9.5215E-3	3.3442E-1
8.0500E-4	9.2773E-3	3.3062E-1
8.0600E-4	1.0010E-2	3.2441E-1
8.0700E-4	9.7656E-3	3.1641E-1
8.0800E-4	1.0254E-2	3.0850E-1
8.0900E-4	1.0010E-2	3.0264E-1
8.1000E-4	9.7656E-3	2.9805E-1
8.1100E-4	1.0010E-2	2.9663E-1
8.1200E-4	1.0254E-2	2.9502E-1
8.1300E-4	1.0010E-2	2.9380E-1
8.1400E-4	9.7656E-3	2.9292E-1
8.1500E-4	1.0254E-2	2.9106E-1
8.1600E-4	9.2773E-3	2.8965E-1
8.1700E-4	9.7656E-3	2.8677E-1
8.1800E-4	9.7656E-3	2.8521E-1
8.1900E-4	1.0010E-2	2.8481E-1
8.2000E-4	9.0332E-3	2.8643E-1
8.2100E-4	1.0254E-2	2.8735E-1
8.2200E-4	9.2773E-3	2.8906E-1
8.2300E-4	9.7656E-3	2.8916E-1
8.2400E-4	9.5215E-3	2.8730E-1
8.2500E-4	9.0332E-3	2.8359E-1
8.2600E-4	9.5215E-3	2.7842E-1
8.2700E-4	9.5215E-3	2.7446E-1
8.2800E-4	1.0010E-2	2.7163E-1
8.2900E-4	1.0254E-2	2.6826E-1
8.3000E-4	1.0010E-2	2.6763E-1
8.3100E-4	9.7656E-3	2.6890E-1
8.3200E-4	1.0254E-2	2.6880E-1
8.3300E-4	9.5215E-3	2.6978E-1
8.3400E-4	9.5215E-3	2.7212E-1
8.3500E-4	1.0010E-2	2.7217E-1
8.3600E-4	1.0254E-2	2.7344E-1
8.3700E-4	9.2773E-3	2.7690E-1
8.3800E-4	9.5215E-3	2.8042E-1
8.3900E-4	9.7656E-3	2.8252E-1
8.4000E-4	9.7656E-3	2.8423E-1
8.4100E-4	9.2773E-3	2.8545E-1
8.4200E-4	1.0254E-2	2.8662E-1
8.4300E-4	9.7656E-3	2.8652E-1
8.4400E-4	1.0254E-2	2.8813E-1
8.4500E-4	1.0010E-2	2.9111E-1
8.4600E-4	1.0010E-2	2.9268E-1
8.4700E-4	1.0010E-2	2.9424E-1
8.4800E-4	9.5215E-3	2.9521E-1
8.4900E-4	1.0010E-2	2.9316E-1
8.5000E-4	1.0254E-2	2.9058E-1
8.5100E-4	9.7656E-3	2.8887E-1
8.5200E-4	1.0498E-2	2.8765E-1
8.5300E-4	9.7656E-3	2.8945E-1
8.5400E-4	9.2773E-3	2.9458E-1
8.5500E-4	9.5215E-3	3.0054E-1
8.5600E-4	9.2773E-3	3.0620E-1
8.5700E-4	9.5215E-3	3.1187E-1
8.5800E-4	9.2773E-3	3.1748E-1
8.5900E-4	9.5215E-3	3.2173E-1
8.6000E-4	9.5215E-3	3.2451E-1
8.6100E-4	1.0010E-2	3.2651E-1
8.6200E-4	9.5215E-3	3.2798E-1
8.6300E-4	1.0010E-2	3.2700E-1
8.6400E-4	9.2773E-3	3.2466E-1
8.6500E-4	1.0254E-2	3.2417E-1
8.6600E-4	1.0254E-2	3.2456E-1
8.6700E-4	1.0010E-2	3.2446E-1
8.6800E-4	1.0010E-2	3.2446E-1
8.6900E-4	9.7656E-3	3.2563E-1
8.7000E-4	1.0010E-2	3.2920E-1
8.7100E-4	9.5215E-3	3.3467E-1
8.7200E-4	9.0332E-3	3.4126E-1
8.7300E-4	9.7656E-3	3.4829E-1
8.7400E-4	1.0010E-2	3.5620E-1
8.7500E-4	1.0254E-2	3.6162E-1
8.7600E-4	9.7656E-3	3.6558E-1
8.7700E-4	9.2773E-3	3.6958E-1
8.7800E-4	1.0010E-2	3.7412E-1
8.7900E-4	9.7656E-3	3.7793E-1
8.8000E-4	1.0254E-2	3.8174E-1
8.8100E-4	9.5215E-3	3.8789E-1
8.8200E-4	9.5215E-3	3.9268E-1
8.8300E-4	9.2773E-3	3.9814E-1
8.8400E-4	1.0010E-2	4.0391E-1
8.8500E-4	9.2773E-3	4.1094E-1
8.8600E-4	9.7656E-3	4.1587E-1
8.8700E-4	1.0010E-2	4.2417E-1
8.8800E-4	9.7656E-3	4.3208E-1
8.8900E-4	1.0010E-2	4.4072E-1
8.9000E-4	9.5215E-3	4.4668E-1
8.9100E-4	9.2773E-3	4.5259E-1
8.9200E-4	9.7656E-3	4.5571E-1
8.9300E-4	9.5215E-3	4.5825E-1
8.9400E-4	9.5215E-3	4.5986E-1
8.9500E-4	9.7656E-3	4.6240E-1
8.9600E-4	9.5215E-3	4.6597E-1
8.9700E-4	9.2773E-3	4.7153E-1
8.9800E-4	9.5215E-3	4.8032E-1
8.9900E-4	9.2773E-3	4.9058E-1
9.0000E-4	1.0254E-2	5.0098E-1
9.0100E-4	1.0010E-2	5.1016E-1
9.0200E-4	1.0254E-2	5.1704E-1
9.0300E-4	1.0010E-2	5.2139E-1
9.0400E-4	9.7656E-3	5.2671E-1
9.0500E-4	9.2773E-3	5.3184E-1
9.0600E-4	1.0010E-2	5.3687E-1
9.0700E-4	9.0332E-3	5.4165E-1
9.0800E-4	9.2773E-3	5.4590E-1
9.0900E-4	8.7891E-3	5.4956E-1
9.1000E-4	9.7656E-3	5.5273E-1
9.1100E-4	1.0010E-2	5.5698E-1
9.1200E-4	9.7656E-3	5.6187E-1
9.1300E-4	9.7656E-3	5.6855E-1
9.1400E-4	9.7656E-3	5.7319E-1
9.1500E-4	9.5215E-3	5.7783E-1
9.1600E-4	9.7656E-3	5.8169E-1
9.1700E-4	1.0010E-2	5.8516E-1
9.1800E-4	1.0010E-2	5.8716E-1
9.1900E-4	9.7656E-3	5.9141E-1
9.2000E-4	9.5215E-3	5.9707E-1
9.2100E-4	1.0010E-2	6.0439E-1
9.2200E-4	1.0010E-2	6.1255E-1
9.2300E-4	9.2773E-3	6.1899E-1
9.2400E-4	9.7656E-3	6.2227E-1
9.2500E-4	9.2773E-3	6.2412E-1
9.2600E-4	9.5215E-3	6.2451E-1
9.2700E-4	9.5215E-3	6.2437E-1
9.2800E-4	9.5215E-3	6.2476E-1
9.2900E-4	9.5215E-3	6.2661E-1
9.3000E-4	9.7656E-3	6.2822E-1
9.3100E-4	9.7656E-3	6.3032E-1
9.3200E-4	1.0254E-2	6.3120E-1
9.3300E-4	1.0010E-2	6.3413E-1
9.3400E-4	9.5215E-3	6.3770E-1
9.3500E-4	9.7656E-3	6.4165E-1
9.3600E-4	9.2773E-3	6.4346E-1
9.3700E-4	9.5215E-3	6.4634E-1
9.3800E-4	9.2773E-3	6.4800E-1
9.3900E-4	9.5215E-3	6.4907E-1
9.4000E-4	1.0254E-2	6.5059E-1
9.4100E-4	9.2773E-3	6.5190E-1
9.4200E-4	1.0010E-2	6.5381E-1
9.4300E-4	9.5215E-3	6.5361E-1
9.4400E-4	9.7656E-3	6.5176E-1
9.4500E-4	9.7656E-3	6.4888E-1
9.4600E-4	9.5215E-3	6.4863E-1
9.4700E-4	9.7656E-3	6.4746E-1
9.4800E-4	9.5215E-3	6.4512E-1
9.4900E-4	9.5215E-3	6.4277E-1
9.5000E-4	1.0010E-2	6.4004E-1
9.5100E-4	1.0010E-2	6.3569E-1
9.5200E-4	9.7656E-3	6.3184E-1
9.5300E-4	9.2773E-3	6.2993E-1
9.5400E-4	1.0010E-2	6.2983E-1
9.5500E-4	9.5215E-3	6.3145E-1
9.5600E-4	9.7656E-3	6.3296E-1
9.5700E-4	1.0010E-2	6.3457E-1
9.5800E-4	1.0010E-2	6.3643E-1
9.5900E-4	9.5215E-3	6.3604E-1
9.6000E-4	9.7656E-3	6.3560E-1
9.6100E-4	1.0254E-2	6.3496E-1
9.6200E-4	9.7656E-3	6.3242E-1
9.6300E-4	1.0010E-2	6.2808E-1
9.6400E-4	1.0498E-2	6.2563E-1
9.6500E-4	1.0010E-2	6.2100E-1
9.6600E-4	9.7656E-3	6.1641E-1
9.6700E-4	9.5215E-3	6.1392E-1
9.6800E-4	1.0742E-2	6.1348E-1
9.6900E-4	9.7656E-3	6.1274E-1
9.7000E-4	1.0254E-2	6.1431E-1
9.7100E-4	9.5215E-3	6.1567E-1
9.7200E-4	9.2773E-3	6.1812E-1
9.7300E-4	9.7656E-3	6.2187E-1
9.7400E-4	9.7656E-3	6.2539E-1
9.7500E-4	1.0254E-2	6.2583E-1
9.7600E-4	9.5215E-3	6.2700E-1
9.7700E-4	9.0332E-3	6.2813E-1
9.7800E-4	9.7656E-3	6.2813E-1
9.7900E-4	9.5215E-3	6.2861E-1
9.8000E-4	1.0254E-2	6.2915E-1
9.8100E-4	1.0010E-2	6.2974E-1
9.8200E-4	1.0010E-2	6.2661E-1
9.8300E-4	1.0010E-2	6.2222E-1
9.8400E-4	9.5215E-3	6.1704E-1
9.8500E-4	9.5215E-3	6.1245E-1
9.8600E-4	9.7656E-3	6.0737E-1
9.8700E-4	1.0010E-2	6.0269E-1
9.8800E-4	9.7656E-3	5.9878E-1
9.8900E-4	9.5215E-3	5.9761E-1
9.9000E-4	9.5215E-3	5.9937E-1
9.9100E-4	9.2773E-3	6.0103E-1
9.9200E-4	9.5215E-3	6.0317E-1
9.9300E-4	1.0010E-2	6.0737E-1
9.9400E-4	9.7656E-3	6.0996E-1
9.9500E-4	1.0010E-2	6.0889E-1
9.9600E-4	1.0254E-2	6.0776E-1
9.9700E-4	9.5215E-3	6.0884E-1
9.9800E-4	1.0254E-2	6.0884E-1
9.9900E-4	9.7656E-3	6.0884E-1
