Time [s]	Aux in [V]	Main in [V]
0.0000E+0	9.7656E-3	7.1499E-1
1.0000E-6	9.5215E-3	7.1626E-1
2.0000E-6	1.0254E-2	7.1787E-1
3.0000E-6	9.5215E-3	7.1860E-1
4.0000E-6	9.7656E-3	7.2075E-1
5.0000E-6	1.0254E-2	7.2407E-1
6.0000E-6	1.0010E-2	7.2695E-1
7.0000E-6	9.0332E-3	7.2891E-1
8.0000E-6	9.5215E-3	7.3203E-1
9.0000E-6	1.0742E-2	7.3149E-1
1.0000E-5	9.5215E-3	7.2891E-1
1.1000E-5	9.2773E-3	7.2710E-1
1.2000E-5	9.0332E-3	7.2593E-1
1.3000E-5	9.0332E-3	7.2515E-1
1.4000E-5	1.0254E-2	7.2612E-1
1.5000E-5	1.0010E-2	7.2896E-1
1.6000E-5	9.7656E-3	7.3164E-1
1.7000E-5	9.2773E-3	7.3530E-1
1.8000E-5	9.7656E-3	7.3887E-1
1.9000E-5	9.7656E-3	7.4297E-1
2.0000E-5	9.2773E-3	7.4468E-1
2.1000E-5	9.0332E-3	7.4390E-1
2.2000E-5	1.0010E-2	7.4263E-1
2.3000E-5	9.7656E-3	7.4126E-1
2.4000E-5	9.0332E-3	7.4116E-1
2.5000E-5	9.5215E-3	7.4014E-1
2.6000E-5	1.0010E-2	7.4185E-1
2.7000E-5	1.0010E-2	7.4375E-1
2.8000E-5	1.0010E-2	7.4585E-1
2.9000E-5	9.5215E-3	7.4512E-1
3.0000E-5	1.0010E-2	7.4673E-1
3.1000E-5	9.7656E-3	7.4639E-1
3.2000E-5	1.0010E-2	7.4419E-1
3.3000E-5	9.5215E-3	7.4204E-1
3.4000E-5	9.7656E-3	7.4170E-1
3.5000E-5	9.0332E-3	7.4058E-1
3.6000E-5	1.0010E-2	7.3979E-1
3.7000E-5	9.5215E-3	7.4014E-1
3.8000E-5	9.2773E-3	7.3760E-1
3.9000E-5	8.7891E-3	7.3330E-1
4.0000E-5	9.5215E-3	7.2769E-1
4.1000E-5	1.0010E-2	7.2188E-1
4.2000E-5	1.0010E-2	7.1548E-1
4.3000E-5	9.7656E-3	7.1060E-1
4.4000E-5	9.0332E-3	7.0728E-1
4.5000E-5	1.0010E-2	7.0645E-1
4.6000E-5	9.7656E-3	7.0591E-1
4.7000E-5	1.0010E-2	7.0674E-1
4.8000E-5	1.0010E-2	7.0483E-1
4.9000E-5	9.2773E-3	7.0015E-1
5.0000E-5	1.0010E-2	6.9302E-1
5.1000E-5	9.2773E-3	6.8311E-1
5.2000E-5	1.0010E-2	6.7114E-1
5.3000E-5	1.0254E-2	6.6196E-1
5.4000E-5	9.2773E-3	6.5498E-1
5.5000E-5	9.5215E-3	6.4951E-1
5.6000E-5	9.7656E-3	6.4741E-1
5.7000E-5	1.0010E-2	6.4658E-1
5.8000E-5	1.0254E-2	6.4536E-1
5.9000E-5	1.0010E-2	6.4404E-1
6.0000E-5	1.0010E-2	6.4116E-1
6.1000E-5	9.5215E-3	6.3511E-1
6.2000E-5	1.0010E-2	6.2842E-1
6.3000E-5	9.5215E-3	6.2183E-1
6.4000E-5	9.7656E-3	6.1323E-1
6.5000E-5	9.2773E-3	6.0400E-1
6.6000E-5	9.0332E-3	5.9648E-1
6.7000E-5	9.7656E-3	5.8877E-1
6.8000E-5	9.5215E-3	5.8228E-1
6.9000E-5	9.7656E-3	5.7710E-1
7.0000E-5	1.0010E-2	5.7334E-1
7.1000E-5	9.5215E-3	5.6943E-1
7.2000E-5	1.0010E-2	5.6533E-1
7.3000E-5	9.7656E-3	5.5972E-1
7.4000E-5	9.7656E-3	5.5400E-1
7.5000E-5	9.5215E-3	5.4663E-1
7.6000E-5	9.5215E-3	5.3857E-1
7.7000E-5	9.0332E-3	5.3047E-1
7.8000E-5	9.5215E-3	5.2051E-1
7.9000E-5	9.2773E-3	5.1147E-1
8.0000E-5	9.5215E-3	5.0327E-1
8.1000E-5	1.0498E-2	4.9673E-1
8.2000E-5	9.5215E-3	4.9009E-1
8.3000E-5	1.0254E-2	4.8613E-1
8.4000E-5	9.5215E-3	4.8071E-1
8.5000E-5	8.5449E-3	4.7612E-1
8.6000E-5	1.0010E-2	4.7109E-1
8.7000E-5	9.5215E-3	4.6733E-1
8.8000E-5	1.0010E-2	4.6338E-1
8.9000E-5	9.5215E-3	4.5820E-1
9.0000E-5	9.7656E-3	4.5215E-1
9.1000E-5	1.0254E-2	4.4551E-1
9.2000E-5	1.0010E-2	4.3779E-1
9.3000E-5	9.7656E-3	4.3066E-1
9.4000E-5	1.0254E-2	4.2646E-1
9.5000E-5	9.2773E-3	4.2539E-1
9.6000E-5	9.7656E-3	4.2617E-1
9.7000E-5	9.5215E-3	4.2622E-1
9.8000E-5	9.5215E-3	4.2363E-1
9.9000E-5	1.0498E-2	4.1880E-1
1.0000E-4	9.5215E-3	4.0908E-1
1.0100E-4	9.0332E-3	3.9805E-1
1.0200E-4	9.7656E-3	3.8950E-1
1.0300E-4	9.7656E-3	3.8345E-1
1.0400E-4	9.2773E-3	3.8032E-1
1.0500E-4	9.5215E-3	3.7856E-1
1.0600E-4	9.7656E-3	3.7783E-1
1.0700E-4	1.0010E-2	3.7651E-1
1.0800E-4	9.5215E-3	3.7583E-1
1.0900E-4	9.5215E-3	3.7163E-1
1.1000E-4	1.0254E-2	3.6724E-1
1.1100E-4	9.5215E-3	3.6274E-1
1.1200E-4	9.5215E-3	3.5664E-1
1.1300E-4	9.0332E-3	3.5020E-1
1.1400E-4	1.0010E-2	3.4624E-1
1.1500E-4	9.7656E-3	3.4453E-1
1.1600E-4	9.5215E-3	3.4180E-1
1.1700E-4	9.2773E-3	3.3892E-1
1.1800E-4	1.0254E-2	3.3608E-1
1.1900E-4	9.5215E-3	3.3345E-1
1.2000E-4	9.7656E-3	3.3135E-1
1.2100E-4	9.2773E-3	3.3022E-1
1.2200E-4	1.0010E-2	3.2969E-1
1.2300E-4	1.0254E-2	3.2827E-1
1.2400E-4	9.2773E-3	3.2559E-1
1.2500E-4	9.7656E-3	3.2192E-1
1.2600E-4	9.5215E-3	3.1753E-1
1.2700E-4	9.5215E-3	3.1582E-1
1.2800E-4	9.7656E-3	3.1436E-1
1.2900E-4	1.0254E-2	3.1406E-1
1.3000E-4	9.7656E-3	3.1470E-1
1.3100E-4	1.0254E-2	3.1587E-1
1.3200E-4	1.0010E-2	3.1455E-1
1.3300E-4	9.5215E-3	3.1279E-1
1.3400E-4	1.0010E-2	3.1060E-1
1.3500E-4	9.5215E-3	3.0713E-1
1.3600E-4	9.7656E-3	3.0142E-1
1.3700E-4	1.0254E-2	2.9541E-1
1.3800E-4	1.0742E-2	2.8994E-1
1.3900E-4	9.5215E-3	2.8564E-1
1.4000E-4	9.5215E-3	2.8335E-1
1.4100E-4	9.5215E-3	2.8389E-1
1.4200E-4	1.0254E-2	2.8540E-1
1.4300E-4	9.0332E-3	2.8735E-1
1.4400E-4	9.5215E-3	2.8887E-1
1.4500E-4	9.5215E-3	2.9038E-1
1.4600E-4	9.7656E-3	2.9209E-1
1.4700E-4	9.7656E-3	2.9404E-1
1.4800E-4	9.2773E-3	2.9639E-1
1.4900E-4	9.2773E-3	2.9951E-1
1.5000E-4	1.0254E-2	3.0103E-1
1.5100E-4	9.5215E-3	3.0088E-1
1.5200E-4	9.5215E-3	3.0005E-1
1.5300E-4	9.7656E-3	2.9927E-1
1.5400E-4	1.0010E-2	2.9839E-1
1.5500E-4	9.5215E-3	2.9878E-1
1.5600E-4	9.5215E-3	3.0107E-1
1.5700E-4	9.2773E-3	3.0371E-1
1.5800E-4	9.5215E-3	3.0620E-1
1.5900E-4	9.2773E-3	3.0923E-1
1.6000E-4	1.0010E-2	3.0962E-1
1.6100E-4	9.5215E-3	3.0986E-1
1.6200E-4	9.7656E-3	3.1172E-1
1.6300E-4	9.7656E-3	3.1279E-1
1.6400E-4	1.0010E-2	3.1494E-1
1.6500E-4	1.0254E-2	3.1934E-1
1.6600E-4	9.5215E-3	3.2305E-1
1.6700E-4	9.0332E-3	3.2690E-1
1.6800E-4	9.2773E-3	3.3071E-1
1.6900E-4	9.7656E-3	3.3311E-1
1.7000E-4	1.0010E-2	3.3604E-1
1.7100E-4	1.0010E-2	3.3716E-1
1.7200E-4	9.5215E-3	3.3574E-1
1.7300E-4	9.5215E-3	3.3389E-1
1.7400E-4	9.5215E-3	3.3164E-1
1.7500E-4	9.5215E-3	3.2729E-1
1.7600E-4	9.7656E-3	3.2690E-1
1.7700E-4	9.5215E-3	3.2925E-1
1.7800E-4	9.2773E-3	3.3364E-1
1.7900E-4	9.7656E-3	3.3931E-1
1.8000E-4	9.5215E-3	3.4912E-1
1.8100E-4	9.5215E-3	3.5728E-1
1.8200E-4	9.7656E-3	3.6543E-1
1.8300E-4	9.2773E-3	3.7378E-1
1.8400E-4	9.2773E-3	3.8159E-1
1.8500E-4	9.5215E-3	3.8711E-1
1.8600E-4	9.5215E-3	3.9204E-1
1.8700E-4	9.7656E-3	3.9619E-1
1.8800E-4	9.7656E-3	4.0103E-1
1.8900E-4	9.5215E-3	4.0571E-1
1.9000E-4	1.0254E-2	4.1099E-1
1.9100E-4	1.0010E-2	4.1733E-1
1.9200E-4	9.5215E-3	4.2319E-1
1.9300E-4	1.0010E-2	4.2866E-1
1.9400E-4	9.2773E-3	4.3594E-1
1.9500E-4	9.7656E-3	4.4268E-1
1.9600E-4	9.2773E-3	4.4951E-1
1.9700E-4	9.7656E-3	4.5864E-1
1.9800E-4	9.5215E-3	4.6841E-1
1.9900E-4	9.0332E-3	4.7734E-1
2.0000E-4	1.0010E-2	4.8691E-1
2.0100E-4	9.5215E-3	4.9424E-1
2.0200E-4	1.0254E-2	5.0034E-1
2.0300E-4	1.0010E-2	5.0396E-1
2.0400E-4	9.7656E-3	5.0713E-1
2.0500E-4	9.7656E-3	5.1069E-1
2.0600E-4	9.5215E-3	5.1724E-1
2.0700E-4	9.7656E-3	5.2334E-1
2.0800E-4	1.0010E-2	5.3242E-1
2.0900E-4	9.7656E-3	5.4170E-1
2.1000E-4	9.5215E-3	5.5195E-1
2.1100E-4	1.0010E-2	5.6040E-1
2.1200E-4	9.5215E-3	5.6904E-1
2.1300E-4	9.7656E-3	5.7524E-1
2.1400E-4	9.7656E-3	5.8027E-1
2.1500E-4	9.5215E-3	5.8433E-1
2.1600E-4	9.5215E-3	5.8921E-1
2.1700E-4	9.7656E-3	5.9561E-1
2.1800E-4	9.5215E-3	6.0386E-1
2.1900E-4	9.5215E-3	6.1162E-1
2.2000E-4	9.7656E-3	6.1753E-1
2.2100E-4	1.0010E-2	6.2363E-1
2.2200E-4	1.0010E-2	6.2720E-1
2.2300E-4	9.2773E-3	6.2861E-1
2.2400E-4	1.0010E-2	6.3003E-1
2.2500E-4	9.7656E-3	6.3247E-1
2.2600E-4	9.2773E-3	6.3447E-1
2.2700E-4	9.5215E-3	6.3677E-1
2.2800E-4	9.7656E-3	6.3799E-1
2.2900E-4	9.7656E-3	6.4019E-1
2.3000E-4	9.7656E-3	6.4189E-1
2.3100E-4	9.7656E-3	6.4390E-1
2.3200E-4	9.7656E-3	6.4736E-1
2.3300E-4	9.2773E-3	6.5190E-1
2.3400E-4	1.0010E-2	6.5576E-1
2.3500E-4	9.5215E-3	6.5771E-1
2.3600E-4	1.0010E-2	6.5767E-1
2.3700E-4	9.7656E-3	6.5312E-1
2.3800E-4	1.0010E-2	6.4687E-1
2.3900E-4	1.0010E-2	6.3921E-1
2.4000E-4	1.0254E-2	6.3271E-1
2.4100E-4	9.5215E-3	6.2964E-1
2.4200E-4	9.5215E-3	6.2964E-1
2.4300E-4	1.0010E-2	6.3213E-1
2.4400E-4	9.7656E-3	6.3584E-1
2.4500E-4	9.2773E-3	6.3965E-1
2.4600E-4	9.2773E-3	6.4238E-1
2.4700E-4	9.2773E-3	6.4321E-1
2.4800E-4	1.0498E-2	6.4277E-1
2.4900E-4	9.5215E-3	6.4272E-1
2.5000E-4	9.5215E-3	6.4141E-1
2.5100E-4	9.7656E-3	6.3691E-1
2.5200E-4	1.0010E-2	6.3115E-1
2.5300E-4	9.5215E-3	6.2441E-1
2.5400E-4	1.0254E-2	6.1523E-1
2.5500E-4	9.0332E-3	6.0562E-1
2.5600E-4	9.5215E-3	5.9727E-1
2.5700E-4	9.0332E-3	5.8862E-1
2.5800E-4	9.5215E-3	5.7979E-1
2.5900E-4	9.2773E-3	5.7134E-1
2.6000E-4	1.0010E-2	5.6479E-1
2.6100E-4	9.7656E-3	5.5781E-1
2.6200E-4	9.5215E-3	5.5337E-1
2.6300E-4	1.0254E-2	5.4854E-1
2.6400E-4	1.0010E-2	5.4424E-1
2.6500E-4	9.2773E-3	5.3901E-1
2.6600E-4	9.5215E-3	5.3413E-1
2.6700E-4	9.2773E-3	5.2808E-1
2.6800E-4	9.7656E-3	5.2388E-1
2.6900E-4	9.2773E-3	5.1895E-1
2.7000E-4	9.7656E-3	5.1445E-1
2.7100E-4	1.0010E-2	5.1104E-1
2.7200E-4	9.7656E-3	5.0737E-1
2.7300E-4	9.5215E-3	5.0293E-1
2.7400E-4	9.0332E-3	4.9868E-1
2.7500E-4	9.5215E-3	4.9375E-1
2.7600E-4	1.0010E-2	4.8706E-1
2.7700E-4	9.0332E-3	4.8203E-1
2.7800E-4	1.0254E-2	4.7759E-1
2.7900E-4	1.0010E-2	4.7461E-1
2.8000E-4	9.5215E-3	4.7124E-1
2.8100E-4	9.2773E-3	4.6772E-1
2.8200E-4	9.2773E-3	4.6357E-1
2.8300E-4	9.7656E-3	4.5762E-1
2.8400E-4	9.7656E-3	4.5103E-1
2.8500E-4	1.0254E-2	4.4453E-1
2.8600E-4	1.0010E-2	4.3896E-1
2.8700E-4	9.2773E-3	4.3384E-1
2.8800E-4	9.5215E-3	4.3052E-1
2.8900E-4	9.2773E-3	4.2705E-1
2.9000E-4	1.0010E-2	4.2554E-1
2.9100E-4	9.7656E-3	4.2310E-1
2.9200E-4	1.0010E-2	4.1875E-1
2.9300E-4	9.5215E-3	4.1421E-1
2.9400E-4	9.5215E-3	4.1035E-1
2.9500E-4	1.0254E-2	4.0591E-1
2.9600E-4	9.5215E-3	4.0322E-1
2.9700E-4	9.5215E-3	4.0176E-1
2.9800E-4	9.7656E-3	4.0083E-1
2.9900E-4	9.5215E-3	3.9927E-1
3.0000E-4	1.0498E-2	3.9785E-1
3.0100E-4	9.7656E-3	3.9478E-1
3.0200E-4	1.0498E-2	3.9165E-1
3.0300E-4	9.7656E-3	3.8789E-1
3.0400E-4	9.0332E-3	3.8242E-1
3.0500E-4	1.0010E-2	3.7690E-1
3.0600E-4	9.5215E-3	3.7349E-1
3.0700E-4	9.2773E-3	3.7188E-1
3.0800E-4	9.5215E-3	3.7144E-1
3.0900E-4	1.0010E-2	3.7295E-1
3.1000E-4	1.0254E-2	3.7290E-1
3.1100E-4	9.2773E-3	3.7383E-1
3.1200E-4	9.5215E-3	3.7354E-1
3.1300E-4	8.7891E-3	3.7339E-1
3.1400E-4	9.7656E-3	3.7412E-1
3.1500E-4	9.7656E-3	3.7627E-1
3.1600E-4	9.5215E-3	3.7539E-1
3.1700E-4	9.7656E-3	3.7495E-1
3.1800E-4	1.0498E-2	3.7476E-1
3.1900E-4	9.7656E-3	3.7412E-1
3.2000E-4	9.7656E-3	3.7358E-1
3.2100E-4	9.7656E-3	3.7378E-1
3.2200E-4	9.7656E-3	3.7510E-1
3.2300E-4	9.5215E-3	3.7588E-1
3.2400E-4	1.0010E-2	3.7637E-1
3.2500E-4	9.7656E-3	3.7510E-1
3.2600E-4	1.0254E-2	3.7466E-1
3.2700E-4	9.0332E-3	3.7183E-1
3.2800E-4	9.5215E-3	3.6919E-1
3.2900E-4	9.2773E-3	3.6650E-1
3.3000E-4	1.0010E-2	3.6611E-1
3.3100E-4	1.0010E-2	3.6602E-1
3.3200E-4	1.0010E-2	3.6919E-1
3.3300E-4	9.7656E-3	3.7202E-1
3.3400E-4	1.0498E-2	3.7676E-1
3.3500E-4	1.0254E-2	3.8032E-1
3.3600E-4	9.5215E-3	3.8325E-1
3.3700E-4	9.5215E-3	3.8398E-1
3.3800E-4	9.2773E-3	3.8481E-1
3.3900E-4	9.2773E-3	3.8403E-1
3.4000E-4	1.0254E-2	3.8433E-1
3.4100E-4	9.5215E-3	3.8643E-1
3.4200E-4	1.0010E-2	3.8818E-1
3.4300E-4	1.0254E-2	3.8950E-1
3.4400E-4	9.2773E-3	3.9253E-1
3.4500E-4	9.7656E-3	3.9517E-1
3.4600E-4	1.0254E-2	3.9644E-1
3.4700E-4	9.5215E-3	3.9844E-1
3.4800E-4	1.0010E-2	3.9951E-1
3.4900E-4	9.5215E-3	3.9951E-1
3.5000E-4	1.0010E-2	3.9941E-1
3.5100E-4	9.2773E-3	4.0161E-1
3.5200E-4	1.0498E-2	4.0444E-1
3.5300E-4	9.5215E-3	4.1001E-1
3.5400E-4	1.0010E-2	4.1626E-1
3.5500E-4	1.0010E-2	4.2329E-1
3.5600E-4	9.7656E-3	4.2578E-1
3.5700E-4	1.0254E-2	4.2783E-1
3.5800E-4	9.7656E-3	4.2856E-1
3.5900E-4	9.5215E-3	4.2925E-1
3.6000E-4	1.0010E-2	4.2969E-1
3.6100E-4	9.5215E-3	4.3267E-1
3.6200E-4	9.7656E-3	4.3589E-1
3.6300E-4	1.0010E-2	4.4009E-1
3.6400E-4	9.5215E-3	4.4438E-1
3.6500E-4	9.5215E-3	4.5059E-1
3.6600E-4	1.0010E-2	4.5693E-1
3.6700E-4	9.2773E-3	4.6392E-1
3.6800E-4	9.2773E-3	4.7192E-1
3.6900E-4	1.0010E-2	4.7935E-1
3.7000E-4	9.5215E-3	4.8423E-1
3.7100E-4	9.5215E-3	4.8828E-1
3.7200E-4	9.7656E-3	4.9165E-1
3.7300E-4	9.7656E-3	4.9390E-1
3.7400E-4	9.7656E-3	4.9541E-1
3.7500E-4	1.0498E-2	4.9692E-1
3.7600E-4	9.7656E-3	5.0005E-1
3.7700E-4	9.7656E-3	5.0288E-1
3.7800E-4	1.0010E-2	5.0518E-1
3.7900E-4	9.2773E-3	5.0952E-1
3.8000E-4	1.0254E-2	5.1528E-1
3.8100E-4	9.2773E-3	5.2051E-1
3.8200E-4	9.7656E-3	5.2734E-1
3.8300E-4	9.5215E-3	5.3433E-1
3.8400E-4	9.2773E-3	5.4009E-1
3.8500E-4	9.7656E-3	5.4619E-1
3.8600E-4	9.5215E-3	5.5410E-1
3.8700E-4	9.5215E-3	5.6118E-1
3.8800E-4	9.2773E-3	5.6787E-1
3.8900E-4	1.0010E-2	5.7417E-1
3.9000E-4	9.7656E-3	5.8066E-1
3.9100E-4	1.0010E-2	5.8428E-1
3.9200E-4	9.2773E-3	5.8853E-1
3.9300E-4	9.0332E-3	5.9258E-1
3.9400E-4	1.0010E-2	5.9707E-1
3.9500E-4	9.2773E-3	5.9941E-1
3.9600E-4	1.0254E-2	6.0337E-1
3.9700E-4	9.5215E-3	6.0684E-1
3.9800E-4	9.5215E-3	6.1279E-1
3.9900E-4	9.5215E-3	6.1831E-1
4.0000E-4	9.7656E-3	6.2373E-1
4.0100E-4	9.5215E-3	6.2881E-1
4.0200E-4	9.5215E-3	6.3633E-1
4.0300E-4	1.0010E-2	6.4219E-1
4.0400E-4	1.0254E-2	6.4868E-1
4.0500E-4	9.7656E-3	6.5635E-1
4.0600E-4	9.7656E-3	6.6416E-1
4.0700E-4	1.0010E-2	6.7021E-1
4.0800E-4	1.0010E-2	6.7427E-1
4.0900E-4	1.0254E-2	6.7827E-1
4.1000E-4	1.0010E-2	6.8193E-1
4.1100E-4	9.2773E-3	6.8584E-1
4.1200E-4	1.0010E-2	6.8813E-1
4.1300E-4	9.2773E-3	6.9126E-1
4.1400E-4	9.7656E-3	6.9355E-1
4.1500E-4	9.5215E-3	6.9722E-1
4.1600E-4	1.0010E-2	6.9946E-1
4.1700E-4	9.7656E-3	7.0420E-1
4.1800E-4	9.7656E-3	7.1069E-1
4.1900E-4	9.5215E-3	7.1919E-1
4.2000E-4	1.0254E-2	7.2612E-1
4.2100E-4	9.5215E-3	7.3276E-1
4.2200E-4	9.5215E-3	7.3696E-1
4.2300E-4	9.7656E-3	7.4028E-1
4.2400E-4	1.0010E-2	7.4321E-1
4.2500E-4	9.5215E-3	7.4556E-1
4.2600E-4	9.5215E-3	7.4741E-1
4.2700E-4	1.0010E-2	7.4971E-1
4.2800E-4	9.5215E-3	7.5171E-1
4.2900E-4	9.2773E-3	7.5195E-1
4.3000E-4	9.5215E-3	7.5215E-1
4.3100E-4	9.7656E-3	7.5449E-1
4.3200E-4	9.7656E-3	7.5776E-1
4.3300E-4	9.0332E-3	7.5908E-1
4.3400E-4	9.2773E-3	7.5977E-1
4.3500E-4	9.5215E-3	7.6401E-1
4.3600E-4	9.2773E-3	7.6797E-1
4.3700E-4	9.5215E-3	7.6914E-1
4.3800E-4	9.2773E-3	7.7114E-1
4.3900E-4	9.7656E-3	7.7310E-1
4.4000E-4	9.7656E-3	7.7241E-1
4.4100E-4	1.0010E-2	7.7026E-1
4.4200E-4	1.0010E-2	7.6787E-1
4.4300E-4	9.5215E-3	7.6631E-1
4.4400E-4	9.5215E-3	7.6362E-1
4.4500E-4	9.5215E-3	7.5981E-1
4.4600E-4	9.5215E-3	7.5625E-1
4.4700E-4	9.7656E-3	7.5371E-1
4.4800E-4	9.7656E-3	7.5010E-1
4.4900E-4	1.0010E-2	7.4790E-1
4.5000E-4	1.0010E-2	7.4697E-1
4.5100E-4	9.7656E-3	7.4580E-1
4.5200E-4	9.0332E-3	7.4678E-1
4.5300E-4	9.2773E-3	7.4814E-1
4.5400E-4	1.0010E-2	7.4990E-1
4.5500E-4	9.7656E-3	7.4932E-1
4.5600E-4	1.0010E-2	7.4756E-1
4.5700E-4	9.7656E-3	7.4375E-1
4.5800E-4	1.0254E-2	7.4175E-1
4.5900E-4	1.0010E-2	7.3838E-1
4.6000E-4	1.0498E-2	7.3701E-1
4.6100E-4	1.0010E-2	7.3755E-1
4.6200E-4	9.5215E-3	7.3828E-1
4.6300E-4	1.0010E-2	7.3569E-1
4.6400E-4	9.5215E-3	7.3291E-1
4.6500E-4	9.2773E-3	7.2959E-1
4.6600E-4	9.7656E-3	7.2554E-1
4.6700E-4	9.7656E-3	7.2246E-1
4.6800E-4	9.7656E-3	7.2139E-1
4.6900E-4	1.0010E-2	7.2256E-1
4.7000E-4	9.5215E-3	7.2534E-1
4.7100E-4	9.5215E-3	7.2930E-1
4.7200E-4	9.2773E-3	7.2954E-1
4.7300E-4	9.7656E-3	7.2881E-1
4.7400E-4	1.0010E-2	7.2632E-1
4.7500E-4	9.2773E-3	7.2310E-1
4.7600E-4	9.5215E-3	7.2026E-1
4.7700E-4	9.5215E-3	7.2007E-1
4.7800E-4	9.7656E-3	7.1914E-1
4.7900E-4	9.7656E-3	7.1943E-1
4.8000E-4	9.2773E-3	7.1802E-1
4.8100E-4	1.0010E-2	7.1484E-1
4.8200E-4	1.0498E-2	7.1318E-1
4.8300E-4	9.5215E-3	7.1353E-1
4.8400E-4	9.5215E-3	7.1343E-1
4.8500E-4	9.7656E-3	7.1372E-1
4.8600E-4	9.5215E-3	7.1572E-1
4.8700E-4	9.0332E-3	7.1753E-1
4.8800E-4	9.7656E-3	7.1768E-1
4.8900E-4	1.0010E-2	7.1738E-1
4.9000E-4	9.7656E-3	7.1699E-1
4.9100E-4	1.0010E-2	7.1572E-1
4.9200E-4	9.7656E-3	7.1357E-1
4.9300E-4	9.2773E-3	7.1328E-1
4.9400E-4	1.0010E-2	7.1426E-1
4.9500E-4	9.7656E-3	7.1494E-1
4.9600E-4	9.7656E-3	7.1411E-1
4.9700E-4	9.7656E-3	7.1416E-1
4.9800E-4	9.5215E-3	7.1353E-1
4.9900E-4	9.7656E-3	7.1152E-1
5.0000E-4	9.7656E-3	7.1128E-1
5.0100E-4	9.5215E-3	7.1255E-1
5.0200E-4	9.2773E-3	7.1377E-1
5.0300E-4	9.5215E-3	7.1729E-1
5.0400E-4	9.7656E-3	7.2363E-1
5.0500E-4	1.0254E-2	7.2959E-1
5.0600E-4	9.5215E-3	7.3511E-1
5.0700E-4	9.5215E-3	7.4019E-1
5.0800E-4	1.0010E-2	7.4277E-1
5.0900E-4	1.0254E-2	7.4399E-1
5.1000E-4	1.0254E-2	7.4253E-1
5.1100E-4	9.7656E-3	7.4087E-1
5.1200E-4	1.0010E-2	7.3872E-1
5.1300E-4	9.5215E-3	7.3545E-1
5.1400E-4	1.0254E-2	7.3179E-1
5.1500E-4	9.7656E-3	7.3193E-1
5.1600E-4	9.0332E-3	7.3369E-1
5.1700E-4	1.0254E-2	7.3477E-1
5.1800E-4	1.0254E-2	7.4053E-1
5.1900E-4	1.0254E-2	7.4512E-1
5.2000E-4	1.0498E-2	7.4946E-1
5.2100E-4	1.0254E-2	7.5371E-1
5.2200E-4	9.7656E-3	7.5806E-1
5.2300E-4	9.2773E-3	7.5840E-1
5.2400E-4	1.0010E-2	7.5903E-1
5.2500E-4	9.7656E-3	7.5894E-1
5.2600E-4	1.0254E-2	7.5898E-1
5.2700E-4	9.7656E-3	7.5889E-1
5.2800E-4	9.0332E-3	7.5918E-1
5.2900E-4	9.7656E-3	7.5913E-1
5.3000E-4	1.0010E-2	7.5737E-1
5.3100E-4	1.0010E-2	7.5488E-1
5.3200E-4	9.5215E-3	7.5215E-1
5.3300E-4	9.7656E-3	7.4951E-1
5.3400E-4	1.0010E-2	7.4766E-1
5.3500E-4	1.0010E-2	7.4878E-1
5.3600E-4	1.0010E-2	7.5010E-1
5.3700E-4	1.0010E-2	7.5449E-1
5.3800E-4	9.7656E-3	7.5898E-1
5.3900E-4	9.5215E-3	7.6177E-1
5.4000E-4	1.0010E-2	7.6255E-1
5.4100E-4	1.0254E-2	7.6143E-1
5.4200E-4	1.0010E-2	7.5864E-1
5.4300E-4	1.0010E-2	7.5518E-1
5.4400E-4	1.0010E-2	7.5098E-1
5.4500E-4	9.7656E-3	7.4541E-1
5.4600E-4	9.7656E-3	7.4028E-1
5.4700E-4	9.5215E-3	7.3345E-1
5.4800E-4	1.0010E-2	7.2588E-1
5.4900E-4	9.2773E-3	7.2002E-1
5.5000E-4	9.5215E-3	7.1519E-1
5.5100E-4	9.7656E-3	7.1133E-1
5.5200E-4	9.5215E-3	7.0776E-1
5.5300E-4	9.7656E-3	7.0518E-1
5.5400E-4	1.0254E-2	7.0493E-1
5.5500E-4	9.2773E-3	7.0391E-1
5.5600E-4	1.0254E-2	7.0044E-1
5.5700E-4	9.5215E-3	6.9741E-1
5.5800E-4	9.7656E-3	6.9307E-1
5.5900E-4	9.2773E-3	6.8696E-1
5.6000E-4	9.5215E-3	6.8062E-1
5.6100E-4	9.2773E-3	6.7480E-1
5.6200E-4	9.5215E-3	6.6694E-1
5.6300E-4	9.5215E-3	6.5952E-1
5.6400E-4	9.5215E-3	6.4971E-1
5.6500E-4	9.5215E-3	6.3975E-1
5.6600E-4	9.0332E-3	6.2998E-1
5.6700E-4	9.5215E-3	6.2178E-1
5.6800E-4	1.0010E-2	6.1445E-1
5.6900E-4	9.5215E-3	6.0698E-1
5.7000E-4	1.0010E-2	5.9985E-1
5.7100E-4	9.2773E-3	5.9492E-1
5.7200E-4	9.7656E-3	5.8916E-1
5.7300E-4	9.5215E-3	5.8545E-1
5.7400E-4	9.7656E-3	5.8311E-1
5.7500E-4	9.2773E-3	5.8013E-1
5.7600E-4	9.5215E-3	5.7568E-1
5.7700E-4	1.0254E-2	5.7163E-1
5.7800E-4	9.7656E-3	5.6440E-1
5.7900E-4	1.0010E-2	5.5693E-1
5.8000E-4	9.2773E-3	5.5000E-1
5.8100E-4	9.0332E-3	5.4165E-1
5.8200E-4	9.0332E-3	5.3472E-1
5.8300E-4	9.2773E-3	5.2832E-1
5.8400E-4	9.5215E-3	5.2397E-1
5.8500E-4	8.7891E-3	5.1851E-1
5.8600E-4	1.0010E-2	5.1357E-1
5.8700E-4	9.5215E-3	5.0601E-1
5.8800E-4	9.5215E-3	5.0034E-1
5.8900E-4	9.0332E-3	4.9263E-1
5.9000E-4	9.5215E-3	4.8579E-1
5.9100E-4	9.0332E-3	4.7964E-1
5.9200E-4	1.0010E-2	4.7573E-1
5.9300E-4	9.2773E-3	4.7256E-1
5.9400E-4	9.7656E-3	4.7207E-1
5.9500E-4	9.5215E-3	4.7305E-1
5.9600E-4	9.7656E-3	4.7236E-1
5.9700E-4	9.5215E-3	4.7031E-1
5.9800E-4	9.2773E-3	4.6494E-1
5.9900E-4	9.0332E-3	4.5688E-1
6.0000E-4	9.5215E-3	4.4766E-1
6.0100E-4	9.5215E-3	4.4038E-1
6.0200E-4	1.0010E-2	4.3618E-1
6.0300E-4	1.0010E-2	4.3398E-1
6.0400E-4	9.5215E-3	4.3276E-1
6.0500E-4	9.2773E-3	4.3345E-1
6.0600E-4	9.5215E-3	4.3438E-1
6.0700E-4	9.7656E-3	4.3252E-1
6.0800E-4	1.0010E-2	4.2788E-1
6.0900E-4	9.5215E-3	4.2207E-1
6.1000E-4	9.7656E-3	4.1587E-1
6.1100E-4	9.2773E-3	4.0918E-1
6.1200E-4	9.2773E-3	4.0405E-1
6.1300E-4	9.0332E-3	4.0054E-1
6.1400E-4	9.5215E-3	3.9873E-1
6.1500E-4	9.5215E-3	3.9585E-1
6.1600E-4	1.0010E-2	3.9346E-1
6.1700E-4	9.7656E-3	3.8975E-1
6.1800E-4	9.7656E-3	3.8740E-1
6.1900E-4	1.0010E-2	3.8555E-1
6.2000E-4	9.7656E-3	3.8496E-1
6.2100E-4	9.5215E-3	3.8359E-1
6.2200E-4	9.7656E-3	3.8213E-1
6.2300E-4	1.0010E-2	3.7866E-1
6.2400E-4	1.0010E-2	3.7407E-1
6.2500E-4	9.5215E-3	3.6846E-1
6.2600E-4	9.5215E-3	3.6445E-1
6.2700E-4	9.5215E-3	3.6265E-1
6.2800E-4	9.5215E-3	3.6392E-1
6.2900E-4	9.5215E-3	3.6479E-1
6.3000E-4	1.0010E-2	3.6558E-1
6.3100E-4	1.0010E-2	3.6528E-1
6.3200E-4	9.5215E-3	3.6274E-1
6.3300E-4	9.5215E-3	3.5986E-1
6.3400E-4	9.7656E-3	3.5698E-1
6.3500E-4	8.7891E-3	3.5537E-1
6.3600E-4	9.5215E-3	3.5464E-1
6.3700E-4	9.5215E-3	3.5376E-1
6.3800E-4	9.5215E-3	3.5088E-1
6.3900E-4	9.7656E-3	3.5103E-1
6.4000E-4	9.2773E-3	3.5068E-1
6.4100E-4	9.7656E-3	3.5132E-1
6.4200E-4	1.0254E-2	3.5190E-1
6.4300E-4	9.2773E-3	3.5376E-1
6.4400E-4	1.0254E-2	3.5269E-1
6.4500E-4	9.2773E-3	3.5210E-1
6.4600E-4	9.7656E-3	3.5044E-1
6.4700E-4	9.0332E-3	3.5029E-1
6.4800E-4	1.0010E-2	3.4937E-1
6.4900E-4	1.0010E-2	3.4995E-1
6.5000E-4	9.5215E-3	3.5005E-1
6.5100E-4	9.0332E-3	3.4902E-1
6.5200E-4	1.0254E-2	3.4707E-1
6.5300E-4	9.5215E-3	3.4409E-1
6.5400E-4	9.5215E-3	3.4106E-1
6.5500E-4	9.5215E-3	3.3823E-1
6.5600E-4	9.7656E-3	3.3833E-1
6.5700E-4	9.5215E-3	3.3896E-1
6.5800E-4	1.0010E-2	3.4253E-1
6.5900E-4	1.0010E-2	3.4590E-1
6.6000E-4	1.0010E-2	3.5059E-1
6.6100E-4	9.5215E-3	3.5356E-1
6.6200E-4	9.2773E-3	3.5728E-1
6.6300E-4	9.7656E-3	3.5981E-1
6.6400E-4	9.2773E-3	3.6279E-1
6.6500E-4	9.2773E-3	3.6460E-1
6.6600E-4	1.0254E-2	3.6704E-1
6.6700E-4	9.2773E-3	3.6987E-1
6.6800E-4	1.0254E-2	3.7192E-1
6.6900E-4	9.7656E-3	3.7305E-1
6.7000E-4	9.7656E-3	3.7451E-1
6.7100E-4	9.7656E-3	3.7622E-1
6.7200E-4	9.5215E-3	3.7686E-1
6.7300E-4	9.2773E-3	3.8076E-1
6.7400E-4	9.5215E-3	3.8599E-1
6.7500E-4	9.5215E-3	3.9238E-1
6.7600E-4	1.0254E-2	3.9795E-1
6.7700E-4	9.5215E-3	4.0269E-1
6.7800E-4	9.2773E-3	4.0640E-1
6.7900E-4	9.5215E-3	4.1138E-1
6.8000E-4	9.5215E-3	4.1626E-1
6.8100E-4	1.0254E-2	4.2217E-1
6.8200E-4	9.7656E-3	4.2866E-1
6.8300E-4	9.2773E-3	4.3340E-1
6.8400E-4	9.5215E-3	4.3555E-1
6.8500E-4	9.7656E-3	4.3540E-1
6.8600E-4	9.5215E-3	4.3379E-1
6.8700E-4	1.0010E-2	4.3398E-1
6.8800E-4	9.7656E-3	4.3604E-1
6.8900E-4	9.7656E-3	4.3975E-1
6.9000E-4	1.0010E-2	4.4805E-1
6.9100E-4	9.7656E-3	4.5874E-1
6.9200E-4	9.5215E-3	4.6899E-1
6.9300E-4	9.7656E-3	4.7739E-1
6.9400E-4	9.5215E-3	4.8550E-1
6.9500E-4	9.5215E-3	4.9199E-1
6.9600E-4	1.0010E-2	4.9800E-1
6.9700E-4	9.7656E-3	5.0620E-1
6.9800E-4	8.5449E-3	5.1362E-1
6.9900E-4	9.0332E-3	5.1968E-1
7.0000E-4	1.0254E-2	5.2446E-1
7.0100E-4	9.2773E-3	5.2803E-1
7.0200E-4	9.5215E-3	5.3013E-1
7.0300E-4	9.7656E-3	5.3452E-1
7.0400E-4	9.7656E-3	5.4077E-1
7.0500E-4	9.7656E-3	5.4785E-1
7.0600E-4	9.2773E-3	5.5615E-1
7.0700E-4	9.0332E-3	5.6606E-1
7.0800E-4	9.7656E-3	5.7705E-1
7.0900E-4	9.5215E-3	5.8682E-1
7.1000E-4	9.7656E-3	5.9556E-1
7.1100E-4	9.2773E-3	6.0317E-1
7.1200E-4	9.2773E-3	6.0903E-1
7.1300E-4	9.5215E-3	6.1284E-1
7.1400E-4	9.2773E-3	6.1660E-1
7.1500E-4	8.5449E-3	6.2056E-1
7.1600E-4	1.0254E-2	6.2490E-1
7.1700E-4	9.2773E-3	6.2832E-1
7.1800E-4	9.7656E-3	6.3198E-1
7.1900E-4	9.2773E-3	6.3525E-1
7.2000E-4	1.0254E-2	6.3960E-1
7.2100E-4	1.0254E-2	6.4365E-1
7.2200E-4	9.5215E-3	6.4849E-1
7.2300E-4	9.7656E-3	6.5498E-1
7.2400E-4	1.0254E-2	6.6304E-1
7.2500E-4	9.2773E-3	6.6987E-1
7.2600E-4	9.2773E-3	6.7573E-1
7.2700E-4	9.7656E-3	6.7964E-1
7.2800E-4	9.5215E-3	6.8071E-1
7.2900E-4	1.0010E-2	6.7944E-1
7.3000E-4	9.5215E-3	6.7646E-1
7.3100E-4	9.5215E-3	6.7358E-1
7.3200E-4	9.5215E-3	6.7207E-1
7.3300E-4	9.7656E-3	6.7324E-1
7.3400E-4	9.7656E-3	6.7539E-1
7.3500E-4	9.2773E-3	6.7842E-1
7.3600E-4	9.2773E-3	6.8198E-1
7.3700E-4	1.0010E-2	6.8418E-1
7.3800E-4	9.7656E-3	6.8130E-1
7.3900E-4	1.0010E-2	6.7783E-1
7.4000E-4	1.0010E-2	6.7344E-1
7.4100E-4	9.2773E-3	6.6875E-1
7.4200E-4	9.7656E-3	6.6245E-1
7.4300E-4	9.7656E-3	6.5811E-1
7.4400E-4	9.7656E-3	6.5234E-1
7.4500E-4	9.2773E-3	6.4771E-1
7.4600E-4	9.2773E-3	6.4131E-1
7.4700E-4	9.7656E-3	6.3418E-1
7.4800E-4	9.7656E-3	6.2715E-1
7.4900E-4	1.0010E-2	6.2158E-1
7.5000E-4	9.7656E-3	6.1562E-1
7.5100E-4	1.0254E-2	6.1216E-1
7.5200E-4	9.7656E-3	6.1050E-1
7.5300E-4	9.7656E-3	6.0732E-1
7.5400E-4	1.0010E-2	6.0391E-1
7.5500E-4	9.7656E-3	5.9897E-1
7.5600E-4	9.7656E-3	5.9155E-1
7.5700E-4	1.0010E-2	5.8535E-1
7.5800E-4	9.7656E-3	5.8364E-1
7.5900E-4	1.0254E-2	5.7979E-1
7.6000E-4	9.2773E-3	5.7422E-1
7.6100E-4	9.5215E-3	5.6968E-1
7.6200E-4	1.0254E-2	5.6401E-1
7.6300E-4	9.5215E-3	5.5430E-1
7.6400E-4	1.0010E-2	5.4697E-1
7.6500E-4	9.5215E-3	5.4165E-1
7.6600E-4	9.7656E-3	5.3662E-1
7.6700E-4	8.7891E-3	5.3125E-1
7.6800E-4	9.5215E-3	5.2549E-1
7.6900E-4	9.5215E-3	5.1885E-1
7.7000E-4	1.0254E-2	5.1309E-1
7.7100E-4	9.2773E-3	5.0513E-1
7.7200E-4	9.5215E-3	4.9707E-1
7.7300E-4	9.7656E-3	4.8794E-1
7.7400E-4	9.5215E-3	4.7861E-1
7.7500E-4	9.7656E-3	4.7275E-1
7.7600E-4	1.0010E-2	4.6821E-1
7.7700E-4	9.7656E-3	4.6460E-1
7.7800E-4	1.0010E-2	4.6426E-1
7.7900E-4	1.0010E-2	4.6460E-1
7.8000E-4	9.2773E-3	4.6162E-1
7.8100E-4	9.5215E-3	4.6069E-1
7.8200E-4	1.0010E-2	4.5947E-1
7.8300E-4	9.7656E-3	4.5635E-1
7.8400E-4	9.5215E-3	4.5171E-1
7.8500E-4	9.7656E-3	4.4580E-1
7.8600E-4	9.5215E-3	4.3716E-1
7.8700E-4	9.5215E-3	4.2744E-1
7.8800E-4	1.0010E-2	4.1938E-1
7.8900E-4	9.0332E-3	4.1304E-1
7.9000E-4	1.0010E-2	4.0811E-1
7.9100E-4	9.2773E-3	4.0747E-1
7.9200E-4	9.7656E-3	4.1162E-1
7.9300E-4	9.7656E-3	4.1528E-1
7.9400E-4	1.0254E-2	4.1797E-1
7.9500E-4	9.2773E-3	4.1978E-1
7.9600E-4	9.7656E-3	4.1812E-1
7.9700E-4	1.0010E-2	4.1289E-1
7.9800E-4	1.0010E-2	4.0801E-1
7.9900E-4	9.5215E-3	4.0347E-1
8.0000E-4	9.5215E-3	3.9814E-1
8.0100E-4	9.2773E-3	3.9385E-1
8.0200E-4	1.0010E-2	3.8911E-1
8.0300E-4	1.0010E-2	3.8481E-1
8.0400E-4	9.5215E-3	3.8184E-1
8.0500E-4	9.5215E-3	3.8164E-1
8.0600E-4	9.5215E-3	3.8140E-1
8.0700E-4	9.5215E-3	3.8062E-1
8.0800E-4	9.7656E-3	3.7969E-1
8.0900E-4	9.5215E-3	3.8037E-1
8.1000E-4	9.2773E-3	3.7979E-1
8.1100E-4	9.7656E-3	3.7930E-1
8.1200E-4	9.2773E-3	3.8008E-1
8.1300E-4	9.0332E-3	3.7915E-1
8.1400E-4	9.2773E-3	3.7661E-1
8.1500E-4	9.7656E-3	3.7432E-1
8.1600E-4	1.0254E-2	3.7324E-1
8.1700E-4	1.0010E-2	3.7065E-1
8.1800E-4	9.2773E-3	3.6826E-1
8.1900E-4	9.7656E-3	3.6543E-1
8.2000E-4	9.7656E-3	3.6392E-1
8.2100E-4	9.7656E-3	3.6270E-1
8.2200E-4	9.2773E-3	3.6294E-1
8.2300E-4	9.7656E-3	3.6436E-1
8.2400E-4	9.5215E-3	3.6611E-1
8.2500E-4	9.5215E-3	3.6719E-1
8.2600E-4	9.2773E-3	3.6982E-1
8.2700E-4	9.5215E-3	3.7354E-1
8.2800E-4	9.7656E-3	3.7666E-1
8.2900E-4	9.2773E-3	3.8037E-1
8.3000E-4	1.0254E-2	3.8359E-1
8.3100E-4	1.0010E-2	3.8423E-1
8.3200E-4	9.5215E-3	3.8359E-1
8.3300E-4	9.2773E-3	3.8447E-1
8.3400E-4	9.5215E-3	3.8320E-1
8.3500E-4	9.2773E-3	3.8296E-1
8.3600E-4	9.5215E-3	3.8115E-1
8.3700E-4	9.0332E-3	3.7930E-1
8.3800E-4	9.2773E-3	3.7729E-1
8.3900E-4	1.0254E-2	3.7622E-1
8.4000E-4	9.5215E-3	3.7505E-1
8.4100E-4	9.7656E-3	3.7480E-1
8.4200E-4	1.0254E-2	3.7607E-1
8.4300E-4	1.0010E-2	3.8013E-1
8.4400E-4	9.5215E-3	3.8477E-1
8.4500E-4	9.0332E-3	3.8926E-1
8.4600E-4	9.5215E-3	3.9385E-1
8.4700E-4	9.7656E-3	3.9717E-1
8.4800E-4	9.7656E-3	3.9966E-1
8.4900E-4	9.0332E-3	4.0327E-1
8.5000E-4	1.0010E-2	4.0688E-1
8.5100E-4	9.5215E-3	4.1030E-1
8.5200E-4	9.7656E-3	4.1304E-1
8.5300E-4	9.7656E-3	4.1260E-1
8.5400E-4	9.5215E-3	4.1270E-1
8.5500E-4	9.7656E-3	4.1318E-1
8.5600E-4	1.0010E-2	4.1401E-1
8.5700E-4	8.7891E-3	4.1636E-1
8.5800E-4	9.5215E-3	4.1724E-1
8.5900E-4	9.2773E-3	4.1719E-1
8.6000E-4	9.7656E-3	4.2007E-1
8.6100E-4	1.0010E-2	4.2461E-1
8.6200E-4	1.0254E-2	4.3018E-1
8.6300E-4	9.5215E-3	4.3765E-1
8.6400E-4	1.0254E-2	4.4551E-1
8.6500E-4	9.7656E-3	4.5161E-1
8.6600E-4	9.7656E-3	4.5659E-1
8.6700E-4	9.5215E-3	4.5991E-1
8.6800E-4	9.5215E-3	4.6401E-1
8.6900E-4	9.7656E-3	4.6851E-1
8.7000E-4	1.0010E-2	4.7012E-1
8.7100E-4	9.5215E-3	4.7368E-1
8.7200E-4	1.0010E-2	4.7739E-1
8.7300E-4	1.0010E-2	4.8047E-1
8.7400E-4	9.7656E-3	4.8218E-1
8.7500E-4	9.0332E-3	4.8755E-1
8.7600E-4	1.0010E-2	4.9331E-1
8.7700E-4	9.5215E-3	5.0186E-1
8.7800E-4	9.7656E-3	5.1211E-1
8.7900E-4	9.5215E-3	5.2354E-1
8.8000E-4	9.5215E-3	5.3271E-1
8.8100E-4	9.5215E-3	5.3989E-1
8.8200E-4	1.0010E-2	5.4419E-1
8.8300E-4	1.0010E-2	5.4663E-1
8.8400E-4	9.5215E-3	5.4722E-1
8.8500E-4	9.5215E-3	5.4800E-1
8.8600E-4	9.7656E-3	5.4863E-1
8.8700E-4	9.7656E-3	5.4995E-1
8.8800E-4	9.5215E-3	5.5361E-1
8.8900E-4	9.7656E-3	5.5913E-1
8.9000E-4	1.0010E-2	5.6528E-1
8.9100E-4	1.0254E-2	5.7114E-1
8.9200E-4	9.0332E-3	5.7656E-1
8.9300E-4	9.5215E-3	5.8149E-1
8.9400E-4	1.0010E-2	5.8765E-1
8.9500E-4	9.7656E-3	5.9326E-1
8.9600E-4	1.0010E-2	5.9717E-1
8.9700E-4	9.2773E-3	6.0205E-1
8.9800E-4	9.5215E-3	6.0566E-1
8.9900E-4	9.2773E-3	6.0874E-1
9.0000E-4	1.0010E-2	6.1206E-1
9.0100E-4	9.7656E-3	6.1807E-1
9.0200E-4	9.5215E-3	6.2334E-1
9.0300E-4	1.0010E-2	6.2974E-1
9.0400E-4	9.5215E-3	6.3560E-1
9.0500E-4	9.2773E-3	6.4160E-1
9.0600E-4	9.7656E-3	6.4546E-1
9.0700E-4	9.7656E-3	6.5039E-1
9.0800E-4	9.5215E-3	6.5503E-1
9.0900E-4	9.7656E-3	6.5840E-1
9.1000E-4	9.2773E-3	6.6221E-1
9.1100E-4	1.0010E-2	6.6963E-1
9.1200E-4	1.0010E-2	6.7700E-1
9.1300E-4	9.2773E-3	6.8604E-1
9.1400E-4	1.0010E-2	6.9536E-1
9.1500E-4	9.5215E-3	7.0342E-1
9.1600E-4	1.0010E-2	7.1021E-1
9.1700E-4	1.0010E-2	7.1509E-1
9.1800E-4	9.7656E-3	7.1704E-1
9.1900E-4	9.5215E-3	7.1807E-1
9.2000E-4	9.0332E-3	7.1860E-1
9.2100E-4	9.7656E-3	7.1655E-1
9.2200E-4	9.7656E-3	7.1597E-1
9.2300E-4	1.0254E-2	7.1592E-1
9.2400E-4	1.0010E-2	7.1768E-1
9.2500E-4	9.5215E-3	7.2046E-1
9.2600E-4	1.0010E-2	7.2476E-1
9.2700E-4	1.0498E-2	7.3057E-1
9.2800E-4	1.0254E-2	7.3809E-1
9.2900E-4	9.2773E-3	7.4556E-1
9.3000E-4	1.0254E-2	7.4995E-1
9.3100E-4	8.7891E-3	7.5308E-1
9.3200E-4	1.0010E-2	7.5347E-1
9.3300E-4	9.5215E-3	7.5142E-1
9.3400E-4	9.5215E-3	7.4741E-1
9.3500E-4	9.5215E-3	7.4619E-1
9.3600E-4	9.5215E-3	7.4521E-1
9.3700E-4	9.7656E-3	7.4604E-1
9.3800E-4	1.0254E-2	7.4751E-1
9.3900E-4	9.5215E-3	7.5083E-1
9.4000E-4	1.0010E-2	7.5249E-1
9.4100E-4	9.0332E-3	7.5571E-1
9.4200E-4	9.5215E-3	7.5640E-1
9.4300E-4	9.7656E-3	7.5737E-1
9.4400E-4	9.7656E-3	7.5879E-1
9.4500E-4	9.7656E-3	7.6182E-1
9.4600E-4	9.7656E-3	7.6284E-1
9.4700E-4	9.2773E-3	7.6387E-1
9.4800E-4	9.2773E-3	7.6367E-1
9.4900E-4	9.2773E-3	7.6226E-1
9.5000E-4	9.7656E-3	7.5996E-1
9.5100E-4	1.0010E-2	7.5903E-1
9.5200E-4	9.7656E-3	7.5801E-1
9.5300E-4	9.5215E-3	7.5688E-1
9.5400E-4	1.0010E-2	7.5396E-1
9.5500E-4	1.0498E-2	7.5137E-1
9.5600E-4	9.5215E-3	7.4727E-1
9.5700E-4	9.5215E-3	7.4458E-1
9.5800E-4	9.2773E-3	7.4160E-1
9.5900E-4	1.0254E-2	7.3984E-1
9.6000E-4	9.5215E-3	7.3633E-1
9.6100E-4	9.7656E-3	7.3574E-1
9.6200E-4	9.7656E-3	7.3564E-1
9.6300E-4	9.2773E-3	7.3594E-1
9.6400E-4	1.0010E-2	7.3521E-1
9.6500E-4	9.5215E-3	7.3511E-1
9.6600E-4	1.0498E-2	7.3452E-1
9.6700E-4	9.0332E-3	7.3472E-1
9.6800E-4	1.0010E-2	7.3633E-1
9.6900E-4	1.0254E-2	7.3828E-1
9.7000E-4	9.7656E-3	7.4053E-1
9.7100E-4	9.5215E-3	7.4092E-1
9.7200E-4	1.0254E-2	7.3813E-1
9.7300E-4	9.2773E-3	7.3403E-1
9.7400E-4	9.5215E-3	7.3076E-1
9.7500E-4	1.0010E-2	7.2754E-1
9.7600E-4	9.7656E-3	7.2480E-1
9.7700E-4	9.2773E-3	7.2290E-1
9.7800E-4	9.2773E-3	7.2163E-1
9.7900E-4	9.7656E-3	7.2031E-1
9.8000E-4	9.7656E-3	7.2031E-1
9.8100E-4	9.0332E-3	7.1924E-1
9.8200E-4	1.0010E-2	7.1899E-1
9.8300E-4	9.2773E-3	7.1914E-1
9.8400E-4	9.7656E-3	7.2104E-1
9.8500E-4	9.5215E-3	7.2134E-1
9.8600E-4	9.7656E-3	7.2261E-1
9.8700E-4	9.5215E-3	7.2397E-1
9.8800E-4	9.2773E-3	7.2593E-1
9.8900E-4	9.5215E-3	7.2690E-1
9.9000E-4	9.7656E-3	7.2769E-1
9.9100E-4	1.0010E-2	7.2788E-1
9.9200E-4	9.5215E-3	7.2798E-1
9.9300E-4	1.0010E-2	7.2852E-1
9.9400E-4	1.0010E-2	7.2827E-1
9.9500E-4	9.2773E-3	7.3062E-1
9.9600E-4	9.0332E-3	7.3364E-1
9.9700E-4	9.7656E-3	7.3589E-1
9.9800E-4	9.7656E-3	7.3589E-1
9.9900E-4	9.2773E-3	7.3589E-1
