Time [s]	Aux in [V]	Main in [V]
0.0000E+0	9.5215E-3	6.7271E-1
1.0000E-6	9.5215E-3	6.7554E-1
2.0000E-6	1.0010E-2	6.7734E-1
3.0000E-6	1.0010E-2	6.7905E-1
4.0000E-6	9.2773E-3	6.8486E-1
5.0000E-6	9.7656E-3	6.9023E-1
6.0000E-6	1.0254E-2	6.9331E-1
7.0000E-6	1.0010E-2	6.9600E-1
8.0000E-6	9.5215E-3	6.9800E-1
9.0000E-6	1.0254E-2	6.9531E-1
1.0000E-5	9.7656E-3	6.9004E-1
1.1000E-5	9.5215E-3	6.8428E-1
1.2000E-5	1.0010E-2	6.7964E-1
1.3000E-5	9.2773E-3	6.7515E-1
1.4000E-5	9.7656E-3	6.7446E-1
1.5000E-5	9.5215E-3	6.7583E-1
1.6000E-5	9.2773E-3	6.7866E-1
1.7000E-5	9.7656E-3	6.8403E-1
1.8000E-5	9.7656E-3	6.9243E-1
1.9000E-5	1.0010E-2	6.9902E-1
2.0000E-5	1.0498E-2	7.0498E-1
2.1000E-5	1.0254E-2	7.1079E-1
2.2000E-5	9.7656E-3	7.1489E-1
2.3000E-5	1.0254E-2	7.2007E-1
2.4000E-5	1.0010E-2	7.2441E-1
2.5000E-5	1.0010E-2	7.2739E-1
2.6000E-5	1.0010E-2	7.2759E-1
2.7000E-5	1.0010E-2	7.2734E-1
2.8000E-5	1.0254E-2	7.2021E-1
2.9000E-5	9.5215E-3	7.1235E-1
3.0000E-5	1.0254E-2	7.0601E-1
3.1000E-5	9.5215E-3	7.0132E-1
3.2000E-5	9.5215E-3	6.9683E-1
3.3000E-5	1.0254E-2	6.9580E-1
3.4000E-5	9.5215E-3	6.9858E-1
3.5000E-5	1.0010E-2	7.0342E-1
3.6000E-5	9.5215E-3	7.0947E-1
3.7000E-5	9.0332E-3	7.1440E-1
3.8000E-5	1.0010E-2	7.1802E-1
3.9000E-5	9.5215E-3	7.2046E-1
4.0000E-5	9.2773E-3	7.2041E-1
4.1000E-5	9.2773E-3	7.1890E-1
4.2000E-5	1.0010E-2	7.1748E-1
4.3000E-5	8.7891E-3	7.1875E-1
4.4000E-5	9.0332E-3	7.1821E-1
4.5000E-5	1.0010E-2	7.1636E-1
4.6000E-5	9.7656E-3	7.1226E-1
4.7000E-5	9.5215E-3	7.0723E-1
4.8000E-5	9.5215E-3	7.0020E-1
4.9000E-5	1.0010E-2	6.9272E-1
5.0000E-5	9.5215E-3	6.8687E-1
5.1000E-5	9.5215E-3	6.8364E-1
5.2000E-5	9.7656E-3	6.8496E-1
5.3000E-5	9.2773E-3	6.8569E-1
5.4000E-5	9.7656E-3	6.8672E-1
5.5000E-5	9.2773E-3	6.8833E-1
5.6000E-5	9.0332E-3	6.9180E-1
5.7000E-5	9.7656E-3	6.9092E-1
5.8000E-5	9.5215E-3	6.8940E-1
5.9000E-5	9.5215E-3	6.8569E-1
6.0000E-5	9.7656E-3	6.7817E-1
6.1000E-5	9.5215E-3	6.6670E-1
6.2000E-5	9.5215E-3	6.5547E-1
6.3000E-5	1.0010E-2	6.4521E-1
6.4000E-5	1.0254E-2	6.3618E-1
6.5000E-5	9.5215E-3	6.2832E-1
6.6000E-5	9.5215E-3	6.2104E-1
6.7000E-5	9.7656E-3	6.1357E-1
6.8000E-5	9.7656E-3	6.0801E-1
6.9000E-5	9.5215E-3	6.0391E-1
7.0000E-5	9.0332E-3	6.0059E-1
7.1000E-5	9.5215E-3	5.9814E-1
7.2000E-5	8.7891E-3	5.9575E-1
7.3000E-5	1.0254E-2	5.9346E-1
7.4000E-5	9.0332E-3	5.9058E-1
7.5000E-5	1.0010E-2	5.8594E-1
7.6000E-5	1.0254E-2	5.8032E-1
7.7000E-5	1.0010E-2	5.7485E-1
7.8000E-5	1.0010E-2	5.6509E-1
7.9000E-5	9.5215E-3	5.5386E-1
8.0000E-5	9.7656E-3	5.4492E-1
8.1000E-5	9.7656E-3	5.3672E-1
8.2000E-5	1.0254E-2	5.3032E-1
8.3000E-5	9.7656E-3	5.2827E-1
8.4000E-5	1.0010E-2	5.2812E-1
8.5000E-5	1.0010E-2	5.2852E-1
8.6000E-5	9.5215E-3	5.2993E-1
8.7000E-5	9.5215E-3	5.2969E-1
8.8000E-5	9.2773E-3	5.2490E-1
8.9000E-5	8.7891E-3	5.1758E-1
9.0000E-5	9.7656E-3	5.1006E-1
9.1000E-5	9.5215E-3	5.0190E-1
9.2000E-5	9.2773E-3	4.9395E-1
9.3000E-5	9.2773E-3	4.8892E-1
9.4000E-5	1.0254E-2	4.8560E-1
9.5000E-5	9.2773E-3	4.8125E-1
9.6000E-5	1.0010E-2	4.7622E-1
9.7000E-5	9.7656E-3	4.7119E-1
9.8000E-5	9.7656E-3	4.6479E-1
9.9000E-5	9.5215E-3	4.5767E-1
1.0000E-4	9.5215E-3	4.5034E-1
1.0100E-4	9.5215E-3	4.4341E-1
1.0200E-4	9.7656E-3	4.3950E-1
1.0300E-4	9.0332E-3	4.4038E-1
1.0400E-4	9.0332E-3	4.4248E-1
1.0500E-4	9.5215E-3	4.4536E-1
1.0600E-4	9.0332E-3	4.4731E-1
1.0700E-4	9.7656E-3	4.4736E-1
1.0800E-4	9.5215E-3	4.4370E-1
1.0900E-4	9.5215E-3	4.3843E-1
1.1000E-4	9.7656E-3	4.3188E-1
1.1100E-4	1.0010E-2	4.2578E-1
1.1200E-4	9.0332E-3	4.1895E-1
1.1300E-4	9.7656E-3	4.1074E-1
1.1400E-4	9.5215E-3	4.0386E-1
1.1500E-4	9.5215E-3	3.9858E-1
1.1600E-4	9.2773E-3	3.9355E-1
1.1700E-4	9.2773E-3	3.8906E-1
1.1800E-4	9.7656E-3	3.8608E-1
1.1900E-4	9.2773E-3	3.8599E-1
1.2000E-4	9.2773E-3	3.8706E-1
1.2100E-4	1.0010E-2	3.8975E-1
1.2200E-4	1.0254E-2	3.9243E-1
1.2300E-4	9.5215E-3	3.9492E-1
1.2400E-4	9.7656E-3	3.9365E-1
1.2500E-4	9.5215E-3	3.9102E-1
1.2600E-4	1.0254E-2	3.8574E-1
1.2700E-4	9.7656E-3	3.7925E-1
1.2800E-4	9.0332E-3	3.7227E-1
1.2900E-4	9.0332E-3	3.6553E-1
1.3000E-4	1.0010E-2	3.5801E-1
1.3100E-4	9.0332E-3	3.5278E-1
1.3200E-4	9.5215E-3	3.4971E-1
1.3300E-4	9.5215E-3	3.4883E-1
1.3400E-4	9.7656E-3	3.5015E-1
1.3500E-4	9.5215E-3	3.5186E-1
1.3600E-4	9.2773E-3	3.5513E-1
1.3700E-4	1.0254E-2	3.5972E-1
1.3800E-4	9.5215E-3	3.6299E-1
1.3900E-4	1.0010E-2	3.6548E-1
1.4000E-4	9.2773E-3	3.6753E-1
1.4100E-4	9.7656E-3	3.6787E-1
1.4200E-4	9.7656E-3	3.6802E-1
1.4300E-4	8.5449E-3	3.6772E-1
1.4400E-4	9.5215E-3	3.6748E-1
1.4500E-4	9.5215E-3	3.6729E-1
1.4600E-4	9.2773E-3	3.6621E-1
1.4700E-4	9.0332E-3	3.6172E-1
1.4800E-4	9.7656E-3	3.5889E-1
1.4900E-4	9.7656E-3	3.5664E-1
1.5000E-4	1.0010E-2	3.5596E-1
1.5100E-4	9.7656E-3	3.5757E-1
1.5200E-4	9.5215E-3	3.6084E-1
1.5300E-4	9.5215E-3	3.6689E-1
1.5400E-4	9.2773E-3	3.7437E-1
1.5500E-4	9.7656E-3	3.8223E-1
1.5600E-4	1.0254E-2	3.8867E-1
1.5700E-4	9.5215E-3	3.9492E-1
1.5800E-4	9.5215E-3	3.9717E-1
1.5900E-4	1.0010E-2	3.9761E-1
1.6000E-4	9.7656E-3	3.9751E-1
1.6100E-4	1.0010E-2	3.9663E-1
1.6200E-4	9.7656E-3	3.9644E-1
1.6300E-4	9.7656E-3	3.9546E-1
1.6400E-4	9.5215E-3	3.9336E-1
1.6500E-4	9.2773E-3	3.9033E-1
1.6600E-4	1.0010E-2	3.8677E-1
1.6700E-4	9.5215E-3	3.8247E-1
1.6800E-4	1.0254E-2	3.8037E-1
1.6900E-4	9.5215E-3	3.7847E-1
1.7000E-4	9.7656E-3	3.7754E-1
1.7100E-4	9.7656E-3	3.8003E-1
1.7200E-4	9.2773E-3	3.8237E-1
1.7300E-4	9.2773E-3	3.8340E-1
1.7400E-4	9.7656E-3	3.8633E-1
1.7500E-4	9.0332E-3	3.9194E-1
1.7600E-4	9.5215E-3	3.9658E-1
1.7700E-4	9.2773E-3	4.0298E-1
1.7800E-4	9.0332E-3	4.0933E-1
1.7900E-4	1.0010E-2	4.1367E-1
1.8000E-4	9.5215E-3	4.1641E-1
1.8100E-4	9.0332E-3	4.1880E-1
1.8200E-4	1.0010E-2	4.2124E-1
1.8300E-4	9.2773E-3	4.2373E-1
1.8400E-4	9.7656E-3	4.2671E-1
1.8500E-4	9.7656E-3	4.2837E-1
1.8600E-4	9.7656E-3	4.3003E-1
1.8700E-4	9.7656E-3	4.3291E-1
1.8800E-4	9.2773E-3	4.3809E-1
1.8900E-4	9.5215E-3	4.4521E-1
1.9000E-4	9.5215E-3	4.5322E-1
1.9100E-4	9.5215E-3	4.6021E-1
1.9200E-4	9.5215E-3	4.6636E-1
1.9300E-4	9.7656E-3	4.7139E-1
1.9400E-4	9.2773E-3	4.7627E-1
1.9500E-4	9.5215E-3	4.8096E-1
1.9600E-4	9.2773E-3	4.8633E-1
1.9700E-4	9.5215E-3	4.8945E-1
1.9800E-4	8.7891E-3	4.9458E-1
1.9900E-4	9.7656E-3	4.9951E-1
2.0000E-4	9.5215E-3	5.0640E-1
2.0100E-4	9.5215E-3	5.1616E-1
2.0200E-4	9.2773E-3	5.2769E-1
2.0300E-4	9.2773E-3	5.3599E-1
2.0400E-4	9.7656E-3	5.4741E-1
2.0500E-4	9.7656E-3	5.5869E-1
2.0600E-4	9.2773E-3	5.6816E-1
2.0700E-4	1.0010E-2	5.7632E-1
2.0800E-4	9.5215E-3	5.8437E-1
2.0900E-4	9.7656E-3	5.8950E-1
2.1000E-4	1.0010E-2	5.9233E-1
2.1100E-4	1.0010E-2	5.9526E-1
2.1200E-4	9.7656E-3	5.9712E-1
2.1300E-4	9.2773E-3	5.9946E-1
2.1400E-4	9.5215E-3	6.0034E-1
2.1500E-4	9.0332E-3	6.0034E-1
2.1600E-4	9.7656E-3	5.9849E-1
2.1700E-4	1.0010E-2	5.9634E-1
2.1800E-4	9.2773E-3	5.9453E-1
2.1900E-4	9.7656E-3	5.9448E-1
2.2000E-4	9.5215E-3	5.9702E-1
2.2100E-4	9.5215E-3	6.0327E-1
2.2200E-4	9.2773E-3	6.1216E-1
2.2300E-4	9.2773E-3	6.2021E-1
2.2400E-4	1.0010E-2	6.2725E-1
2.2500E-4	9.2773E-3	6.3340E-1
2.2600E-4	9.2773E-3	6.3799E-1
2.2700E-4	9.2773E-3	6.4111E-1
2.2800E-4	9.5215E-3	6.4473E-1
2.2900E-4	9.7656E-3	6.4839E-1
2.3000E-4	9.5215E-3	6.5181E-1
2.3100E-4	9.2773E-3	6.5386E-1
2.3200E-4	1.0010E-2	6.5566E-1
2.3300E-4	9.7656E-3	6.5820E-1
2.3400E-4	9.2773E-3	6.5908E-1
2.3500E-4	9.2773E-3	6.5957E-1
2.3600E-4	1.0010E-2	6.6152E-1
2.3700E-4	9.5215E-3	6.6147E-1
2.3800E-4	9.2773E-3	6.6196E-1
2.3900E-4	1.0010E-2	6.6357E-1
2.4000E-4	1.0010E-2	6.6494E-1
2.4100E-4	9.5215E-3	6.6592E-1
2.4200E-4	9.2773E-3	6.6841E-1
2.4300E-4	9.5215E-3	6.7158E-1
2.4400E-4	9.5215E-3	6.7344E-1
2.4500E-4	9.5215E-3	6.7510E-1
2.4600E-4	1.0010E-2	6.7354E-1
2.4700E-4	9.5215E-3	6.6982E-1
2.4800E-4	1.0010E-2	6.6343E-1
2.4900E-4	1.0010E-2	6.5635E-1
2.5000E-4	1.0010E-2	6.4863E-1
2.5100E-4	1.0010E-2	6.4126E-1
2.5200E-4	9.0332E-3	6.3550E-1
2.5300E-4	1.0010E-2	6.2935E-1
2.5400E-4	1.0498E-2	6.2485E-1
2.5500E-4	9.5215E-3	6.2271E-1
2.5600E-4	9.5215E-3	6.2085E-1
2.5700E-4	9.7656E-3	6.1934E-1
2.5800E-4	9.5215E-3	6.1753E-1
2.5900E-4	9.5215E-3	6.1416E-1
2.6000E-4	9.5215E-3	6.1001E-1
2.6100E-4	9.2773E-3	6.0723E-1
2.6200E-4	1.0010E-2	6.0386E-1
2.6300E-4	9.7656E-3	5.9697E-1
2.6400E-4	9.5215E-3	5.8823E-1
2.6500E-4	1.0010E-2	5.7661E-1
2.6600E-4	1.0254E-2	5.6172E-1
2.6700E-4	9.5215E-3	5.4717E-1
2.6800E-4	9.5215E-3	5.3628E-1
2.6900E-4	9.7656E-3	5.2847E-1
2.7000E-4	9.5215E-3	5.2114E-1
2.7100E-4	9.7656E-3	5.1484E-1
2.7200E-4	9.7656E-3	5.1206E-1
2.7300E-4	8.7891E-3	5.1050E-1
2.7400E-4	9.2773E-3	5.0718E-1
2.7500E-4	9.5215E-3	5.0391E-1
2.7600E-4	9.5215E-3	5.0005E-1
2.7700E-4	9.0332E-3	4.9478E-1
2.7800E-4	9.2773E-3	4.8975E-1
2.7900E-4	9.5215E-3	4.8618E-1
2.8000E-4	1.0010E-2	4.8452E-1
2.8100E-4	1.0010E-2	4.8428E-1
2.8200E-4	9.7656E-3	4.8149E-1
2.8300E-4	9.0332E-3	4.7441E-1
2.8400E-4	9.5215E-3	4.6616E-1
2.8500E-4	9.5215E-3	4.5601E-1
2.8600E-4	9.5215E-3	4.4624E-1
2.8700E-4	9.7656E-3	4.3770E-1
2.8800E-4	9.5215E-3	4.3262E-1
2.8900E-4	9.7656E-3	4.3081E-1
2.9000E-4	9.5215E-3	4.2988E-1
2.9100E-4	9.5215E-3	4.2949E-1
2.9200E-4	9.2773E-3	4.2759E-1
2.9300E-4	9.5215E-3	4.2432E-1
2.9400E-4	9.7656E-3	4.1997E-1
2.9500E-4	9.5215E-3	4.1597E-1
2.9600E-4	1.0254E-2	4.1211E-1
2.9700E-4	9.5215E-3	4.1006E-1
2.9800E-4	9.5215E-3	4.0918E-1
2.9900E-4	9.5215E-3	4.0679E-1
3.0000E-4	9.2773E-3	4.0571E-1
3.0100E-4	9.5215E-3	4.0322E-1
3.0200E-4	9.5215E-3	3.9922E-1
3.0300E-4	9.5215E-3	3.9482E-1
3.0400E-4	9.7656E-3	3.8999E-1
3.0500E-4	9.7656E-3	3.8296E-1
3.0600E-4	9.2773E-3	3.7837E-1
3.0700E-4	9.2773E-3	3.7573E-1
3.0800E-4	9.5215E-3	3.7500E-1
3.0900E-4	9.7656E-3	3.7510E-1
3.1000E-4	1.0010E-2	3.7622E-1
3.1100E-4	9.5215E-3	3.7686E-1
3.1200E-4	9.2773E-3	3.7793E-1
3.1300E-4	9.7656E-3	3.7715E-1
3.1400E-4	9.0332E-3	3.7690E-1
3.1500E-4	9.2773E-3	3.7568E-1
3.1600E-4	9.7656E-3	3.7339E-1
3.1700E-4	9.2773E-3	3.7036E-1
3.1800E-4	9.0332E-3	3.6846E-1
3.1900E-4	1.0010E-2	3.6396E-1
3.2000E-4	9.7656E-3	3.6167E-1
3.2100E-4	9.5215E-3	3.5825E-1
3.2200E-4	9.5215E-3	3.5498E-1
3.2300E-4	9.2773E-3	3.5337E-1
3.2400E-4	9.5215E-3	3.5439E-1
3.2500E-4	1.0010E-2	3.5298E-1
3.2600E-4	9.5215E-3	3.5225E-1
3.2700E-4	9.7656E-3	3.4888E-1
3.2800E-4	9.5215E-3	3.4453E-1
3.2900E-4	1.0010E-2	3.4043E-1
3.3000E-4	9.2773E-3	3.3701E-1
3.3100E-4	1.0010E-2	3.3491E-1
3.3200E-4	9.7656E-3	3.3569E-1
3.3300E-4	1.0254E-2	3.3486E-1
3.3400E-4	1.0498E-2	3.3535E-1
3.3500E-4	9.5215E-3	3.3608E-1
3.3600E-4	9.5215E-3	3.3760E-1
3.3700E-4	9.7656E-3	3.3760E-1
3.3800E-4	9.0332E-3	3.3823E-1
3.3900E-4	9.5215E-3	3.3784E-1
3.4000E-4	9.5215E-3	3.4248E-1
3.4100E-4	1.0010E-2	3.4868E-1
3.4200E-4	9.7656E-3	3.5537E-1
3.4300E-4	9.2773E-3	3.6260E-1
3.4400E-4	1.0254E-2	3.6782E-1
3.4500E-4	1.0010E-2	3.6978E-1
3.4600E-4	9.5215E-3	3.6909E-1
3.4700E-4	9.5215E-3	3.6943E-1
3.4800E-4	9.2773E-3	3.6973E-1
3.4900E-4	9.2773E-3	3.7114E-1
3.5000E-4	9.5215E-3	3.7231E-1
3.5100E-4	1.0010E-2	3.7417E-1
3.5200E-4	9.7656E-3	3.7446E-1
3.5300E-4	1.0010E-2	3.7456E-1
3.5400E-4	9.7656E-3	3.7539E-1
3.5500E-4	9.2773E-3	3.7583E-1
3.5600E-4	1.0254E-2	3.7612E-1
3.5700E-4	9.7656E-3	3.8184E-1
3.5800E-4	9.5215E-3	3.8784E-1
3.5900E-4	9.2773E-3	3.9751E-1
3.6000E-4	9.5215E-3	4.0815E-1
3.6100E-4	1.0254E-2	4.1885E-1
3.6200E-4	9.7656E-3	4.2769E-1
3.6300E-4	1.0010E-2	4.3755E-1
3.6400E-4	9.7656E-3	4.4399E-1
3.6500E-4	1.0010E-2	4.4922E-1
3.6600E-4	1.0010E-2	4.5322E-1
3.6700E-4	1.0010E-2	4.5425E-1
3.6800E-4	9.2773E-3	4.5264E-1
3.6900E-4	9.2773E-3	4.4893E-1
3.7000E-4	9.7656E-3	4.4463E-1
3.7100E-4	9.5215E-3	4.4062E-1
3.7200E-4	1.0010E-2	4.3853E-1
3.7300E-4	1.0010E-2	4.3901E-1
3.7400E-4	9.5215E-3	4.4502E-1
3.7500E-4	9.2773E-3	4.5215E-1
3.7600E-4	9.5215E-3	4.6094E-1
3.7700E-4	1.0254E-2	4.6753E-1
3.7800E-4	9.5215E-3	4.7334E-1
3.7900E-4	9.7656E-3	4.7646E-1
3.8000E-4	9.2773E-3	4.7788E-1
3.8100E-4	1.0742E-2	4.7622E-1
3.8200E-4	1.0010E-2	4.7520E-1
3.8300E-4	9.5215E-3	4.7397E-1
3.8400E-4	1.0010E-2	4.7178E-1
3.8500E-4	9.7656E-3	4.7104E-1
3.8600E-4	9.2773E-3	4.7275E-1
3.8700E-4	9.2773E-3	4.7505E-1
3.8800E-4	9.7656E-3	4.7944E-1
3.8900E-4	9.7656E-3	4.8516E-1
3.9000E-4	1.0010E-2	4.9233E-1
3.9100E-4	1.0254E-2	5.0283E-1
3.9200E-4	9.5215E-3	5.1450E-1
3.9300E-4	9.7656E-3	5.2534E-1
3.9400E-4	1.0010E-2	5.3511E-1
3.9500E-4	1.0010E-2	5.4360E-1
3.9600E-4	9.7656E-3	5.5005E-1
3.9700E-4	9.0332E-3	5.5605E-1
3.9800E-4	1.0254E-2	5.6113E-1
3.9900E-4	9.2773E-3	5.6587E-1
4.0000E-4	1.0010E-2	5.7012E-1
4.0100E-4	9.5215E-3	5.7222E-1
4.0200E-4	1.0010E-2	5.7217E-1
4.0300E-4	1.0498E-2	5.7236E-1
4.0400E-4	9.2773E-3	5.7334E-1
4.0500E-4	9.2773E-3	5.7554E-1
4.0600E-4	9.7656E-3	5.7993E-1
4.0700E-4	9.5215E-3	5.8735E-1
4.0800E-4	9.5215E-3	5.9751E-1
4.0900E-4	9.5215E-3	6.0918E-1
4.1000E-4	9.2773E-3	6.2065E-1
4.1100E-4	1.0498E-2	6.3135E-1
4.1200E-4	1.0010E-2	6.4014E-1
4.1300E-4	9.5215E-3	6.4751E-1
4.1400E-4	9.5215E-3	6.5332E-1
4.1500E-4	9.2773E-3	6.5850E-1
4.1600E-4	1.0254E-2	6.6250E-1
4.1700E-4	9.5215E-3	6.6528E-1
4.1800E-4	9.0332E-3	6.6577E-1
4.1900E-4	9.7656E-3	6.6675E-1
4.2000E-4	1.0010E-2	6.6733E-1
4.2100E-4	9.5215E-3	6.6719E-1
4.2200E-4	1.0498E-2	6.6733E-1
4.2300E-4	9.5215E-3	6.6763E-1
4.2400E-4	9.2773E-3	6.6543E-1
4.2500E-4	9.5215E-3	6.6616E-1
4.2600E-4	9.2773E-3	6.6846E-1
4.2700E-4	9.5215E-3	6.7144E-1
4.2800E-4	9.5215E-3	6.7446E-1
4.2900E-4	1.0010E-2	6.7925E-1
4.3000E-4	9.2773E-3	6.8247E-1
4.3100E-4	9.7656E-3	6.8560E-1
4.3200E-4	1.0010E-2	6.8896E-1
4.3300E-4	9.5215E-3	6.9219E-1
4.3400E-4	9.2773E-3	6.9517E-1
4.3500E-4	9.7656E-3	6.9839E-1
4.3600E-4	9.0332E-3	7.0073E-1
4.3700E-4	1.0010E-2	7.0264E-1
4.3800E-4	1.0010E-2	7.0522E-1
4.3900E-4	9.5215E-3	7.0796E-1
4.4000E-4	9.5215E-3	7.0806E-1
4.4100E-4	9.5215E-3	7.0947E-1
4.4200E-4	9.7656E-3	7.1333E-1
4.4300E-4	9.7656E-3	7.1621E-1
4.4400E-4	9.7656E-3	7.1694E-1
4.4500E-4	9.7656E-3	7.1772E-1
4.4600E-4	9.0332E-3	7.1802E-1
4.4700E-4	9.7656E-3	7.1631E-1
4.4800E-4	9.0332E-3	7.1489E-1
4.4900E-4	9.7656E-3	7.1460E-1
4.5000E-4	9.0332E-3	7.1514E-1
4.5100E-4	9.5215E-3	7.1392E-1
4.5200E-4	1.0498E-2	7.1230E-1
4.5300E-4	9.5215E-3	7.1040E-1
4.5400E-4	1.0010E-2	7.1025E-1
4.5500E-4	9.7656E-3	7.0952E-1
4.5600E-4	9.5215E-3	7.0986E-1
4.5700E-4	9.5215E-3	7.1113E-1
4.5800E-4	9.7656E-3	7.1304E-1
4.5900E-4	9.7656E-3	7.1470E-1
4.6000E-4	9.5215E-3	7.1582E-1
4.6100E-4	1.0010E-2	7.1489E-1
4.6200E-4	9.5215E-3	7.1035E-1
4.6300E-4	9.5215E-3	7.0430E-1
4.6400E-4	9.5215E-3	6.9834E-1
4.6500E-4	1.0010E-2	6.9321E-1
4.6600E-4	9.7656E-3	6.8857E-1
4.6700E-4	1.0010E-2	6.8623E-1
4.6800E-4	9.7656E-3	6.8545E-1
4.6900E-4	9.7656E-3	6.8442E-1
4.7000E-4	9.5215E-3	6.8237E-1
4.7100E-4	9.2773E-3	6.8013E-1
4.7200E-4	9.7656E-3	6.7905E-1
4.7300E-4	9.2773E-3	6.7769E-1
4.7400E-4	9.7656E-3	6.7622E-1
4.7500E-4	9.7656E-3	6.7690E-1
4.7600E-4	9.5215E-3	6.8086E-1
4.7700E-4	9.2773E-3	6.8467E-1
4.7800E-4	9.2773E-3	6.8779E-1
4.7900E-4	9.7656E-3	6.9028E-1
4.8000E-4	9.5215E-3	6.9097E-1
4.8100E-4	9.7656E-3	6.9063E-1
4.8200E-4	1.0010E-2	6.8887E-1
4.8300E-4	9.5215E-3	6.8691E-1
4.8400E-4	9.5215E-3	6.8325E-1
4.8500E-4	1.0010E-2	6.8022E-1
4.8600E-4	1.0010E-2	6.7744E-1
4.8700E-4	9.2773E-3	6.7480E-1
4.8800E-4	9.0332E-3	6.7290E-1
4.8900E-4	9.5215E-3	6.7236E-1
4.9000E-4	9.2773E-3	6.7441E-1
4.9100E-4	1.0498E-2	6.7515E-1
4.9200E-4	1.0010E-2	6.7705E-1
4.9300E-4	9.5215E-3	6.8081E-1
4.9400E-4	9.2773E-3	6.8672E-1
4.9500E-4	9.7656E-3	6.8955E-1
4.9600E-4	9.0332E-3	6.9224E-1
4.9700E-4	1.0254E-2	6.9536E-1
4.9800E-4	1.0010E-2	6.9727E-1
4.9900E-4	9.2773E-3	6.9722E-1
5.0000E-4	9.7656E-3	6.9717E-1
5.0100E-4	9.2773E-3	6.9736E-1
5.0200E-4	9.2773E-3	6.9487E-1
5.0300E-4	1.0010E-2	6.9121E-1
5.0400E-4	9.5215E-3	6.8813E-1
5.0500E-4	9.5215E-3	6.8608E-1
5.0600E-4	1.0010E-2	6.8643E-1
5.0700E-4	9.2773E-3	6.8887E-1
5.0800E-4	9.5215E-3	6.9141E-1
5.0900E-4	9.2773E-3	6.9453E-1
5.1000E-4	9.2773E-3	7.0020E-1
5.1100E-4	1.0010E-2	7.0391E-1
5.1200E-4	9.7656E-3	7.0791E-1
5.1300E-4	9.5215E-3	7.1074E-1
5.1400E-4	9.5215E-3	7.1426E-1
5.1500E-4	9.7656E-3	7.1411E-1
5.1600E-4	9.5215E-3	7.1304E-1
5.1700E-4	9.5215E-3	7.1045E-1
5.1800E-4	9.5215E-3	7.0962E-1
5.1900E-4	9.2773E-3	7.0601E-1
5.2000E-4	1.0010E-2	7.0342E-1
5.2100E-4	1.0010E-2	7.0181E-1
5.2200E-4	9.5215E-3	7.0244E-1
5.2300E-4	9.7656E-3	7.0425E-1
5.2400E-4	9.5215E-3	7.0728E-1
5.2500E-4	1.0010E-2	7.1196E-1
5.2600E-4	9.2773E-3	7.1836E-1
5.2700E-4	9.2773E-3	7.2461E-1
5.2800E-4	1.0010E-2	7.3008E-1
5.2900E-4	1.0254E-2	7.3457E-1
5.3000E-4	9.5215E-3	7.3647E-1
5.3100E-4	9.5215E-3	7.3623E-1
5.3200E-4	1.0254E-2	7.3418E-1
5.3300E-4	1.0010E-2	7.3169E-1
5.3400E-4	9.7656E-3	7.2925E-1
5.3500E-4	1.0010E-2	7.2627E-1
5.3600E-4	9.7656E-3	7.2319E-1
5.3700E-4	9.5215E-3	7.2036E-1
5.3800E-4	1.0010E-2	7.1860E-1
5.3900E-4	9.5215E-3	7.1812E-1
5.4000E-4	1.0254E-2	7.1929E-1
5.4100E-4	9.7656E-3	7.2153E-1
5.4200E-4	9.7656E-3	7.2422E-1
5.4300E-4	9.5215E-3	7.2725E-1
5.4400E-4	9.7656E-3	7.3086E-1
5.4500E-4	9.0332E-3	7.3340E-1
5.4600E-4	9.7656E-3	7.3262E-1
5.4700E-4	9.2773E-3	7.2969E-1
5.4800E-4	9.2773E-3	7.2432E-1
5.4900E-4	9.7656E-3	7.1685E-1
5.5000E-4	9.5215E-3	7.0952E-1
5.5100E-4	9.5215E-3	7.0347E-1
5.5200E-4	1.0010E-2	6.9941E-1
5.5300E-4	9.7656E-3	6.9526E-1
5.5400E-4	9.5215E-3	6.9102E-1
5.5500E-4	9.7656E-3	6.8579E-1
5.5600E-4	9.2773E-3	6.8120E-1
5.5700E-4	9.0332E-3	6.7607E-1
5.5800E-4	9.7656E-3	6.7236E-1
5.5900E-4	9.5215E-3	6.6924E-1
5.6000E-4	9.5215E-3	6.6807E-1
5.6100E-4	9.7656E-3	6.6899E-1
5.6200E-4	9.7656E-3	6.6938E-1
5.6300E-4	1.0498E-2	6.6777E-1
5.6400E-4	1.0010E-2	6.6357E-1
5.6500E-4	1.0010E-2	6.5835E-1
5.6600E-4	9.7656E-3	6.5000E-1
5.6700E-4	1.0742E-2	6.4038E-1
5.6800E-4	1.0010E-2	6.2935E-1
5.6900E-4	9.7656E-3	6.1885E-1
5.7000E-4	9.7656E-3	6.0737E-1
5.7100E-4	9.5215E-3	5.9634E-1
5.7200E-4	9.2773E-3	5.8594E-1
5.7300E-4	1.0010E-2	5.8022E-1
5.7400E-4	9.7656E-3	5.7715E-1
5.7500E-4	9.5215E-3	5.7437E-1
5.7600E-4	1.0010E-2	5.6997E-1
5.7700E-4	9.5215E-3	5.6714E-1
5.7800E-4	9.7656E-3	5.6533E-1
5.7900E-4	9.7656E-3	5.6040E-1
5.8000E-4	9.5215E-3	5.5439E-1
5.8100E-4	9.2773E-3	5.4829E-1
5.8200E-4	9.5215E-3	5.4224E-1
5.8300E-4	9.5215E-3	5.3374E-1
5.8400E-4	9.5215E-3	5.2783E-1
5.8500E-4	1.0010E-2	5.2256E-1
5.8600E-4	9.5215E-3	5.1885E-1
5.8700E-4	9.5215E-3	5.1406E-1
5.8800E-4	9.7656E-3	5.0737E-1
5.8900E-4	9.5215E-3	4.9912E-1
5.9000E-4	1.0010E-2	4.9004E-1
5.9100E-4	1.0010E-2	4.8052E-1
5.9200E-4	9.5215E-3	4.7207E-1
5.9300E-4	1.0254E-2	4.6538E-1
5.9400E-4	8.7891E-3	4.5962E-1
5.9500E-4	9.2773E-3	4.5571E-1
5.9600E-4	1.0254E-2	4.5303E-1
5.9700E-4	1.0010E-2	4.4849E-1
5.9800E-4	1.0010E-2	4.4473E-1
5.9900E-4	9.7656E-3	4.4092E-1
6.0000E-4	9.0332E-3	4.3613E-1
6.0100E-4	1.0010E-2	4.3105E-1
6.0200E-4	9.2773E-3	4.2661E-1
6.0300E-4	9.2773E-3	4.2021E-1
6.0400E-4	9.2773E-3	4.1475E-1
6.0500E-4	9.0332E-3	4.1108E-1
6.0600E-4	9.5215E-3	4.0845E-1
6.0700E-4	9.5215E-3	4.0728E-1
6.0800E-4	9.2773E-3	4.0562E-1
6.0900E-4	9.5215E-3	4.0293E-1
6.1000E-4	1.0010E-2	3.9966E-1
6.1100E-4	1.0010E-2	3.9639E-1
6.1200E-4	9.7656E-3	3.9473E-1
6.1300E-4	9.5215E-3	3.9326E-1
6.1400E-4	1.0498E-2	3.9150E-1
6.1500E-4	9.7656E-3	3.8843E-1
6.1600E-4	1.0254E-2	3.8481E-1
6.1700E-4	9.5215E-3	3.7944E-1
6.1800E-4	9.5215E-3	3.7563E-1
6.1900E-4	9.5215E-3	3.7256E-1
6.2000E-4	9.7656E-3	3.7051E-1
6.2100E-4	9.7656E-3	3.6758E-1
6.2200E-4	1.0010E-2	3.6304E-1
6.2300E-4	9.7656E-3	3.5791E-1
6.2400E-4	9.0332E-3	3.5415E-1
6.2500E-4	1.0010E-2	3.4922E-1
6.2600E-4	9.5215E-3	3.4551E-1
6.2700E-4	9.7656E-3	3.4429E-1
6.2800E-4	9.7656E-3	3.4443E-1
6.2900E-4	9.0332E-3	3.4443E-1
6.3000E-4	9.7656E-3	3.4453E-1
6.3100E-4	9.7656E-3	3.4302E-1
6.3200E-4	1.0010E-2	3.3975E-1
6.3300E-4	1.0742E-2	3.3486E-1
6.3400E-4	1.0254E-2	3.2817E-1
6.3500E-4	9.7656E-3	3.2183E-1
6.3600E-4	9.7656E-3	3.1680E-1
6.3700E-4	1.0010E-2	3.1260E-1
6.3800E-4	9.5215E-3	3.0952E-1
6.3900E-4	9.7656E-3	3.0776E-1
6.4000E-4	9.5215E-3	3.0698E-1
6.4100E-4	9.5215E-3	3.0527E-1
6.4200E-4	1.0010E-2	3.0435E-1
6.4300E-4	9.5215E-3	3.0254E-1
6.4400E-4	9.5215E-3	3.0259E-1
6.4500E-4	9.2773E-3	3.0508E-1
6.4600E-4	9.5215E-3	3.1104E-1
6.4700E-4	9.5215E-3	3.1636E-1
6.4800E-4	9.2773E-3	3.2202E-1
6.4900E-4	9.5215E-3	3.2437E-1
6.5000E-4	1.0254E-2	3.2427E-1
6.5100E-4	1.0010E-2	3.2314E-1
6.5200E-4	9.5215E-3	3.2124E-1
6.5300E-4	9.5215E-3	3.1738E-1
6.5400E-4	9.2773E-3	3.1411E-1
6.5500E-4	1.0254E-2	3.0962E-1
6.5600E-4	9.7656E-3	3.0430E-1
6.5700E-4	9.7656E-3	3.0073E-1
6.5800E-4	1.0010E-2	3.0156E-1
6.5900E-4	1.0254E-2	3.0332E-1
6.6000E-4	9.5215E-3	3.0845E-1
6.6100E-4	9.5215E-3	3.1494E-1
6.6200E-4	9.5215E-3	3.2397E-1
6.6300E-4	9.7656E-3	3.3237E-1
6.6400E-4	9.7656E-3	3.4097E-1
6.6500E-4	1.0010E-2	3.4551E-1
6.6600E-4	9.7656E-3	3.4844E-1
6.6700E-4	9.7656E-3	3.4795E-1
6.6800E-4	9.5215E-3	3.4644E-1
6.6900E-4	9.5215E-3	3.4443E-1
6.7000E-4	9.5215E-3	3.4463E-1
6.7100E-4	9.7656E-3	3.4360E-1
6.7200E-4	9.2773E-3	3.4248E-1
6.7300E-4	9.7656E-3	3.4268E-1
6.7400E-4	1.0010E-2	3.4336E-1
6.7500E-4	9.5215E-3	3.4556E-1
6.7600E-4	9.5215E-3	3.5039E-1
6.7700E-4	9.7656E-3	3.5674E-1
6.7800E-4	9.2773E-3	3.6348E-1
6.7900E-4	9.5215E-3	3.7251E-1
6.8000E-4	9.5215E-3	3.8394E-1
6.8100E-4	1.0010E-2	3.9346E-1
6.8200E-4	9.5215E-3	3.9893E-1
6.8300E-4	1.0254E-2	4.0283E-1
6.8400E-4	9.5215E-3	4.0439E-1
6.8500E-4	1.0010E-2	4.0220E-1
6.8600E-4	9.5215E-3	4.0049E-1
6.8700E-4	1.0010E-2	4.0073E-1
6.8800E-4	9.2773E-3	3.9976E-1
6.8900E-4	9.5215E-3	3.9849E-1
6.9000E-4	9.2773E-3	3.9902E-1
6.9100E-4	1.0010E-2	3.9883E-1
6.9200E-4	9.7656E-3	4.0161E-1
6.9300E-4	9.7656E-3	4.0620E-1
6.9400E-4	9.7656E-3	4.1265E-1
6.9500E-4	9.5215E-3	4.1797E-1
6.9600E-4	9.7656E-3	4.2695E-1
6.9700E-4	9.7656E-3	4.3730E-1
6.9800E-4	9.7656E-3	4.4717E-1
6.9900E-4	9.5215E-3	4.5684E-1
7.0000E-4	9.5215E-3	4.6636E-1
7.0100E-4	1.0010E-2	4.7329E-1
7.0200E-4	9.7656E-3	4.7686E-1
7.0300E-4	9.5215E-3	4.7939E-1
7.0400E-4	1.0254E-2	4.8062E-1
7.0500E-4	1.0010E-2	4.8135E-1
7.0600E-4	9.7656E-3	4.8389E-1
7.0700E-4	9.7656E-3	4.8901E-1
7.0800E-4	1.0254E-2	4.9673E-1
7.0900E-4	1.0010E-2	5.0547E-1
7.1000E-4	9.5215E-3	5.1494E-1
7.1100E-4	9.5215E-3	5.2412E-1
7.1200E-4	9.2773E-3	5.3296E-1
7.1300E-4	9.5215E-3	5.4316E-1
7.1400E-4	9.5215E-3	5.5391E-1
7.1500E-4	9.0332E-3	5.6421E-1
7.1600E-4	9.5215E-3	5.7456E-1
7.1700E-4	9.2773E-3	5.8281E-1
7.1800E-4	1.0010E-2	5.8916E-1
7.1900E-4	1.0010E-2	5.9414E-1
7.2000E-4	9.0332E-3	6.0034E-1
7.2100E-4	9.5215E-3	6.0522E-1
7.2200E-4	1.0254E-2	6.1128E-1
7.2300E-4	1.0010E-2	6.1582E-1
7.2400E-4	1.0010E-2	6.2031E-1
7.2500E-4	9.2773E-3	6.2383E-1
7.2600E-4	9.5215E-3	6.2759E-1
7.2700E-4	9.7656E-3	6.3042E-1
7.2800E-4	1.0010E-2	6.3208E-1
7.2900E-4	9.5215E-3	6.3213E-1
7.3000E-4	9.2773E-3	6.3472E-1
7.3100E-4	1.0010E-2	6.3950E-1
7.3200E-4	9.7656E-3	6.4229E-1
7.3300E-4	1.0254E-2	6.4746E-1
7.3400E-4	1.0010E-2	6.5415E-1
7.3500E-4	1.0010E-2	6.5957E-1
7.3600E-4	9.5215E-3	6.6172E-1
7.3700E-4	9.7656E-3	6.6382E-1
7.3800E-4	1.0010E-2	6.6387E-1
7.3900E-4	9.5215E-3	6.6128E-1
7.4000E-4	9.2773E-3	6.5630E-1
7.4100E-4	9.7656E-3	6.5059E-1
7.4200E-4	1.0254E-2	6.4556E-1
7.4300E-4	9.2773E-3	6.4009E-1
7.4400E-4	9.7656E-3	6.3789E-1
7.4500E-4	9.7656E-3	6.3652E-1
7.4600E-4	9.7656E-3	6.3608E-1
7.4700E-4	1.0254E-2	6.3599E-1
7.4800E-4	9.7656E-3	6.3667E-1
7.4900E-4	1.0010E-2	6.3550E-1
7.5000E-4	9.5215E-3	6.3433E-1
7.5100E-4	9.7656E-3	6.3276E-1
7.5200E-4	9.2773E-3	6.3286E-1
7.5300E-4	9.2773E-3	6.3145E-1
7.5400E-4	9.2773E-3	6.2954E-1
7.5500E-4	9.2773E-3	6.2568E-1
7.5600E-4	9.7656E-3	6.1982E-1
7.5700E-4	9.5215E-3	6.1074E-1
7.5800E-4	9.0332E-3	6.0381E-1
7.5900E-4	9.2773E-3	5.9663E-1
7.6000E-4	9.2773E-3	5.8945E-1
7.6100E-4	9.7656E-3	5.8296E-1
7.6200E-4	9.5215E-3	5.7686E-1
7.6300E-4	9.7656E-3	5.7046E-1
7.6400E-4	9.7656E-3	5.6543E-1
7.6500E-4	9.7656E-3	5.6260E-1
7.6600E-4	1.0010E-2	5.5957E-1
7.6700E-4	1.0498E-2	5.5640E-1
7.6800E-4	1.0254E-2	5.4995E-1
7.6900E-4	1.0010E-2	5.4316E-1
7.7000E-4	1.0254E-2	5.3438E-1
7.7100E-4	9.5215E-3	5.2749E-1
7.7200E-4	9.7656E-3	5.2119E-1
7.7300E-4	9.2773E-3	5.1631E-1
7.7400E-4	9.7656E-3	5.1016E-1
7.7500E-4	9.5215E-3	5.0425E-1
7.7600E-4	9.2773E-3	4.9741E-1
7.7700E-4	9.2773E-3	4.8940E-1
7.7800E-4	1.0498E-2	4.8232E-1
7.7900E-4	9.7656E-3	4.7681E-1
7.8000E-4	1.0010E-2	4.7095E-1
7.8100E-4	9.5215E-3	4.6763E-1
7.8200E-4	1.0254E-2	4.6631E-1
7.8300E-4	1.0498E-2	4.6416E-1
7.8400E-4	9.2773E-3	4.6245E-1
7.8500E-4	9.7656E-3	4.6128E-1
7.8600E-4	1.0010E-2	4.5850E-1
7.8700E-4	1.0010E-2	4.5410E-1
7.8800E-4	9.7656E-3	4.4990E-1
7.8900E-4	9.5215E-3	4.4351E-1
7.9000E-4	1.0498E-2	4.3652E-1
7.9100E-4	1.0254E-2	4.2959E-1
7.9200E-4	9.7656E-3	4.2461E-1
7.9300E-4	1.0010E-2	4.1968E-1
7.9400E-4	9.7656E-3	4.1626E-1
7.9500E-4	9.5215E-3	4.1343E-1
7.9600E-4	9.2773E-3	4.0918E-1
7.9700E-4	9.7656E-3	4.0308E-1
7.9800E-4	9.5215E-3	3.9966E-1
7.9900E-4	9.5215E-3	3.9717E-1
8.0000E-4	9.7656E-3	3.9429E-1
8.0100E-4	9.7656E-3	3.9355E-1
8.0200E-4	9.7656E-3	3.9355E-1
8.0300E-4	1.0010E-2	3.9316E-1
8.0400E-4	1.0010E-2	3.9121E-1
8.0500E-4	1.0010E-2	3.9126E-1
8.0600E-4	9.5215E-3	3.8950E-1
8.0700E-4	9.5215E-3	3.8687E-1
8.0800E-4	9.5215E-3	3.8027E-1
8.0900E-4	8.7891E-3	3.7578E-1
8.1000E-4	1.0010E-2	3.6929E-1
8.1100E-4	9.7656E-3	3.6221E-1
8.1200E-4	9.5215E-3	3.5645E-1
8.1300E-4	1.0254E-2	3.5269E-1
8.1400E-4	9.0332E-3	3.4849E-1
8.1500E-4	9.7656E-3	3.4805E-1
8.1600E-4	1.0010E-2	3.5039E-1
8.1700E-4	1.0010E-2	3.5396E-1
8.1800E-4	9.7656E-3	3.6030E-1
8.1900E-4	9.2773E-3	3.6484E-1
8.2000E-4	9.5215E-3	3.6792E-1
8.2100E-4	1.0010E-2	3.7222E-1
8.2200E-4	1.0010E-2	3.7451E-1
8.2300E-4	9.7656E-3	3.7393E-1
8.2400E-4	1.0010E-2	3.7319E-1
8.2500E-4	9.5215E-3	3.6895E-1
8.2600E-4	9.5215E-3	3.6255E-1
8.2700E-4	9.2773E-3	3.5674E-1
8.2800E-4	9.2773E-3	3.5210E-1
8.2900E-4	9.7656E-3	3.4824E-1
8.3000E-4	1.0010E-2	3.4556E-1
8.3100E-4	1.0010E-2	3.4624E-1
8.3200E-4	9.5215E-3	3.5029E-1
8.3300E-4	9.2773E-3	3.5762E-1
8.3400E-4	9.7656E-3	3.6714E-1
8.3500E-4	1.0010E-2	3.7666E-1
8.3600E-4	9.5215E-3	3.8301E-1
8.3700E-4	9.5215E-3	3.8643E-1
8.3800E-4	9.5215E-3	3.8691E-1
8.3900E-4	9.7656E-3	3.8477E-1
8.4000E-4	9.2773E-3	3.8276E-1
8.4100E-4	9.5215E-3	3.7949E-1
8.4200E-4	9.2773E-3	3.7617E-1
8.4300E-4	9.2773E-3	3.7148E-1
8.4400E-4	9.2773E-3	3.6709E-1
8.4500E-4	1.0010E-2	3.6450E-1
8.4600E-4	9.7656E-3	3.6255E-1
8.4700E-4	9.7656E-3	3.6016E-1
8.4800E-4	9.2773E-3	3.5986E-1
8.4900E-4	9.7656E-3	3.6265E-1
8.5000E-4	9.7656E-3	3.6465E-1
8.5100E-4	9.7656E-3	3.6719E-1
8.5200E-4	9.7656E-3	3.7041E-1
8.5300E-4	9.0332E-3	3.7334E-1
8.5400E-4	9.5215E-3	3.7573E-1
8.5500E-4	9.2773E-3	3.7803E-1
8.5600E-4	9.2773E-3	3.8096E-1
8.5700E-4	9.7656E-3	3.8398E-1
8.5800E-4	9.5215E-3	3.8706E-1
8.5900E-4	1.0254E-2	3.8682E-1
8.6000E-4	1.0010E-2	3.8755E-1
8.6100E-4	9.5215E-3	3.8735E-1
8.6200E-4	9.2773E-3	3.8809E-1
8.6300E-4	1.0010E-2	3.8755E-1
8.6400E-4	9.5215E-3	3.8945E-1
8.6500E-4	9.5215E-3	3.8999E-1
8.6600E-4	1.0010E-2	3.9224E-1
8.6700E-4	1.0010E-2	3.9536E-1
8.6800E-4	9.5215E-3	4.0278E-1
8.6900E-4	9.5215E-3	4.1147E-1
8.7000E-4	9.7656E-3	4.2241E-1
8.7100E-4	9.2773E-3	4.3496E-1
8.7200E-4	1.0254E-2	4.4531E-1
8.7300E-4	9.5215E-3	4.5273E-1
8.7400E-4	9.2773E-3	4.5737E-1
8.7500E-4	9.5215E-3	4.5977E-1
8.7600E-4	9.2773E-3	4.5869E-1
8.7700E-4	9.5215E-3	4.5845E-1
8.7800E-4	9.7656E-3	4.5728E-1
8.7900E-4	9.5215E-3	4.5674E-1
8.8000E-4	9.5215E-3	4.5820E-1
8.8100E-4	9.5215E-3	4.6206E-1
8.8200E-4	9.2773E-3	4.6670E-1
8.8300E-4	1.0254E-2	4.7578E-1
8.8400E-4	9.7656E-3	4.8804E-1
8.8500E-4	9.7656E-3	5.0088E-1
8.8600E-4	9.5215E-3	5.1323E-1
8.8700E-4	9.7656E-3	5.2305E-1
8.8800E-4	9.2773E-3	5.2954E-1
8.8900E-4	9.7656E-3	5.3267E-1
8.9000E-4	8.7891E-3	5.3545E-1
8.9100E-4	9.7656E-3	5.3691E-1
8.9200E-4	1.0010E-2	5.3931E-1
8.9300E-4	8.7891E-3	5.4111E-1
8.9400E-4	9.7656E-3	5.4351E-1
8.9500E-4	9.7656E-3	5.4546E-1
8.9600E-4	1.0010E-2	5.4727E-1
8.9700E-4	9.5215E-3	5.5039E-1
8.9800E-4	9.5215E-3	5.5371E-1
8.9900E-4	9.5215E-3	5.5771E-1
9.0000E-4	9.7656E-3	5.6299E-1
9.0100E-4	1.0254E-2	5.7036E-1
9.0200E-4	9.5215E-3	5.7886E-1
9.0300E-4	8.7891E-3	5.8662E-1
9.0400E-4	9.7656E-3	5.9395E-1
9.0500E-4	1.0010E-2	6.0186E-1
9.0600E-4	9.7656E-3	6.0884E-1
9.0700E-4	9.5215E-3	6.1431E-1
9.0800E-4	9.7656E-3	6.2065E-1
9.0900E-4	1.0010E-2	6.2676E-1
9.1000E-4	9.2773E-3	6.2910E-1
9.1100E-4	9.7656E-3	6.2979E-1
9.1200E-4	9.5215E-3	6.3164E-1
9.1300E-4	9.2773E-3	6.3398E-1
9.1400E-4	9.7656E-3	6.3638E-1
9.1500E-4	9.5215E-3	6.4072E-1
9.1600E-4	1.0010E-2	6.4644E-1
9.1700E-4	9.7656E-3	6.5420E-1
9.1800E-4	9.7656E-3	6.6216E-1
9.1900E-4	1.0010E-2	6.7075E-1
9.2000E-4	1.0010E-2	6.7886E-1
9.2100E-4	9.7656E-3	6.8623E-1
9.2200E-4	9.7656E-3	6.9063E-1
9.2300E-4	1.0010E-2	6.9399E-1
9.2400E-4	9.5215E-3	6.9678E-1
9.2500E-4	9.5215E-3	6.9854E-1
9.2600E-4	1.0010E-2	6.9966E-1
9.2700E-4	9.5215E-3	6.9966E-1
9.2800E-4	1.0010E-2	6.9888E-1
9.2900E-4	9.2773E-3	6.9800E-1
9.3000E-4	9.5215E-3	6.9834E-1
9.3100E-4	9.2773E-3	6.9990E-1
9.3200E-4	1.0010E-2	7.0396E-1
9.3300E-4	9.7656E-3	7.0767E-1
9.3400E-4	9.7656E-3	7.1284E-1
9.3500E-4	9.2773E-3	7.1802E-1
9.3600E-4	9.5215E-3	7.2222E-1
9.3700E-4	9.5215E-3	7.2217E-1
9.3800E-4	9.7656E-3	7.2183E-1
9.3900E-4	9.5215E-3	7.1992E-1
9.4000E-4	9.7656E-3	7.1636E-1
9.4100E-4	9.2773E-3	7.1396E-1
9.4200E-4	1.0010E-2	7.1304E-1
9.4300E-4	9.2773E-3	7.1416E-1
9.4400E-4	9.2773E-3	7.1606E-1
9.4500E-4	9.5215E-3	7.1909E-1
9.4600E-4	9.2773E-3	7.1963E-1
9.4700E-4	1.0254E-2	7.2021E-1
9.4800E-4	9.7656E-3	7.1938E-1
9.4900E-4	9.5215E-3	7.1655E-1
9.5000E-4	9.7656E-3	7.1392E-1
9.5100E-4	9.5215E-3	7.1411E-1
9.5200E-4	9.7656E-3	7.1382E-1
9.5300E-4	1.0010E-2	7.1328E-1
9.5400E-4	9.7656E-3	7.1401E-1
9.5500E-4	9.2773E-3	7.1387E-1
9.5600E-4	1.0010E-2	7.1221E-1
9.5700E-4	9.5215E-3	7.1226E-1
9.5800E-4	9.5215E-3	7.1099E-1
9.5900E-4	9.5215E-3	7.1108E-1
9.6000E-4	9.2773E-3	7.1089E-1
9.6100E-4	9.5215E-3	7.0962E-1
9.6200E-4	1.0010E-2	7.0835E-1
9.6300E-4	9.2773E-3	7.0679E-1
9.6400E-4	1.0010E-2	7.0366E-1
9.6500E-4	9.0332E-3	7.0103E-1
9.6600E-4	9.2773E-3	6.9937E-1
9.6700E-4	9.7656E-3	6.9678E-1
9.6800E-4	1.0254E-2	6.9663E-1
9.6900E-4	9.5215E-3	6.9707E-1
9.7000E-4	9.7656E-3	6.9595E-1
9.7100E-4	9.2773E-3	6.9429E-1
9.7200E-4	1.0010E-2	6.9224E-1
9.7300E-4	1.0010E-2	6.9033E-1
9.7400E-4	9.0332E-3	6.8770E-1
9.7500E-4	9.7656E-3	6.8579E-1
9.7600E-4	1.0010E-2	6.8447E-1
9.7700E-4	1.0010E-2	6.8335E-1
9.7800E-4	1.0010E-2	6.8120E-1
9.7900E-4	1.0254E-2	6.8159E-1
9.8000E-4	9.7656E-3	6.8359E-1
9.8100E-4	9.0332E-3	6.8447E-1
9.8200E-4	9.5215E-3	6.8545E-1
9.8300E-4	9.2773E-3	6.8545E-1
9.8400E-4	9.5215E-3	6.8164E-1
9.8500E-4	9.5215E-3	6.7720E-1
9.8600E-4	1.0254E-2	6.7456E-1
9.8700E-4	1.0010E-2	6.7158E-1
9.8800E-4	1.0254E-2	6.7026E-1
9.8900E-4	9.2773E-3	6.7222E-1
9.9000E-4	9.5215E-3	6.7690E-1
9.9100E-4	9.0332E-3	6.8066E-1
9.9200E-4	9.5215E-3	6.8467E-1
9.9300E-4	1.0010E-2	6.8623E-1
9.9400E-4	9.2773E-3	6.8530E-1
9.9500E-4	1.0010E-2	6.8110E-1
9.9600E-4	9.5215E-3	6.7637E-1
9.9700E-4	9.2773E-3	6.7295E-1
9.9800E-4	1.0254E-2	6.7295E-1
9.9900E-4	9.2773E-3	6.7295E-1
