Time [s]	Aux in [V]	Main in [V]
0.0000E+0	9.5215E-3	-4.0186E-2
1.0000E-6	9.2773E-3	-4.2578E-2
2.0000E-6	9.2773E-3	-4.4287E-2
3.0000E-6	9.5215E-3	-4.5117E-2
4.0000E-6	9.5215E-3	-4.1797E-2
5.0000E-6	9.7656E-3	-3.7695E-2
6.0000E-6	8.5449E-3	-3.4229E-2
7.0000E-6	9.2773E-3	-3.2666E-2
8.0000E-6	1.0010E-2	-3.1982E-2
9.0000E-6	9.7656E-3	-3.2715E-2
1.0000E-5	8.7891E-3	-3.3887E-2
1.1000E-5	1.0254E-2	-3.2227E-2
1.2000E-5	1.0010E-2	-2.9053E-2
1.3000E-5	1.0010E-2	-2.5391E-2
1.4000E-5	9.5215E-3	-2.0947E-2
1.5000E-5	9.7656E-3	-1.6211E-2
1.6000E-5	9.7656E-3	-1.3721E-2
1.7000E-5	9.0332E-3	-1.3721E-2
1.8000E-5	9.5215E-3	-1.3379E-2
1.9000E-5	9.5215E-3	-1.5674E-2
2.0000E-5	9.7656E-3	-1.7969E-2
2.1000E-5	9.2773E-3	-1.8311E-2
2.2000E-5	9.0332E-3	-1.5771E-2
2.3000E-5	9.0332E-3	-1.2305E-2
2.4000E-5	9.2773E-3	-4.9316E-3
2.5000E-5	9.2773E-3	2.7344E-3
2.6000E-5	8.7891E-3	7.0313E-3
2.7000E-5	9.7656E-3	9.3750E-3
2.8000E-5	9.5215E-3	1.0107E-2
2.9000E-5	9.2773E-3	1.1035E-2
3.0000E-5	9.2773E-3	9.9609E-3
3.1000E-5	9.7656E-3	1.0303E-2
3.2000E-5	1.0010E-2	1.2695E-2
3.3000E-5	1.0010E-2	1.6846E-2
3.4000E-5	9.2773E-3	1.8262E-2
3.5000E-5	9.2773E-3	2.0898E-2
3.6000E-5	9.2773E-3	2.5391E-2
3.7000E-5	9.7656E-3	2.9541E-2
3.8000E-5	9.7656E-3	3.3057E-2
3.9000E-5	9.2773E-3	3.7207E-2
4.0000E-5	9.7656E-3	4.2822E-2
4.1000E-5	9.5215E-3	4.7266E-2
4.2000E-5	9.7656E-3	5.0781E-2
4.3000E-5	9.7656E-3	5.3760E-2
4.4000E-5	9.0332E-3	5.6543E-2
4.5000E-5	9.2773E-3	5.6641E-2
4.6000E-5	9.7656E-3	5.7471E-2
4.7000E-5	1.0010E-2	5.9814E-2
4.8000E-5	9.2773E-3	6.2891E-2
4.9000E-5	9.5215E-3	6.6846E-2
5.0000E-5	1.0254E-2	7.2949E-2
5.1000E-5	9.5215E-3	7.8955E-2
5.2000E-5	9.5215E-3	8.5205E-2
5.3000E-5	9.5215E-3	8.9746E-2
5.4000E-5	9.0332E-3	9.5459E-2
5.5000E-5	9.5215E-3	1.0073E-1
5.6000E-5	9.2773E-3	1.0562E-1
5.7000E-5	1.0254E-2	1.0845E-1
5.8000E-5	9.2773E-3	1.1450E-1
5.9000E-5	1.0010E-2	1.1978E-1
6.0000E-5	1.0254E-2	1.2656E-1
6.1000E-5	9.5215E-3	1.3384E-1
6.2000E-5	9.7656E-3	1.4243E-1
6.3000E-5	1.0010E-2	1.4819E-1
6.4000E-5	9.2773E-3	1.5420E-1
6.5000E-5	1.0254E-2	1.5840E-1
6.6000E-5	1.0254E-2	1.6450E-1
6.7000E-5	9.2773E-3	1.6978E-1
6.8000E-5	9.7656E-3	1.7402E-1
6.9000E-5	9.7656E-3	1.7593E-1
7.0000E-5	9.2773E-3	1.7822E-1
7.1000E-5	9.0332E-3	1.7944E-1
7.2000E-5	1.0010E-2	1.8188E-1
7.3000E-5	9.5215E-3	1.8555E-1
7.4000E-5	9.7656E-3	1.9292E-1
7.5000E-5	9.2773E-3	2.0000E-1
7.6000E-5	9.5215E-3	2.0537E-1
7.7000E-5	9.5215E-3	2.0894E-1
7.8000E-5	9.7656E-3	2.1460E-1
7.9000E-5	9.5215E-3	2.2051E-1
8.0000E-5	1.0010E-2	2.2607E-1
8.1000E-5	1.0010E-2	2.3247E-1
8.2000E-5	9.2773E-3	2.4004E-1
8.3000E-5	9.5215E-3	2.4634E-1
8.4000E-5	1.0010E-2	2.4990E-1
8.5000E-5	9.7656E-3	2.5312E-1
8.6000E-5	9.7656E-3	2.5742E-1
8.7000E-5	9.7656E-3	2.5967E-1
8.8000E-5	9.2773E-3	2.6167E-1
8.9000E-5	9.5215E-3	2.6304E-1
9.0000E-5	1.0010E-2	2.6318E-1
9.1000E-5	9.2773E-3	2.6035E-1
9.2000E-5	1.0010E-2	2.6016E-1
9.3000E-5	1.0010E-2	2.5635E-1
9.4000E-5	9.2773E-3	2.5244E-1
9.5000E-5	9.2773E-3	2.5249E-1
9.6000E-5	9.2773E-3	2.5239E-1
9.7000E-5	9.5215E-3	2.5220E-1
9.8000E-5	9.7656E-3	2.5718E-1
9.9000E-5	1.0010E-2	2.6226E-1
1.0000E-4	9.7656E-3	2.6479E-1
1.0100E-4	9.2773E-3	2.6826E-1
1.0200E-4	9.2773E-3	2.6919E-1
1.0300E-4	9.7656E-3	2.6831E-1
1.0400E-4	1.0254E-2	2.6694E-1
1.0500E-4	9.5215E-3	2.6514E-1
1.0600E-4	9.2773E-3	2.6260E-1
1.0700E-4	9.0332E-3	2.6094E-1
1.0800E-4	9.5215E-3	2.5879E-1
1.0900E-4	9.5215E-3	2.5605E-1
1.1000E-4	9.7656E-3	2.5283E-1
1.1100E-4	9.5215E-3	2.4995E-1
1.1200E-4	9.5215E-3	2.4941E-1
1.1300E-4	9.5215E-3	2.4854E-1
1.1400E-4	9.5215E-3	2.4878E-1
1.1500E-4	9.2773E-3	2.5034E-1
1.1600E-4	9.7656E-3	2.5137E-1
1.1700E-4	9.0332E-3	2.5020E-1
1.1800E-4	9.5215E-3	2.4746E-1
1.1900E-4	1.0254E-2	2.4209E-1
1.2000E-4	9.0332E-3	2.3716E-1
1.2100E-4	9.5215E-3	2.3374E-1
1.2200E-4	9.7656E-3	2.3047E-1
1.2300E-4	9.5215E-3	2.2822E-1
1.2400E-4	9.2773E-3	2.2764E-1
1.2500E-4	9.2773E-3	2.2710E-1
1.2600E-4	9.0332E-3	2.2451E-1
1.2700E-4	9.5215E-3	2.2065E-1
1.2800E-4	9.2773E-3	2.1631E-1
1.2900E-4	1.0010E-2	2.1411E-1
1.3000E-4	9.5215E-3	2.1025E-1
1.3100E-4	8.7891E-3	2.0684E-1
1.3200E-4	9.2773E-3	2.0776E-1
1.3300E-4	9.5215E-3	2.0840E-1
1.3400E-4	9.5215E-3	2.0742E-1
1.3500E-4	9.2773E-3	2.0688E-1
1.3600E-4	9.7656E-3	2.0513E-1
1.3700E-4	9.7656E-3	1.9937E-1
1.3800E-4	9.5215E-3	1.9526E-1
1.3900E-4	9.5215E-3	1.9141E-1
1.4000E-4	9.2773E-3	1.8823E-1
1.4100E-4	9.5215E-3	1.8657E-1
1.4200E-4	9.2773E-3	1.8564E-1
1.4300E-4	9.5215E-3	1.8442E-1
1.4400E-4	9.7656E-3	1.8335E-1
1.4500E-4	9.7656E-3	1.8130E-1
1.4600E-4	9.5215E-3	1.7969E-1
1.4700E-4	9.5215E-3	1.7949E-1
1.4800E-4	1.0010E-2	1.7949E-1
1.4900E-4	9.0332E-3	1.8003E-1
1.5000E-4	9.7656E-3	1.7983E-1
1.5100E-4	9.2773E-3	1.7979E-1
1.5200E-4	9.2773E-3	1.7974E-1
1.5300E-4	9.0332E-3	1.7856E-1
1.5400E-4	9.7656E-3	1.7495E-1
1.5500E-4	9.2773E-3	1.7271E-1
1.5600E-4	1.0010E-2	1.7007E-1
1.5700E-4	1.0010E-2	1.6724E-1
1.5800E-4	9.7656E-3	1.6621E-1
1.5900E-4	9.7656E-3	1.6787E-1
1.6000E-4	9.2773E-3	1.6846E-1
1.6100E-4	9.7656E-3	1.6929E-1
1.6200E-4	9.0332E-3	1.6865E-1
1.6300E-4	1.0010E-2	1.6709E-1
1.6400E-4	1.0254E-2	1.6338E-1
1.6500E-4	9.7656E-3	1.6069E-1
1.6600E-4	1.0010E-2	1.5811E-1
1.6700E-4	9.2773E-3	1.5542E-1
1.6800E-4	8.7891E-3	1.5522E-1
1.6900E-4	9.7656E-3	1.5830E-1
1.7000E-4	9.5215E-3	1.6060E-1
1.7100E-4	9.7656E-3	1.6313E-1
1.7200E-4	1.0254E-2	1.6587E-1
1.7300E-4	9.5215E-3	1.6504E-1
1.7400E-4	9.5215E-3	1.6318E-1
1.7500E-4	9.2773E-3	1.6196E-1
1.7600E-4	9.5215E-3	1.5962E-1
1.7700E-4	1.0254E-2	1.5879E-1
1.7800E-4	9.5215E-3	1.5972E-1
1.7900E-4	9.7656E-3	1.5962E-1
1.8000E-4	9.7656E-3	1.5967E-1
1.8100E-4	9.5215E-3	1.6289E-1
1.8200E-4	9.7656E-3	1.6602E-1
1.8300E-4	1.0010E-2	1.6943E-1
1.8400E-4	9.2773E-3	1.7417E-1
1.8500E-4	1.0010E-2	1.7983E-1
1.8600E-4	9.2773E-3	1.8232E-1
1.8700E-4	9.0332E-3	1.8579E-1
1.8800E-4	1.0254E-2	1.8896E-1
1.8900E-4	1.0010E-2	1.9224E-1
1.9000E-4	1.0010E-2	1.9351E-1
1.9100E-4	9.2773E-3	1.9614E-1
1.9200E-4	9.5215E-3	1.9761E-1
1.9300E-4	9.2773E-3	1.9658E-1
1.9400E-4	1.0010E-2	1.9331E-1
1.9500E-4	1.0498E-2	1.9126E-1
1.9600E-4	9.5215E-3	1.9062E-1
1.9700E-4	9.7656E-3	1.9165E-1
1.9800E-4	9.2773E-3	1.9395E-1
1.9900E-4	1.0010E-2	1.9771E-1
2.0000E-4	9.0332E-3	2.0229E-1
2.0100E-4	9.7656E-3	2.0693E-1
2.0200E-4	9.7656E-3	2.1069E-1
2.0300E-4	9.5215E-3	2.1343E-1
2.0400E-4	1.0254E-2	2.1470E-1
2.0500E-4	9.5215E-3	2.1592E-1
2.0600E-4	9.7656E-3	2.1499E-1
2.0700E-4	9.5215E-3	2.1143E-1
2.0800E-4	8.7891E-3	2.1001E-1
2.0900E-4	9.7656E-3	2.1074E-1
2.1000E-4	9.5215E-3	2.1147E-1
2.1100E-4	9.5215E-3	2.1211E-1
2.1200E-4	9.2773E-3	2.1475E-1
2.1300E-4	9.7656E-3	2.1787E-1
2.1400E-4	9.5215E-3	2.2295E-1
2.1500E-4	9.2773E-3	2.2646E-1
2.1600E-4	1.0254E-2	2.3154E-1
2.1700E-4	9.7656E-3	2.3608E-1
2.1800E-4	9.2773E-3	2.3955E-1
2.1900E-4	1.0010E-2	2.3960E-1
2.2000E-4	9.5215E-3	2.3965E-1
2.2100E-4	9.7656E-3	2.3901E-1
2.2200E-4	9.5215E-3	2.3979E-1
2.2300E-4	9.5215E-3	2.3901E-1
2.2400E-4	9.5215E-3	2.3921E-1
2.2500E-4	9.5215E-3	2.4102E-1
2.2600E-4	9.2773E-3	2.4175E-1
2.2700E-4	1.0010E-2	2.3970E-1
2.2800E-4	1.0010E-2	2.3931E-1
2.2900E-4	1.0010E-2	2.3921E-1
2.3000E-4	9.5215E-3	2.3921E-1
2.3100E-4	1.0010E-2	2.4189E-1
2.3200E-4	9.2773E-3	2.4531E-1
2.3300E-4	9.2773E-3	2.4771E-1
2.3400E-4	9.0332E-3	2.4971E-1
2.3500E-4	9.2773E-3	2.5205E-1
2.3600E-4	9.7656E-3	2.5029E-1
2.3700E-4	9.7656E-3	2.4902E-1
2.3800E-4	9.7656E-3	2.4839E-1
2.3900E-4	9.7656E-3	2.4961E-1
2.4000E-4	9.7656E-3	2.4971E-1
2.4100E-4	9.7656E-3	2.5166E-1
2.4200E-4	9.5215E-3	2.5352E-1
2.4300E-4	9.5215E-3	2.5508E-1
2.4400E-4	9.2773E-3	2.5234E-1
2.4500E-4	9.2773E-3	2.4814E-1
2.4600E-4	9.5215E-3	2.4292E-1
2.4700E-4	9.5215E-3	2.3755E-1
2.4800E-4	9.0332E-3	2.3242E-1
2.4900E-4	9.5215E-3	2.2739E-1
2.5000E-4	9.2773E-3	2.2354E-1
2.5100E-4	9.7656E-3	2.2183E-1
2.5200E-4	9.5215E-3	2.2100E-1
2.5300E-4	9.7656E-3	2.2119E-1
2.5400E-4	9.0332E-3	2.2651E-1
2.5500E-4	9.2773E-3	2.3179E-1
2.5600E-4	1.0010E-2	2.3833E-1
2.5700E-4	9.2773E-3	2.4414E-1
2.5800E-4	9.2773E-3	2.4976E-1
2.5900E-4	9.5215E-3	2.4824E-1
2.6000E-4	9.2773E-3	2.4419E-1
2.6100E-4	9.2773E-3	2.3706E-1
2.6200E-4	9.0332E-3	2.3057E-1
2.6300E-4	9.5215E-3	2.2427E-1
2.6400E-4	1.0010E-2	2.2056E-1
2.6500E-4	1.0010E-2	2.2012E-1
2.6600E-4	9.5215E-3	2.2104E-1
2.6700E-4	1.0010E-2	2.2036E-1
2.6800E-4	9.0332E-3	2.1865E-1
2.6900E-4	9.2773E-3	2.1816E-1
2.7000E-4	9.5215E-3	2.1875E-1
2.7100E-4	9.0332E-3	2.1665E-1
2.7200E-4	9.5215E-3	2.1401E-1
2.7300E-4	9.5215E-3	2.1118E-1
2.7400E-4	9.2773E-3	2.0679E-1
2.7500E-4	9.5215E-3	2.0068E-1
2.7600E-4	9.7656E-3	1.9644E-1
2.7700E-4	9.0332E-3	1.9365E-1
2.7800E-4	1.0010E-2	1.9111E-1
2.7900E-4	9.5215E-3	1.9077E-1
2.8000E-4	9.0332E-3	1.9175E-1
2.8100E-4	9.0332E-3	1.9365E-1
2.8200E-4	9.7656E-3	1.9697E-1
2.8300E-4	9.5215E-3	2.0039E-1
2.8400E-4	9.2773E-3	2.0391E-1
2.8500E-4	1.0010E-2	2.0527E-1
2.8600E-4	9.5215E-3	2.0522E-1
2.8700E-4	9.5215E-3	2.0176E-1
2.8800E-4	9.2773E-3	1.9844E-1
2.8900E-4	9.2773E-3	1.9307E-1
2.9000E-4	8.5449E-3	1.8857E-1
2.9100E-4	9.2773E-3	1.8408E-1
2.9200E-4	9.0332E-3	1.8208E-1
2.9300E-4	9.5215E-3	1.8115E-1
2.9400E-4	8.7891E-3	1.8018E-1
2.9500E-4	9.2773E-3	1.7891E-1
2.9600E-4	9.7656E-3	1.7817E-1
2.9700E-4	1.0010E-2	1.7695E-1
2.9800E-4	9.7656E-3	1.7495E-1
2.9900E-4	9.5215E-3	1.7397E-1
3.0000E-4	9.0332E-3	1.7358E-1
3.0100E-4	9.5215E-3	1.7358E-1
3.0200E-4	9.5215E-3	1.7554E-1
3.0300E-4	8.7891E-3	1.7710E-1
3.0400E-4	9.5215E-3	1.7773E-1
3.0500E-4	9.7656E-3	1.7803E-1
3.0600E-4	8.7891E-3	1.7725E-1
3.0700E-4	1.0010E-2	1.7412E-1
3.0800E-4	9.7656E-3	1.7158E-1
3.0900E-4	9.0332E-3	1.7095E-1
3.1000E-4	9.2773E-3	1.6777E-1
3.1100E-4	9.5215E-3	1.6597E-1
3.1200E-4	9.0332E-3	1.6636E-1
3.1300E-4	9.7656E-3	1.6602E-1
3.1400E-4	9.5215E-3	1.6606E-1
3.1500E-4	9.2773E-3	1.6865E-1
3.1600E-4	9.7656E-3	1.6997E-1
3.1700E-4	8.7891E-3	1.7012E-1
3.1800E-4	9.5215E-3	1.7212E-1
3.1900E-4	9.5215E-3	1.7339E-1
3.2000E-4	9.5215E-3	1.7378E-1
3.2100E-4	9.0332E-3	1.7603E-1
3.2200E-4	9.0332E-3	1.7847E-1
3.2300E-4	9.5215E-3	1.7910E-1
3.2400E-4	1.0010E-2	1.7925E-1
3.2500E-4	9.5215E-3	1.7939E-1
3.2600E-4	9.2773E-3	1.7842E-1
3.2700E-4	9.5215E-3	1.7759E-1
3.2800E-4	1.0254E-2	1.7842E-1
3.2900E-4	9.7656E-3	1.7910E-1
3.3000E-4	9.2773E-3	1.8140E-1
3.3100E-4	9.7656E-3	1.8281E-1
3.3200E-4	9.5215E-3	1.8394E-1
3.3300E-4	9.5215E-3	1.8408E-1
3.3400E-4	1.0010E-2	1.8589E-1
3.3500E-4	9.5215E-3	1.8687E-1
3.3600E-4	8.7891E-3	1.8901E-1
3.3700E-4	9.5215E-3	1.9087E-1
3.3800E-4	9.5215E-3	1.9370E-1
3.3900E-4	1.0010E-2	1.9600E-1
3.4000E-4	1.0254E-2	2.0020E-1
3.4100E-4	1.0254E-2	2.0400E-1
3.4200E-4	8.7891E-3	2.0713E-1
3.4300E-4	9.2773E-3	2.1035E-1
3.4400E-4	9.0332E-3	2.1235E-1
3.4500E-4	9.7656E-3	2.1445E-1
3.4600E-4	9.7656E-3	2.1538E-1
3.4700E-4	9.7656E-3	2.1782E-1
3.4800E-4	1.0010E-2	2.1895E-1
3.4900E-4	9.7656E-3	2.1997E-1
3.5000E-4	9.5215E-3	2.2056E-1
3.5100E-4	9.2773E-3	2.2329E-1
3.5200E-4	9.5215E-3	2.2646E-1
3.5300E-4	9.0332E-3	2.2983E-1
3.5400E-4	1.0010E-2	2.3438E-1
3.5500E-4	9.2773E-3	2.3711E-1
3.5600E-4	9.7656E-3	2.3896E-1
3.5700E-4	9.5215E-3	2.3901E-1
3.5800E-4	1.0498E-2	2.3960E-1
3.5900E-4	9.5215E-3	2.3960E-1
3.6000E-4	1.0254E-2	2.4126E-1
3.6100E-4	9.5215E-3	2.4375E-1
3.6200E-4	9.0332E-3	2.4814E-1
3.6300E-4	9.2773E-3	2.5068E-1
3.6400E-4	9.2773E-3	2.5254E-1
3.6500E-4	9.2773E-3	2.5347E-1
3.6600E-4	1.0010E-2	2.5415E-1
3.6700E-4	9.0332E-3	2.5210E-1
3.6800E-4	1.0254E-2	2.5010E-1
3.6900E-4	9.7656E-3	2.4971E-1
3.7000E-4	9.5215E-3	2.5000E-1
3.7100E-4	9.7656E-3	2.5254E-1
3.7200E-4	9.0332E-3	2.5615E-1
3.7300E-4	1.0254E-2	2.6270E-1
3.7400E-4	9.5215E-3	2.6694E-1
3.7500E-4	9.0332E-3	2.6787E-1
3.7600E-4	9.5215E-3	2.6455E-1
3.7700E-4	9.7656E-3	2.6260E-1
3.7800E-4	1.0010E-2	2.5801E-1
3.7900E-4	1.0010E-2	2.5508E-1
3.8000E-4	9.5215E-3	2.5435E-1
3.8100E-4	1.0010E-2	2.5503E-1
3.8200E-4	9.5215E-3	2.5420E-1
3.8300E-4	9.7656E-3	2.5483E-1
3.8400E-4	9.7656E-3	2.5459E-1
3.8500E-4	9.7656E-3	2.5469E-1
3.8600E-4	9.7656E-3	2.5562E-1
3.8700E-4	9.2773E-3	2.5737E-1
3.8800E-4	9.5215E-3	2.5713E-1
3.8900E-4	9.5215E-3	2.5728E-1
3.9000E-4	1.0010E-2	2.5659E-1
3.9100E-4	9.2773E-3	2.5239E-1
3.9200E-4	1.0254E-2	2.4829E-1
3.9300E-4	1.0010E-2	2.4580E-1
3.9400E-4	9.7656E-3	2.4243E-1
3.9500E-4	9.5215E-3	2.3999E-1
3.9600E-4	1.0010E-2	2.3936E-1
3.9700E-4	1.0010E-2	2.3730E-1
3.9800E-4	9.2773E-3	2.3354E-1
3.9900E-4	1.0010E-2	2.3042E-1
4.0000E-4	9.2773E-3	2.2520E-1
4.0100E-4	1.0498E-2	2.2002E-1
4.0200E-4	9.5215E-3	2.1587E-1
4.0300E-4	9.7656E-3	2.1216E-1
4.0400E-4	9.7656E-3	2.0723E-1
4.0500E-4	9.5215E-3	2.0239E-1
4.0600E-4	9.2773E-3	1.9819E-1
4.0700E-4	9.7656E-3	1.9243E-1
4.0800E-4	9.2773E-3	1.8721E-1
4.0900E-4	9.5215E-3	1.8291E-1
4.1000E-4	8.7891E-3	1.7861E-1
4.1100E-4	9.5215E-3	1.7231E-1
4.1200E-4	9.7656E-3	1.6724E-1
4.1300E-4	9.2773E-3	1.6147E-1
4.1400E-4	1.0498E-2	1.5615E-1
4.1500E-4	9.5215E-3	1.5054E-1
4.1600E-4	9.2773E-3	1.4575E-1
4.1700E-4	1.0254E-2	1.3950E-1
4.1800E-4	9.0332E-3	1.3262E-1
4.1900E-4	8.7891E-3	1.2466E-1
4.2000E-4	1.0010E-2	1.1772E-1
4.2100E-4	9.2773E-3	1.1079E-1
4.2200E-4	1.0254E-2	1.0698E-1
4.2300E-4	9.7656E-3	1.0317E-1
4.2400E-4	9.5215E-3	1.0137E-1
4.2500E-4	9.2773E-3	1.0039E-1
4.2600E-4	9.5215E-3	9.8779E-2
4.2700E-4	9.5215E-3	9.3945E-2
4.2800E-4	9.2773E-3	8.9014E-2
4.2900E-4	9.2773E-3	8.2617E-2
4.3000E-4	9.5215E-3	7.5684E-2
4.3100E-4	9.5215E-3	7.1875E-2
4.3200E-4	9.2773E-3	6.8701E-2
4.3300E-4	9.5215E-3	6.8213E-2
4.3400E-4	9.2773E-3	6.5723E-2
4.3500E-4	9.2773E-3	6.4160E-2
4.3600E-4	8.7891E-3	6.2988E-2
4.3700E-4	1.0010E-2	6.1621E-2
4.3800E-4	1.0254E-2	5.8740E-2
4.3900E-4	1.0254E-2	5.8789E-2
4.4000E-4	9.7656E-3	5.8008E-2
4.4100E-4	9.0332E-3	5.3076E-2
4.4200E-4	9.2773E-3	4.7803E-2
4.4300E-4	9.2773E-3	4.1846E-2
4.4400E-4	9.2773E-3	3.4375E-2
4.4500E-4	9.5215E-3	2.7197E-2
4.4600E-4	9.5215E-3	2.1680E-2
4.4700E-4	9.7656E-3	1.8408E-2
4.4800E-4	1.0010E-2	1.5527E-2
4.4900E-4	9.2773E-3	1.3818E-2
4.5000E-4	9.5215E-3	1.2158E-2
4.5100E-4	9.2773E-3	9.5215E-3
4.5200E-4	9.2773E-3	7.3730E-3
4.5300E-4	1.0010E-2	4.7363E-3
4.5400E-4	9.2773E-3	3.3691E-3
4.5500E-4	9.5215E-3	1.9531E-3
4.5600E-4	9.5215E-3	2.8320E-3
4.5700E-4	9.0332E-3	1.5625E-3
4.5800E-4	9.5215E-3	2.3437E-3
4.5900E-4	1.0010E-2	1.2695E-3
4.6000E-4	9.2773E-3	-2.4414E-4
4.6100E-4	9.7656E-3	-1.9531E-3
4.6200E-4	9.2773E-3	-2.7832E-3
4.6300E-4	1.0010E-2	-5.0293E-3
4.6400E-4	9.5215E-3	-8.4473E-3
4.6500E-4	9.7656E-3	-1.2402E-2
4.6600E-4	9.2773E-3	-1.7578E-2
4.6700E-4	1.0010E-2	-2.1484E-2
4.6800E-4	9.2773E-3	-2.4609E-2
4.6900E-4	9.5215E-3	-2.4902E-2
4.7000E-4	9.2773E-3	-2.4951E-2
4.7100E-4	8.7891E-3	-2.5732E-2
4.7200E-4	9.7656E-3	-2.7588E-2
4.7300E-4	9.2773E-3	-2.9492E-2
4.7400E-4	9.5215E-3	-3.1152E-2
4.7500E-4	9.5215E-3	-3.1494E-2
4.7600E-4	9.7656E-3	-2.8711E-2
4.7700E-4	1.0010E-2	-2.6367E-2
4.7800E-4	1.0254E-2	-2.4658E-2
4.7900E-4	8.7891E-3	-2.5391E-2
4.8000E-4	1.0010E-2	-2.7344E-2
4.8100E-4	1.0010E-2	-2.8906E-2
4.8200E-4	9.2773E-3	-3.0273E-2
4.8300E-4	1.0010E-2	-3.2178E-2
4.8400E-4	9.2773E-3	-3.3301E-2
4.8500E-4	9.7656E-3	-3.3496E-2
4.8600E-4	9.5215E-3	-3.6182E-2
4.8700E-4	9.5215E-3	-3.6865E-2
4.8800E-4	1.0010E-2	-3.7598E-2
4.8900E-4	9.5215E-3	-3.8330E-2
4.9000E-4	9.5215E-3	-3.9648E-2
4.9100E-4	9.5215E-3	-3.8916E-2
4.9200E-4	1.0254E-2	-3.8721E-2
4.9300E-4	9.5215E-3	-3.8086E-2
4.9400E-4	8.7891E-3	-3.6963E-2
4.9500E-4	1.0254E-2	-3.4473E-2
4.9600E-4	9.0332E-3	-3.3789E-2
4.9700E-4	9.5215E-3	-3.3643E-2
4.9800E-4	9.7656E-3	-3.1592E-2
4.9900E-4	9.7656E-3	-2.8223E-2
5.0000E-4	9.5215E-3	-2.2900E-2
5.0100E-4	9.0332E-3	-1.6943E-2
5.0200E-4	9.7656E-3	-1.3477E-2
5.0300E-4	9.7656E-3	-1.2061E-2
5.0400E-4	1.0498E-2	-1.2109E-2
5.0500E-4	9.2773E-3	-1.5820E-2
5.0600E-4	9.0332E-3	-1.8604E-2
5.0700E-4	9.7656E-3	-1.9434E-2
5.0800E-4	9.2773E-3	-1.9824E-2
5.0900E-4	9.5215E-3	-1.9434E-2
5.1000E-4	8.7891E-3	-1.8750E-2
5.1100E-4	9.2773E-3	-2.1045E-2
5.1200E-4	1.0498E-2	-2.2217E-2
5.1300E-4	9.5215E-3	-2.2314E-2
5.1400E-4	9.2773E-3	-2.2363E-2
5.1500E-4	9.5215E-3	-2.2266E-2
5.1600E-4	9.5215E-3	-1.9678E-2
5.1700E-4	9.5215E-3	-1.8799E-2
5.1800E-4	9.5215E-3	-1.6992E-2
5.1900E-4	1.0254E-2	-1.4893E-2
5.2000E-4	9.5215E-3	-1.1182E-2
5.2100E-4	1.0010E-2	-7.4219E-3
5.2200E-4	9.5215E-3	-3.2715E-3
5.2300E-4	9.7656E-3	-9.2773E-4
5.2400E-4	9.5215E-3	1.2207E-3
5.2500E-4	1.0010E-2	2.7344E-3
5.2600E-4	9.7656E-3	4.6875E-3
5.2700E-4	9.5215E-3	8.4473E-3
5.2800E-4	9.2773E-3	1.1914E-2
5.2900E-4	9.7656E-3	1.6455E-2
5.3000E-4	1.0010E-2	2.0703E-2
5.3100E-4	9.5215E-3	2.4121E-2
5.3200E-4	9.5215E-3	2.4951E-2
5.3300E-4	9.5215E-3	2.6074E-2
5.3400E-4	9.2773E-3	2.5391E-2
5.3500E-4	9.5215E-3	2.5635E-2
5.3600E-4	9.0332E-3	2.8516E-2
5.3700E-4	9.2773E-3	3.2666E-2
5.3800E-4	9.7656E-3	3.7061E-2
5.3900E-4	9.5215E-3	4.2627E-2
5.4000E-4	9.5215E-3	4.6045E-2
5.4100E-4	9.5215E-3	4.5801E-2
5.4200E-4	9.7656E-3	4.6094E-2
5.4300E-4	9.0332E-3	4.8486E-2
5.4400E-4	9.5215E-3	4.9316E-2
5.4500E-4	9.2773E-3	5.2588E-2
5.4600E-4	9.5215E-3	5.7813E-2
5.4700E-4	9.5215E-3	6.2158E-2
5.4800E-4	9.5215E-3	6.6309E-2
5.4900E-4	9.7656E-3	7.2607E-2
5.5000E-4	9.7656E-3	7.8613E-2
5.5100E-4	9.7656E-3	8.3301E-2
5.5200E-4	9.5215E-3	8.8965E-2
5.5300E-4	9.2773E-3	9.4287E-2
5.5400E-4	9.5215E-3	9.8730E-2
5.5500E-4	9.5215E-3	1.0142E-1
5.5600E-4	9.0332E-3	1.0469E-1
5.5700E-4	9.7656E-3	1.0835E-1
5.5800E-4	1.0010E-2	1.1143E-1
5.5900E-4	9.2773E-3	1.1621E-1
5.6000E-4	9.7656E-3	1.2139E-1
5.6100E-4	1.0010E-2	1.2764E-1
5.6200E-4	9.2773E-3	1.3311E-1
5.6300E-4	9.5215E-3	1.3867E-1
5.6400E-4	9.5215E-3	1.4419E-1
5.6500E-4	9.7656E-3	1.5151E-1
5.6600E-4	9.2773E-3	1.5645E-1
5.6700E-4	1.0254E-2	1.6201E-1
5.6800E-4	9.2773E-3	1.6597E-1
5.6900E-4	9.0332E-3	1.6797E-1
5.7000E-4	9.2773E-3	1.6992E-1
5.7100E-4	9.5215E-3	1.7441E-1
5.7200E-4	9.5215E-3	1.7891E-1
5.7300E-4	9.5215E-3	1.8457E-1
5.7400E-4	9.0332E-3	1.9009E-1
5.7500E-4	9.7656E-3	1.9399E-1
5.7600E-4	1.0010E-2	1.9717E-1
5.7700E-4	9.5215E-3	1.9941E-1
5.7800E-4	9.5215E-3	2.0244E-1
5.7900E-4	1.0010E-2	2.0708E-1
5.8000E-4	9.7656E-3	2.1328E-1
5.8100E-4	9.7656E-3	2.1860E-1
5.8200E-4	9.5215E-3	2.2339E-1
5.8300E-4	9.7656E-3	2.2578E-1
5.8400E-4	1.0498E-2	2.2588E-1
5.8500E-4	9.5215E-3	2.2510E-1
5.8600E-4	9.5215E-3	2.2529E-1
5.8700E-4	9.7656E-3	2.2695E-1
5.8800E-4	9.2773E-3	2.3330E-1
5.8900E-4	9.7656E-3	2.4092E-1
5.9000E-4	9.2773E-3	2.4775E-1
5.9100E-4	9.7656E-3	2.5386E-1
5.9200E-4	9.2773E-3	2.5894E-1
5.9300E-4	1.0010E-2	2.6104E-1
5.9400E-4	9.5215E-3	2.6152E-1
5.9500E-4	9.5215E-3	2.6250E-1
5.9600E-4	1.0742E-2	2.6113E-1
5.9700E-4	1.0010E-2	2.6094E-1
5.9800E-4	9.0332E-3	2.5962E-1
5.9900E-4	9.5215E-3	2.5854E-1
6.0000E-4	9.7656E-3	2.5669E-1
6.0100E-4	9.5215E-3	2.5679E-1
6.0200E-4	1.0254E-2	2.5518E-1
6.0300E-4	1.0010E-2	2.5332E-1
6.0400E-4	9.5215E-3	2.5117E-1
6.0500E-4	9.7656E-3	2.5117E-1
6.0600E-4	9.0332E-3	2.5029E-1
6.0700E-4	9.7656E-3	2.4922E-1
6.0800E-4	9.2773E-3	2.4946E-1
6.0900E-4	1.0010E-2	2.5000E-1
6.1000E-4	9.2773E-3	2.4707E-1
6.1100E-4	9.7656E-3	2.4351E-1
6.1200E-4	9.2773E-3	2.4063E-1
6.1300E-4	1.0010E-2	2.3735E-1
6.1400E-4	9.5215E-3	2.3223E-1
6.1500E-4	1.0010E-2	2.2891E-1
6.1600E-4	1.0254E-2	2.2563E-1
6.1700E-4	9.5215E-3	2.2290E-1
6.1800E-4	9.2773E-3	2.1978E-1
6.1900E-4	1.0010E-2	2.1904E-1
6.2000E-4	9.0332E-3	2.1831E-1
6.2100E-4	9.5215E-3	2.1768E-1
6.2200E-4	9.2773E-3	2.1445E-1
6.2300E-4	1.0010E-2	2.1064E-1
6.2400E-4	1.0010E-2	2.0718E-1
6.2500E-4	8.7891E-3	2.0386E-1
6.2600E-4	9.7656E-3	2.0039E-1
6.2700E-4	9.7656E-3	1.9814E-1
6.2800E-4	8.7891E-3	1.9741E-1
6.2900E-4	9.5215E-3	1.9800E-1
6.3000E-4	9.2773E-3	1.9756E-1
6.3100E-4	9.2773E-3	1.9780E-1
6.3200E-4	9.2773E-3	1.9751E-1
6.3300E-4	9.5215E-3	1.9629E-1
6.3400E-4	9.0332E-3	1.9146E-1
6.3500E-4	1.0010E-2	1.8584E-1
6.3600E-4	9.5215E-3	1.7979E-1
6.3700E-4	9.7656E-3	1.7358E-1
6.3800E-4	9.2773E-3	1.6729E-1
6.3900E-4	9.2773E-3	1.6396E-1
6.4000E-4	9.2773E-3	1.6167E-1
6.4100E-4	9.5215E-3	1.6133E-1
6.4200E-4	9.2773E-3	1.6064E-1
6.4300E-4	1.0010E-2	1.6084E-1
6.4400E-4	9.2773E-3	1.5889E-1
6.4500E-4	9.2773E-3	1.5601E-1
6.4600E-4	9.2773E-3	1.5278E-1
6.4700E-4	9.7656E-3	1.5112E-1
6.4800E-4	9.5215E-3	1.4819E-1
6.4900E-4	9.2773E-3	1.4575E-1
6.5000E-4	9.5215E-3	1.4434E-1
6.5100E-4	9.7656E-3	1.4341E-1
6.5200E-4	9.2773E-3	1.4243E-1
6.5300E-4	9.0332E-3	1.4023E-1
6.5400E-4	9.0332E-3	1.4106E-1
6.5500E-4	1.0254E-2	1.4277E-1
6.5600E-4	1.0010E-2	1.4414E-1
6.5700E-4	1.0010E-2	1.4531E-1
6.5800E-4	9.0332E-3	1.4766E-1
6.5900E-4	9.5215E-3	1.4614E-1
6.6000E-4	9.2773E-3	1.4385E-1
6.6100E-4	9.7656E-3	1.4214E-1
6.6200E-4	9.7656E-3	1.4019E-1
6.6300E-4	9.5215E-3	1.3804E-1
6.6400E-4	9.5215E-3	1.3633E-1
6.6500E-4	9.7656E-3	1.3462E-1
6.6600E-4	9.5215E-3	1.3247E-1
6.6700E-4	9.7656E-3	1.3159E-1
6.6800E-4	9.2773E-3	1.3096E-1
6.6900E-4	9.5215E-3	1.3120E-1
6.7000E-4	9.7656E-3	1.3096E-1
6.7100E-4	9.7656E-3	1.2988E-1
6.7200E-4	1.0010E-2	1.3008E-1
6.7300E-4	9.2773E-3	1.3018E-1
6.7400E-4	9.0332E-3	1.3062E-1
6.7500E-4	9.7656E-3	1.3315E-1
6.7600E-4	1.0010E-2	1.3467E-1
6.7700E-4	9.5215E-3	1.3472E-1
6.7800E-4	9.2773E-3	1.3496E-1
6.7900E-4	1.0010E-2	1.3667E-1
6.8000E-4	9.5215E-3	1.3604E-1
6.8100E-4	9.5215E-3	1.3721E-1
6.8200E-4	9.7656E-3	1.3755E-1
6.8300E-4	1.0010E-2	1.3906E-1
6.8400E-4	9.2773E-3	1.4077E-1
6.8500E-4	1.0010E-2	1.4380E-1
6.8600E-4	9.5215E-3	1.4697E-1
6.8700E-4	1.0254E-2	1.5093E-1
6.8800E-4	1.0254E-2	1.5601E-1
6.8900E-4	9.2773E-3	1.5928E-1
6.9000E-4	9.5215E-3	1.6294E-1
6.9100E-4	1.0254E-2	1.6562E-1
6.9200E-4	9.2773E-3	1.6885E-1
6.9300E-4	9.7656E-3	1.7051E-1
6.9400E-4	9.5215E-3	1.7119E-1
6.9500E-4	9.5215E-3	1.6987E-1
6.9600E-4	1.0010E-2	1.6953E-1
6.9700E-4	9.2773E-3	1.6714E-1
6.9800E-4	9.0332E-3	1.6431E-1
6.9900E-4	1.0254E-2	1.6431E-1
7.0000E-4	9.0332E-3	1.6641E-1
7.0100E-4	9.0332E-3	1.6826E-1
7.0200E-4	9.5215E-3	1.7114E-1
7.0300E-4	8.7891E-3	1.7441E-1
7.0400E-4	9.2773E-3	1.7773E-1
7.0500E-4	9.7656E-3	1.7891E-1
7.0600E-4	9.5215E-3	1.7998E-1
7.0700E-4	9.7656E-3	1.8267E-1
7.0800E-4	1.0010E-2	1.8579E-1
7.0900E-4	1.0254E-2	1.8774E-1
7.1000E-4	9.5215E-3	1.9189E-1
7.1100E-4	9.7656E-3	1.9653E-1
7.1200E-4	9.0332E-3	1.9985E-1
7.1300E-4	1.0010E-2	2.0317E-1
7.1400E-4	9.7656E-3	2.0596E-1
7.1500E-4	1.0010E-2	2.0962E-1
7.1600E-4	1.0010E-2	2.1206E-1
7.1700E-4	9.0332E-3	2.1304E-1
7.1800E-4	9.0332E-3	2.1440E-1
7.1900E-4	1.0010E-2	2.1514E-1
7.2000E-4	9.2773E-3	2.1533E-1
7.2100E-4	9.0332E-3	2.1768E-1
7.2200E-4	9.5215E-3	2.2148E-1
7.2300E-4	9.2773E-3	2.2861E-1
7.2400E-4	9.5215E-3	2.3560E-1
7.2500E-4	9.7656E-3	2.4077E-1
7.2600E-4	9.2773E-3	2.4497E-1
7.2700E-4	9.7656E-3	2.4751E-1
7.2800E-4	9.5215E-3	2.4668E-1
7.2900E-4	1.0498E-2	2.4585E-1
7.3000E-4	9.5215E-3	2.4766E-1
7.3100E-4	1.0010E-2	2.4893E-1
7.3200E-4	9.2773E-3	2.5049E-1
7.3300E-4	9.5215E-3	2.5078E-1
7.3400E-4	9.5215E-3	2.5073E-1
7.3500E-4	9.0332E-3	2.4839E-1
7.3600E-4	9.5215E-3	2.4487E-1
7.3700E-4	9.7656E-3	2.4087E-1
7.3800E-4	9.2773E-3	2.3774E-1
7.3900E-4	9.0332E-3	2.3613E-1
7.4000E-4	9.7656E-3	2.3535E-1
7.4100E-4	9.7656E-3	2.3638E-1
7.4200E-4	9.7656E-3	2.3975E-1
7.4300E-4	9.5215E-3	2.4150E-1
7.4400E-4	9.5215E-3	2.4199E-1
7.4500E-4	9.2773E-3	2.4229E-1
7.4600E-4	9.5215E-3	2.4336E-1
7.4700E-4	9.2773E-3	2.4292E-1
7.4800E-4	9.7656E-3	2.4365E-1
7.4900E-4	9.5215E-3	2.4380E-1
7.5000E-4	9.7656E-3	2.4424E-1
7.5100E-4	9.7656E-3	2.4229E-1
7.5200E-4	9.5215E-3	2.4033E-1
7.5300E-4	1.0010E-2	2.3716E-1
7.5400E-4	9.7656E-3	2.3623E-1
7.5500E-4	1.0010E-2	2.3359E-1
7.5600E-4	9.5215E-3	2.3267E-1
7.5700E-4	9.0332E-3	2.3086E-1
7.5800E-4	9.2773E-3	2.2944E-1
7.5900E-4	9.2773E-3	2.2661E-1
7.6000E-4	9.5215E-3	2.2495E-1
7.6100E-4	1.0010E-2	2.2324E-1
7.6200E-4	9.7656E-3	2.2388E-1
7.6300E-4	1.0010E-2	2.2583E-1
7.6400E-4	9.2773E-3	2.2759E-1
7.6500E-4	9.2773E-3	2.3032E-1
7.6600E-4	9.2773E-3	2.3125E-1
7.6700E-4	9.2773E-3	2.3184E-1
7.6800E-4	1.0254E-2	2.3149E-1
7.6900E-4	9.2773E-3	2.2979E-1
7.7000E-4	9.5215E-3	2.2627E-1
7.7100E-4	9.0332E-3	2.2187E-1
7.7200E-4	9.2773E-3	2.1455E-1
7.7300E-4	1.0010E-2	2.0723E-1
7.7400E-4	9.7656E-3	2.0176E-1
7.7500E-4	9.7656E-3	1.9780E-1
7.7600E-4	9.2773E-3	1.9468E-1
7.7700E-4	9.7656E-3	1.9438E-1
7.7800E-4	9.2773E-3	1.9341E-1
7.7900E-4	9.5215E-3	1.9385E-1
7.8000E-4	9.5215E-3	1.9282E-1
7.8100E-4	9.2773E-3	1.9326E-1
7.8200E-4	9.7656E-3	1.9229E-1
7.8300E-4	9.2773E-3	1.9219E-1
7.8400E-4	9.7656E-3	1.9053E-1
7.8500E-4	1.0010E-2	1.8843E-1
7.8600E-4	9.7656E-3	1.8623E-1
7.8700E-4	9.7656E-3	1.8608E-1
7.8800E-4	1.0010E-2	1.8345E-1
7.8900E-4	1.0254E-2	1.7969E-1
7.9000E-4	9.5215E-3	1.7861E-1
7.9100E-4	9.2773E-3	1.7710E-1
7.9200E-4	9.2773E-3	1.7495E-1
7.9300E-4	9.5215E-3	1.7378E-1
7.9400E-4	1.0010E-2	1.7373E-1
7.9500E-4	9.5215E-3	1.7324E-1
7.9600E-4	1.0010E-2	1.7271E-1
7.9700E-4	1.0010E-2	1.7256E-1
7.9800E-4	9.5215E-3	1.7363E-1
7.9900E-4	9.7656E-3	1.7197E-1
8.0000E-4	1.0498E-2	1.6943E-1
8.0100E-4	9.7656E-3	1.6655E-1
8.0200E-4	9.5215E-3	1.6323E-1
8.0300E-4	9.5215E-3	1.6094E-1
8.0400E-4	9.5215E-3	1.6260E-1
8.0500E-4	1.0010E-2	1.6543E-1
8.0600E-4	9.2773E-3	1.7002E-1
8.0700E-4	9.5215E-3	1.7388E-1
8.0800E-4	9.5215E-3	1.7959E-1
8.0900E-4	9.0332E-3	1.8306E-1
8.1000E-4	9.2773E-3	1.8599E-1
8.1100E-4	9.2773E-3	1.8662E-1
8.1200E-4	8.7891E-3	1.8647E-1
8.1300E-4	8.7891E-3	1.8369E-1
8.1400E-4	9.7656E-3	1.8184E-1
8.1500E-4	1.0010E-2	1.7998E-1
8.1600E-4	9.5215E-3	1.8027E-1
8.1700E-4	9.5215E-3	1.8169E-1
8.1800E-4	9.0332E-3	1.8379E-1
8.1900E-4	9.7656E-3	1.8594E-1
8.2000E-4	9.7656E-3	1.8774E-1
8.2100E-4	9.5215E-3	1.8789E-1
8.2200E-4	9.2773E-3	1.8677E-1
8.2300E-4	9.5215E-3	1.8516E-1
8.2400E-4	9.5215E-3	1.8418E-1
8.2500E-4	1.0010E-2	1.8452E-1
8.2600E-4	1.0010E-2	1.8447E-1
8.2700E-4	9.0332E-3	1.8574E-1
8.2800E-4	9.2773E-3	1.8618E-1
8.2900E-4	1.0010E-2	1.8472E-1
8.3000E-4	9.5215E-3	1.8145E-1
8.3100E-4	9.7656E-3	1.8091E-1
8.3200E-4	1.0254E-2	1.8115E-1
8.3300E-4	9.7656E-3	1.8252E-1
8.3400E-4	9.5215E-3	1.8560E-1
8.3500E-4	9.0332E-3	1.8931E-1
8.3600E-4	9.7656E-3	1.9253E-1
8.3700E-4	9.7656E-3	1.9546E-1
8.3800E-4	9.5215E-3	1.9814E-1
8.3900E-4	9.2773E-3	2.0024E-1
8.4000E-4	9.2773E-3	2.0068E-1
8.4100E-4	9.0332E-3	1.9976E-1
8.4200E-4	8.7891E-3	1.9805E-1
8.4300E-4	9.2773E-3	1.9585E-1
8.4400E-4	9.2773E-3	1.9404E-1
8.4500E-4	9.5215E-3	1.9365E-1
8.4600E-4	1.0010E-2	1.9248E-1
8.4700E-4	1.0010E-2	1.9312E-1
8.4800E-4	9.5215E-3	1.9292E-1
8.4900E-4	9.5215E-3	1.9292E-1
8.5000E-4	9.5215E-3	1.9380E-1
8.5100E-4	9.2773E-3	1.9629E-1
8.5200E-4	9.5215E-3	1.9810E-1
8.5300E-4	9.0332E-3	2.0313E-1
8.5400E-4	9.5215E-3	2.0923E-1
8.5500E-4	1.0254E-2	2.1523E-1
8.5600E-4	9.5215E-3	2.2002E-1
8.5700E-4	9.7656E-3	2.2524E-1
8.5800E-4	9.0332E-3	2.2886E-1
8.5900E-4	9.2773E-3	2.3081E-1
8.6000E-4	9.2773E-3	2.3276E-1
8.6100E-4	9.7656E-3	2.3340E-1
8.6200E-4	9.2773E-3	2.3369E-1
8.6300E-4	9.7656E-3	2.3379E-1
8.6400E-4	9.2773E-3	2.3457E-1
8.6500E-4	9.2773E-3	2.3369E-1
8.6600E-4	9.2773E-3	2.3481E-1
8.6700E-4	1.0010E-2	2.3433E-1
8.6800E-4	1.0010E-2	2.3364E-1
8.6900E-4	9.5215E-3	2.3169E-1
8.7000E-4	9.2773E-3	2.3188E-1
8.7100E-4	8.7891E-3	2.3364E-1
8.7200E-4	9.7656E-3	2.3579E-1
8.7300E-4	9.0332E-3	2.3740E-1
8.7400E-4	9.0332E-3	2.3833E-1
8.7500E-4	9.2773E-3	2.3589E-1
8.7600E-4	1.0010E-2	2.3164E-1
8.7700E-4	9.0332E-3	2.2729E-1
8.7800E-4	9.5215E-3	2.2290E-1
8.7900E-4	9.2773E-3	2.2134E-1
8.8000E-4	1.0010E-2	2.2393E-1
8.8100E-4	8.7891E-3	2.2534E-1
8.8200E-4	9.7656E-3	2.2759E-1
8.8300E-4	9.5215E-3	2.3042E-1
8.8400E-4	9.0332E-3	2.3154E-1
8.8500E-4	9.5215E-3	2.2949E-1
8.8600E-4	9.5215E-3	2.2798E-1
8.8700E-4	8.7891E-3	2.2646E-1
8.8800E-4	9.5215E-3	2.2461E-1
8.8900E-4	9.7656E-3	2.2197E-1
8.9000E-4	1.0010E-2	2.1890E-1
8.9100E-4	9.2773E-3	2.1523E-1
8.9200E-4	9.7656E-3	2.1104E-1
8.9300E-4	9.5215E-3	2.0830E-1
8.9400E-4	9.5215E-3	2.0513E-1
8.9500E-4	9.7656E-3	2.0181E-1
8.9600E-4	1.0498E-2	1.9976E-1
8.9700E-4	9.5215E-3	1.9854E-1
8.9800E-4	9.5215E-3	1.9487E-1
8.9900E-4	1.0010E-2	1.9053E-1
9.0000E-4	9.2773E-3	1.8848E-1
9.0100E-4	9.0332E-3	1.8481E-1
9.0200E-4	9.5215E-3	1.8140E-1
9.0300E-4	9.2773E-3	1.8066E-1
9.0400E-4	9.0332E-3	1.8232E-1
9.0500E-4	9.2773E-3	1.8491E-1
9.0600E-4	9.7656E-3	1.8906E-1
9.0700E-4	9.2773E-3	1.9272E-1
9.0800E-4	8.7891E-3	1.9517E-1
9.0900E-4	1.0010E-2	1.9775E-1
9.1000E-4	9.7656E-3	1.9658E-1
9.1100E-4	9.7656E-3	1.9434E-1
9.1200E-4	1.0010E-2	1.9023E-1
9.1300E-4	9.7656E-3	1.8540E-1
9.1400E-4	9.2773E-3	1.7988E-1
9.1500E-4	1.0498E-2	1.7461E-1
9.1600E-4	9.2773E-3	1.7222E-1
9.1700E-4	9.5215E-3	1.7153E-1
9.1800E-4	9.0332E-3	1.7139E-1
9.1900E-4	9.2773E-3	1.6982E-1
9.2000E-4	9.2773E-3	1.6807E-1
9.2100E-4	9.0332E-3	1.6187E-1
9.2200E-4	9.0332E-3	1.5425E-1
9.2300E-4	9.2773E-3	1.4453E-1
9.2400E-4	9.5215E-3	1.3545E-1
9.2500E-4	1.0010E-2	1.2808E-1
9.2600E-4	9.7656E-3	1.2412E-1
9.2700E-4	9.7656E-3	1.2202E-1
9.2800E-4	1.0010E-2	1.2124E-1
9.2900E-4	9.5215E-3	1.2109E-1
9.3000E-4	9.2773E-3	1.2017E-1
9.3100E-4	1.0010E-2	1.1680E-1
9.3200E-4	9.7656E-3	1.1182E-1
9.3300E-4	9.2773E-3	1.0571E-1
9.3400E-4	9.2773E-3	9.9609E-2
9.3500E-4	9.7656E-3	9.3652E-2
9.3600E-4	9.5215E-3	8.7109E-2
9.3700E-4	1.0010E-2	8.1250E-2
9.3800E-4	9.2773E-3	7.6709E-2
9.3900E-4	9.2773E-3	6.9824E-2
9.4000E-4	9.5215E-3	6.1719E-2
9.4100E-4	9.2773E-3	5.5566E-2
9.4200E-4	9.0332E-3	4.8145E-2
9.4300E-4	9.7656E-3	4.0771E-2
9.4400E-4	9.7656E-3	3.6328E-2
9.4500E-4	9.2773E-3	3.3496E-2
9.4600E-4	9.2773E-3	2.9492E-2
9.4700E-4	9.7656E-3	2.5684E-2
9.4800E-4	9.5215E-3	2.1826E-2
9.4900E-4	9.5215E-3	1.7285E-2
9.5000E-4	9.2773E-3	1.3477E-2
9.5100E-4	9.0332E-3	1.1133E-2
9.5200E-4	9.5215E-3	1.2109E-2
9.5300E-4	9.7656E-3	1.3770E-2
9.5400E-4	9.7656E-3	1.6455E-2
9.5500E-4	9.0332E-3	1.7969E-2
9.5600E-4	9.5215E-3	2.0166E-2
9.5700E-4	9.2773E-3	2.0215E-2
9.5800E-4	9.5215E-3	2.0605E-2
9.5900E-4	9.2773E-3	1.9922E-2
9.6000E-4	9.5215E-3	1.8408E-2
9.6100E-4	9.5215E-3	1.5674E-2
9.6200E-4	9.7656E-3	1.2109E-2
9.6300E-4	9.2773E-3	9.5215E-3
9.6400E-4	9.7656E-3	7.5195E-3
9.6500E-4	9.2773E-3	6.3477E-3
9.6600E-4	9.0332E-3	6.4941E-3
9.6700E-4	9.7656E-3	7.1289E-3
9.6800E-4	1.0498E-2	6.3965E-3
9.6900E-4	9.2773E-3	5.5664E-3
9.7000E-4	9.5215E-3	5.1758E-3
9.7100E-4	9.2773E-3	1.9043E-3
9.7200E-4	1.0498E-2	1.9531E-4
9.7300E-4	1.0010E-2	-6.3477E-4
9.7400E-4	9.5215E-3	-2.6855E-3
9.7500E-4	9.7656E-3	-6.2500E-3
9.7600E-4	9.0332E-3	-7.8613E-3
9.7700E-4	1.0010E-2	-9.5215E-3
9.7800E-4	9.2773E-3	-1.0449E-2
9.7900E-4	9.5215E-3	-9.3750E-3
9.8000E-4	9.2773E-3	-5.3711E-3
9.8100E-4	9.5215E-3	-1.8066E-3
9.8200E-4	9.5215E-3	1.3184E-3
9.8300E-4	1.0010E-2	2.2461E-3
9.8400E-4	9.7656E-3	2.7344E-3
9.8500E-4	1.0010E-2	1.9531E-4
9.8600E-4	9.5215E-3	-4.2969E-3
9.8700E-4	9.5215E-3	-1.1230E-2
9.8800E-4	9.2773E-3	-1.7236E-2
9.8900E-4	9.7656E-3	-2.1729E-2
9.9000E-4	9.0332E-3	-2.4365E-2
9.9100E-4	1.0254E-2	-2.2559E-2
9.9200E-4	9.2773E-3	-1.9385E-2
9.9300E-4	9.5215E-3	-1.7236E-2
9.9400E-4	9.5215E-3	-1.5918E-2
9.9500E-4	9.2773E-3	-1.4502E-2
9.9600E-4	1.0254E-2	-1.7139E-2
9.9700E-4	9.7656E-3	-1.9287E-2
9.9800E-4	9.2773E-3	-1.9287E-2
9.9900E-4	9.5215E-3	-1.9287E-2
