Time [s]	Aux in [V]	Main in [V]
0.0000E+0	9.5215E-3	4.1665E-1
1.0000E-6	1.0010E-2	3.5732E-1
2.0000E-6	9.7656E-3	2.9053E-1
3.0000E-6	9.2773E-3	2.1763E-1
4.0000E-6	9.2773E-3	1.6548E-1
5.0000E-6	1.0254E-2	1.3125E-1
6.0000E-6	9.0332E-3	1.1499E-1
7.0000E-6	9.7656E-3	1.0566E-1
8.0000E-6	9.5215E-3	1.0415E-1
9.0000E-6	1.0254E-2	1.0713E-1
1.0000E-5	9.2773E-3	1.1265E-1
1.1000E-5	9.5215E-3	1.1855E-1
1.2000E-5	9.2773E-3	1.2466E-1
1.3000E-5	9.2773E-3	1.2690E-1
1.4000E-5	9.7656E-3	1.2539E-1
1.5000E-5	9.7656E-3	1.2070E-1
1.6000E-5	1.0010E-2	1.1157E-1
1.7000E-5	9.2773E-3	1.0249E-1
1.8000E-5	9.7656E-3	9.8145E-2
1.9000E-5	1.0010E-2	9.4678E-2
2.0000E-5	9.0332E-3	9.3213E-2
2.1000E-5	9.7656E-3	9.5752E-2
2.2000E-5	1.0010E-2	9.7949E-2
2.3000E-5	9.7656E-3	9.7803E-2
2.4000E-5	9.7656E-3	9.9854E-2
2.5000E-5	9.7656E-3	1.0503E-1
2.6000E-5	9.7656E-3	1.0801E-1
2.7000E-5	1.0254E-2	1.1206E-1
2.8000E-5	9.5215E-3	1.1704E-1
2.9000E-5	1.0010E-2	1.2197E-1
3.0000E-5	1.0010E-2	1.2759E-1
3.1000E-5	9.7656E-3	1.3970E-1
3.2000E-5	1.0010E-2	1.5645E-1
3.3000E-5	9.7656E-3	1.7783E-1
3.4000E-5	9.2773E-3	2.0791E-1
3.5000E-5	8.7891E-3	2.4629E-1
3.6000E-5	9.2773E-3	2.9312E-1
3.7000E-5	1.0254E-2	3.5161E-1
3.8000E-5	9.5215E-3	4.2700E-1
3.9000E-5	9.7656E-3	5.1870E-1
4.0000E-5	1.0498E-2	6.2451E-1
4.1000E-5	9.5215E-3	7.4048E-1
4.2000E-5	9.2773E-3	8.5308E-1
4.3000E-5	9.7656E-3	9.4536E-1
4.4000E-5	9.2773E-3	1.0049E+0
4.5000E-5	9.5215E-3	1.0248E+0
4.6000E-5	9.7656E-3	1.0003E+0
4.7000E-5	1.0254E-2	9.4175E-1
4.8000E-5	9.5215E-3	8.5732E-1
4.9000E-5	9.5215E-3	7.5957E-1
5.0000E-5	9.7656E-3	6.6284E-1
5.1000E-5	9.5215E-3	5.7578E-1
5.2000E-5	9.0332E-3	5.0532E-1
5.3000E-5	9.5215E-3	4.5527E-1
5.4000E-5	9.5215E-3	4.2529E-1
5.5000E-5	9.5215E-3	4.1025E-1
5.6000E-5	9.0332E-3	4.1206E-1
5.7000E-5	9.7656E-3	4.2397E-1
5.8000E-5	9.7656E-3	4.4600E-1
5.9000E-5	9.5215E-3	4.7471E-1
6.0000E-5	9.0332E-3	5.1084E-1
6.1000E-5	9.5215E-3	5.5107E-1
6.2000E-5	9.5215E-3	5.9688E-1
6.3000E-5	9.0332E-3	6.4580E-1
6.4000E-5	9.0332E-3	7.0029E-1
6.5000E-5	1.0010E-2	7.5728E-1
6.6000E-5	9.2773E-3	8.1699E-1
6.7000E-5	1.0010E-2	8.7354E-1
6.8000E-5	1.0010E-2	9.2681E-1
6.9000E-5	9.0332E-3	9.6660E-1
7.0000E-5	9.2773E-3	9.9170E-1
7.1000E-5	9.2773E-3	9.9795E-1
7.2000E-5	9.5215E-3	9.8623E-1
7.3000E-5	1.0498E-2	9.5703E-1
7.4000E-5	9.5215E-3	9.1587E-1
7.5000E-5	1.0254E-2	8.6260E-1
7.6000E-5	9.2773E-3	8.0298E-1
7.7000E-5	9.5215E-3	7.4321E-1
7.8000E-5	9.7656E-3	6.8472E-1
7.9000E-5	9.7656E-3	6.3525E-1
8.0000E-5	9.5215E-3	5.9717E-1
8.1000E-5	9.2773E-3	5.7134E-1
8.2000E-5	9.2773E-3	5.5469E-1
8.3000E-5	9.2773E-3	5.5044E-1
8.4000E-5	9.5215E-3	5.5405E-1
8.5000E-5	9.5215E-3	5.6699E-1
8.6000E-5	9.5215E-3	5.8584E-1
8.7000E-5	9.5215E-3	6.1436E-1
8.8000E-5	9.5215E-3	6.4619E-1
8.9000E-5	9.7656E-3	6.8604E-1
9.0000E-5	9.5215E-3	7.2949E-1
9.1000E-5	9.0332E-3	7.7837E-1
9.2000E-5	9.5215E-3	8.3071E-1
9.3000E-5	9.5215E-3	8.8652E-1
9.4000E-5	9.7656E-3	9.3550E-1
9.5000E-5	1.0010E-2	9.7632E-1
9.6000E-5	9.2773E-3	1.0048E+0
9.7000E-5	1.0010E-2	1.0142E+0
9.8000E-5	9.0332E-3	1.0064E+0
9.9000E-5	9.5215E-3	9.8491E-1
1.0000E-4	1.0010E-2	9.5469E-1
1.0100E-4	1.0254E-2	9.1357E-1
1.0200E-4	9.5215E-3	8.6909E-1
1.0300E-4	9.2773E-3	8.2334E-1
1.0400E-4	9.5215E-3	7.7866E-1
1.0500E-4	9.5215E-3	7.3408E-1
1.0600E-4	9.5215E-3	6.9580E-1
1.0700E-4	9.7656E-3	6.6270E-1
1.0800E-4	9.5215E-3	6.3540E-1
1.0900E-4	9.7656E-3	6.1431E-1
1.1000E-4	9.7656E-3	6.0317E-1
1.1100E-4	9.7656E-3	5.9976E-1
1.1200E-4	9.0332E-3	6.0522E-1
1.1300E-4	9.7656E-3	6.2104E-1
1.1400E-4	9.2773E-3	6.4478E-1
1.1500E-4	9.5215E-3	6.7344E-1
1.1600E-4	9.5215E-3	7.1030E-1
1.1700E-4	1.0254E-2	7.5444E-1
1.1800E-4	9.7656E-3	8.0352E-1
1.1900E-4	9.7656E-3	8.5630E-1
1.2000E-4	1.0010E-2	9.0918E-1
1.2100E-4	9.5215E-3	9.5420E-1
1.2200E-4	9.2773E-3	9.8721E-1
1.2300E-4	9.2773E-3	1.0045E+0
1.2400E-4	9.2773E-3	1.0064E+0
1.2500E-4	9.5215E-3	9.9282E-1
1.2600E-4	9.5215E-3	9.6724E-1
1.2700E-4	1.0498E-2	9.3228E-1
1.2800E-4	9.2773E-3	8.9077E-1
1.2900E-4	9.5215E-3	8.4575E-1
1.3000E-4	9.2773E-3	7.9897E-1
1.3100E-4	1.0254E-2	7.5400E-1
1.3200E-4	1.0254E-2	7.1362E-1
1.3300E-4	9.2773E-3	6.7798E-1
1.3400E-4	9.0332E-3	6.4893E-1
1.3500E-4	1.0010E-2	6.2988E-1
1.3600E-4	9.0332E-3	6.1792E-1
1.3700E-4	1.0010E-2	6.1279E-1
1.3800E-4	9.2773E-3	6.1592E-1
1.3900E-4	9.5215E-3	6.2637E-1
1.4000E-4	8.7891E-3	6.4541E-1
1.4100E-4	9.7656E-3	6.7227E-1
1.4200E-4	9.2773E-3	7.0937E-1
1.4300E-4	9.7656E-3	7.5439E-1
1.4400E-4	9.2773E-3	8.0723E-1
1.4500E-4	9.7656E-3	8.5928E-1
1.4600E-4	1.0254E-2	9.1235E-1
1.4700E-4	9.2773E-3	9.5894E-1
1.4800E-4	1.0010E-2	9.9424E-1
1.4900E-4	9.2773E-3	1.0116E+0
1.5000E-4	9.0332E-3	1.0178E+0
1.5100E-4	9.7656E-3	1.0071E+0
1.5200E-4	9.5215E-3	9.8477E-1
1.5300E-4	9.2773E-3	9.5391E-1
1.5400E-4	9.5215E-3	9.1870E-1
1.5500E-4	9.5215E-3	8.7656E-1
1.5600E-4	1.0010E-2	8.3418E-1
1.5700E-4	1.0010E-2	7.8867E-1
1.5800E-4	9.5215E-3	7.4443E-1
1.5900E-4	1.0254E-2	7.0684E-1
1.6000E-4	9.2773E-3	6.7754E-1
1.6100E-4	9.7656E-3	6.5342E-1
1.6200E-4	9.2773E-3	6.3774E-1
1.6300E-4	9.2773E-3	6.2964E-1
1.6400E-4	9.7656E-3	6.2822E-1
1.6500E-4	1.0010E-2	6.3218E-1
1.6600E-4	9.5215E-3	6.4409E-1
1.6700E-4	9.5215E-3	6.6494E-1
1.6800E-4	9.0332E-3	6.9390E-1
1.6900E-4	9.5215E-3	7.2729E-1
1.7000E-4	9.7656E-3	7.6729E-1
1.7100E-4	9.7656E-3	8.1436E-1
1.7200E-4	1.0254E-2	8.6274E-1
1.7300E-4	9.2773E-3	9.0884E-1
1.7400E-4	9.5215E-3	9.5107E-1
1.7500E-4	9.7656E-3	9.8330E-1
1.7600E-4	8.7891E-3	1.0025E+0
1.7700E-4	9.7656E-3	1.0060E+0
1.7800E-4	9.5215E-3	9.9502E-1
1.7900E-4	1.0010E-2	9.7134E-1
1.8000E-4	8.7891E-3	9.3853E-1
1.8100E-4	9.5215E-3	8.9839E-1
1.8200E-4	9.5215E-3	8.5723E-1
1.8300E-4	9.5215E-3	8.1631E-1
1.8400E-4	9.7656E-3	7.7583E-1
1.8500E-4	9.7656E-3	7.3599E-1
1.8600E-4	9.5215E-3	7.0083E-1
1.8700E-4	9.5215E-3	6.7183E-1
1.8800E-4	1.0010E-2	6.5039E-1
1.8900E-4	1.0010E-2	6.3623E-1
1.9000E-4	9.7656E-3	6.3232E-1
1.9100E-4	9.7656E-3	6.3687E-1
1.9200E-4	9.5215E-3	6.4863E-1
1.9300E-4	1.0010E-2	6.6685E-1
1.9400E-4	9.2773E-3	6.9448E-1
1.9500E-4	9.2773E-3	7.2974E-1
1.9600E-4	1.0010E-2	7.6934E-1
1.9700E-4	9.0332E-3	8.1406E-1
1.9800E-4	9.5215E-3	8.6118E-1
1.9900E-4	9.5215E-3	9.0698E-1
2.0000E-4	1.0010E-2	9.4717E-1
2.0100E-4	1.0010E-2	9.7964E-1
2.0200E-4	9.2773E-3	9.9956E-1
2.0300E-4	9.7656E-3	1.0042E+0
2.0400E-4	9.5215E-3	9.9438E-1
2.0500E-4	1.0254E-2	9.7319E-1
2.0600E-4	9.5215E-3	9.4341E-1
2.0700E-4	9.5215E-3	9.0728E-1
2.0800E-4	9.5215E-3	8.6890E-1
2.0900E-4	1.0254E-2	8.2866E-1
2.1000E-4	9.5215E-3	7.8838E-1
2.1100E-4	9.5215E-3	7.5146E-1
2.1200E-4	9.7656E-3	7.1685E-1
2.1300E-4	9.5215E-3	6.8770E-1
2.1400E-4	1.0254E-2	6.6675E-1
2.1500E-4	9.7656E-3	6.5303E-1
2.1600E-4	1.0498E-2	6.4360E-1
2.1700E-4	9.5215E-3	6.4370E-1
2.1800E-4	9.7656E-3	6.5337E-1
2.1900E-4	9.7656E-3	6.6948E-1
2.2000E-4	9.7656E-3	6.9229E-1
2.2100E-4	9.5215E-3	7.2368E-1
2.2200E-4	9.5215E-3	7.5986E-1
2.2300E-4	9.7656E-3	7.9912E-1
2.2400E-4	9.2773E-3	8.4229E-1
2.2500E-4	1.0010E-2	8.8574E-1
2.2600E-4	9.7656E-3	9.2578E-1
2.2700E-4	1.0010E-2	9.6074E-1
2.2800E-4	9.7656E-3	9.8560E-1
2.2900E-4	9.2773E-3	9.9531E-1
2.3000E-4	9.5215E-3	9.9165E-1
2.3100E-4	9.7656E-3	9.7461E-1
2.3200E-4	1.0010E-2	9.4771E-1
2.3300E-4	9.7656E-3	9.1211E-1
2.3400E-4	1.0010E-2	8.7222E-1
2.3500E-4	1.0254E-2	8.3252E-1
2.3600E-4	9.5215E-3	7.9468E-1
2.3700E-4	9.2773E-3	7.5635E-1
2.3800E-4	9.2773E-3	7.2505E-1
2.3900E-4	9.7656E-3	7.0166E-1
2.4000E-4	9.7656E-3	6.8335E-1
2.4100E-4	9.0332E-3	6.7163E-1
2.4200E-4	9.7656E-3	6.6694E-1
2.4300E-4	9.7656E-3	6.6758E-1
2.4400E-4	9.0332E-3	6.7275E-1
2.4500E-4	9.2773E-3	6.8228E-1
2.4600E-4	9.5215E-3	6.9800E-1
2.4700E-4	9.5215E-3	7.2065E-1
2.4800E-4	1.0254E-2	7.4966E-1
2.4900E-4	8.7891E-3	7.8408E-1
2.5000E-4	9.7656E-3	8.2505E-1
2.5100E-4	9.7656E-3	8.6680E-1
2.5200E-4	9.2773E-3	9.0981E-1
2.5300E-4	9.5215E-3	9.4810E-1
2.5400E-4	9.2773E-3	9.7666E-1
2.5500E-4	9.7656E-3	9.9155E-1
2.5600E-4	9.2773E-3	9.9453E-1
2.5700E-4	9.7656E-3	9.8452E-1
2.5800E-4	9.5215E-3	9.6323E-1
2.5900E-4	9.7656E-3	9.3633E-1
2.6000E-4	9.5215E-3	9.0532E-1
2.6100E-4	9.2773E-3	8.6880E-1
2.6200E-4	9.5215E-3	8.2739E-1
2.6300E-4	9.0332E-3	7.8550E-1
2.6400E-4	9.5215E-3	7.4360E-1
2.6500E-4	9.2773E-3	7.0361E-1
2.6600E-4	9.2773E-3	6.7002E-1
2.6700E-4	9.2773E-3	6.4448E-1
2.6800E-4	9.5215E-3	6.2646E-1
2.6900E-4	9.5215E-3	6.1655E-1
2.7000E-4	9.2773E-3	6.1655E-1
2.7100E-4	9.7656E-3	6.2744E-1
2.7200E-4	9.0332E-3	6.4639E-1
2.7300E-4	9.2773E-3	6.7085E-1
2.7400E-4	9.2773E-3	7.0288E-1
2.7500E-4	9.5215E-3	7.4023E-1
2.7600E-4	1.0010E-2	7.8022E-1
2.7700E-4	9.2773E-3	8.2231E-1
2.7800E-4	9.2773E-3	8.6714E-1
2.7900E-4	9.7656E-3	9.0918E-1
2.8000E-4	9.0332E-3	9.4507E-1
2.8100E-4	9.7656E-3	9.7031E-1
2.8200E-4	9.2773E-3	9.8306E-1
2.8300E-4	8.7891E-3	9.8208E-1
2.8400E-4	9.7656E-3	9.6738E-1
2.8500E-4	9.5215E-3	9.3984E-1
2.8600E-4	9.2773E-3	9.0381E-1
2.8700E-4	9.5215E-3	8.6299E-1
2.8800E-4	9.2773E-3	8.2070E-1
2.8900E-4	9.5215E-3	7.7720E-1
2.9000E-4	9.2773E-3	7.3735E-1
2.9100E-4	9.2773E-3	7.0381E-1
2.9200E-4	9.2773E-3	6.7646E-1
2.9300E-4	9.2773E-3	6.5483E-1
2.9400E-4	9.7656E-3	6.4214E-1
2.9500E-4	1.0010E-2	6.3594E-1
2.9600E-4	9.2773E-3	6.3667E-1
2.9700E-4	9.5215E-3	6.4424E-1
2.9800E-4	9.7656E-3	6.6045E-1
2.9900E-4	9.2773E-3	6.8413E-1
3.0000E-4	9.2773E-3	7.1602E-1
3.0100E-4	9.5215E-3	7.4937E-1
3.0200E-4	9.7656E-3	7.8799E-1
3.0300E-4	9.7656E-3	8.3013E-1
3.0400E-4	9.7656E-3	8.7461E-1
3.0500E-4	9.5215E-3	9.1748E-1
3.0600E-4	9.2773E-3	9.5713E-1
3.0700E-4	1.0254E-2	9.8691E-1
3.0800E-4	9.2773E-3	1.0033E+0
3.0900E-4	9.2773E-3	1.0046E+0
3.1000E-4	9.7656E-3	9.9238E-1
3.1100E-4	1.0498E-2	9.6899E-1
3.1200E-4	1.0010E-2	9.3433E-1
3.1300E-4	9.0332E-3	8.9004E-1
3.1400E-4	1.0254E-2	8.4131E-1
3.1500E-4	9.7656E-3	7.9160E-1
3.1600E-4	9.0332E-3	7.4458E-1
3.1700E-4	9.5215E-3	7.0371E-1
3.1800E-4	9.5215E-3	6.7417E-1
3.1900E-4	9.5215E-3	6.5366E-1
3.2000E-4	1.0010E-2	6.4004E-1
3.2100E-4	9.5215E-3	6.3296E-1
3.2200E-4	1.0010E-2	6.3213E-1
3.2300E-4	9.2773E-3	6.3467E-1
3.2400E-4	9.2773E-3	6.4175E-1
3.2500E-4	9.2773E-3	6.5664E-1
3.2600E-4	1.0010E-2	6.7974E-1
3.2700E-4	9.7656E-3	7.1274E-1
3.2800E-4	9.5215E-3	7.5303E-1
3.2900E-4	9.5215E-3	7.9771E-1
3.3000E-4	9.7656E-3	8.4414E-1
3.3100E-4	9.5215E-3	8.9082E-1
3.3200E-4	9.2773E-3	9.3101E-1
3.3300E-4	9.7656E-3	9.6465E-1
3.3400E-4	9.2773E-3	9.8853E-1
3.3500E-4	9.2773E-3	9.9775E-1
3.3600E-4	9.5215E-3	9.9341E-1
3.3700E-4	9.5215E-3	9.7886E-1
3.3800E-4	9.5215E-3	9.5093E-1
3.3900E-4	1.0010E-2	9.1528E-1
3.4000E-4	9.2773E-3	8.7500E-1
3.4100E-4	9.7656E-3	8.2993E-1
3.4200E-4	9.2773E-3	7.8496E-1
3.4300E-4	9.2773E-3	7.4414E-1
3.4400E-4	9.5215E-3	7.0762E-1
3.4500E-4	1.0254E-2	6.7969E-1
3.4600E-4	9.0332E-3	6.5991E-1
3.4700E-4	9.7656E-3	6.4697E-1
3.4800E-4	9.7656E-3	6.4292E-1
3.4900E-4	9.7656E-3	6.4712E-1
3.5000E-4	1.0254E-2	6.5498E-1
3.5100E-4	9.2773E-3	6.7129E-1
3.5200E-4	9.5215E-3	6.9370E-1
3.5300E-4	9.7656E-3	7.2129E-1
3.5400E-4	1.0254E-2	7.5347E-1
3.5500E-4	9.7656E-3	7.9419E-1
3.5600E-4	9.7656E-3	8.3779E-1
3.5700E-4	9.2773E-3	8.8389E-1
3.5800E-4	9.2773E-3	9.2627E-1
3.5900E-4	9.5215E-3	9.6216E-1
3.6000E-4	1.0010E-2	9.8838E-1
3.6100E-4	1.0010E-2	9.9937E-1
3.6200E-4	9.7656E-3	9.9604E-1
3.6300E-4	9.2773E-3	9.8320E-1
3.6400E-4	9.5215E-3	9.6250E-1
3.6500E-4	9.5215E-3	9.2983E-1
3.6600E-4	1.0254E-2	8.9453E-1
3.6700E-4	9.7656E-3	8.5273E-1
3.6800E-4	9.0332E-3	8.0796E-1
3.6900E-4	9.7656E-3	7.5996E-1
3.7000E-4	9.5215E-3	7.1685E-1
3.7100E-4	9.5215E-3	6.7744E-1
3.7200E-4	9.5215E-3	6.4805E-1
3.7300E-4	9.2773E-3	6.2563E-1
3.7400E-4	9.7656E-3	6.1465E-1
3.7500E-4	9.5215E-3	6.1162E-1
3.7600E-4	9.2773E-3	6.1836E-1
3.7700E-4	9.5215E-3	6.3267E-1
3.7800E-4	9.7656E-3	6.5552E-1
3.7900E-4	1.0254E-2	6.8428E-1
3.8000E-4	9.5215E-3	7.2124E-1
3.8100E-4	1.0010E-2	7.6265E-1
3.8200E-4	9.7656E-3	8.0684E-1
3.8300E-4	9.7656E-3	8.5063E-1
3.8400E-4	9.2773E-3	8.9365E-1
3.8500E-4	9.7656E-3	9.3008E-1
3.8600E-4	9.2773E-3	9.5757E-1
3.8700E-4	1.0010E-2	9.7407E-1
3.8800E-4	8.7891E-3	9.8130E-1
3.8900E-4	9.5215E-3	9.7612E-1
3.9000E-4	1.0254E-2	9.6152E-1
3.9100E-4	9.7656E-3	9.3638E-1
3.9200E-4	9.2773E-3	9.0410E-1
3.9300E-4	1.0010E-2	8.6650E-1
3.9400E-4	9.7656E-3	8.2593E-1
3.9500E-4	9.2773E-3	7.8735E-1
3.9600E-4	1.0010E-2	7.5342E-1
3.9700E-4	9.5215E-3	7.2319E-1
3.9800E-4	9.5215E-3	6.9551E-1
3.9900E-4	1.0010E-2	6.7344E-1
4.0000E-4	9.7656E-3	6.5464E-1
4.0100E-4	9.5215E-3	6.4082E-1
4.0200E-4	9.7656E-3	6.3384E-1
4.0300E-4	9.0332E-3	6.3628E-1
4.0400E-4	9.2773E-3	6.4878E-1
4.0500E-4	1.0254E-2	6.7021E-1
4.0600E-4	1.0254E-2	7.0059E-1
4.0700E-4	9.7656E-3	7.3843E-1
4.0800E-4	9.5215E-3	7.8384E-1
4.0900E-4	1.0010E-2	8.3286E-1
4.1000E-4	9.2773E-3	8.8169E-1
4.1100E-4	1.0010E-2	9.2725E-1
4.1200E-4	9.2773E-3	9.6562E-1
4.1300E-4	9.7656E-3	9.8975E-1
4.1400E-4	9.5215E-3	9.9766E-1
4.1500E-4	9.2773E-3	9.9146E-1
4.1600E-4	9.0332E-3	9.7378E-1
4.1700E-4	9.5215E-3	9.4658E-1
4.1800E-4	9.7656E-3	9.1426E-1
4.1900E-4	9.7656E-3	8.7842E-1
4.2000E-4	9.0332E-3	8.3901E-1
4.2100E-4	9.2773E-3	7.9521E-1
4.2200E-4	1.0010E-2	7.5161E-1
4.2300E-4	1.0010E-2	7.1016E-1
4.2400E-4	9.7656E-3	6.7129E-1
4.2500E-4	9.7656E-3	6.3960E-1
4.2600E-4	9.0332E-3	6.1714E-1
4.2700E-4	9.7656E-3	6.0132E-1
4.2800E-4	9.7656E-3	5.9478E-1
4.2900E-4	9.2773E-3	5.9873E-1
4.3000E-4	1.0010E-2	6.1079E-1
4.3100E-4	9.7656E-3	6.2871E-1
4.3200E-4	9.2773E-3	6.5552E-1
4.3300E-4	9.5215E-3	6.8906E-1
4.3400E-4	9.5215E-3	7.2813E-1
4.3500E-4	9.2773E-3	7.7310E-1
4.3600E-4	9.5215E-3	8.2227E-1
4.3700E-4	1.0010E-2	8.7153E-1
4.3800E-4	9.7656E-3	9.1606E-1
4.3900E-4	9.2773E-3	9.5195E-1
4.4000E-4	9.5215E-3	9.7529E-1
4.4100E-4	1.0498E-2	9.8657E-1
4.4200E-4	1.0010E-2	9.8442E-1
4.4300E-4	9.5215E-3	9.6792E-1
4.4400E-4	9.5215E-3	9.4092E-1
4.4500E-4	1.0254E-2	9.0615E-1
4.4600E-4	9.5215E-3	8.6499E-1
4.4700E-4	9.7656E-3	8.1812E-1
4.4800E-4	9.2773E-3	7.7041E-1
4.4900E-4	9.2773E-3	7.2378E-1
4.5000E-4	9.5215E-3	6.8081E-1
4.5100E-4	1.0254E-2	6.4287E-1
4.5200E-4	9.5215E-3	6.1216E-1
4.5300E-4	9.5215E-3	5.8945E-1
4.5400E-4	9.5215E-3	5.7690E-1
4.5500E-4	9.5215E-3	5.7173E-1
4.5600E-4	9.5215E-3	5.7622E-1
4.5700E-4	9.2773E-3	5.8936E-1
4.5800E-4	9.7656E-3	6.1206E-1
4.5900E-4	1.0010E-2	6.4331E-1
4.6000E-4	1.0010E-2	6.8296E-1
4.6100E-4	9.5215E-3	7.2886E-1
4.6200E-4	9.2773E-3	7.8164E-1
4.6300E-4	1.0254E-2	8.3813E-1
4.6400E-4	9.0332E-3	8.9111E-1
4.6500E-4	9.7656E-3	9.3794E-1
4.6600E-4	9.5215E-3	9.7437E-1
4.6700E-4	9.2773E-3	9.9497E-1
4.6800E-4	1.0254E-2	9.9805E-1
4.6900E-4	9.7656E-3	9.8511E-1
4.7000E-4	9.7656E-3	9.5557E-1
4.7100E-4	9.7656E-3	9.1187E-1
4.7200E-4	9.5215E-3	8.5679E-1
4.7300E-4	9.2773E-3	7.9258E-1
4.7400E-4	9.5215E-3	7.2432E-1
4.7500E-4	1.0010E-2	6.5713E-1
4.7600E-4	9.7656E-3	5.9697E-1
4.7700E-4	9.5215E-3	5.4653E-1
4.7800E-4	9.7656E-3	5.0449E-1
4.7900E-4	9.7656E-3	4.7417E-1
4.8000E-4	9.2773E-3	4.5474E-1
4.8100E-4	9.2773E-3	4.4604E-1
4.8200E-4	8.7891E-3	4.4766E-1
4.8300E-4	9.7656E-3	4.6050E-1
4.8400E-4	9.5215E-3	4.8179E-1
4.8500E-4	1.0254E-2	5.1128E-1
4.8600E-4	9.5215E-3	5.4609E-1
4.8700E-4	9.7656E-3	5.8740E-1
4.8800E-4	9.5215E-3	6.3750E-1
4.8900E-4	1.0010E-2	6.9521E-1
4.9000E-4	9.2773E-3	7.6377E-1
4.9100E-4	9.5215E-3	8.4004E-1
4.9200E-4	9.7656E-3	9.1411E-1
4.9300E-4	1.0010E-2	9.7212E-1
4.9400E-4	9.2773E-3	1.0064E+0
4.9500E-4	9.7656E-3	1.0031E+0
4.9600E-4	9.2773E-3	9.5718E-1
4.9700E-4	9.7656E-3	8.7349E-1
4.9800E-4	9.7656E-3	7.6597E-1
4.9900E-4	9.7656E-3	6.4399E-1
5.0000E-4	9.5215E-3	5.2256E-1
5.0100E-4	1.0010E-2	4.0869E-1
5.0200E-4	1.0254E-2	3.1187E-1
5.0300E-4	9.7656E-3	2.3511E-1
5.0400E-4	9.5215E-3	1.7920E-1
5.0500E-4	9.5215E-3	1.4063E-1
5.0600E-4	9.5215E-3	1.2021E-1
5.0700E-4	9.7656E-3	1.1240E-1
5.0800E-4	9.7656E-3	1.1230E-1
5.0900E-4	9.5215E-3	1.1694E-1
5.1000E-4	9.7656E-3	1.2368E-1
5.1100E-4	9.7656E-3	1.2910E-1
5.1200E-4	9.7656E-3	1.3418E-1
5.1300E-4	9.5215E-3	1.3516E-1
5.1400E-4	9.5215E-3	1.3223E-1
5.1500E-4	1.0010E-2	1.2598E-1
5.1600E-4	9.0332E-3	1.1753E-1
5.1700E-4	1.0010E-2	1.0742E-1
5.1800E-4	9.0332E-3	9.8682E-2
5.1900E-4	1.0010E-2	9.1895E-2
5.2000E-4	9.5215E-3	8.9063E-2
5.2100E-4	9.5215E-3	8.8770E-2
5.2200E-4	9.5215E-3	9.1797E-2
5.2300E-4	9.5215E-3	9.5850E-2
5.2400E-4	9.5215E-3	1.0059E-1
5.2500E-4	9.0332E-3	1.0308E-1
5.2600E-4	9.2773E-3	1.0405E-1
5.2700E-4	1.0254E-2	1.0322E-1
5.2800E-4	9.0332E-3	1.0278E-1
5.2900E-4	9.2773E-3	1.0229E-1
5.3000E-4	9.5215E-3	1.0557E-1
5.3100E-4	9.7656E-3	1.1504E-1
5.3200E-4	1.0254E-2	1.2832E-1
5.3300E-4	9.5215E-3	1.4761E-1
5.3400E-4	1.0010E-2	1.7534E-1
5.3500E-4	9.7656E-3	2.1304E-1
5.3600E-4	9.5215E-3	2.6079E-1
5.3700E-4	9.7656E-3	3.2446E-1
5.3800E-4	1.0254E-2	4.0488E-1
5.3900E-4	9.7656E-3	5.0649E-1
5.4000E-4	9.5215E-3	6.2681E-1
5.4100E-4	9.5215E-3	7.6040E-1
5.4200E-4	9.2773E-3	8.8667E-1
5.4300E-4	1.0010E-2	9.9131E-1
5.4400E-4	9.5215E-3	1.0557E+0
5.4500E-4	9.5215E-3	1.0711E+0
5.4600E-4	9.0332E-3	1.0374E+0
5.4700E-4	1.0010E-2	9.6455E-1
5.4800E-4	9.7656E-3	8.6465E-1
5.4900E-4	9.7656E-3	7.5488E-1
5.5000E-4	9.7656E-3	6.4678E-1
5.5100E-4	1.0010E-2	5.5176E-1
5.5200E-4	1.0010E-2	4.7983E-1
5.5300E-4	1.0254E-2	4.3184E-1
5.5400E-4	9.7656E-3	4.0645E-1
5.5500E-4	1.0498E-2	4.0117E-1
5.5600E-4	9.2773E-3	4.1021E-1
5.5700E-4	9.5215E-3	4.2998E-1
5.5800E-4	9.2773E-3	4.5874E-1
5.5900E-4	1.0010E-2	4.9170E-1
5.6000E-4	9.0332E-3	5.2817E-1
5.6100E-4	9.2773E-3	5.6602E-1
5.6200E-4	1.0010E-2	6.0537E-1
5.6300E-4	9.7656E-3	6.4937E-1
5.6400E-4	9.2773E-3	6.9849E-1
5.6500E-4	9.7656E-3	7.5322E-1
5.6600E-4	9.5215E-3	8.1411E-1
5.6700E-4	1.0254E-2	8.7837E-1
5.6800E-4	9.5215E-3	9.3945E-1
5.6900E-4	1.0254E-2	9.9004E-1
5.7000E-4	1.0010E-2	1.0227E+0
5.7100E-4	9.0332E-3	1.0333E+0
5.7200E-4	1.0010E-2	1.0214E+0
5.7300E-4	1.0010E-2	9.8540E-1
5.7400E-4	9.5215E-3	9.3198E-1
5.7500E-4	9.7656E-3	8.6997E-1
5.7600E-4	1.0010E-2	8.0322E-1
5.7700E-4	9.5215E-3	7.3618E-1
5.7800E-4	9.2773E-3	6.7656E-1
5.7900E-4	1.0010E-2	6.2729E-1
5.8000E-4	1.0010E-2	5.8735E-1
5.8100E-4	9.2773E-3	5.5898E-1
5.8200E-4	9.0332E-3	5.4390E-1
5.8300E-4	9.7656E-3	5.4106E-1
5.8400E-4	9.2773E-3	5.4722E-1
5.8500E-4	1.0010E-2	5.6064E-1
5.8600E-4	9.5215E-3	5.8242E-1
5.8700E-4	1.0010E-2	6.0781E-1
5.8800E-4	9.5215E-3	6.3691E-1
5.8900E-4	9.5215E-3	6.7012E-1
5.9000E-4	1.0010E-2	7.1074E-1
5.9100E-4	1.0010E-2	7.5679E-1
5.9200E-4	9.2773E-3	8.1060E-1
5.9300E-4	1.0254E-2	8.6758E-1
5.9400E-4	9.5215E-3	9.2349E-1
5.9500E-4	1.0254E-2	9.7168E-1
5.9600E-4	9.7656E-3	1.0059E+0
5.9700E-4	1.0742E-2	1.0199E+0
5.9800E-4	1.0010E-2	1.0138E+0
5.9900E-4	9.7656E-3	9.8999E-1
6.0000E-4	9.7656E-3	9.5132E-1
6.0100E-4	9.2773E-3	9.0396E-1
6.0200E-4	1.0010E-2	8.5254E-1
6.0300E-4	1.0254E-2	8.0005E-1
6.0400E-4	9.7656E-3	7.4990E-1
6.0500E-4	9.7656E-3	7.0151E-1
6.0600E-4	9.7656E-3	6.5830E-1
6.0700E-4	9.5215E-3	6.2446E-1
6.0800E-4	1.0010E-2	6.0195E-1
6.0900E-4	9.7656E-3	5.8950E-1
6.1000E-4	9.0332E-3	5.9023E-1
6.1100E-4	9.7656E-3	5.9932E-1
6.1200E-4	9.5215E-3	6.1382E-1
6.1300E-4	9.7656E-3	6.3335E-1
6.1400E-4	9.7656E-3	6.5830E-1
6.1500E-4	9.7656E-3	6.8818E-1
6.1600E-4	1.0010E-2	7.2417E-1
6.1700E-4	9.2773E-3	7.6611E-1
6.1800E-4	9.5215E-3	8.1328E-1
6.1900E-4	9.2773E-3	8.6304E-1
6.2000E-4	9.5215E-3	9.1377E-1
6.2100E-4	9.5215E-3	9.5850E-1
6.2200E-4	9.5215E-3	9.9287E-1
6.2300E-4	9.5215E-3	1.0126E+0
6.2400E-4	1.0010E-2	1.0178E+0
6.2500E-4	9.7656E-3	1.0044E+0
6.2600E-4	9.0332E-3	9.7725E-1
6.2700E-4	9.7656E-3	9.3872E-1
6.2800E-4	9.2773E-3	8.9268E-1
6.2900E-4	9.5215E-3	8.4209E-1
6.3000E-4	1.0010E-2	7.9087E-1
6.3100E-4	9.2773E-3	7.4204E-1
6.3200E-4	1.0010E-2	6.9941E-1
6.3300E-4	9.7656E-3	6.6279E-1
6.3400E-4	9.2773E-3	6.3340E-1
6.3500E-4	1.0010E-2	6.1411E-1
6.3600E-4	9.2773E-3	6.0508E-1
6.3700E-4	9.5215E-3	6.0400E-1
6.3800E-4	9.5215E-3	6.1128E-1
6.3900E-4	8.7891E-3	6.2642E-1
6.4000E-4	9.5215E-3	6.4712E-1
6.4100E-4	9.7656E-3	6.7319E-1
6.4200E-4	9.5215E-3	7.0454E-1
6.4300E-4	1.0254E-2	7.4141E-1
6.4400E-4	9.7656E-3	7.8359E-1
6.4500E-4	9.7656E-3	8.3037E-1
6.4600E-4	8.5449E-3	8.8062E-1
6.4700E-4	9.2773E-3	9.2832E-1
6.4800E-4	9.2773E-3	9.6836E-1
6.4900E-4	1.0498E-2	9.9673E-1
6.5000E-4	9.5215E-3	1.0070E+0
6.5100E-4	9.5215E-3	9.9766E-1
6.5200E-4	9.5215E-3	9.7324E-1
6.5300E-4	9.5215E-3	9.3926E-1
6.5400E-4	1.0010E-2	8.9287E-1
6.5500E-4	9.2773E-3	8.4434E-1
6.5600E-4	9.7656E-3	7.9614E-1
6.5700E-4	9.5215E-3	7.4927E-1
6.5800E-4	1.0010E-2	7.0513E-1
6.5900E-4	9.2773E-3	6.7026E-1
6.6000E-4	9.7656E-3	6.4438E-1
6.6100E-4	9.5215E-3	6.2529E-1
6.6200E-4	9.5215E-3	6.1504E-1
6.6300E-4	1.0254E-2	6.1284E-1
6.6400E-4	9.7656E-3	6.1880E-1
6.6500E-4	9.7656E-3	6.3047E-1
6.6600E-4	9.5215E-3	6.5029E-1
6.6700E-4	1.0010E-2	6.7749E-1
6.6800E-4	1.0010E-2	7.1138E-1
6.6900E-4	1.0010E-2	7.5029E-1
6.7000E-4	8.5449E-3	7.9160E-1
6.7100E-4	9.0332E-3	8.3696E-1
6.7200E-4	9.5215E-3	8.8423E-1
6.7300E-4	9.5215E-3	9.2847E-1
6.7400E-4	1.0010E-2	9.6553E-1
6.7500E-4	9.5215E-3	9.9448E-1
6.7600E-4	9.5215E-3	1.0099E+0
6.7700E-4	9.7656E-3	1.0085E+0
6.7800E-4	1.0498E-2	9.9526E-1
6.7900E-4	9.7656E-3	9.7231E-1
6.8000E-4	9.5215E-3	9.4131E-1
6.8100E-4	1.0010E-2	9.0337E-1
6.8200E-4	9.7656E-3	8.6240E-1
6.8300E-4	1.0254E-2	8.1782E-1
6.8400E-4	9.2773E-3	7.7236E-1
6.8500E-4	9.7656E-3	7.2871E-1
6.8600E-4	9.2773E-3	6.8999E-1
6.8700E-4	1.0254E-2	6.5918E-1
6.8800E-4	9.5215E-3	6.3584E-1
6.8900E-4	9.2773E-3	6.2300E-1
6.9000E-4	9.7656E-3	6.1914E-1
6.9100E-4	9.5215E-3	6.2485E-1
6.9200E-4	9.7656E-3	6.3799E-1
6.9300E-4	9.7656E-3	6.6079E-1
6.9400E-4	9.5215E-3	6.9248E-1
6.9500E-4	9.7656E-3	7.2983E-1
6.9600E-4	1.0254E-2	7.7090E-1
6.9700E-4	9.7656E-3	8.1367E-1
6.9800E-4	9.5215E-3	8.5718E-1
6.9900E-4	9.7656E-3	8.9766E-1
7.0000E-4	9.5215E-3	9.3472E-1
7.0100E-4	9.2773E-3	9.6426E-1
7.0200E-4	9.5215E-3	9.8481E-1
7.0300E-4	9.5215E-3	9.9277E-1
7.0400E-4	9.2773E-3	9.8574E-1
7.0500E-4	1.0010E-2	9.6836E-1
7.0600E-4	9.7656E-3	9.4229E-1
7.0700E-4	9.7656E-3	9.0747E-1
7.0800E-4	9.2773E-3	8.6841E-1
7.0900E-4	9.5215E-3	8.2749E-1
7.1000E-4	9.5215E-3	7.8643E-1
7.1100E-4	9.2773E-3	7.4727E-1
7.1200E-4	9.5215E-3	7.1685E-1
7.1300E-4	1.0254E-2	6.9219E-1
7.1400E-4	9.2773E-3	6.7690E-1
7.1500E-4	1.0010E-2	6.6563E-1
7.1600E-4	1.0010E-2	6.6187E-1
7.1700E-4	1.0010E-2	6.6304E-1
7.1800E-4	9.5215E-3	6.7139E-1
7.1900E-4	9.5215E-3	6.8437E-1
7.2000E-4	9.5215E-3	7.0903E-1
7.2100E-4	9.7656E-3	7.4043E-1
7.2200E-4	1.0010E-2	7.7529E-1
7.2300E-4	1.0010E-2	8.1416E-1
7.2400E-4	9.5215E-3	8.5664E-1
7.2500E-4	9.7656E-3	8.9609E-1
7.2600E-4	1.0010E-2	9.3027E-1
7.2700E-4	9.2773E-3	9.5840E-1
7.2800E-4	9.5215E-3	9.7593E-1
7.2900E-4	9.7656E-3	9.8306E-1
7.3000E-4	9.2773E-3	9.8105E-1
7.3100E-4	9.7656E-3	9.7124E-1
7.3200E-4	1.0254E-2	9.5303E-1
7.3300E-4	1.0010E-2	9.2734E-1
7.3400E-4	1.0498E-2	8.9409E-1
7.3500E-4	9.7656E-3	8.5527E-1
7.3600E-4	9.2773E-3	8.1655E-1
7.3700E-4	9.7656E-3	7.7812E-1
7.3800E-4	1.0010E-2	7.4316E-1
7.3900E-4	9.5215E-3	7.1353E-1
7.4000E-4	9.2773E-3	6.9087E-1
7.4100E-4	9.7656E-3	6.7183E-1
7.4200E-4	9.5215E-3	6.6104E-1
7.4300E-4	1.0010E-2	6.5869E-1
7.4400E-4	9.5215E-3	6.6504E-1
7.4500E-4	1.0498E-2	6.7549E-1
7.4600E-4	9.5215E-3	6.9194E-1
7.4700E-4	9.7656E-3	7.1284E-1
7.4800E-4	9.7656E-3	7.3818E-1
7.4900E-4	1.0010E-2	7.6797E-1
7.5000E-4	9.7656E-3	8.0371E-1
7.5100E-4	1.0010E-2	8.4404E-1
7.5200E-4	9.7656E-3	8.8794E-1
7.5300E-4	9.5215E-3	9.2773E-1
7.5400E-4	9.7656E-3	9.5894E-1
7.5500E-4	1.0010E-2	9.7993E-1
7.5600E-4	9.2773E-3	9.8716E-1
7.5700E-4	9.7656E-3	9.7861E-1
7.5800E-4	9.7656E-3	9.6030E-1
7.5900E-4	1.0010E-2	9.3418E-1
7.6000E-4	9.0332E-3	9.0210E-1
7.6100E-4	9.7656E-3	8.6582E-1
7.6200E-4	9.5215E-3	8.3076E-1
7.6300E-4	9.7656E-3	7.9795E-1
7.6400E-4	9.7656E-3	7.6689E-1
7.6500E-4	9.7656E-3	7.3892E-1
7.6600E-4	9.2773E-3	7.1562E-1
7.6700E-4	9.5215E-3	6.9688E-1
7.6800E-4	9.5215E-3	6.8218E-1
7.6900E-4	9.5215E-3	6.7417E-1
7.7000E-4	9.5215E-3	6.7139E-1
7.7100E-4	9.5215E-3	6.7793E-1
7.7200E-4	9.7656E-3	6.9141E-1
7.7300E-4	9.7656E-3	7.1099E-1
7.7400E-4	9.2773E-3	7.3921E-1
7.7500E-4	9.5215E-3	7.7832E-1
7.7600E-4	9.5215E-3	8.2090E-1
7.7700E-4	9.7656E-3	8.6621E-1
7.7800E-4	9.7656E-3	9.1069E-1
7.7900E-4	9.5215E-3	9.4761E-1
7.8000E-4	9.7656E-3	9.7285E-1
7.8100E-4	9.7656E-3	9.8638E-1
7.8200E-4	9.2773E-3	9.8633E-1
7.8300E-4	9.7656E-3	9.7690E-1
7.8400E-4	1.0254E-2	9.5879E-1
7.8500E-4	9.7656E-3	9.3359E-1
7.8600E-4	9.7656E-3	9.0508E-1
7.8700E-4	9.5215E-3	8.7515E-1
7.8800E-4	9.5215E-3	8.4155E-1
7.8900E-4	9.2773E-3	8.0815E-1
7.9000E-4	9.0332E-3	7.7686E-1
7.9100E-4	9.7656E-3	7.4805E-1
7.9200E-4	1.0254E-2	7.2061E-1
7.9300E-4	9.2773E-3	6.9927E-1
7.9400E-4	9.5215E-3	6.8525E-1
7.9500E-4	1.0254E-2	6.7583E-1
7.9600E-4	9.2773E-3	6.7065E-1
7.9700E-4	1.0010E-2	6.7378E-1
7.9800E-4	1.0254E-2	6.8394E-1
7.9900E-4	9.7656E-3	7.0073E-1
8.0000E-4	1.0010E-2	7.2393E-1
8.0100E-4	1.0010E-2	7.5513E-1
8.0200E-4	1.0498E-2	7.8955E-1
8.0300E-4	9.5215E-3	8.2710E-1
8.0400E-4	1.0010E-2	8.6318E-1
8.0500E-4	9.5215E-3	8.9707E-1
8.0600E-4	1.0010E-2	9.2466E-1
8.0700E-4	9.7656E-3	9.4272E-1
8.0800E-4	9.2773E-3	9.5078E-1
8.0900E-4	1.0010E-2	9.4805E-1
8.1000E-4	9.5215E-3	9.3857E-1
8.1100E-4	9.5215E-3	9.2217E-1
8.1200E-4	9.7656E-3	9.0361E-1
8.1300E-4	9.7656E-3	8.7983E-1
8.1400E-4	9.2773E-3	8.5288E-1
8.1500E-4	1.0498E-2	8.2051E-1
8.1600E-4	9.2773E-3	7.8613E-1
8.1700E-4	9.5215E-3	7.5352E-1
8.1800E-4	9.7656E-3	7.2476E-1
8.1900E-4	1.0010E-2	7.0220E-1
8.2000E-4	9.5215E-3	6.8843E-1
8.2100E-4	9.5215E-3	6.8232E-1
8.2200E-4	1.0010E-2	6.8257E-1
8.2300E-4	9.7656E-3	6.8936E-1
8.2400E-4	1.0254E-2	7.0288E-1
8.2500E-4	9.2773E-3	7.2144E-1
8.2600E-4	9.5215E-3	7.4448E-1
8.2700E-4	9.0332E-3	7.7075E-1
8.2800E-4	1.0010E-2	8.0034E-1
8.2900E-4	9.5215E-3	8.3130E-1
8.3000E-4	9.2773E-3	8.6426E-1
8.3100E-4	9.5215E-3	8.9482E-1
8.3200E-4	1.0010E-2	9.2104E-1
8.3300E-4	9.2773E-3	9.3931E-1
8.3400E-4	1.0010E-2	9.4746E-1
8.3500E-4	9.7656E-3	9.4326E-1
8.3600E-4	9.7656E-3	9.3296E-1
8.3700E-4	9.5215E-3	9.1553E-1
8.3800E-4	9.5215E-3	8.9463E-1
8.3900E-4	9.7656E-3	8.7129E-1
8.4000E-4	1.0254E-2	8.4766E-1
8.4100E-4	9.5215E-3	8.2295E-1
8.4200E-4	9.5215E-3	7.9487E-1
8.4300E-4	9.7656E-3	7.6719E-1
8.4400E-4	1.0010E-2	7.4102E-1
8.4500E-4	9.7656E-3	7.1636E-1
8.4600E-4	9.2773E-3	6.9600E-1
8.4700E-4	9.2773E-3	6.8379E-1
8.4800E-4	1.0010E-2	6.7744E-1
8.4900E-4	1.0010E-2	6.7637E-1
8.5000E-4	9.5215E-3	6.8237E-1
8.5100E-4	9.7656E-3	6.9233E-1
8.5200E-4	9.7656E-3	7.0933E-1
8.5300E-4	9.5215E-3	7.3052E-1
8.5400E-4	9.7656E-3	7.5884E-1
8.5500E-4	1.0010E-2	7.8970E-1
8.5600E-4	9.7656E-3	8.2305E-1
8.5700E-4	1.0254E-2	8.5352E-1
8.5800E-4	9.2773E-3	8.7954E-1
8.5900E-4	1.0010E-2	8.9907E-1
8.6000E-4	9.5215E-3	9.1372E-1
8.6100E-4	8.7891E-3	9.1982E-1
8.6200E-4	9.5215E-3	9.1782E-1
8.6300E-4	1.0010E-2	9.1118E-1
8.6400E-4	9.5215E-3	9.0112E-1
8.6500E-4	9.2773E-3	8.8491E-1
8.6600E-4	9.5215E-3	8.6470E-1
8.6700E-4	1.0010E-2	8.4365E-1
8.6800E-4	9.0332E-3	8.1914E-1
8.6900E-4	1.0254E-2	7.9023E-1
8.7000E-4	9.2773E-3	7.6216E-1
8.7100E-4	9.7656E-3	7.3535E-1
8.7200E-4	9.0332E-3	7.1255E-1
8.7300E-4	1.0254E-2	6.9644E-1
8.7400E-4	9.5215E-3	6.8857E-1
8.7500E-4	9.5215E-3	6.8340E-1
8.7600E-4	9.2773E-3	6.8540E-1
8.7700E-4	9.7656E-3	6.9346E-1
8.7800E-4	9.5215E-3	7.0874E-1
8.7900E-4	9.7656E-3	7.3096E-1
8.8000E-4	9.5215E-3	7.6045E-1
8.8100E-4	9.2773E-3	7.9409E-1
8.8200E-4	1.0254E-2	8.2891E-1
8.8300E-4	9.7656E-3	8.6343E-1
8.8400E-4	9.7656E-3	8.9116E-1
8.8500E-4	9.2773E-3	9.1353E-1
8.8600E-4	1.0010E-2	9.2583E-1
8.8700E-4	9.5215E-3	9.3115E-1
8.8800E-4	9.5215E-3	9.2627E-1
8.8900E-4	9.7656E-3	9.1660E-1
8.9000E-4	9.7656E-3	9.0166E-1
8.9100E-4	9.5215E-3	8.8535E-1
8.9200E-4	1.0010E-2	8.6592E-1
8.9300E-4	9.2773E-3	8.4380E-1
8.9400E-4	1.0010E-2	8.1792E-1
8.9500E-4	9.7656E-3	7.9121E-1
8.9600E-4	9.2773E-3	7.6313E-1
8.9700E-4	9.7656E-3	7.3403E-1
8.9800E-4	9.5215E-3	7.0693E-1
8.9900E-4	9.2773E-3	6.8340E-1
9.0000E-4	9.7656E-3	6.6353E-1
9.0100E-4	9.7656E-3	6.5171E-1
9.0200E-4	9.7656E-3	6.4849E-1
9.0300E-4	9.5215E-3	6.5244E-1
9.0400E-4	1.0010E-2	6.6431E-1
9.0500E-4	9.5215E-3	6.8325E-1
9.0600E-4	9.5215E-3	7.0923E-1
9.0700E-4	1.0010E-2	7.4092E-1
9.0800E-4	9.5215E-3	7.7866E-1
9.0900E-4	1.0254E-2	8.2007E-1
9.1000E-4	9.2773E-3	8.6309E-1
9.1100E-4	9.5215E-3	9.0000E-1
9.1200E-4	9.5215E-3	9.2856E-1
9.1300E-4	9.5215E-3	9.4565E-1
9.1400E-4	9.2773E-3	9.5205E-1
9.1500E-4	9.5215E-3	9.4907E-1
9.1600E-4	9.2773E-3	9.3618E-1
9.1700E-4	1.0010E-2	9.1792E-1
9.1800E-4	9.2773E-3	8.9526E-1
9.1900E-4	1.0010E-2	8.6885E-1
9.2000E-4	9.0332E-3	8.4131E-1
9.2100E-4	1.0498E-2	8.1392E-1
9.2200E-4	1.0010E-2	7.8477E-1
9.2300E-4	9.2773E-3	7.5591E-1
9.2400E-4	1.0010E-2	7.2886E-1
9.2500E-4	9.5215E-3	7.0381E-1
9.2600E-4	9.5215E-3	6.8232E-1
9.2700E-4	1.0010E-2	6.6792E-1
9.2800E-4	9.2773E-3	6.6162E-1
9.2900E-4	9.7656E-3	6.6147E-1
9.3000E-4	9.2773E-3	6.6646E-1
9.3100E-4	9.5215E-3	6.8110E-1
9.3200E-4	9.5215E-3	7.0254E-1
9.3300E-4	9.5215E-3	7.3164E-1
9.3400E-4	9.2773E-3	7.6997E-1
9.3500E-4	1.0010E-2	8.1304E-1
9.3600E-4	9.5215E-3	8.5879E-1
9.3700E-4	9.5215E-3	9.0317E-1
9.3800E-4	9.5215E-3	9.3945E-1
9.3900E-4	9.5215E-3	9.6558E-1
9.4000E-4	9.5215E-3	9.8091E-1
9.4100E-4	9.2773E-3	9.8169E-1
9.4200E-4	1.0010E-2	9.6997E-1
9.4300E-4	1.0010E-2	9.5098E-1
9.4400E-4	9.7656E-3	9.2319E-1
9.4500E-4	9.7656E-3	8.8984E-1
9.4600E-4	1.0010E-2	8.5376E-1
9.4700E-4	9.7656E-3	8.1328E-1
9.4800E-4	9.5215E-3	7.6968E-1
9.4900E-4	9.7656E-3	7.2422E-1
9.5000E-4	1.0010E-2	6.7974E-1
9.5100E-4	9.5215E-3	6.3872E-1
9.5200E-4	9.5215E-3	6.0562E-1
9.5300E-4	9.2773E-3	5.8379E-1
9.5400E-4	9.5215E-3	5.7256E-1
9.5500E-4	1.0010E-2	5.7100E-1
9.5600E-4	1.0254E-2	5.7803E-1
9.5700E-4	1.0254E-2	5.9170E-1
9.5800E-4	9.2773E-3	6.0967E-1
9.5900E-4	9.0332E-3	6.3442E-1
9.6000E-4	9.5215E-3	6.6567E-1
9.6100E-4	9.2773E-3	7.0479E-1
9.6200E-4	9.2773E-3	7.5205E-1
9.6300E-4	9.2773E-3	8.0513E-1
9.6400E-4	9.2773E-3	8.6143E-1
9.6500E-4	9.5215E-3	9.1489E-1
9.6600E-4	9.2773E-3	9.6157E-1
9.6700E-4	9.2773E-3	9.9282E-1
9.6800E-4	9.2773E-3	1.0070E+0
9.6900E-4	1.0010E-2	9.9951E-1
9.7000E-4	9.5215E-3	9.7495E-1
9.7100E-4	1.0010E-2	9.3174E-1
9.7200E-4	9.2773E-3	8.7559E-1
9.7300E-4	9.2773E-3	8.1128E-1
9.7400E-4	8.7891E-3	7.4233E-1
9.7500E-4	9.7656E-3	6.7251E-1
9.7600E-4	9.7656E-3	6.0952E-1
9.7700E-4	9.5215E-3	5.5879E-1
9.7800E-4	1.0010E-2	5.1729E-1
9.7900E-4	9.5215E-3	4.8848E-1
9.8000E-4	1.0010E-2	4.7075E-1
9.8100E-4	1.0010E-2	4.6187E-1
9.8200E-4	1.0010E-2	4.6030E-1
9.8300E-4	9.2773E-3	4.6909E-1
9.8400E-4	9.5215E-3	4.8813E-1
9.8500E-4	9.5215E-3	5.1714E-1
9.8600E-4	9.0332E-3	5.5386E-1
9.8700E-4	9.2773E-3	5.9819E-1
9.8800E-4	9.5215E-3	6.5083E-1
9.8900E-4	9.5215E-3	7.1543E-1
9.9000E-4	9.2773E-3	7.8916E-1
9.9100E-4	9.7656E-3	8.6665E-1
9.9200E-4	9.7656E-3	9.3901E-1
9.9300E-4	1.0010E-2	9.9229E-1
9.9400E-4	9.2773E-3	1.0154E+0
9.9500E-4	9.5215E-3	9.9873E-1
9.9600E-4	9.5215E-3	9.4360E-1
9.9700E-4	9.7656E-3	8.5332E-1
9.9800E-4	1.0254E-2	8.5332E-1
9.9900E-4	1.0498E-2	8.5332E-1
