Time [s]	Aux in [V]	Main in [V]
0.0000E+0	9.5215E-3	1.0408E+0
1.0000E-6	9.2773E-3	1.0103E+0
2.0000E-6	9.7656E-3	9.5098E-1
3.0000E-6	9.2773E-3	8.6143E-1
4.0000E-6	1.0010E-2	7.4673E-1
5.0000E-6	9.7656E-3	6.1895E-1
6.0000E-6	9.2773E-3	4.8882E-1
7.0000E-6	9.0332E-3	3.7383E-1
8.0000E-6	9.5215E-3	2.8086E-1
9.0000E-6	1.0010E-2	2.0786E-1
1.0000E-5	9.7656E-3	1.5659E-1
1.1000E-5	9.7656E-3	1.2646E-1
1.2000E-5	9.5215E-3	1.1294E-1
1.3000E-5	9.2773E-3	1.0952E-1
1.4000E-5	1.0254E-2	1.1406E-1
1.5000E-5	9.7656E-3	1.2036E-1
1.6000E-5	9.5215E-3	1.2544E-1
1.7000E-5	1.0010E-2	1.2754E-1
1.8000E-5	9.5215E-3	1.2783E-1
1.9000E-5	9.2773E-3	1.2690E-1
2.0000E-5	9.7656E-3	1.2510E-1
2.1000E-5	9.7656E-3	1.2310E-1
2.2000E-5	1.0010E-2	1.2017E-1
2.3000E-5	9.7656E-3	1.1494E-1
2.4000E-5	9.5215E-3	1.1079E-1
2.5000E-5	9.7656E-3	1.0776E-1
2.6000E-5	1.0010E-2	1.0557E-1
2.7000E-5	9.7656E-3	1.0449E-1
2.8000E-5	9.7656E-3	1.0474E-1
2.9000E-5	9.2773E-3	1.0225E-1
3.0000E-5	9.0332E-3	1.0264E-1
3.1000E-5	9.5215E-3	1.0601E-1
3.2000E-5	9.5215E-3	1.0806E-1
3.3000E-5	9.5215E-3	1.1157E-1
3.4000E-5	1.0010E-2	1.1567E-1
3.5000E-5	9.5215E-3	1.2144E-1
3.6000E-5	9.7656E-3	1.2681E-1
3.7000E-5	9.2773E-3	1.3726E-1
3.8000E-5	9.2773E-3	1.5352E-1
3.9000E-5	9.7656E-3	1.7725E-1
4.0000E-5	9.0332E-3	2.0527E-1
4.1000E-5	9.0332E-3	2.3940E-1
4.2000E-5	1.0010E-2	2.8232E-1
4.3000E-5	9.5215E-3	3.3647E-1
4.4000E-5	9.5215E-3	4.0444E-1
4.5000E-5	9.5215E-3	4.9038E-1
4.6000E-5	1.0010E-2	6.0190E-1
4.7000E-5	9.5215E-3	7.2998E-1
4.8000E-5	9.5215E-3	8.5815E-1
4.9000E-5	9.5215E-3	9.6934E-1
5.0000E-5	9.7656E-3	1.0455E+0
5.1000E-5	9.5215E-3	1.0708E+0
5.2000E-5	9.2773E-3	1.0432E+0
5.3000E-5	1.0010E-2	9.7388E-1
5.4000E-5	9.7656E-3	8.7676E-1
5.5000E-5	9.2773E-3	7.6865E-1
5.6000E-5	9.7656E-3	6.6309E-1
5.7000E-5	9.5215E-3	5.7046E-1
5.8000E-5	9.5215E-3	4.9609E-1
5.9000E-5	9.0332E-3	4.4419E-1
6.0000E-5	9.5215E-3	4.1338E-1
6.1000E-5	9.5215E-3	3.9819E-1
6.2000E-5	9.5215E-3	3.9985E-1
6.3000E-5	9.7656E-3	4.1396E-1
6.4000E-5	9.2773E-3	4.3623E-1
6.5000E-5	1.0010E-2	4.6665E-1
6.6000E-5	1.0254E-2	5.0181E-1
6.7000E-5	9.5215E-3	5.4121E-1
6.8000E-5	9.5215E-3	5.8374E-1
6.9000E-5	9.5215E-3	6.3237E-1
7.0000E-5	9.5215E-3	6.8442E-1
7.1000E-5	9.0332E-3	7.4448E-1
7.2000E-5	9.7656E-3	8.0884E-1
7.3000E-5	1.0254E-2	8.7480E-1
7.4000E-5	9.7656E-3	9.3633E-1
7.5000E-5	9.7656E-3	9.8560E-1
7.6000E-5	9.7656E-3	1.0146E+0
7.7000E-5	1.0010E-2	1.0188E+0
7.8000E-5	9.5215E-3	1.0011E+0
7.9000E-5	9.2773E-3	9.6050E-1
8.0000E-5	9.7656E-3	9.0425E-1
8.1000E-5	9.5215E-3	8.4253E-1
8.2000E-5	9.2773E-3	7.7827E-1
8.3000E-5	8.7891E-3	7.0991E-1
8.4000E-5	9.2773E-3	6.4844E-1
8.5000E-5	9.5215E-3	5.9629E-1
8.6000E-5	9.7656E-3	5.5449E-1
8.7000E-5	1.0010E-2	5.2803E-1
8.8000E-5	9.5215E-3	5.1875E-1
8.9000E-5	1.0254E-2	5.2119E-1
9.0000E-5	9.0332E-3	5.3569E-1
9.1000E-5	9.5215E-3	5.5708E-1
9.2000E-5	1.0010E-2	5.8286E-1
9.3000E-5	9.5215E-3	6.1313E-1
9.4000E-5	9.5215E-3	6.4751E-1
9.5000E-5	1.0010E-2	6.8467E-1
9.6000E-5	1.0254E-2	7.2480E-1
9.7000E-5	9.7656E-3	7.6694E-1
9.8000E-5	9.7656E-3	8.0972E-1
9.9000E-5	9.7656E-3	8.5410E-1
1.0000E-4	9.5215E-3	8.9380E-1
1.0100E-4	9.2773E-3	9.2886E-1
1.0200E-4	9.5215E-3	9.5313E-1
1.0300E-4	9.5215E-3	9.6123E-1
1.0400E-4	1.0010E-2	9.5151E-1
1.0500E-4	9.5215E-3	9.2544E-1
1.0600E-4	1.0254E-2	8.8350E-1
1.0700E-4	9.2773E-3	8.3345E-1
1.0800E-4	9.5215E-3	7.8296E-1
1.0900E-4	9.2773E-3	7.3369E-1
1.1000E-4	9.5215E-3	6.9004E-1
1.1100E-4	1.0254E-2	6.5405E-1
1.1200E-4	1.0254E-2	6.2192E-1
1.1300E-4	9.2773E-3	5.9829E-1
1.1400E-4	1.0254E-2	5.8037E-1
1.1500E-4	9.5215E-3	5.6914E-1
1.1600E-4	1.0254E-2	5.6504E-1
1.1700E-4	9.5215E-3	5.7168E-1
1.1800E-4	9.5215E-3	5.8413E-1
1.1900E-4	1.0010E-2	6.0415E-1
1.2000E-4	9.7656E-3	6.3188E-1
1.2100E-4	9.5215E-3	6.6714E-1
1.2200E-4	9.7656E-3	7.0684E-1
1.2300E-4	9.7656E-3	7.5054E-1
1.2400E-4	9.0332E-3	7.9775E-1
1.2500E-4	9.5215E-3	8.4443E-1
1.2600E-4	9.7656E-3	8.8730E-1
1.2700E-4	9.7656E-3	9.2485E-1
1.2800E-4	1.0010E-2	9.5234E-1
1.2900E-4	9.5215E-3	9.6519E-1
1.3000E-4	9.5215E-3	9.6167E-1
1.3100E-4	9.7656E-3	9.4429E-1
1.3200E-4	8.7891E-3	9.1484E-1
1.3300E-4	9.7656E-3	8.7661E-1
1.3400E-4	9.5215E-3	8.3237E-1
1.3500E-4	9.0332E-3	7.8721E-1
1.3600E-4	9.5215E-3	7.4155E-1
1.3700E-4	9.7656E-3	6.9814E-1
1.3800E-4	9.7656E-3	6.5894E-1
1.3900E-4	9.5215E-3	6.2930E-1
1.4000E-4	9.5215E-3	6.1079E-1
1.4100E-4	8.3008E-3	6.0039E-1
1.4200E-4	1.0254E-2	5.9741E-1
1.4300E-4	9.5215E-3	6.0171E-1
1.4400E-4	9.0332E-3	6.1084E-1
1.4500E-4	9.5215E-3	6.2368E-1
1.4600E-4	9.2773E-3	6.3926E-1
1.4700E-4	9.5215E-3	6.6035E-1
1.4800E-4	1.0010E-2	6.8750E-1
1.4900E-4	9.5215E-3	7.1987E-1
1.5000E-4	9.5215E-3	7.5474E-1
1.5100E-4	1.0010E-2	7.9756E-1
1.5200E-4	9.5215E-3	8.4116E-1
1.5300E-4	9.7656E-3	8.8062E-1
1.5400E-4	9.7656E-3	9.1523E-1
1.5500E-4	1.0010E-2	9.4131E-1
1.5600E-4	1.0254E-2	9.5190E-1
1.5700E-4	9.2773E-3	9.4834E-1
1.5800E-4	9.7656E-3	9.3267E-1
1.5900E-4	1.0254E-2	9.0581E-1
1.6000E-4	9.5215E-3	8.6870E-1
1.6100E-4	9.2773E-3	8.2461E-1
1.6200E-4	1.0010E-2	7.7793E-1
1.6300E-4	1.0254E-2	7.3042E-1
1.6400E-4	9.2773E-3	6.8506E-1
1.6500E-4	9.7656E-3	6.4585E-1
1.6600E-4	9.7656E-3	6.1670E-1
1.6700E-4	9.5215E-3	5.9609E-1
1.6800E-4	1.0010E-2	5.8779E-1
1.6900E-4	9.5215E-3	5.8843E-1
1.7000E-4	1.0010E-2	5.9961E-1
1.7100E-4	9.0332E-3	6.1631E-1
1.7200E-4	1.0010E-2	6.3848E-1
1.7300E-4	9.2773E-3	6.6519E-1
1.7400E-4	9.5215E-3	6.9268E-1
1.7500E-4	9.2773E-3	7.2227E-1
1.7600E-4	1.0010E-2	7.5806E-1
1.7700E-4	9.7656E-3	7.9893E-1
1.7800E-4	9.7656E-3	8.3940E-1
1.7900E-4	9.7656E-3	8.8032E-1
1.8000E-4	9.5215E-3	9.1846E-1
1.8100E-4	9.2773E-3	9.4634E-1
1.8200E-4	9.5215E-3	9.6201E-1
1.8300E-4	9.5215E-3	9.6250E-1
1.8400E-4	9.7656E-3	9.4912E-1
1.8500E-4	9.2773E-3	9.2163E-1
1.8600E-4	1.0010E-2	8.8594E-1
1.8700E-4	9.7656E-3	8.4302E-1
1.8800E-4	8.5449E-3	7.9600E-1
1.8900E-4	9.7656E-3	7.4990E-1
1.9000E-4	9.5215E-3	7.0610E-1
1.9100E-4	9.5215E-3	6.6631E-1
1.9200E-4	1.0010E-2	6.3257E-1
1.9300E-4	9.5215E-3	6.1035E-1
1.9400E-4	9.0332E-3	5.9653E-1
1.9500E-4	9.5215E-3	5.9243E-1
1.9600E-4	9.0332E-3	5.9570E-1
1.9700E-4	9.5215E-3	6.0654E-1
1.9800E-4	9.5215E-3	6.2476E-1
1.9900E-4	8.7891E-3	6.4829E-1
2.0000E-4	1.0010E-2	6.7490E-1
2.0100E-4	9.2773E-3	7.0547E-1
2.0200E-4	9.2773E-3	7.3838E-1
2.0300E-4	9.7656E-3	7.6943E-1
2.0400E-4	9.2773E-3	8.0181E-1
2.0500E-4	9.5215E-3	8.3437E-1
2.0600E-4	9.5215E-3	8.6445E-1
2.0700E-4	9.5215E-3	8.9297E-1
2.0800E-4	1.0010E-2	9.1563E-1
2.0900E-4	1.0010E-2	9.2852E-1
2.1000E-4	9.7656E-3	9.2935E-1
2.1100E-4	9.7656E-3	9.1919E-1
2.1200E-4	1.0254E-2	8.9375E-1
2.1300E-4	9.2773E-3	8.5869E-1
2.1400E-4	9.2773E-3	8.1733E-1
2.1500E-4	9.7656E-3	7.7368E-1
2.1600E-4	1.0010E-2	7.2925E-1
2.1700E-4	1.0010E-2	6.8765E-1
2.1800E-4	9.5215E-3	6.5234E-1
2.1900E-4	9.2773E-3	6.2446E-1
2.2000E-4	9.5215E-3	6.0396E-1
2.2100E-4	9.2773E-3	5.9224E-1
2.2200E-4	1.0010E-2	5.9209E-1
2.2300E-4	9.7656E-3	5.9976E-1
2.2400E-4	9.2773E-3	6.1333E-1
2.2500E-4	9.7656E-3	6.3301E-1
2.2600E-4	1.0010E-2	6.5752E-1
2.2700E-4	9.7656E-3	6.8770E-1
2.2800E-4	1.0010E-2	7.2217E-1
2.2900E-4	9.7656E-3	7.5972E-1
2.3000E-4	1.0010E-2	8.0132E-1
2.3100E-4	1.0010E-2	8.4473E-1
2.3200E-4	9.7656E-3	8.8438E-1
2.3300E-4	1.0010E-2	9.1631E-1
2.3400E-4	1.0010E-2	9.3848E-1
2.3500E-4	1.0010E-2	9.4956E-1
2.3600E-4	9.7656E-3	9.4575E-1
2.3700E-4	9.5215E-3	9.2837E-1
2.3800E-4	9.5215E-3	9.0146E-1
2.3900E-4	9.7656E-3	8.6997E-1
2.4000E-4	9.2773E-3	8.2891E-1
2.4100E-4	1.0254E-2	7.8555E-1
2.4200E-4	1.0010E-2	7.4263E-1
2.4300E-4	9.2773E-3	7.0000E-1
2.4400E-4	9.7656E-3	6.6006E-1
2.4500E-4	1.0010E-2	6.2944E-1
2.4600E-4	9.7656E-3	6.0732E-1
2.4700E-4	8.7891E-3	5.9390E-1
2.4800E-4	9.2773E-3	5.9321E-1
2.4900E-4	9.5215E-3	5.9951E-1
2.5000E-4	9.7656E-3	6.1333E-1
2.5100E-4	9.0332E-3	6.3208E-1
2.5200E-4	9.2773E-3	6.5469E-1
2.5300E-4	9.2773E-3	6.8076E-1
2.5400E-4	9.5215E-3	7.1089E-1
2.5500E-4	9.7656E-3	7.4307E-1
2.5600E-4	9.5215E-3	7.7944E-1
2.5700E-4	9.7656E-3	8.1963E-1
2.5800E-4	9.5215E-3	8.6221E-1
2.5900E-4	9.2773E-3	9.0176E-1
2.6000E-4	9.5215E-3	9.3535E-1
2.6100E-4	9.7656E-3	9.5674E-1
2.6200E-4	9.5215E-3	9.6250E-1
2.6300E-4	9.5215E-3	9.5127E-1
2.6400E-4	9.7656E-3	9.2324E-1
2.6500E-4	9.7656E-3	8.8423E-1
2.6600E-4	9.5215E-3	8.4019E-1
2.6700E-4	9.5215E-3	7.9468E-1
2.6800E-4	9.5215E-3	7.5039E-1
2.6900E-4	1.0254E-2	7.1348E-1
2.7000E-4	9.2773E-3	6.8003E-1
2.7100E-4	1.0498E-2	6.5068E-1
2.7200E-4	9.7656E-3	6.2773E-1
2.7300E-4	9.7656E-3	6.1162E-1
2.7400E-4	1.0254E-2	6.0254E-1
2.7500E-4	9.5215E-3	6.0146E-1
2.7600E-4	9.7656E-3	6.1104E-1
2.7700E-4	9.7656E-3	6.2783E-1
2.7800E-4	9.5215E-3	6.5054E-1
2.7900E-4	1.0498E-2	6.7842E-1
2.8000E-4	1.0010E-2	7.0991E-1
2.8100E-4	9.2773E-3	7.4326E-1
2.8200E-4	9.7656E-3	7.7969E-1
2.8300E-4	9.5215E-3	8.1899E-1
2.8400E-4	1.0254E-2	8.6040E-1
2.8500E-4	9.2773E-3	9.0142E-1
2.8600E-4	9.5215E-3	9.3555E-1
2.8700E-4	9.5215E-3	9.5967E-1
2.8800E-4	9.7656E-3	9.6938E-1
2.8900E-4	9.5215E-3	9.6270E-1
2.9000E-4	1.0010E-2	9.4155E-1
2.9100E-4	9.7656E-3	9.1006E-1
2.9200E-4	1.0010E-2	8.7012E-1
2.9300E-4	9.5215E-3	8.2583E-1
2.9400E-4	9.2773E-3	7.7954E-1
2.9500E-4	9.7656E-3	7.3398E-1
2.9600E-4	9.5215E-3	6.9248E-1
2.9700E-4	1.0010E-2	6.5537E-1
2.9800E-4	9.5215E-3	6.2393E-1
2.9900E-4	8.7891E-3	6.0205E-1
3.0000E-4	9.7656E-3	5.8955E-1
3.0100E-4	9.5215E-3	5.8550E-1
3.0200E-4	9.2773E-3	5.8853E-1
3.0300E-4	1.0010E-2	5.9937E-1
3.0400E-4	9.5215E-3	6.1597E-1
3.0500E-4	9.7656E-3	6.3896E-1
3.0600E-4	9.2773E-3	6.6514E-1
3.0700E-4	9.5215E-3	6.9956E-1
3.0800E-4	9.2773E-3	7.3799E-1
3.0900E-4	9.2773E-3	7.8086E-1
3.1000E-4	1.0010E-2	8.2432E-1
3.1100E-4	9.7656E-3	8.6831E-1
3.1200E-4	1.0010E-2	9.0430E-1
3.1300E-4	9.0332E-3	9.3257E-1
3.1400E-4	1.0010E-2	9.4805E-1
3.1500E-4	9.7656E-3	9.5283E-1
3.1600E-4	9.5215E-3	9.4258E-1
3.1700E-4	9.5215E-3	9.2202E-1
3.1800E-4	9.0332E-3	8.9063E-1
3.1900E-4	1.0010E-2	8.5249E-1
3.2000E-4	9.7656E-3	8.0796E-1
3.2100E-4	1.0010E-2	7.6318E-1
3.2200E-4	1.0498E-2	7.2104E-1
3.2300E-4	9.5215E-3	6.8389E-1
3.2400E-4	9.5215E-3	6.5093E-1
3.2500E-4	9.7656E-3	6.2529E-1
3.2600E-4	9.5215E-3	6.0923E-1
3.2700E-4	9.0332E-3	6.0024E-1
3.2800E-4	9.2773E-3	5.9976E-1
3.2900E-4	9.5215E-3	6.0913E-1
3.3000E-4	9.7656E-3	6.2466E-1
3.3100E-4	9.7656E-3	6.4678E-1
3.3200E-4	1.0010E-2	6.7495E-1
3.3300E-4	9.2773E-3	7.0693E-1
3.3400E-4	9.2773E-3	7.4326E-1
3.3500E-4	9.0332E-3	7.8384E-1
3.3600E-4	9.7656E-3	8.2524E-1
3.3700E-4	1.0254E-2	8.6509E-1
3.3800E-4	9.5215E-3	9.0142E-1
3.3900E-4	9.7656E-3	9.2939E-1
3.4000E-4	9.7656E-3	9.4614E-1
3.4100E-4	9.5215E-3	9.4971E-1
3.4200E-4	1.0498E-2	9.3940E-1
3.4300E-4	9.2773E-3	9.1709E-1
3.4400E-4	9.5215E-3	8.8418E-1
3.4500E-4	9.7656E-3	8.4365E-1
3.4600E-4	9.2773E-3	7.9844E-1
3.4700E-4	9.5215E-3	7.5112E-1
3.4800E-4	9.2773E-3	7.0464E-1
3.4900E-4	9.7656E-3	6.6445E-1
3.5000E-4	9.7656E-3	6.3164E-1
3.5100E-4	9.5215E-3	6.0713E-1
3.5200E-4	9.5215E-3	5.9292E-1
3.5300E-4	9.2773E-3	5.8853E-1
3.5400E-4	9.7656E-3	5.9126E-1
3.5500E-4	9.5215E-3	6.0029E-1
3.5600E-4	1.0010E-2	6.1455E-1
3.5700E-4	1.0254E-2	6.3179E-1
3.5800E-4	9.7656E-3	6.5239E-1
3.5900E-4	8.7891E-3	6.7700E-1
3.6000E-4	9.7656E-3	7.0557E-1
3.6100E-4	9.2773E-3	7.4019E-1
3.6200E-4	8.7891E-3	7.8096E-1
3.6300E-4	9.5215E-3	8.2583E-1
3.6400E-4	1.0010E-2	8.7041E-1
3.6500E-4	9.7656E-3	9.1069E-1
3.6600E-4	9.2773E-3	9.4043E-1
3.6700E-4	9.7656E-3	9.5952E-1
3.6800E-4	9.7656E-3	9.6265E-1
3.6900E-4	9.7656E-3	9.5000E-1
3.7000E-4	9.5215E-3	9.2129E-1
3.7100E-4	9.5215E-3	8.8286E-1
3.7200E-4	9.5215E-3	8.3652E-1
3.7300E-4	1.0254E-2	7.8887E-1
3.7400E-4	9.5215E-3	7.4287E-1
3.7500E-4	9.5215E-3	7.0581E-1
3.7600E-4	9.7656E-3	6.7368E-1
3.7700E-4	9.0332E-3	6.4961E-1
3.7800E-4	9.5215E-3	6.3169E-1
3.7900E-4	9.5215E-3	6.2046E-1
3.8000E-4	9.7656E-3	6.1343E-1
3.8100E-4	9.2773E-3	6.1157E-1
3.8200E-4	1.0254E-2	6.1519E-1
3.8300E-4	1.0010E-2	6.2607E-1
3.8400E-4	9.2773E-3	6.4375E-1
3.8500E-4	9.2773E-3	6.6758E-1
3.8600E-4	1.0254E-2	6.9902E-1
3.8700E-4	9.5215E-3	7.3574E-1
3.8800E-4	9.5215E-3	7.7729E-1
3.8900E-4	9.5215E-3	8.2378E-1
3.9000E-4	9.5215E-3	8.7393E-1
3.9100E-4	1.0010E-2	9.2070E-1
3.9200E-4	1.0254E-2	9.5879E-1
3.9300E-4	9.7656E-3	9.8159E-1
3.9400E-4	9.5215E-3	9.8745E-1
3.9500E-4	9.7656E-3	9.7437E-1
3.9600E-4	1.0010E-2	9.4766E-1
3.9700E-4	9.7656E-3	9.0894E-1
3.9800E-4	1.0254E-2	8.6470E-1
3.9900E-4	9.5215E-3	8.1445E-1
4.0000E-4	9.7656E-3	7.6445E-1
4.0100E-4	9.7656E-3	7.1514E-1
4.0200E-4	9.2773E-3	6.7095E-1
4.0300E-4	9.2773E-3	6.3491E-1
4.0400E-4	9.7656E-3	6.0845E-1
4.0500E-4	9.0332E-3	5.9023E-1
4.0600E-4	1.0010E-2	5.8169E-1
4.0700E-4	9.0332E-3	5.8135E-1
4.0800E-4	9.7656E-3	5.8589E-1
4.0900E-4	9.5215E-3	5.9644E-1
4.1000E-4	9.2773E-3	6.1367E-1
4.1100E-4	9.5215E-3	6.3550E-1
4.1200E-4	9.7656E-3	6.6406E-1
4.1300E-4	9.7656E-3	6.9927E-1
4.1400E-4	1.0010E-2	7.3960E-1
4.1500E-4	1.0010E-2	7.8359E-1
4.1600E-4	1.0254E-2	8.3228E-1
4.1700E-4	9.5215E-3	8.7964E-1
4.1800E-4	9.7656E-3	9.2388E-1
4.1900E-4	9.7656E-3	9.5947E-1
4.2000E-4	9.7656E-3	9.8311E-1
4.2100E-4	9.5215E-3	9.9053E-1
4.2200E-4	1.0010E-2	9.8066E-1
4.2300E-4	9.5215E-3	9.5215E-1
4.2400E-4	9.7656E-3	9.1274E-1
4.2500E-4	1.0010E-2	8.6514E-1
4.2600E-4	9.2773E-3	8.1221E-1
4.2700E-4	9.2773E-3	7.5762E-1
4.2800E-4	1.0010E-2	7.0630E-1
4.2900E-4	9.2773E-3	6.6143E-1
4.3000E-4	9.7656E-3	6.2139E-1
4.3100E-4	1.0010E-2	5.9062E-1
4.3200E-4	9.2773E-3	5.7412E-1
4.3300E-4	9.2773E-3	5.6890E-1
4.3400E-4	1.0010E-2	5.7104E-1
4.3500E-4	9.7656E-3	5.8286E-1
4.3600E-4	9.7656E-3	6.0552E-1
4.3700E-4	9.7656E-3	6.3325E-1
4.3800E-4	9.5215E-3	6.6509E-1
4.3900E-4	1.0254E-2	7.0054E-1
4.4000E-4	9.7656E-3	7.4214E-1
4.4100E-4	1.0010E-2	7.8491E-1
4.4200E-4	9.7656E-3	8.3022E-1
4.4300E-4	9.2773E-3	8.7939E-1
4.4400E-4	1.0010E-2	9.2695E-1
4.4500E-4	9.5215E-3	9.6621E-1
4.4600E-4	9.7656E-3	9.9331E-1
4.4700E-4	9.5215E-3	1.0040E+0
4.4800E-4	9.2773E-3	9.9521E-1
4.4900E-4	9.5215E-3	9.6953E-1
4.5000E-4	9.7656E-3	9.2837E-1
4.5100E-4	9.2773E-3	8.7847E-1
4.5200E-4	9.5215E-3	8.2188E-1
4.5300E-4	1.0010E-2	7.6245E-1
4.5400E-4	9.5215E-3	7.0366E-1
4.5500E-4	9.2773E-3	6.5308E-1
4.5600E-4	9.5215E-3	6.0864E-1
4.5700E-4	9.5215E-3	5.7432E-1
4.5800E-4	1.0010E-2	5.5210E-1
4.5900E-4	9.2773E-3	5.4121E-1
4.6000E-4	9.7656E-3	5.3828E-1
4.6100E-4	9.7656E-3	5.4341E-1
4.6200E-4	1.0010E-2	5.5498E-1
4.6300E-4	9.5215E-3	5.7207E-1
4.6400E-4	9.5215E-3	5.9683E-1
4.6500E-4	9.5215E-3	6.2549E-1
4.6600E-4	1.0010E-2	6.5967E-1
4.6700E-4	1.0010E-2	7.0073E-1
4.6800E-4	9.7656E-3	7.4731E-1
4.6900E-4	9.7656E-3	7.9731E-1
4.7000E-4	1.0254E-2	8.5356E-1
4.7100E-4	1.0010E-2	9.0996E-1
4.7200E-4	9.5215E-3	9.5996E-1
4.7300E-4	9.7656E-3	9.9565E-1
4.7400E-4	9.5215E-3	1.0140E+0
4.7500E-4	9.5215E-3	1.0082E+0
4.7600E-4	1.0254E-2	9.7993E-1
4.7700E-4	9.2773E-3	9.3218E-1
4.7800E-4	1.0010E-2	8.7017E-1
4.7900E-4	9.5215E-3	7.9829E-1
4.8000E-4	9.5215E-3	7.2354E-1
4.8100E-4	1.0010E-2	6.5151E-1
4.8200E-4	9.7656E-3	5.8628E-1
4.8300E-4	8.7891E-3	5.3354E-1
4.8400E-4	1.0254E-2	4.9419E-1
4.8500E-4	9.2773E-3	4.6821E-1
4.8600E-4	9.7656E-3	4.5410E-1
4.8700E-4	8.5449E-3	4.5132E-1
4.8800E-4	9.5215E-3	4.5723E-1
4.8900E-4	1.0010E-2	4.7021E-1
4.9000E-4	9.7656E-3	4.9028E-1
4.9100E-4	9.5215E-3	5.1602E-1
4.9200E-4	1.0498E-2	5.4907E-1
4.9300E-4	9.0332E-3	5.9146E-1
4.9400E-4	1.0010E-2	6.4287E-1
4.9500E-4	9.2773E-3	7.0815E-1
4.9600E-4	9.5215E-3	7.8545E-1
4.9700E-4	1.0254E-2	8.6753E-1
4.9800E-4	9.7656E-3	9.4180E-1
4.9900E-4	9.5215E-3	9.9854E-1
5.0000E-4	9.7656E-3	1.0223E+0
5.0100E-4	9.5215E-3	1.0050E+0
5.0200E-4	9.5215E-3	9.4487E-1
5.0300E-4	1.0254E-2	8.4795E-1
5.0400E-4	1.0010E-2	7.2793E-1
5.0500E-4	1.0254E-2	5.9844E-1
5.0600E-4	1.0254E-2	4.7393E-1
5.0700E-4	1.0010E-2	3.6528E-1
5.0800E-4	9.7656E-3	2.7842E-1
5.0900E-4	9.2773E-3	2.1255E-1
5.1000E-4	9.2773E-3	1.6631E-1
5.1100E-4	9.5215E-3	1.3657E-1
5.1200E-4	9.7656E-3	1.1870E-1
5.1300E-4	9.5215E-3	1.1255E-1
5.1400E-4	9.2773E-3	1.1455E-1
5.1500E-4	9.2773E-3	1.1943E-1
5.1600E-4	9.2773E-3	1.2607E-1
5.1700E-4	9.5215E-3	1.3145E-1
5.1800E-4	9.2773E-3	1.3623E-1
5.1900E-4	9.5215E-3	1.3657E-1
5.2000E-4	9.2773E-3	1.3369E-1
5.2100E-4	9.5215E-3	1.2773E-1
5.2200E-4	9.5215E-3	1.2212E-1
5.2300E-4	9.0332E-3	1.1587E-1
5.2400E-4	1.0010E-2	1.0986E-1
5.2500E-4	1.0254E-2	1.0586E-1
5.2600E-4	1.0010E-2	1.0449E-1
5.2700E-4	9.2773E-3	1.0435E-1
5.2800E-4	1.0010E-2	1.0376E-1
5.2900E-4	1.0010E-2	1.0420E-1
5.3000E-4	9.5215E-3	1.0361E-1
5.3100E-4	9.2773E-3	1.0425E-1
5.3200E-4	9.5215E-3	1.0640E-1
5.3300E-4	9.7656E-3	1.1001E-1
5.3400E-4	9.7656E-3	1.1753E-1
5.3500E-4	9.5215E-3	1.2935E-1
5.3600E-4	1.0010E-2	1.4297E-1
5.3700E-4	9.5215E-3	1.5659E-1
5.3800E-4	9.5215E-3	1.7070E-1
5.3900E-4	1.0254E-2	1.8789E-1
5.4000E-4	1.0010E-2	2.1118E-1
5.4100E-4	9.2773E-3	2.4150E-1
5.4200E-4	9.7656E-3	2.8340E-1
5.4300E-4	9.5215E-3	3.3965E-1
5.4400E-4	9.5215E-3	4.1064E-1
5.4500E-4	1.0010E-2	5.0000E-1
5.4600E-4	9.5215E-3	6.1021E-1
5.4700E-4	9.2773E-3	7.3594E-1
5.4800E-4	9.7656E-3	8.6470E-1
5.4900E-4	9.2773E-3	9.7588E-1
5.5000E-4	1.0254E-2	1.0497E+0
5.5100E-4	9.7656E-3	1.0755E+0
5.5200E-4	9.7656E-3	1.0502E+0
5.5300E-4	9.5215E-3	9.8369E-1
5.5400E-4	9.7656E-3	8.9043E-1
5.5500E-4	9.2773E-3	7.8691E-1
5.5600E-4	9.7656E-3	6.8735E-1
5.5700E-4	9.2773E-3	5.9990E-1
5.5800E-4	1.0010E-2	5.2715E-1
5.5900E-4	9.2773E-3	4.7559E-1
5.6000E-4	9.5215E-3	4.4678E-1
5.6100E-4	1.0010E-2	4.3330E-1
5.6200E-4	8.7891E-3	4.3452E-1
5.6300E-4	9.2773E-3	4.4741E-1
5.6400E-4	9.7656E-3	4.6763E-1
5.6500E-4	9.5215E-3	4.9219E-1
5.6600E-4	9.5215E-3	5.2158E-1
5.6700E-4	1.0010E-2	5.5723E-1
5.6800E-4	9.7656E-3	6.0010E-1
5.6900E-4	9.5215E-3	6.5000E-1
5.7000E-4	1.0254E-2	7.0640E-1
5.7100E-4	9.5215E-3	7.6724E-1
5.7200E-4	9.0332E-3	8.2964E-1
5.7300E-4	9.2773E-3	8.8940E-1
5.7400E-4	1.0254E-2	9.4185E-1
5.7500E-4	9.7656E-3	9.8223E-1
5.7600E-4	9.2773E-3	1.0097E+0
5.7700E-4	9.2773E-3	1.0172E+0
5.7800E-4	9.5215E-3	1.0034E+0
5.7900E-4	9.7656E-3	9.7051E-1
5.8000E-4	9.5215E-3	9.2319E-1
5.8100E-4	9.5215E-3	8.6323E-1
5.8200E-4	9.5215E-3	7.9688E-1
5.8300E-4	1.0254E-2	7.3276E-1
5.8400E-4	9.5215E-3	6.7534E-1
5.8500E-4	1.0010E-2	6.2476E-1
5.8600E-4	9.5215E-3	5.8682E-1
5.8700E-4	9.2773E-3	5.6416E-1
5.8800E-4	1.0010E-2	5.5161E-1
5.8900E-4	9.5215E-3	5.4902E-1
5.9000E-4	1.0010E-2	5.5830E-1
5.9100E-4	9.0332E-3	5.7290E-1
5.9200E-4	9.7656E-3	5.9253E-1
5.9300E-4	1.0010E-2	6.1870E-1
5.9400E-4	9.5215E-3	6.4971E-1
5.9500E-4	9.5215E-3	6.8496E-1
5.9600E-4	9.7656E-3	7.2622E-1
5.9700E-4	9.7656E-3	7.7339E-1
5.9800E-4	1.0010E-2	8.2524E-1
5.9900E-4	9.7656E-3	8.8262E-1
6.0000E-4	9.5215E-3	9.3945E-1
6.0100E-4	9.2773E-3	9.8789E-1
6.0200E-4	9.5215E-3	1.0214E+0
6.0300E-4	9.5215E-3	1.0382E+0
6.0400E-4	9.7656E-3	1.0357E+0
6.0500E-4	9.0332E-3	1.0128E+0
6.0600E-4	9.7656E-3	9.7744E-1
6.0700E-4	9.7656E-3	9.3276E-1
6.0800E-4	9.7656E-3	8.7939E-1
6.0900E-4	9.5215E-3	8.2148E-1
6.1000E-4	9.5215E-3	7.6743E-1
6.1100E-4	9.2773E-3	7.1470E-1
6.1200E-4	9.7656E-3	6.6782E-1
6.1300E-4	9.5215E-3	6.3140E-1
6.1400E-4	1.0010E-2	6.0542E-1
6.1500E-4	9.0332E-3	5.8892E-1
6.1600E-4	1.0010E-2	5.8398E-1
6.1700E-4	9.7656E-3	5.9004E-1
6.1800E-4	9.7656E-3	6.0259E-1
6.1900E-4	1.0010E-2	6.2148E-1
6.2000E-4	9.2773E-3	6.4624E-1
6.2100E-4	9.5215E-3	6.7739E-1
6.2200E-4	1.0254E-2	7.1489E-1
6.2300E-4	1.0010E-2	7.5938E-1
6.2400E-4	9.7656E-3	8.0776E-1
6.2500E-4	9.5215E-3	8.5820E-1
6.2600E-4	9.5215E-3	9.0859E-1
6.2700E-4	9.0332E-3	9.5356E-1
6.2800E-4	9.7656E-3	9.9033E-1
6.2900E-4	9.2773E-3	1.0141E+0
6.3000E-4	1.0010E-2	1.0214E+0
6.3100E-4	1.0254E-2	1.0123E+0
6.3200E-4	8.5449E-3	9.8896E-1
6.3300E-4	1.0010E-2	9.5127E-1
6.3400E-4	9.7656E-3	9.0562E-1
6.3500E-4	1.0010E-2	8.5620E-1
6.3600E-4	9.7656E-3	8.0596E-1
6.3700E-4	9.7656E-3	7.5645E-1
6.3800E-4	9.5215E-3	7.1294E-1
6.3900E-4	9.7656E-3	6.7798E-1
6.4000E-4	1.0254E-2	6.5186E-1
6.4100E-4	9.5215E-3	6.3232E-1
6.4200E-4	9.7656E-3	6.2134E-1
6.4300E-4	9.5215E-3	6.2002E-1
6.4400E-4	9.7656E-3	6.2539E-1
6.4500E-4	9.7656E-3	6.3848E-1
6.4600E-4	1.0010E-2	6.5879E-1
6.4700E-4	9.2773E-3	6.8633E-1
6.4800E-4	1.0010E-2	7.1963E-1
6.4900E-4	9.7656E-3	7.5835E-1
6.5000E-4	1.0010E-2	8.0132E-1
6.5100E-4	1.0010E-2	8.5044E-1
6.5200E-4	9.5215E-3	8.9927E-1
6.5300E-4	9.5215E-3	9.4702E-1
6.5400E-4	9.7656E-3	9.8848E-1
6.5500E-4	9.0332E-3	1.0169E+0
6.5600E-4	9.7656E-3	1.0279E+0
6.5700E-4	9.7656E-3	1.0228E+0
6.5800E-4	9.2773E-3	9.9863E-1
6.5900E-4	9.7656E-3	9.6099E-1
6.6000E-4	9.7656E-3	9.1548E-1
6.6100E-4	9.5215E-3	8.6489E-1
6.6200E-4	9.5215E-3	8.1465E-1
6.6300E-4	1.0010E-2	7.6748E-1
6.6400E-4	9.5215E-3	7.2446E-1
6.6500E-4	1.0010E-2	6.8833E-1
6.6600E-4	1.0010E-2	6.5898E-1
6.6700E-4	9.0332E-3	6.3623E-1
6.6800E-4	1.0010E-2	6.2192E-1
6.6900E-4	1.0010E-2	6.1650E-1
6.7000E-4	9.5215E-3	6.1733E-1
6.7100E-4	9.2773E-3	6.2729E-1
6.7200E-4	9.7656E-3	6.4351E-1
6.7300E-4	9.5215E-3	6.6724E-1
6.7400E-4	1.0010E-2	6.9858E-1
6.7500E-4	8.7891E-3	7.3799E-1
6.7600E-4	1.0010E-2	7.8042E-1
6.7700E-4	1.0010E-2	8.2520E-1
6.7800E-4	9.7656E-3	8.7124E-1
6.7900E-4	9.5215E-3	9.1138E-1
6.8000E-4	9.7656E-3	9.4487E-1
6.8100E-4	9.5215E-3	9.7100E-1
6.8200E-4	9.7656E-3	9.8604E-1
6.8300E-4	9.5215E-3	9.8618E-1
6.8400E-4	1.0010E-2	9.7573E-1
6.8500E-4	9.5215E-3	9.5288E-1
6.8600E-4	8.7891E-3	9.1958E-1
6.8700E-4	9.5215E-3	8.7905E-1
6.8800E-4	9.2773E-3	8.3335E-1
6.8900E-4	9.2773E-3	7.8652E-1
6.9000E-4	9.7656E-3	7.4141E-1
6.9100E-4	9.7656E-3	7.0171E-1
6.9200E-4	9.7656E-3	6.7046E-1
6.9300E-4	1.0254E-2	6.4712E-1
6.9400E-4	1.0010E-2	6.2998E-1
6.9500E-4	8.7891E-3	6.2056E-1
6.9600E-4	9.5215E-3	6.1909E-1
6.9700E-4	9.5215E-3	6.2300E-1
6.9800E-4	9.7656E-3	6.3501E-1
6.9900E-4	9.7656E-3	6.5508E-1
7.0000E-4	1.0498E-2	6.8335E-1
7.0100E-4	1.0010E-2	7.1543E-1
7.0200E-4	1.0254E-2	7.5571E-1
7.0300E-4	9.7656E-3	8.0034E-1
7.0400E-4	9.5215E-3	8.4565E-1
7.0500E-4	1.0010E-2	8.8916E-1
7.0600E-4	9.7656E-3	9.3081E-1
7.0700E-4	9.7656E-3	9.6377E-1
7.0800E-4	9.5215E-3	9.8594E-1
7.0900E-4	9.7656E-3	9.9419E-1
7.1000E-4	9.7656E-3	9.8945E-1
7.1100E-4	9.5215E-3	9.7095E-1
7.1200E-4	1.0254E-2	9.3818E-1
7.1300E-4	9.5215E-3	8.9658E-1
7.1400E-4	9.5215E-3	8.5229E-1
7.1500E-4	9.7656E-3	8.0327E-1
7.1600E-4	9.7656E-3	7.5503E-1
7.1700E-4	1.0010E-2	7.1294E-1
7.1800E-4	9.7656E-3	6.7715E-1
7.1900E-4	9.0332E-3	6.4697E-1
7.2000E-4	9.5215E-3	6.2593E-1
7.2100E-4	9.7656E-3	6.1343E-1
7.2200E-4	1.0254E-2	6.0840E-1
7.2300E-4	8.7891E-3	6.1011E-1
7.2400E-4	1.0010E-2	6.1807E-1
7.2500E-4	9.5215E-3	6.3506E-1
7.2600E-4	9.2773E-3	6.5762E-1
7.2700E-4	1.0498E-2	6.8516E-1
7.2800E-4	1.0010E-2	7.1875E-1
7.2900E-4	1.0254E-2	7.5923E-1
7.3000E-4	9.7656E-3	8.0103E-1
7.3100E-4	9.7656E-3	8.4429E-1
7.3200E-4	9.2773E-3	8.8696E-1
7.3300E-4	9.2773E-3	9.2285E-1
7.3400E-4	1.0010E-2	9.5166E-1
7.3500E-4	9.7656E-3	9.6865E-1
7.3600E-4	9.7656E-3	9.7305E-1
7.3700E-4	1.0010E-2	9.6436E-1
7.3800E-4	1.0010E-2	9.4526E-1
7.3900E-4	1.0254E-2	9.1289E-1
7.4000E-4	9.7656E-3	8.7295E-1
7.4100E-4	9.2773E-3	8.2734E-1
7.4200E-4	9.2773E-3	7.7896E-1
7.4300E-4	9.5215E-3	7.3066E-1
7.4400E-4	1.0010E-2	6.8662E-1
7.4500E-4	9.5215E-3	6.5278E-1
7.4600E-4	9.5215E-3	6.3164E-1
7.4700E-4	9.7656E-3	6.2202E-1
7.4800E-4	1.0010E-2	6.2197E-1
7.4900E-4	1.0010E-2	6.2959E-1
7.5000E-4	9.5215E-3	6.4121E-1
7.5100E-4	9.2773E-3	6.5620E-1
7.5200E-4	1.0254E-2	6.7563E-1
7.5300E-4	1.0010E-2	7.0010E-1
7.5400E-4	1.0010E-2	7.3311E-1
7.5500E-4	9.5215E-3	7.7207E-1
7.5600E-4	9.5215E-3	8.1440E-1
7.5700E-4	9.7656E-3	8.5947E-1
7.5800E-4	9.2773E-3	9.0229E-1
7.5900E-4	9.5215E-3	9.3896E-1
7.6000E-4	9.2773E-3	9.6504E-1
7.6100E-4	9.5215E-3	9.7813E-1
7.6200E-4	9.0332E-3	9.7563E-1
7.6300E-4	9.2773E-3	9.6162E-1
7.6400E-4	9.5215E-3	9.3760E-1
7.6500E-4	9.5215E-3	9.0688E-1
7.6600E-4	9.5215E-3	8.7202E-1
7.6700E-4	1.0254E-2	8.3296E-1
7.6800E-4	1.0498E-2	7.9297E-1
7.6900E-4	9.2773E-3	7.5156E-1
7.7000E-4	9.2773E-3	7.1055E-1
7.7100E-4	9.2773E-3	6.7295E-1
7.7200E-4	9.7656E-3	6.4292E-1
7.7300E-4	1.0010E-2	6.2285E-1
7.7400E-4	9.7656E-3	6.0991E-1
7.7500E-4	8.7891E-3	6.0415E-1
7.7600E-4	9.7656E-3	6.0864E-1
7.7700E-4	1.0010E-2	6.2085E-1
7.7800E-4	9.7656E-3	6.3740E-1
7.7900E-4	1.0010E-2	6.6157E-1
7.8000E-4	1.0254E-2	6.9570E-1
7.8100E-4	1.0010E-2	7.3105E-1
7.8200E-4	9.5215E-3	7.6963E-1
7.8300E-4	9.5215E-3	8.1206E-1
7.8400E-4	1.0254E-2	8.5430E-1
7.8500E-4	1.0254E-2	8.9390E-1
7.8600E-4	1.0010E-2	9.2969E-1
7.8700E-4	1.0010E-2	9.5776E-1
7.8800E-4	9.7656E-3	9.7344E-1
7.8900E-4	1.0498E-2	9.7686E-1
7.9000E-4	1.0254E-2	9.6143E-1
7.9100E-4	9.2773E-3	9.3315E-1
7.9200E-4	1.0010E-2	8.9590E-1
7.9300E-4	9.5215E-3	8.5186E-1
7.9400E-4	9.2773E-3	8.0386E-1
7.9500E-4	9.2773E-3	7.5811E-1
7.9600E-4	1.0498E-2	7.1348E-1
7.9700E-4	8.5449E-3	6.7524E-1
7.9800E-4	9.5215E-3	6.4463E-1
7.9900E-4	9.2773E-3	6.2241E-1
8.0000E-4	1.0010E-2	6.1050E-1
8.0100E-4	9.5215E-3	6.1074E-1
8.0200E-4	9.0332E-3	6.1875E-1
8.0300E-4	1.0254E-2	6.3340E-1
8.0400E-4	1.0254E-2	6.5415E-1
8.0500E-4	1.0254E-2	6.7959E-1
8.0600E-4	1.0254E-2	7.0615E-1
8.0700E-4	1.0498E-2	7.3662E-1
8.0800E-4	9.7656E-3	7.7134E-1
8.0900E-4	9.0332E-3	8.0884E-1
8.1000E-4	9.7656E-3	8.5137E-1
8.1100E-4	1.0010E-2	8.9697E-1
8.1200E-4	1.0254E-2	9.3701E-1
8.1300E-4	9.5215E-3	9.6797E-1
8.1400E-4	1.0254E-2	9.8906E-1
8.1500E-4	9.7656E-3	9.9380E-1
8.1600E-4	9.2773E-3	9.8320E-1
8.1700E-4	9.5215E-3	9.5835E-1
8.1800E-4	8.7891E-3	9.2251E-1
8.1900E-4	9.5215E-3	8.7622E-1
8.2000E-4	9.5215E-3	8.2471E-1
8.2100E-4	1.0010E-2	7.6938E-1
8.2200E-4	9.0332E-3	7.1758E-1
8.2300E-4	9.5215E-3	6.7383E-1
8.2400E-4	1.0010E-2	6.3804E-1
8.2500E-4	9.5215E-3	6.1094E-1
8.2600E-4	9.2773E-3	5.9619E-1
8.2700E-4	9.5215E-3	5.9067E-1
8.2800E-4	9.7656E-3	5.8965E-1
8.2900E-4	9.5215E-3	5.9688E-1
8.3000E-4	9.5215E-3	6.1074E-1
8.3100E-4	9.5215E-3	6.3042E-1
8.3200E-4	9.5215E-3	6.5493E-1
8.3300E-4	9.5215E-3	6.8672E-1
8.3400E-4	1.0010E-2	7.2334E-1
8.3500E-4	1.0010E-2	7.6465E-1
8.3600E-4	1.0010E-2	8.0840E-1
8.3700E-4	1.0010E-2	8.5405E-1
8.3800E-4	9.2773E-3	8.9678E-1
8.3900E-4	9.5215E-3	9.3281E-1
8.4000E-4	9.5215E-3	9.5776E-1
8.4100E-4	1.0010E-2	9.6714E-1
8.4200E-4	1.0010E-2	9.6123E-1
8.4300E-4	9.5215E-3	9.4150E-1
8.4400E-4	9.7656E-3	9.1045E-1
8.4500E-4	9.0332E-3	8.7158E-1
8.4600E-4	9.2773E-3	8.2793E-1
8.4700E-4	9.7656E-3	7.8135E-1
8.4800E-4	1.0010E-2	7.3594E-1
8.4900E-4	1.0010E-2	6.9604E-1
8.5000E-4	1.0010E-2	6.6206E-1
8.5100E-4	9.5215E-3	6.3657E-1
8.5200E-4	1.0010E-2	6.1997E-1
8.5300E-4	1.0010E-2	6.1230E-1
8.5400E-4	9.5215E-3	6.0986E-1
8.5500E-4	9.5215E-3	6.1450E-1
8.5600E-4	9.7656E-3	6.2432E-1
8.5700E-4	9.2773E-3	6.3896E-1
8.5800E-4	9.2773E-3	6.5688E-1
8.5900E-4	9.2773E-3	6.8374E-1
8.6000E-4	9.5215E-3	7.1733E-1
8.6100E-4	9.2773E-3	7.5806E-1
8.6200E-4	9.2773E-3	8.0469E-1
8.6300E-4	1.0254E-2	8.5503E-1
8.6400E-4	9.5215E-3	8.9985E-1
8.6500E-4	9.7656E-3	9.3784E-1
8.6600E-4	9.2773E-3	9.6704E-1
8.6700E-4	9.7656E-3	9.8096E-1
8.6800E-4	9.7656E-3	9.7681E-1
8.6900E-4	9.5215E-3	9.6108E-1
8.7000E-4	9.0332E-3	9.3154E-1
8.7100E-4	9.2773E-3	8.8960E-1
8.7200E-4	9.2773E-3	8.3999E-1
8.7300E-4	9.7656E-3	7.8965E-1
8.7400E-4	1.0254E-2	7.3828E-1
8.7500E-4	9.2773E-3	6.9067E-1
8.7600E-4	1.0010E-2	6.5186E-1
8.7700E-4	9.2773E-3	6.2314E-1
8.7800E-4	9.2773E-3	6.0317E-1
8.7900E-4	9.7656E-3	5.9224E-1
8.8000E-4	1.0010E-2	5.8940E-1
8.8100E-4	9.5215E-3	5.9238E-1
8.8200E-4	9.2773E-3	6.0220E-1
8.8300E-4	1.0254E-2	6.1665E-1
8.8400E-4	1.0254E-2	6.3745E-1
8.8500E-4	1.0254E-2	6.6094E-1
8.8600E-4	9.5215E-3	6.8853E-1
8.8700E-4	1.0010E-2	7.2246E-1
8.8800E-4	9.7656E-3	7.6157E-1
8.8900E-4	9.7656E-3	8.0015E-1
8.9000E-4	1.0254E-2	8.4272E-1
8.9100E-4	1.0010E-2	8.8301E-1
8.9200E-4	9.5215E-3	9.1543E-1
8.9300E-4	1.0254E-2	9.3809E-1
8.9400E-4	9.7656E-3	9.4932E-1
8.9500E-4	9.7656E-3	9.4458E-1
8.9600E-4	9.5215E-3	9.2588E-1
8.9700E-4	9.2773E-3	8.9570E-1
8.9800E-4	9.7656E-3	8.5625E-1
8.9900E-4	9.5215E-3	8.1235E-1
9.0000E-4	1.0010E-2	7.6914E-1
9.0100E-4	1.0010E-2	7.2617E-1
9.0200E-4	9.0332E-3	6.8521E-1
9.0300E-4	9.0332E-3	6.4946E-1
9.0400E-4	1.0254E-2	6.1978E-1
9.0500E-4	1.0010E-2	5.9678E-1
9.0600E-4	9.5215E-3	5.8281E-1
9.0700E-4	1.0010E-2	5.8057E-1
9.0800E-4	9.7656E-3	5.8862E-1
9.0900E-4	9.5215E-3	6.0283E-1
9.1000E-4	1.0010E-2	6.2480E-1
9.1100E-4	9.2773E-3	6.5278E-1
9.1200E-4	9.7656E-3	6.8335E-1
9.1300E-4	9.2773E-3	7.1768E-1
9.1400E-4	9.7656E-3	7.5742E-1
9.1500E-4	9.7656E-3	8.0151E-1
9.1600E-4	1.0498E-2	8.4805E-1
9.1700E-4	9.7656E-3	8.9131E-1
9.1800E-4	1.0010E-2	9.2588E-1
9.1900E-4	1.0010E-2	9.5186E-1
9.2000E-4	1.0010E-2	9.6191E-1
9.2100E-4	9.2773E-3	9.5596E-1
9.2200E-4	9.5215E-3	9.3540E-1
9.2300E-4	9.5215E-3	9.0439E-1
9.2400E-4	1.0010E-2	8.6240E-1
9.2500E-4	9.5215E-3	8.1479E-1
9.2600E-4	9.5215E-3	7.6509E-1
9.2700E-4	9.5215E-3	7.1797E-1
9.2800E-4	9.7656E-3	6.7349E-1
9.2900E-4	9.5215E-3	6.3291E-1
9.3000E-4	9.5215E-3	5.9814E-1
9.3100E-4	9.2773E-3	5.7280E-1
9.3200E-4	9.5215E-3	5.5420E-1
9.3300E-4	1.0010E-2	5.4595E-1
9.3400E-4	1.0010E-2	5.4893E-1
9.3500E-4	9.0332E-3	5.6050E-1
9.3600E-4	9.2773E-3	5.7793E-1
9.3700E-4	9.0332E-3	6.0298E-1
9.3800E-4	9.2773E-3	6.3193E-1
9.3900E-4	9.7656E-3	6.6553E-1
9.4000E-4	1.0254E-2	7.0176E-1
9.4100E-4	9.7656E-3	7.4233E-1
9.4200E-4	9.7656E-3	7.8789E-1
9.4300E-4	1.0010E-2	8.3477E-1
9.4400E-4	1.0010E-2	8.8032E-1
9.4500E-4	9.7656E-3	9.2231E-1
9.4600E-4	9.7656E-3	9.5215E-1
9.4700E-4	9.5215E-3	9.6709E-1
9.4800E-4	1.0254E-2	9.6787E-1
9.4900E-4	9.2773E-3	9.5059E-1
9.5000E-4	9.7656E-3	9.1748E-1
9.5100E-4	9.5215E-3	8.7368E-1
9.5200E-4	1.0010E-2	8.1841E-1
9.5300E-4	9.2773E-3	7.5889E-1
9.5400E-4	1.0010E-2	7.0015E-1
9.5500E-4	9.7656E-3	6.4775E-1
9.5600E-4	9.7656E-3	6.0317E-1
9.5700E-4	9.7656E-3	5.7075E-1
9.5800E-4	9.2773E-3	5.4785E-1
9.5900E-4	9.2773E-3	5.3643E-1
9.6000E-4	9.7656E-3	5.3291E-1
9.6100E-4	9.5215E-3	5.3867E-1
9.6200E-4	9.5215E-3	5.5181E-1
9.6300E-4	9.0332E-3	5.7397E-1
9.6400E-4	9.5215E-3	6.0166E-1
9.6500E-4	9.5215E-3	6.3467E-1
9.6600E-4	1.0010E-2	6.7305E-1
9.6700E-4	9.5215E-3	7.1782E-1
9.6800E-4	9.7656E-3	7.6494E-1
9.6900E-4	9.7656E-3	8.1528E-1
9.7000E-4	9.5215E-3	8.6807E-1
9.7100E-4	9.5215E-3	9.1724E-1
9.7200E-4	9.5215E-3	9.5610E-1
9.7300E-4	1.0010E-2	9.7920E-1
9.7400E-4	1.0010E-2	9.8208E-1
9.7500E-4	9.5215E-3	9.6035E-1
9.7600E-4	9.2773E-3	9.1689E-1
9.7700E-4	9.7656E-3	8.5698E-1
9.7800E-4	9.0332E-3	7.8813E-1
9.7900E-4	9.5215E-3	7.1655E-1
9.8000E-4	1.0254E-2	6.4697E-1
9.8100E-4	9.0332E-3	5.8369E-1
9.8200E-4	1.0010E-2	5.3052E-1
9.8300E-4	9.2773E-3	4.8706E-1
9.8400E-4	9.5215E-3	4.5649E-1
9.8500E-4	1.0010E-2	4.3882E-1
9.8600E-4	9.5215E-3	4.3174E-1
9.8700E-4	1.0010E-2	4.3101E-1
9.8800E-4	1.0010E-2	4.3921E-1
9.8900E-4	9.5215E-3	4.5215E-1
9.9000E-4	1.0254E-2	4.7144E-1
9.9100E-4	9.5215E-3	4.9771E-1
9.9200E-4	1.0010E-2	5.3193E-1
9.9300E-4	9.7656E-3	5.7153E-1
9.9400E-4	9.5215E-3	6.1943E-1
9.9500E-4	9.5215E-3	6.7812E-1
9.9600E-4	1.0010E-2	7.4365E-1
9.9700E-4	1.0010E-2	8.1802E-1
9.9800E-4	9.5215E-3	8.1802E-1
9.9900E-4	9.5215E-3	8.1802E-1
