Time [s]	Aux in [V]	Main in [V]
0.0000E+0	9.7656E-3	1.1899E-1
1.0000E-6	9.5215E-3	1.2100E-1
2.0000E-6	1.0254E-2	1.2310E-1
3.0000E-6	9.5215E-3	1.2471E-1
4.0000E-6	9.2773E-3	1.2593E-1
5.0000E-6	9.5215E-3	1.2202E-1
6.0000E-6	1.0254E-2	1.1660E-1
7.0000E-6	9.2773E-3	1.1069E-1
8.0000E-6	1.0010E-2	1.0532E-1
9.0000E-6	9.5215E-3	1.0049E-1
1.0000E-5	1.0010E-2	9.8291E-2
1.1000E-5	9.5215E-3	9.5215E-2
1.2000E-5	9.5215E-3	9.3115E-2
1.3000E-5	9.5215E-3	9.2676E-2
1.4000E-5	9.5215E-3	9.3164E-2
1.5000E-5	9.0332E-3	9.2432E-2
1.6000E-5	1.0010E-2	9.3066E-2
1.7000E-5	9.5215E-3	9.6289E-2
1.8000E-5	9.5215E-3	9.9414E-2
1.9000E-5	9.0332E-3	1.0405E-1
2.0000E-5	9.5215E-3	1.1313E-1
2.1000E-5	1.0010E-2	1.2695E-1
2.2000E-5	9.0332E-3	1.4312E-1
2.3000E-5	9.0332E-3	1.6489E-1
2.4000E-5	1.0010E-2	1.9224E-1
2.5000E-5	1.0010E-2	2.2427E-1
2.6000E-5	1.0010E-2	2.6455E-1
2.7000E-5	9.5215E-3	3.1597E-1
2.8000E-5	1.0010E-2	3.8022E-1
2.9000E-5	9.5215E-3	4.6147E-1
3.0000E-5	9.7656E-3	5.5991E-1
3.1000E-5	9.2773E-3	6.6743E-1
3.2000E-5	9.7656E-3	7.7017E-1
3.3000E-5	1.0254E-2	8.5513E-1
3.4000E-5	1.0010E-2	9.1318E-1
3.5000E-5	1.0010E-2	9.3545E-1
3.6000E-5	9.5215E-3	9.2012E-1
3.7000E-5	1.0010E-2	8.7349E-1
3.8000E-5	1.0010E-2	8.0435E-1
3.9000E-5	9.7656E-3	7.2095E-1
4.0000E-5	9.5215E-3	6.3594E-1
4.1000E-5	9.5215E-3	5.5859E-1
4.2000E-5	9.7656E-3	4.9375E-1
4.3000E-5	9.2773E-3	4.4795E-1
4.4000E-5	9.5215E-3	4.1929E-1
4.5000E-5	1.0010E-2	4.0420E-1
4.6000E-5	9.5215E-3	4.0303E-1
4.7000E-5	9.7656E-3	4.1514E-1
4.8000E-5	9.5215E-3	4.3486E-1
4.9000E-5	9.5215E-3	4.6162E-1
5.0000E-5	9.0332E-3	4.9434E-1
5.1000E-5	9.5215E-3	5.2866E-1
5.2000E-5	9.5215E-3	5.6436E-1
5.3000E-5	9.7656E-3	6.0400E-1
5.4000E-5	1.0010E-2	6.4805E-1
5.5000E-5	9.5215E-3	6.9497E-1
5.6000E-5	9.0332E-3	7.4424E-1
5.7000E-5	9.5215E-3	7.9385E-1
5.8000E-5	9.2773E-3	8.3906E-1
5.9000E-5	1.0010E-2	8.7231E-1
6.0000E-5	9.7656E-3	8.9507E-1
6.1000E-5	9.5215E-3	9.0371E-1
6.2000E-5	9.7656E-3	8.9741E-1
6.3000E-5	9.2773E-3	8.7695E-1
6.4000E-5	9.7656E-3	8.4771E-1
6.5000E-5	9.5215E-3	8.0884E-1
6.6000E-5	1.0010E-2	7.6382E-1
6.7000E-5	9.5215E-3	7.1562E-1
6.8000E-5	9.5215E-3	6.6870E-1
6.9000E-5	1.0010E-2	6.2593E-1
7.0000E-5	9.2773E-3	5.8872E-1
7.1000E-5	1.0010E-2	5.5981E-1
7.2000E-5	1.0254E-2	5.4038E-1
7.3000E-5	9.5215E-3	5.2949E-1
7.4000E-5	9.2773E-3	5.2734E-1
7.5000E-5	1.0010E-2	5.3301E-1
7.6000E-5	9.2773E-3	5.4604E-1
7.7000E-5	9.2773E-3	5.6621E-1
7.8000E-5	9.7656E-3	5.9116E-1
7.9000E-5	9.5215E-3	6.1909E-1
8.0000E-5	9.7656E-3	6.5288E-1
8.1000E-5	9.7656E-3	6.9185E-1
8.2000E-5	9.0332E-3	7.3364E-1
8.3000E-5	1.0254E-2	7.7837E-1
8.4000E-5	9.7656E-3	8.2241E-1
8.5000E-5	1.0010E-2	8.6050E-1
8.6000E-5	9.2773E-3	8.8950E-1
8.7000E-5	1.0010E-2	9.0884E-1
8.8000E-5	9.0332E-3	9.1646E-1
8.9000E-5	9.2773E-3	9.1401E-1
9.0000E-5	9.7656E-3	9.0054E-1
9.1000E-5	1.0010E-2	8.7969E-1
9.2000E-5	1.0498E-2	8.4932E-1
9.3000E-5	9.7656E-3	8.1260E-1
9.4000E-5	1.0010E-2	7.6978E-1
9.5000E-5	9.7656E-3	7.2617E-1
9.6000E-5	9.5215E-3	6.8237E-1
9.7000E-5	9.7656E-3	6.4385E-1
9.8000E-5	9.5215E-3	6.1147E-1
9.9000E-5	9.5215E-3	5.8926E-1
1.0000E-4	9.5215E-3	5.7764E-1
1.0100E-4	9.5215E-3	5.7598E-1
1.0200E-4	9.7656E-3	5.8389E-1
1.0300E-4	9.7656E-3	5.9888E-1
1.0400E-4	9.5215E-3	6.1997E-1
1.0500E-4	1.0010E-2	6.4600E-1
1.0600E-4	9.5215E-3	6.7725E-1
1.0700E-4	1.0010E-2	7.1558E-1
1.0800E-4	9.7656E-3	7.6064E-1
1.0900E-4	9.5215E-3	8.0962E-1
1.1000E-4	9.7656E-3	8.5776E-1
1.1100E-4	9.5215E-3	8.9961E-1
1.1200E-4	9.5215E-3	9.2876E-1
1.1300E-4	9.2773E-3	9.4478E-1
1.1400E-4	9.5215E-3	9.4746E-1
1.1500E-4	9.0332E-3	9.3984E-1
1.1600E-4	1.0010E-2	9.2378E-1
1.1700E-4	9.7656E-3	9.0093E-1
1.1800E-4	9.7656E-3	8.7358E-1
1.1900E-4	9.5215E-3	8.4258E-1
1.2000E-4	9.5215E-3	8.0513E-1
1.2100E-4	9.5215E-3	7.6685E-1
1.2200E-4	9.7656E-3	7.2954E-1
1.2300E-4	1.0010E-2	6.9189E-1
1.2400E-4	1.0010E-2	6.5547E-1
1.2500E-4	1.0010E-2	6.2563E-1
1.2600E-4	9.7656E-3	6.0259E-1
1.2700E-4	9.7656E-3	5.8887E-1
1.2800E-4	1.0010E-2	5.8667E-1
1.2900E-4	9.7656E-3	5.9497E-1
1.3000E-4	9.2773E-3	6.1245E-1
1.3100E-4	1.0010E-2	6.3740E-1
1.3200E-4	9.0332E-3	6.6841E-1
1.3300E-4	9.2773E-3	7.0313E-1
1.3400E-4	9.7656E-3	7.4370E-1
1.3500E-4	1.0010E-2	7.9063E-1
1.3600E-4	1.0010E-2	8.4116E-1
1.3700E-4	9.2773E-3	8.8916E-1
1.3800E-4	9.5215E-3	9.2959E-1
1.3900E-4	9.5215E-3	9.5952E-1
1.4000E-4	1.0010E-2	9.7393E-1
1.4100E-4	9.7656E-3	9.7202E-1
1.4200E-4	9.2773E-3	9.5654E-1
1.4300E-4	1.0254E-2	9.3359E-1
1.4400E-4	1.0010E-2	9.0464E-1
1.4500E-4	1.0010E-2	8.7075E-1
1.4600E-4	9.5215E-3	8.3301E-1
1.4700E-4	9.5215E-3	7.9351E-1
1.4800E-4	9.0332E-3	7.5352E-1
1.4900E-4	9.5215E-3	7.1338E-1
1.5000E-4	1.0010E-2	6.7974E-1
1.5100E-4	9.7656E-3	6.5132E-1
1.5200E-4	9.2773E-3	6.3120E-1
1.5300E-4	9.7656E-3	6.1919E-1
1.5400E-4	9.0332E-3	6.1655E-1
1.5500E-4	1.0010E-2	6.1973E-1
1.5600E-4	9.5215E-3	6.3174E-1
1.5700E-4	9.7656E-3	6.5225E-1
1.5800E-4	9.7656E-3	6.7905E-1
1.5900E-4	9.2773E-3	7.1367E-1
1.6000E-4	9.7656E-3	7.5479E-1
1.6100E-4	1.0010E-2	8.0225E-1
1.6200E-4	9.7656E-3	8.5107E-1
1.6300E-4	1.0010E-2	8.9858E-1
1.6400E-4	1.0010E-2	9.3716E-1
1.6500E-4	9.7656E-3	9.6714E-1
1.6600E-4	9.7656E-3	9.8418E-1
1.6700E-4	9.5215E-3	9.8833E-1
1.6800E-4	9.5215E-3	9.7993E-1
1.6900E-4	9.7656E-3	9.6143E-1
1.7000E-4	9.2773E-3	9.3193E-1
1.7100E-4	9.5215E-3	8.9414E-1
1.7200E-4	1.0254E-2	8.5098E-1
1.7300E-4	9.7656E-3	8.0645E-1
1.7400E-4	1.0254E-2	7.6167E-1
1.7500E-4	9.2773E-3	7.2002E-1
1.7600E-4	9.2773E-3	6.8218E-1
1.7700E-4	9.7656E-3	6.5029E-1
1.7800E-4	1.0010E-2	6.2437E-1
1.7900E-4	9.5215E-3	6.0728E-1
1.8000E-4	9.7656E-3	5.9678E-1
1.8100E-4	1.0010E-2	5.9600E-1
1.8200E-4	9.7656E-3	6.0322E-1
1.8300E-4	9.5215E-3	6.2031E-1
1.8400E-4	9.7656E-3	6.4575E-1
1.8500E-4	9.2773E-3	6.7705E-1
1.8600E-4	1.0010E-2	7.1680E-1
1.8700E-4	1.0254E-2	7.6382E-1
1.8800E-4	9.5215E-3	8.1025E-1
1.8900E-4	1.0254E-2	8.5459E-1
1.9000E-4	1.0010E-2	8.9922E-1
1.9100E-4	1.0010E-2	9.3501E-1
1.9200E-4	9.2773E-3	9.5918E-1
1.9300E-4	9.5215E-3	9.7334E-1
1.9400E-4	9.5215E-3	9.7427E-1
1.9500E-4	9.7656E-3	9.6230E-1
1.9600E-4	1.0010E-2	9.3823E-1
1.9700E-4	9.5215E-3	9.0400E-1
1.9800E-4	9.5215E-3	8.6187E-1
1.9900E-4	9.7656E-3	8.1816E-1
2.0000E-4	9.7656E-3	7.7378E-1
2.0100E-4	9.5215E-3	7.3306E-1
2.0200E-4	9.7656E-3	6.9692E-1
2.0300E-4	9.5215E-3	6.6787E-1
2.0400E-4	1.0010E-2	6.4580E-1
2.0500E-4	1.0010E-2	6.2993E-1
2.0600E-4	9.5215E-3	6.2144E-1
2.0700E-4	9.2773E-3	6.2065E-1
2.0800E-4	9.2773E-3	6.2583E-1
2.0900E-4	9.2773E-3	6.3760E-1
2.1000E-4	9.7656E-3	6.5884E-1
2.1100E-4	9.7656E-3	6.8535E-1
2.1200E-4	9.5215E-3	7.1890E-1
2.1300E-4	9.7656E-3	7.6191E-1
2.1400E-4	9.5215E-3	8.0806E-1
2.1500E-4	9.0332E-3	8.5469E-1
2.1600E-4	9.5215E-3	9.0059E-1
2.1700E-4	9.5215E-3	9.3896E-1
2.1800E-4	9.5215E-3	9.6650E-1
2.1900E-4	9.5215E-3	9.8286E-1
2.2000E-4	9.7656E-3	9.8530E-1
2.2100E-4	9.5215E-3	9.7354E-1
2.2200E-4	9.5215E-3	9.5249E-1
2.2300E-4	9.7656E-3	9.1973E-1
2.2400E-4	9.5215E-3	8.8008E-1
2.2500E-4	9.0332E-3	8.3457E-1
2.2600E-4	9.7656E-3	7.8892E-1
2.2700E-4	9.2773E-3	7.4302E-1
2.2800E-4	1.0010E-2	7.0127E-1
2.2900E-4	1.0254E-2	6.6460E-1
2.3000E-4	9.5215E-3	6.3711E-1
2.3100E-4	9.2773E-3	6.1733E-1
2.3200E-4	9.5215E-3	6.0605E-1
2.3300E-4	9.5215E-3	6.0459E-1
2.3400E-4	9.0332E-3	6.1133E-1
2.3500E-4	9.2773E-3	6.2412E-1
2.3600E-4	8.7891E-3	6.4233E-1
2.3700E-4	9.5215E-3	6.6743E-1
2.3800E-4	9.5215E-3	6.9854E-1
2.3900E-4	9.2773E-3	7.3281E-1
2.4000E-4	9.7656E-3	7.7061E-1
2.4100E-4	9.0332E-3	8.1206E-1
2.4200E-4	9.2773E-3	8.5361E-1
2.4300E-4	9.5215E-3	8.9214E-1
2.4400E-4	9.5215E-3	9.2524E-1
2.4500E-4	9.0332E-3	9.4849E-1
2.4600E-4	9.7656E-3	9.6167E-1
2.4700E-4	9.7656E-3	9.6099E-1
2.4800E-4	1.0254E-2	9.4697E-1
2.4900E-4	9.7656E-3	9.2388E-1
2.5000E-4	9.7656E-3	8.9385E-1
2.5100E-4	9.7656E-3	8.5620E-1
2.5200E-4	9.5215E-3	8.1719E-1
2.5300E-4	9.2773E-3	7.7866E-1
2.5400E-4	9.7656E-3	7.4199E-1
2.5500E-4	9.7656E-3	7.0796E-1
2.5600E-4	9.7656E-3	6.7949E-1
2.5700E-4	9.5215E-3	6.5635E-1
2.5800E-4	9.2773E-3	6.3813E-1
2.5900E-4	1.0254E-2	6.2827E-1
2.6000E-4	9.7656E-3	6.2773E-1
2.6100E-4	9.5215E-3	6.3496E-1
2.6200E-4	9.7656E-3	6.4956E-1
2.6300E-4	9.2773E-3	6.7339E-1
2.6400E-4	1.0498E-2	7.0176E-1
2.6500E-4	1.0010E-2	7.3550E-1
2.6600E-4	9.0332E-3	7.7456E-1
2.6700E-4	9.5215E-3	8.1577E-1
2.6800E-4	9.2773E-3	8.5762E-1
2.6900E-4	1.0010E-2	8.9648E-1
2.7000E-4	1.0010E-2	9.2812E-1
2.7100E-4	9.5215E-3	9.4775E-1
2.7200E-4	9.5215E-3	9.5718E-1
2.7300E-4	9.5215E-3	9.5493E-1
2.7400E-4	9.2773E-3	9.4321E-1
2.7500E-4	9.7656E-3	9.2354E-1
2.7600E-4	9.5215E-3	8.9800E-1
2.7700E-4	1.0010E-2	8.6699E-1
2.7800E-4	9.7656E-3	8.3188E-1
2.7900E-4	9.0332E-3	7.9277E-1
2.8000E-4	9.7656E-3	7.5444E-1
2.8100E-4	9.0332E-3	7.1841E-1
2.8200E-4	9.5215E-3	6.8691E-1
2.8300E-4	9.5215E-3	6.5942E-1
2.8400E-4	9.2773E-3	6.3857E-1
2.8500E-4	9.5215E-3	6.2515E-1
2.8600E-4	1.0010E-2	6.2017E-1
2.8700E-4	9.5215E-3	6.2090E-1
2.8800E-4	9.7656E-3	6.3066E-1
2.8900E-4	1.0010E-2	6.4927E-1
2.9000E-4	9.2773E-3	6.7461E-1
2.9100E-4	9.7656E-3	7.0347E-1
2.9200E-4	9.5215E-3	7.3735E-1
2.9300E-4	1.0010E-2	7.7588E-1
2.9400E-4	9.2773E-3	8.1782E-1
2.9500E-4	9.2773E-3	8.5879E-1
2.9600E-4	9.7656E-3	8.9595E-1
2.9700E-4	9.5215E-3	9.2471E-1
2.9800E-4	9.5215E-3	9.4028E-1
2.9900E-4	9.7656E-3	9.4307E-1
3.0000E-4	9.5215E-3	9.3672E-1
3.0100E-4	9.5215E-3	9.2310E-1
3.0200E-4	1.0010E-2	9.0425E-1
3.0300E-4	9.7656E-3	8.8062E-1
3.0400E-4	9.7656E-3	8.5078E-1
3.0500E-4	9.0332E-3	8.1313E-1
3.0600E-4	9.5215E-3	7.7451E-1
3.0700E-4	9.5215E-3	7.3789E-1
3.0800E-4	1.0010E-2	7.0381E-1
3.0900E-4	9.5215E-3	6.7612E-1
3.1000E-4	1.0010E-2	6.5815E-1
3.1100E-4	9.5215E-3	6.4653E-1
3.1200E-4	9.5215E-3	6.4067E-1
3.1300E-4	9.5215E-3	6.4253E-1
3.1400E-4	9.5215E-3	6.5171E-1
3.1500E-4	9.5215E-3	6.6641E-1
3.1600E-4	1.0010E-2	6.8794E-1
3.1700E-4	9.5215E-3	7.1367E-1
3.1800E-4	9.5215E-3	7.4536E-1
3.1900E-4	9.2773E-3	7.8022E-1
3.2000E-4	9.0332E-3	8.1641E-1
3.2100E-4	9.7656E-3	8.5054E-1
3.2200E-4	9.2773E-3	8.8125E-1
3.2300E-4	9.7656E-3	9.0200E-1
3.2400E-4	9.7656E-3	9.1299E-1
3.2500E-4	1.0254E-2	9.1328E-1
3.2600E-4	9.5215E-3	9.0513E-1
3.2700E-4	1.0010E-2	8.9038E-1
3.2800E-4	9.5215E-3	8.7271E-1
3.2900E-4	9.5215E-3	8.5259E-1
3.3000E-4	1.0010E-2	8.3032E-1
3.3100E-4	9.5215E-3	8.0527E-1
3.3200E-4	9.2773E-3	7.7988E-1
3.3300E-4	9.2773E-3	7.5137E-1
3.3400E-4	9.7656E-3	7.2168E-1
3.3500E-4	9.2773E-3	6.9346E-1
3.3600E-4	1.0254E-2	6.6968E-1
3.3700E-4	9.5215E-3	6.4883E-1
3.3800E-4	9.7656E-3	6.3535E-1
3.3900E-4	9.7656E-3	6.2925E-1
3.4000E-4	9.2773E-3	6.3110E-1
3.4100E-4	9.2773E-3	6.4028E-1
3.4200E-4	9.5215E-3	6.5718E-1
3.4300E-4	9.5215E-3	6.7974E-1
3.4400E-4	9.7656E-3	7.0625E-1
3.4500E-4	9.2773E-3	7.3853E-1
3.4600E-4	9.5215E-3	7.6982E-1
3.4700E-4	9.7656E-3	8.0068E-1
3.4800E-4	9.7656E-3	8.3174E-1
3.4900E-4	9.2773E-3	8.6143E-1
3.5000E-4	9.5215E-3	8.8179E-1
3.5100E-4	9.0332E-3	8.9414E-1
3.5200E-4	9.2773E-3	8.9888E-1
3.5300E-4	9.0332E-3	8.9375E-1
3.5400E-4	9.5215E-3	8.8154E-1
3.5500E-4	9.2773E-3	8.6548E-1
3.5600E-4	1.0010E-2	8.4712E-1
3.5700E-4	9.7656E-3	8.2471E-1
3.5800E-4	1.0010E-2	8.0107E-1
3.5900E-4	9.2773E-3	7.7319E-1
3.6000E-4	9.7656E-3	7.4209E-1
3.6100E-4	1.0254E-2	7.1221E-1
3.6200E-4	1.0498E-2	6.8437E-1
3.6300E-4	9.2773E-3	6.6206E-1
3.6400E-4	1.0254E-2	6.4658E-1
3.6500E-4	9.5215E-3	6.3828E-1
3.6600E-4	1.0254E-2	6.3682E-1
3.6700E-4	1.0010E-2	6.4390E-1
3.6800E-4	9.7656E-3	6.5654E-1
3.6900E-4	9.5215E-3	6.7729E-1
3.7000E-4	9.2773E-3	7.0747E-1
3.7100E-4	9.5215E-3	7.4277E-1
3.7200E-4	1.0010E-2	7.8179E-1
3.7300E-4	9.2773E-3	8.1914E-1
3.7400E-4	9.2773E-3	8.5146E-1
3.7500E-4	9.7656E-3	8.7559E-1
3.7600E-4	9.7656E-3	8.9141E-1
3.7700E-4	9.2773E-3	8.9878E-1
3.7800E-4	9.5215E-3	9.0049E-1
3.7900E-4	9.0332E-3	8.9468E-1
3.8000E-4	9.5215E-3	8.8257E-1
3.8100E-4	9.7656E-3	8.6519E-1
3.8200E-4	1.0254E-2	8.4243E-1
3.8300E-4	9.7656E-3	8.1563E-1
3.8400E-4	9.7656E-3	7.8794E-1
3.8500E-4	9.2773E-3	7.5859E-1
3.8600E-4	1.0254E-2	7.2983E-1
3.8700E-4	9.7656E-3	7.0225E-1
3.8800E-4	1.0498E-2	6.7798E-1
3.8900E-4	9.5215E-3	6.5557E-1
3.9000E-4	9.7656E-3	6.3789E-1
3.9100E-4	8.7891E-3	6.2256E-1
3.9200E-4	1.0498E-2	6.1401E-1
3.9300E-4	9.7656E-3	6.0972E-1
3.9400E-4	9.7656E-3	6.1450E-1
3.9500E-4	9.5215E-3	6.2744E-1
3.9600E-4	9.2773E-3	6.5137E-1
3.9700E-4	9.7656E-3	6.7988E-1
3.9800E-4	9.2773E-3	7.1421E-1
3.9900E-4	9.7656E-3	7.5088E-1
4.0000E-4	9.5215E-3	7.8789E-1
4.0100E-4	9.5215E-3	8.2085E-1
4.0200E-4	9.7656E-3	8.4805E-1
4.0300E-4	9.5215E-3	8.6797E-1
4.0400E-4	1.0010E-2	8.7822E-1
4.0500E-4	1.0010E-2	8.8027E-1
4.0600E-4	9.5215E-3	8.7510E-1
4.0700E-4	9.7656E-3	8.6582E-1
4.0800E-4	1.0010E-2	8.5166E-1
4.0900E-4	9.7656E-3	8.3271E-1
4.1000E-4	9.5215E-3	8.0928E-1
4.1100E-4	9.5215E-3	7.8198E-1
4.1200E-4	9.7656E-3	7.5225E-1
4.1300E-4	9.2773E-3	7.1992E-1
4.1400E-4	9.5215E-3	6.8916E-1
4.1500E-4	9.2773E-3	6.6060E-1
4.1600E-4	1.0010E-2	6.3765E-1
4.1700E-4	1.0010E-2	6.1948E-1
4.1800E-4	1.0254E-2	6.1001E-1
4.1900E-4	9.2773E-3	6.0703E-1
4.2000E-4	9.7656E-3	6.1113E-1
4.2100E-4	9.5215E-3	6.2163E-1
4.2200E-4	9.2773E-3	6.3950E-1
4.2300E-4	9.5215E-3	6.6421E-1
4.2400E-4	9.7656E-3	6.9707E-1
4.2500E-4	1.0010E-2	7.3467E-1
4.2600E-4	9.5215E-3	7.7544E-1
4.2700E-4	9.7656E-3	8.1338E-1
4.2800E-4	9.5215E-3	8.4253E-1
4.2900E-4	1.0010E-2	8.6118E-1
4.3000E-4	1.0254E-2	8.6987E-1
4.3100E-4	9.5215E-3	8.6904E-1
4.3200E-4	9.0332E-3	8.6230E-1
4.3300E-4	1.0010E-2	8.5483E-1
4.3400E-4	1.0986E-2	8.4312E-1
4.3500E-4	9.5215E-3	8.2822E-1
4.3600E-4	1.0010E-2	8.0854E-1
4.3700E-4	9.0332E-3	7.8179E-1
4.3800E-4	1.0254E-2	7.4722E-1
4.3900E-4	1.0010E-2	7.1128E-1
4.4000E-4	9.7656E-3	6.7510E-1
4.4100E-4	9.7656E-3	6.3945E-1
4.4200E-4	9.7656E-3	6.0859E-1
4.4300E-4	9.2773E-3	5.8467E-1
4.4400E-4	9.7656E-3	5.6528E-1
4.4500E-4	1.0254E-2	5.5186E-1
4.4600E-4	9.5215E-3	5.4663E-1
4.4700E-4	1.0010E-2	5.4917E-1
4.4800E-4	9.5215E-3	5.5835E-1
4.4900E-4	9.5215E-3	5.7612E-1
4.5000E-4	9.7656E-3	6.0190E-1
4.5100E-4	9.5215E-3	6.3394E-1
4.5200E-4	9.7656E-3	6.7158E-1
4.5300E-4	9.7656E-3	7.1328E-1
4.5400E-4	9.7656E-3	7.5771E-1
4.5500E-4	1.0010E-2	7.9941E-1
4.5600E-4	1.0010E-2	8.3330E-1
4.5700E-4	9.2773E-3	8.5674E-1
4.5800E-4	1.0010E-2	8.6914E-1
4.5900E-4	1.0010E-2	8.6826E-1
4.6000E-4	9.5215E-3	8.5581E-1
4.6100E-4	9.5215E-3	8.3530E-1
4.6200E-4	9.7656E-3	8.0640E-1
4.6300E-4	9.5215E-3	7.6924E-1
4.6400E-4	9.7656E-3	7.2568E-1
4.6500E-4	9.5215E-3	6.7666E-1
4.6600E-4	9.5215E-3	6.2573E-1
4.6700E-4	9.2773E-3	5.7612E-1
4.6800E-4	1.0010E-2	5.3267E-1
4.6900E-4	9.7656E-3	4.9590E-1
4.7000E-4	1.0010E-2	4.6895E-1
4.7100E-4	9.7656E-3	4.5229E-1
4.7200E-4	9.7656E-3	4.4756E-1
4.7300E-4	9.7656E-3	4.5186E-1
4.7400E-4	9.7656E-3	4.6406E-1
4.7500E-4	1.0254E-2	4.8608E-1
4.7600E-4	1.0010E-2	5.1523E-1
4.7700E-4	9.5215E-3	5.4917E-1
4.7800E-4	1.0254E-2	5.8755E-1
4.7900E-4	1.0010E-2	6.3394E-1
4.8000E-4	9.5215E-3	6.8672E-1
4.8100E-4	1.0010E-2	7.4087E-1
4.8200E-4	1.0010E-2	7.9067E-1
4.8300E-4	9.0332E-3	8.3184E-1
4.8400E-4	9.2773E-3	8.5972E-1
4.8500E-4	9.2773E-3	8.6523E-1
4.8600E-4	9.5215E-3	8.4424E-1
4.8700E-4	1.0010E-2	7.9663E-1
4.8800E-4	9.7656E-3	7.2808E-1
4.8900E-4	9.7656E-3	6.3843E-1
4.9000E-4	9.5215E-3	5.3569E-1
4.9100E-4	9.5215E-3	4.3315E-1
4.9200E-4	9.2773E-3	3.4248E-1
4.9300E-4	9.2773E-3	2.6440E-1
4.9400E-4	9.7656E-3	2.0303E-1
4.9500E-4	9.5215E-3	1.5962E-1
4.9600E-4	9.2773E-3	1.3418E-1
4.9700E-4	9.5215E-3	1.2012E-1
4.9800E-4	1.0010E-2	1.1616E-1
4.9900E-4	9.0332E-3	1.1934E-1
5.0000E-4	9.7656E-3	1.2339E-1
5.0100E-4	9.2773E-3	1.2583E-1
5.0200E-4	9.2773E-3	1.2568E-1
5.0300E-4	9.5215E-3	1.2358E-1
5.0400E-4	9.7656E-3	1.1855E-1
5.0500E-4	9.5215E-3	1.1597E-1
5.0600E-4	9.7656E-3	1.1299E-1
5.0700E-4	1.0010E-2	1.1147E-1
5.0800E-4	9.7656E-3	1.0806E-1
5.0900E-4	9.2773E-3	1.0503E-1
5.1000E-4	1.0498E-2	1.0020E-1
5.1100E-4	9.5215E-3	9.4678E-2
5.1200E-4	9.2773E-3	8.9307E-2
5.1300E-4	9.7656E-3	8.7744E-2
5.1400E-4	9.7656E-3	9.0283E-2
5.1500E-4	9.5215E-3	9.3945E-2
5.1600E-4	9.7656E-3	9.9854E-2
5.1700E-4	8.7891E-3	1.0874E-1
5.1800E-4	9.5215E-3	1.1719E-1
5.1900E-4	9.2773E-3	1.2417E-1
5.2000E-4	9.5215E-3	1.3491E-1
5.2100E-4	9.7656E-3	1.4834E-1
5.2200E-4	1.0010E-2	1.6411E-1
5.2300E-4	9.7656E-3	1.8208E-1
5.2400E-4	1.0010E-2	2.0317E-1
5.2500E-4	9.5215E-3	2.2773E-1
5.2600E-4	9.7656E-3	2.6138E-1
5.2700E-4	1.0010E-2	3.0254E-1
5.2800E-4	9.2773E-3	3.5903E-1
5.2900E-4	9.7656E-3	4.3223E-1
5.3000E-4	1.0010E-2	5.2417E-1
5.3100E-4	1.0010E-2	6.2476E-1
5.3200E-4	9.2773E-3	7.2539E-1
5.3300E-4	9.7656E-3	8.1177E-1
5.3400E-4	1.0010E-2	8.7432E-1
5.3500E-4	9.5215E-3	9.0200E-1
5.3600E-4	1.0254E-2	8.9404E-1
5.3700E-4	9.7656E-3	8.5615E-1
5.3800E-4	1.0254E-2	7.9629E-1
5.3900E-4	9.7656E-3	7.2168E-1
5.4000E-4	9.2773E-3	6.4414E-1
5.4100E-4	1.0010E-2	5.7222E-1
5.4200E-4	9.5215E-3	5.1250E-1
5.4300E-4	9.0332E-3	4.6748E-1
5.4400E-4	9.5215E-3	4.3882E-1
5.4500E-4	9.5215E-3	4.2383E-1
5.4600E-4	1.0010E-2	4.1895E-1
5.4700E-4	9.5215E-3	4.2417E-1
5.4800E-4	9.5215E-3	4.3677E-1
5.4900E-4	9.5215E-3	4.5522E-1
5.5000E-4	9.5215E-3	4.8013E-1
5.5100E-4	1.0010E-2	5.1196E-1
5.5200E-4	9.7656E-3	5.4639E-1
5.5300E-4	9.7656E-3	5.8379E-1
5.5400E-4	9.2773E-3	6.2266E-1
5.5500E-4	9.7656E-3	6.5972E-1
5.5600E-4	1.0010E-2	6.9556E-1
5.5700E-4	9.5215E-3	7.3354E-1
5.5800E-4	9.5215E-3	7.6890E-1
5.5900E-4	1.0010E-2	8.0098E-1
5.6000E-4	1.0498E-2	8.2607E-1
5.6100E-4	9.7656E-3	8.4062E-1
5.6200E-4	1.0254E-2	8.4214E-1
5.6300E-4	9.7656E-3	8.3281E-1
5.6400E-4	9.7656E-3	8.1484E-1
5.6500E-4	1.0010E-2	7.8540E-1
5.6600E-4	9.7656E-3	7.4946E-1
5.6700E-4	9.5215E-3	7.0869E-1
5.6800E-4	9.0332E-3	6.6401E-1
5.6900E-4	9.2773E-3	6.1895E-1
5.7000E-4	1.0010E-2	5.8281E-1
5.7100E-4	9.2773E-3	5.5435E-1
5.7200E-4	9.7656E-3	5.3223E-1
5.7300E-4	1.0010E-2	5.1938E-1
5.7400E-4	9.2773E-3	5.1606E-1
5.7500E-4	1.0254E-2	5.1953E-1
5.7600E-4	1.0010E-2	5.2935E-1
5.7700E-4	9.0332E-3	5.4678E-1
5.7800E-4	1.0010E-2	5.6826E-1
5.7900E-4	1.0010E-2	5.9170E-1
5.8000E-4	9.5215E-3	6.2002E-1
5.8100E-4	9.7656E-3	6.5215E-1
5.8200E-4	9.7656E-3	6.8589E-1
5.8300E-4	9.2773E-3	7.2305E-1
5.8400E-4	9.5215E-3	7.6055E-1
5.8500E-4	9.5215E-3	7.8921E-1
5.8600E-4	9.7656E-3	8.0845E-1
5.8700E-4	1.0010E-2	8.1660E-1
5.8800E-4	8.7891E-3	8.1646E-1
5.8900E-4	1.0010E-2	8.0752E-1
5.9000E-4	9.5215E-3	7.9648E-1
5.9100E-4	9.2773E-3	7.8140E-1
5.9200E-4	1.0498E-2	7.6606E-1
5.9300E-4	8.7891E-3	7.4473E-1
5.9400E-4	9.7656E-3	7.1978E-1
5.9500E-4	1.0010E-2	6.9058E-1
5.9600E-4	9.5215E-3	6.5962E-1
5.9700E-4	9.5215E-3	6.2856E-1
5.9800E-4	9.5215E-3	6.0034E-1
5.9900E-4	9.2773E-3	5.7563E-1
6.0000E-4	9.0332E-3	5.5820E-1
6.0100E-4	9.5215E-3	5.4888E-1
6.0200E-4	9.5215E-3	5.4756E-1
6.0300E-4	9.7656E-3	5.5361E-1
6.0400E-4	9.5215E-3	5.6729E-1
6.0500E-4	9.2773E-3	5.8643E-1
6.0600E-4	1.0010E-2	6.1152E-1
6.0700E-4	9.2773E-3	6.4248E-1
6.0800E-4	1.0010E-2	6.8003E-1
6.0900E-4	9.7656E-3	7.1924E-1
6.1000E-4	1.0010E-2	7.5869E-1
6.1100E-4	9.0332E-3	7.9600E-1
6.1200E-4	9.5215E-3	8.2544E-1
6.1300E-4	9.7656E-3	8.4243E-1
6.1400E-4	1.0010E-2	8.5049E-1
6.1500E-4	9.7656E-3	8.4976E-1
6.1600E-4	1.0254E-2	8.4238E-1
6.1700E-4	9.5215E-3	8.2920E-1
6.1800E-4	9.7656E-3	8.1528E-1
6.1900E-4	9.5215E-3	7.9678E-1
6.2000E-4	9.5215E-3	7.7432E-1
6.2100E-4	9.7656E-3	7.4697E-1
6.2200E-4	9.0332E-3	7.1582E-1
6.2300E-4	9.7656E-3	6.8301E-1
6.2400E-4	9.5215E-3	6.5234E-1
6.2500E-4	9.5215E-3	6.2686E-1
6.2600E-4	9.7656E-3	6.0693E-1
6.2700E-4	9.2773E-3	5.9741E-1
6.2800E-4	9.7656E-3	5.9438E-1
6.2900E-4	9.0332E-3	6.0010E-1
6.3000E-4	9.5215E-3	6.1177E-1
6.3100E-4	1.0254E-2	6.3198E-1
6.3200E-4	9.7656E-3	6.5688E-1
6.3300E-4	1.0010E-2	6.8838E-1
6.3400E-4	9.5215E-3	7.2446E-1
6.3500E-4	9.5215E-3	7.6250E-1
6.3600E-4	9.0332E-3	7.9648E-1
6.3700E-4	9.2773E-3	8.2280E-1
6.3800E-4	1.0010E-2	8.3818E-1
6.3900E-4	9.5215E-3	8.4160E-1
6.4000E-4	1.0010E-2	8.3545E-1
6.4100E-4	9.0332E-3	8.2539E-1
6.4200E-4	9.5215E-3	8.1284E-1
6.4300E-4	9.2773E-3	8.0210E-1
6.4400E-4	9.2773E-3	7.9438E-1
6.4500E-4	1.0010E-2	7.8672E-1
6.4600E-4	9.2773E-3	7.7505E-1
6.4700E-4	9.7656E-3	7.6187E-1
6.4800E-4	9.0332E-3	7.4404E-1
6.4900E-4	9.7656E-3	7.1973E-1
6.5000E-4	1.0010E-2	6.9492E-1
6.5100E-4	9.5215E-3	6.7217E-1
6.5200E-4	9.5215E-3	6.5063E-1
6.5300E-4	9.7656E-3	6.3345E-1
6.5400E-4	9.2773E-3	6.2280E-1
6.5500E-4	9.5215E-3	6.1782E-1
6.5600E-4	1.0010E-2	6.1729E-1
6.5700E-4	9.5215E-3	6.2441E-1
6.5800E-4	9.2773E-3	6.3765E-1
6.5900E-4	9.0332E-3	6.5996E-1
6.6000E-4	9.0332E-3	6.8735E-1
6.6100E-4	8.7891E-3	7.2134E-1
6.6200E-4	9.7656E-3	7.5942E-1
6.6300E-4	1.0254E-2	7.9868E-1
6.6400E-4	9.0332E-3	8.2969E-1
6.6500E-4	9.7656E-3	8.5171E-1
6.6600E-4	1.0010E-2	8.6230E-1
6.6700E-4	9.7656E-3	8.6211E-1
6.6800E-4	9.5215E-3	8.5425E-1
6.6900E-4	9.7656E-3	8.4575E-1
6.7000E-4	9.7656E-3	8.3608E-1
6.7100E-4	8.7891E-3	8.2500E-1
6.7200E-4	9.0332E-3	8.1245E-1
6.7300E-4	9.5215E-3	7.9595E-1
6.7400E-4	9.5215E-3	7.7310E-1
6.7500E-4	9.7656E-3	7.4727E-1
6.7600E-4	1.0010E-2	7.2109E-1
6.7700E-4	1.0010E-2	6.9595E-1
6.7800E-4	9.7656E-3	6.7393E-1
6.7900E-4	9.5215E-3	6.5840E-1
6.8000E-4	9.5215E-3	6.5005E-1
6.8100E-4	1.0010E-2	6.4722E-1
6.8200E-4	1.0010E-2	6.5161E-1
6.8300E-4	9.7656E-3	6.6343E-1
6.8400E-4	1.0254E-2	6.8037E-1
6.8500E-4	9.5215E-3	7.0474E-1
6.8600E-4	9.5215E-3	7.3599E-1
6.8700E-4	9.5215E-3	7.7231E-1
6.8800E-4	9.2773E-3	8.1060E-1
6.8900E-4	1.0010E-2	8.4731E-1
6.9000E-4	9.5215E-3	8.7646E-1
6.9100E-4	9.5215E-3	8.9951E-1
6.9200E-4	9.5215E-3	9.1035E-1
6.9300E-4	9.2773E-3	9.1182E-1
6.9400E-4	9.5215E-3	9.0728E-1
6.9500E-4	1.0010E-2	8.9697E-1
6.9600E-4	1.0010E-2	8.7798E-1
6.9700E-4	9.0332E-3	8.5513E-1
6.9800E-4	9.0332E-3	8.2988E-1
6.9900E-4	9.7656E-3	8.0249E-1
7.0000E-4	9.7656E-3	7.7261E-1
7.0100E-4	9.5215E-3	7.4629E-1
7.0200E-4	9.5215E-3	7.2041E-1
7.0300E-4	1.0010E-2	6.9326E-1
7.0400E-4	9.2773E-3	6.6909E-1
7.0500E-4	9.7656E-3	6.5132E-1
7.0600E-4	9.5215E-3	6.3994E-1
7.0700E-4	9.0332E-3	6.3682E-1
7.0800E-4	9.7656E-3	6.4233E-1
7.0900E-4	9.2773E-3	6.5405E-1
7.1000E-4	9.5215E-3	6.7290E-1
7.1100E-4	9.5215E-3	6.9561E-1
7.1200E-4	9.7656E-3	7.2354E-1
7.1300E-4	9.7656E-3	7.5796E-1
7.1400E-4	9.5215E-3	7.9707E-1
7.1500E-4	9.0332E-3	8.3501E-1
7.1600E-4	9.7656E-3	8.7075E-1
7.1700E-4	9.5215E-3	9.0137E-1
7.1800E-4	9.7656E-3	9.2480E-1
7.1900E-4	9.5215E-3	9.3633E-1
7.2000E-4	9.7656E-3	9.3809E-1
7.2100E-4	1.0254E-2	9.3018E-1
7.2200E-4	9.5215E-3	9.1626E-1
7.2300E-4	9.5215E-3	8.9404E-1
7.2400E-4	1.0254E-2	8.6826E-1
7.2500E-4	9.5215E-3	8.3848E-1
7.2600E-4	1.0010E-2	8.0703E-1
7.2700E-4	9.2773E-3	7.7349E-1
7.2800E-4	9.7656E-3	7.4111E-1
7.2900E-4	9.7656E-3	7.1387E-1
7.3000E-4	1.0010E-2	6.9443E-1
7.3100E-4	9.7656E-3	6.7881E-1
7.3200E-4	9.2773E-3	6.6689E-1
7.3300E-4	9.7656E-3	6.6123E-1
7.3400E-4	9.7656E-3	6.6172E-1
7.3500E-4	8.3008E-3	6.6680E-1
7.3600E-4	9.7656E-3	6.8101E-1
7.3700E-4	9.7656E-3	7.0337E-1
7.3800E-4	9.2773E-3	7.3276E-1
7.3900E-4	9.7656E-3	7.6582E-1
7.4000E-4	1.0010E-2	8.0332E-1
7.4100E-4	9.5215E-3	8.4043E-1
7.4200E-4	9.2773E-3	8.7915E-1
7.4300E-4	9.5215E-3	9.1216E-1
7.4400E-4	9.5215E-3	9.3701E-1
7.4500E-4	1.0254E-2	9.5239E-1
7.4600E-4	9.7656E-3	9.5752E-1
7.4700E-4	1.0254E-2	9.4946E-1
7.4800E-4	9.2773E-3	9.3389E-1
7.4900E-4	1.0010E-2	9.1123E-1
7.5000E-4	1.0010E-2	8.8301E-1
7.5100E-4	9.2773E-3	8.5234E-1
7.5200E-4	9.7656E-3	8.2041E-1
7.5300E-4	9.0332E-3	7.8760E-1
7.5400E-4	9.5215E-3	7.5469E-1
7.5500E-4	9.2773E-3	7.2305E-1
7.5600E-4	9.5215E-3	6.9302E-1
7.5700E-4	1.0010E-2	6.6685E-1
7.5800E-4	9.5215E-3	6.4731E-1
7.5900E-4	1.0254E-2	6.3428E-1
7.6000E-4	1.0010E-2	6.2861E-1
7.6100E-4	9.5215E-3	6.3286E-1
7.6200E-4	9.5215E-3	6.4346E-1
7.6300E-4	9.7656E-3	6.5972E-1
7.6400E-4	9.5215E-3	6.8423E-1
7.6500E-4	9.2773E-3	7.1558E-1
7.6600E-4	9.5215E-3	7.5146E-1
7.6700E-4	9.7656E-3	7.9482E-1
7.6800E-4	1.0254E-2	8.4219E-1
7.6900E-4	9.2773E-3	8.8857E-1
7.7000E-4	9.5215E-3	9.2954E-1
7.7100E-4	9.7656E-3	9.6270E-1
7.7200E-4	9.5215E-3	9.8184E-1
7.7300E-4	9.5215E-3	9.8589E-1
7.7400E-4	1.0010E-2	9.7637E-1
7.7500E-4	9.7656E-3	9.5552E-1
7.7600E-4	9.5215E-3	9.2495E-1
7.7700E-4	1.0010E-2	8.8696E-1
7.7800E-4	9.5215E-3	8.4492E-1
7.7900E-4	9.7656E-3	8.0015E-1
7.8000E-4	9.7656E-3	7.5635E-1
7.8100E-4	9.2773E-3	7.1338E-1
7.8200E-4	9.5215E-3	6.7695E-1
7.8300E-4	1.0010E-2	6.4712E-1
7.8400E-4	9.5215E-3	6.2671E-1
7.8500E-4	9.2773E-3	6.1602E-1
7.8600E-4	9.5215E-3	6.1519E-1
7.8700E-4	9.7656E-3	6.2026E-1
7.8800E-4	1.0010E-2	6.3379E-1
7.8900E-4	1.0254E-2	6.5352E-1
7.9000E-4	9.0332E-3	6.7783E-1
7.9100E-4	9.7656E-3	7.0972E-1
7.9200E-4	9.5215E-3	7.5020E-1
7.9300E-4	9.2773E-3	7.9614E-1
7.9400E-4	9.2773E-3	8.4517E-1
7.9500E-4	9.5215E-3	8.9434E-1
7.9600E-4	1.0254E-2	9.3613E-1
7.9700E-4	9.5215E-3	9.6851E-1
7.9800E-4	9.0332E-3	9.8662E-1
7.9900E-4	9.7656E-3	9.9082E-1
8.0000E-4	9.5215E-3	9.8110E-1
8.0100E-4	9.2773E-3	9.5957E-1
8.0200E-4	9.5215E-3	9.2764E-1
8.0300E-4	9.7656E-3	8.8726E-1
8.0400E-4	9.0332E-3	8.4404E-1
8.0500E-4	1.0010E-2	7.9902E-1
8.0600E-4	9.7656E-3	7.5791E-1
8.0700E-4	9.5215E-3	7.1812E-1
8.0800E-4	9.7656E-3	6.8501E-1
8.0900E-4	9.5215E-3	6.5493E-1
8.1000E-4	9.0332E-3	6.3237E-1
8.1100E-4	9.5215E-3	6.1523E-1
8.1200E-4	9.5215E-3	6.0752E-1
8.1300E-4	9.7656E-3	6.0723E-1
8.1400E-4	9.7656E-3	6.1357E-1
8.1500E-4	1.0010E-2	6.2471E-1
8.1600E-4	9.7656E-3	6.4360E-1
8.1700E-4	9.7656E-3	6.6895E-1
8.1800E-4	9.2773E-3	7.0000E-1
8.1900E-4	9.2773E-3	7.3823E-1
8.2000E-4	9.5215E-3	7.8071E-1
8.2100E-4	1.0498E-2	8.2759E-1
8.2200E-4	1.0254E-2	8.7417E-1
8.2300E-4	9.5215E-3	9.1548E-1
8.2400E-4	9.2773E-3	9.4727E-1
8.2500E-4	9.7656E-3	9.6768E-1
8.2600E-4	1.0010E-2	9.7192E-1
8.2700E-4	9.0332E-3	9.6094E-1
8.2800E-4	1.0254E-2	9.3716E-1
8.2900E-4	9.5215E-3	9.0386E-1
8.3000E-4	9.7656E-3	8.6353E-1
8.3100E-4	1.0010E-2	8.1821E-1
8.3200E-4	9.5215E-3	7.7144E-1
8.3300E-4	9.2773E-3	7.2827E-1
8.3400E-4	1.0010E-2	6.8906E-1
8.3500E-4	1.0010E-2	6.5410E-1
8.3600E-4	1.0254E-2	6.2666E-1
8.3700E-4	9.0332E-3	6.0854E-1
8.3800E-4	9.2773E-3	5.9663E-1
8.3900E-4	9.7656E-3	5.9414E-1
8.4000E-4	9.5215E-3	6.0254E-1
8.4100E-4	9.5215E-3	6.1787E-1
8.4200E-4	9.7656E-3	6.3906E-1
8.4300E-4	9.7656E-3	6.6621E-1
8.4400E-4	9.5215E-3	6.9956E-1
8.4500E-4	9.5215E-3	7.3813E-1
8.4600E-4	9.5215E-3	7.8228E-1
8.4700E-4	9.7656E-3	8.2930E-1
8.4800E-4	9.5215E-3	8.7930E-1
8.4900E-4	9.7656E-3	9.2349E-1
8.5000E-4	1.0010E-2	9.5811E-1
8.5100E-4	9.7656E-3	9.7769E-1
8.5200E-4	9.7656E-3	9.8374E-1
8.5300E-4	9.5215E-3	9.7041E-1
8.5400E-4	1.0010E-2	9.4355E-1
8.5500E-4	9.5215E-3	9.0522E-1
8.5600E-4	1.0010E-2	8.6079E-1
8.5700E-4	9.7656E-3	8.1177E-1
8.5800E-4	9.7656E-3	7.6265E-1
8.5900E-4	1.0254E-2	7.1426E-1
8.6000E-4	9.2773E-3	6.6841E-1
8.6100E-4	9.7656E-3	6.2769E-1
8.6200E-4	1.0010E-2	5.9341E-1
8.6300E-4	1.0010E-2	5.6802E-1
8.6400E-4	1.0010E-2	5.5371E-1
8.6500E-4	9.2773E-3	5.5249E-1
8.6600E-4	9.7656E-3	5.6226E-1
8.6700E-4	9.2773E-3	5.7959E-1
8.6800E-4	1.0010E-2	6.0405E-1
8.6900E-4	9.7656E-3	6.3232E-1
8.7000E-4	1.0010E-2	6.6455E-1
8.7100E-4	9.5215E-3	7.0010E-1
8.7200E-4	9.7656E-3	7.3916E-1
8.7300E-4	9.5215E-3	7.8169E-1
8.7400E-4	1.0010E-2	8.2627E-1
8.7500E-4	9.5215E-3	8.6997E-1
8.7600E-4	1.0010E-2	9.0698E-1
8.7700E-4	9.0332E-3	9.3691E-1
8.7800E-4	1.0010E-2	9.5391E-1
8.7900E-4	1.0254E-2	9.5791E-1
8.8000E-4	1.0254E-2	9.4624E-1
8.8100E-4	1.0254E-2	9.2178E-1
8.8200E-4	9.5215E-3	8.8423E-1
8.8300E-4	9.2773E-3	8.3945E-1
8.8400E-4	1.0010E-2	7.9014E-1
8.8500E-4	1.0498E-2	7.3911E-1
8.8600E-4	9.5215E-3	6.9146E-1
8.8700E-4	1.0010E-2	6.4980E-1
8.8800E-4	9.2773E-3	6.1577E-1
8.8900E-4	9.7656E-3	5.9082E-1
8.9000E-4	9.7656E-3	5.7715E-1
8.9100E-4	9.2773E-3	5.7373E-1
8.9200E-4	9.7656E-3	5.7949E-1
8.9300E-4	9.0332E-3	5.9351E-1
8.9400E-4	9.5215E-3	6.1035E-1
8.9500E-4	1.0254E-2	6.3223E-1
8.9600E-4	9.7656E-3	6.5649E-1
8.9700E-4	1.0254E-2	6.8662E-1
8.9800E-4	9.2773E-3	7.2124E-1
8.9900E-4	9.5215E-3	7.6416E-1
9.0000E-4	9.7656E-3	8.1025E-1
9.0100E-4	1.0010E-2	8.5859E-1
9.0200E-4	9.5215E-3	9.0293E-1
9.0300E-4	1.0254E-2	9.3745E-1
9.0400E-4	9.7656E-3	9.5830E-1
9.0500E-4	9.7656E-3	9.6465E-1
9.0600E-4	9.7656E-3	9.5537E-1
9.0700E-4	9.5215E-3	9.3042E-1
9.0800E-4	1.0254E-2	8.9399E-1
9.0900E-4	9.7656E-3	8.4883E-1
9.1000E-4	1.0254E-2	7.9658E-1
9.1100E-4	9.5215E-3	7.4121E-1
9.1200E-4	1.0010E-2	6.8599E-1
9.1300E-4	9.7656E-3	6.3296E-1
9.1400E-4	9.2773E-3	5.8784E-1
9.1500E-4	9.5215E-3	5.5327E-1
9.1600E-4	9.2773E-3	5.3037E-1
9.1700E-4	9.2773E-3	5.1938E-1
9.1800E-4	9.7656E-3	5.2158E-1
9.1900E-4	9.7656E-3	5.3159E-1
9.2000E-4	9.5215E-3	5.4795E-1
9.2100E-4	1.0010E-2	5.7095E-1
9.2200E-4	9.7656E-3	6.0117E-1
9.2300E-4	9.5215E-3	6.3398E-1
9.2400E-4	9.5215E-3	6.7183E-1
9.2500E-4	9.2773E-3	7.1416E-1
9.2600E-4	1.0254E-2	7.5898E-1
9.2700E-4	1.0254E-2	8.0708E-1
9.2800E-4	9.5215E-3	8.5791E-1
9.2900E-4	9.7656E-3	9.0405E-1
9.3000E-4	9.5215E-3	9.4146E-1
9.3100E-4	9.2773E-3	9.6431E-1
9.3200E-4	9.5215E-3	9.6982E-1
9.3300E-4	9.5215E-3	9.5571E-1
9.3400E-4	9.5215E-3	9.2383E-1
9.3500E-4	9.7656E-3	8.7788E-1
9.3600E-4	9.7656E-3	8.2251E-1
9.3700E-4	9.7656E-3	7.6187E-1
9.3800E-4	9.7656E-3	7.0127E-1
9.3900E-4	9.7656E-3	6.4634E-1
9.4000E-4	1.0010E-2	5.9897E-1
9.4100E-4	9.5215E-3	5.6196E-1
9.4200E-4	9.2773E-3	5.3413E-1
9.4300E-4	1.0010E-2	5.1953E-1
9.4400E-4	9.2773E-3	5.1406E-1
9.4500E-4	9.7656E-3	5.1948E-1
9.4600E-4	9.7656E-3	5.3481E-1
9.4700E-4	1.0010E-2	5.5723E-1
9.4800E-4	1.0254E-2	5.8437E-1
9.4900E-4	1.0010E-2	6.1885E-1
9.5000E-4	9.2773E-3	6.5698E-1
9.5100E-4	9.5215E-3	6.9873E-1
9.5200E-4	9.7656E-3	7.4517E-1
9.5300E-4	9.2773E-3	7.9839E-1
9.5400E-4	9.5215E-3	8.5342E-1
9.5500E-4	1.0254E-2	9.0400E-1
9.5600E-4	1.0010E-2	9.4585E-1
9.5700E-4	9.2773E-3	9.7290E-1
9.5800E-4	9.0332E-3	9.7988E-1
9.5900E-4	9.2773E-3	9.6499E-1
9.6000E-4	9.5215E-3	9.2847E-1
9.6100E-4	9.7656E-3	8.7588E-1
9.6200E-4	9.2773E-3	8.1299E-1
9.6300E-4	9.2773E-3	7.4102E-1
9.6400E-4	9.5215E-3	6.6763E-1
9.6500E-4	9.2773E-3	5.9805E-1
9.6600E-4	9.7656E-3	5.3579E-1
9.6700E-4	9.5215E-3	4.8223E-1
9.6800E-4	9.7656E-3	4.4492E-1
9.6900E-4	9.7656E-3	4.2202E-1
9.7000E-4	1.0010E-2	4.1460E-1
9.7100E-4	9.7656E-3	4.1768E-1
9.7200E-4	9.2773E-3	4.3022E-1
9.7300E-4	1.0498E-2	4.4590E-1
9.7400E-4	9.2773E-3	4.6304E-1
9.7500E-4	9.7656E-3	4.8354E-1
9.7600E-4	1.0254E-2	5.0977E-1
9.7700E-4	9.5215E-3	5.4399E-1
9.7800E-4	1.0254E-2	5.8755E-1
9.7900E-4	1.0010E-2	6.4365E-1
9.8000E-4	8.7891E-3	7.1367E-1
9.8100E-4	1.0254E-2	7.9351E-1
9.8200E-4	9.5215E-3	8.7432E-1
9.8300E-4	9.5215E-3	9.4321E-1
9.8400E-4	9.2773E-3	9.8716E-1
9.8500E-4	9.7656E-3	9.9395E-1
9.8600E-4	9.2773E-3	9.5669E-1
9.8700E-4	1.0010E-2	8.7793E-1
9.8800E-4	9.5215E-3	7.6777E-1
9.8900E-4	9.5215E-3	6.4233E-1
9.9000E-4	9.2773E-3	5.1470E-1
9.9100E-4	9.5215E-3	3.9458E-1
9.9200E-4	9.5215E-3	2.9268E-1
9.9300E-4	9.0332E-3	2.1445E-1
9.9400E-4	1.0010E-2	1.5781E-1
9.9500E-4	9.0332E-3	1.1953E-1
9.9600E-4	9.7656E-3	9.9951E-2
9.9700E-4	9.2773E-3	9.1699E-2
9.9800E-4	1.0010E-2	9.1699E-2
9.9900E-4	9.7656E-3	9.1699E-2
