Time [s]	Aux in [V]	Main in [V]
0.0000E+0	9.7656E-3	1.0186E-1
1.0000E-6	9.7656E-3	1.0073E-1
2.0000E-6	9.7656E-3	1.0112E-1
3.0000E-6	9.2773E-3	1.0283E-1
4.0000E-6	1.0010E-2	1.0591E-1
5.0000E-6	9.0332E-3	1.1294E-1
6.0000E-6	1.0010E-2	1.1714E-1
7.0000E-6	9.5215E-3	1.1855E-1
8.0000E-6	1.0254E-2	1.1914E-1
9.0000E-6	9.0332E-3	1.1919E-1
1.0000E-5	1.0254E-2	1.1885E-1
1.1000E-5	9.7656E-3	1.2163E-1
1.2000E-5	9.7656E-3	1.2700E-1
1.3000E-5	9.2773E-3	1.3501E-1
1.4000E-5	9.2773E-3	1.4590E-1
1.5000E-5	9.5215E-3	1.6001E-1
1.6000E-5	9.7656E-3	1.8081E-1
1.7000E-5	9.2773E-3	2.1157E-1
1.8000E-5	1.0010E-2	2.5391E-1
1.9000E-5	1.0498E-2	3.1333E-1
2.0000E-5	1.0498E-2	3.9219E-1
2.1000E-5	1.0010E-2	4.9307E-1
2.2000E-5	9.2773E-3	6.1714E-1
2.3000E-5	9.5215E-3	7.5620E-1
2.4000E-5	1.0254E-2	8.8989E-1
2.5000E-5	9.2773E-3	1.0006E+0
2.6000E-5	9.5215E-3	1.0708E+0
2.7000E-5	9.2773E-3	1.0870E+0
2.8000E-5	9.2773E-3	1.0493E+0
2.9000E-5	9.7656E-3	9.7207E-1
3.0000E-5	9.7656E-3	8.6992E-1
3.1000E-5	9.5215E-3	7.6025E-1
3.2000E-5	9.5215E-3	6.5625E-1
3.3000E-5	9.2773E-3	5.6582E-1
3.4000E-5	9.5215E-3	4.9468E-1
3.5000E-5	9.2773E-3	4.4468E-1
3.6000E-5	9.5215E-3	4.1265E-1
3.7000E-5	9.2773E-3	3.9834E-1
3.8000E-5	9.2773E-3	4.0063E-1
3.9000E-5	9.5215E-3	4.1572E-1
4.0000E-5	9.7656E-3	4.4150E-1
4.1000E-5	1.0010E-2	4.7573E-1
4.2000E-5	9.5215E-3	5.1611E-1
4.3000E-5	9.5215E-3	5.6260E-1
4.4000E-5	9.5215E-3	6.1240E-1
4.5000E-5	9.7656E-3	6.6484E-1
4.6000E-5	9.7656E-3	7.2310E-1
4.7000E-5	9.7656E-3	7.8589E-1
4.8000E-5	9.0332E-3	8.5093E-1
4.9000E-5	9.2773E-3	9.1646E-1
5.0000E-5	9.7656E-3	9.7515E-1
5.1000E-5	9.5215E-3	1.0187E+0
5.2000E-5	9.2773E-3	1.0413E+0
5.3000E-5	1.0010E-2	1.0412E+0
5.4000E-5	9.7656E-3	1.0169E+0
5.5000E-5	9.7656E-3	9.7676E-1
5.6000E-5	9.2773E-3	9.2183E-1
5.7000E-5	9.2773E-3	8.5845E-1
5.8000E-5	1.0010E-2	7.9346E-1
5.9000E-5	9.7656E-3	7.3086E-1
6.0000E-5	9.2773E-3	6.7305E-1
6.1000E-5	9.5215E-3	6.2813E-1
6.2000E-5	9.2773E-3	5.9551E-1
6.3000E-5	9.0332E-3	5.7070E-1
6.4000E-5	1.0498E-2	5.5747E-1
6.5000E-5	1.0010E-2	5.5215E-1
6.6000E-5	9.5215E-3	5.5381E-1
6.7000E-5	9.5215E-3	5.6396E-1
6.8000E-5	9.5215E-3	5.8193E-1
6.9000E-5	9.5215E-3	6.0435E-1
7.0000E-5	1.0010E-2	6.3652E-1
7.1000E-5	9.2773E-3	6.7441E-1
7.2000E-5	1.0010E-2	7.1597E-1
7.3000E-5	1.0254E-2	7.6479E-1
7.4000E-5	1.0010E-2	8.1870E-1
7.5000E-5	9.2773E-3	8.7476E-1
7.6000E-5	9.7656E-3	9.2959E-1
7.7000E-5	9.5215E-3	9.7861E-1
7.8000E-5	1.0010E-2	1.0121E+0
7.9000E-5	9.5215E-3	1.0305E+0
8.0000E-5	9.5215E-3	1.0267E+0
8.1000E-5	1.0010E-2	1.0059E+0
8.2000E-5	9.2773E-3	9.7061E-1
8.3000E-5	9.7656E-3	9.2627E-1
8.4000E-5	9.5215E-3	8.7505E-1
8.5000E-5	9.7656E-3	8.2153E-1
8.6000E-5	1.0010E-2	7.6772E-1
8.7000E-5	9.0332E-3	7.1582E-1
8.8000E-5	8.7891E-3	6.7104E-1
8.9000E-5	9.7656E-3	6.3379E-1
9.0000E-5	1.0254E-2	6.0713E-1
9.1000E-5	1.0010E-2	5.8960E-1
9.2000E-5	9.5215E-3	5.8433E-1
9.3000E-5	1.0254E-2	5.9087E-1
9.4000E-5	8.7891E-3	6.0679E-1
9.5000E-5	9.2773E-3	6.3066E-1
9.6000E-5	9.7656E-3	6.6182E-1
9.7000E-5	9.2773E-3	6.9707E-1
9.8000E-5	1.0010E-2	7.3369E-1
9.9000E-5	9.0332E-3	7.7500E-1
1.0000E-4	1.0010E-2	8.1992E-1
1.0100E-4	9.7656E-3	8.6704E-1
1.0200E-4	9.7656E-3	9.1538E-1
1.0300E-4	9.7656E-3	9.5864E-1
1.0400E-4	1.0010E-2	9.8970E-1
1.0500E-4	1.0254E-2	1.0057E+0
1.0600E-4	9.2773E-3	1.0085E+0
1.0700E-4	9.7656E-3	9.9478E-1
1.0800E-4	9.7656E-3	9.6899E-1
1.0900E-4	1.0254E-2	9.3442E-1
1.1000E-4	1.0010E-2	8.9253E-1
1.1100E-4	9.2773E-3	8.4038E-1
1.1200E-4	9.5215E-3	7.8652E-1
1.1300E-4	9.2773E-3	7.3374E-1
1.1400E-4	9.5215E-3	6.8638E-1
1.1500E-4	9.2773E-3	6.4824E-1
1.1600E-4	9.5215E-3	6.2261E-1
1.1700E-4	9.7656E-3	6.0811E-1
1.1800E-4	9.5215E-3	6.0479E-1
1.1900E-4	9.5215E-3	6.0996E-1
1.2000E-4	9.0332E-3	6.2139E-1
1.2100E-4	1.0010E-2	6.4009E-1
1.2200E-4	1.0010E-2	6.6353E-1
1.2300E-4	1.0254E-2	6.9199E-1
1.2400E-4	9.2773E-3	7.2388E-1
1.2500E-4	9.5215E-3	7.6099E-1
1.2600E-4	9.5215E-3	8.0024E-1
1.2700E-4	9.7656E-3	8.4351E-1
1.2800E-4	9.5215E-3	8.8721E-1
1.2900E-4	9.7656E-3	9.3140E-1
1.3000E-4	9.2773E-3	9.6875E-1
1.3100E-4	9.2773E-3	9.9541E-1
1.3200E-4	9.7656E-3	1.0060E+0
1.3300E-4	9.5215E-3	9.9980E-1
1.3400E-4	1.0254E-2	9.7920E-1
1.3500E-4	1.0010E-2	9.4697E-1
1.3600E-4	1.0498E-2	9.0601E-1
1.3700E-4	1.0742E-2	8.6108E-1
1.3800E-4	1.0010E-2	8.1470E-1
1.3900E-4	9.2773E-3	7.6782E-1
1.4000E-4	9.7656E-3	7.2637E-1
1.4100E-4	9.7656E-3	6.9204E-1
1.4200E-4	9.7656E-3	6.6431E-1
1.4300E-4	9.7656E-3	6.4619E-1
1.4400E-4	9.5215E-3	6.3638E-1
1.4500E-4	1.0010E-2	6.3428E-1
1.4600E-4	9.5215E-3	6.3853E-1
1.4700E-4	9.7656E-3	6.5137E-1
1.4800E-4	9.5215E-3	6.6924E-1
1.4900E-4	9.5215E-3	6.9414E-1
1.5000E-4	1.0254E-2	7.2148E-1
1.5100E-4	9.2773E-3	7.5498E-1
1.5200E-4	9.7656E-3	7.9229E-1
1.5300E-4	1.0010E-2	8.3569E-1
1.5400E-4	9.5215E-3	8.8052E-1
1.5500E-4	9.5215E-3	9.2666E-1
1.5600E-4	9.7656E-3	9.6646E-1
1.5700E-4	9.7656E-3	9.9546E-1
1.5800E-4	9.0332E-3	1.0095E+0
1.5900E-4	9.2773E-3	1.0091E+0
1.6000E-4	9.7656E-3	9.9370E-1
1.6100E-4	1.0254E-2	9.6758E-1
1.6200E-4	9.5215E-3	9.3433E-1
1.6300E-4	1.0498E-2	8.9399E-1
1.6400E-4	9.7656E-3	8.5083E-1
1.6500E-4	9.7656E-3	8.0981E-1
1.6600E-4	9.2773E-3	7.6826E-1
1.6700E-4	9.5215E-3	7.2813E-1
1.6800E-4	1.0498E-2	6.9619E-1
1.6900E-4	1.0010E-2	6.7129E-1
1.7000E-4	1.0010E-2	6.5151E-1
1.7100E-4	9.7656E-3	6.4194E-1
1.7200E-4	1.0254E-2	6.4014E-1
1.7300E-4	9.5215E-3	6.4253E-1
1.7400E-4	9.7656E-3	6.5029E-1
1.7500E-4	9.7656E-3	6.6538E-1
1.7600E-4	9.7656E-3	6.8799E-1
1.7700E-4	9.7656E-3	7.1812E-1
1.7800E-4	1.0010E-2	7.5586E-1
1.7900E-4	9.2773E-3	8.0127E-1
1.8000E-4	9.7656E-3	8.5034E-1
1.8100E-4	9.0332E-3	8.9761E-1
1.8200E-4	9.5215E-3	9.4326E-1
1.8300E-4	1.0254E-2	9.8145E-1
1.8400E-4	9.5215E-3	1.0054E+0
1.8500E-4	9.5215E-3	1.0142E+0
1.8600E-4	9.5215E-3	1.0091E+0
1.8700E-4	9.7656E-3	9.9004E-1
1.8800E-4	9.7656E-3	9.6030E-1
1.8900E-4	9.7656E-3	9.2261E-1
1.9000E-4	9.7656E-3	8.8140E-1
1.9100E-4	9.7656E-3	8.3901E-1
1.9200E-4	9.5215E-3	7.9805E-1
1.9300E-4	9.7656E-3	7.6025E-1
1.9400E-4	9.7656E-3	7.2969E-1
1.9500E-4	9.2773E-3	7.0308E-1
1.9600E-4	9.5215E-3	6.8291E-1
1.9700E-4	9.5215E-3	6.6865E-1
1.9800E-4	9.7656E-3	6.5981E-1
1.9900E-4	9.2773E-3	6.5576E-1
2.0000E-4	1.0010E-2	6.6050E-1
2.0100E-4	1.0254E-2	6.7349E-1
2.0200E-4	9.7656E-3	6.9507E-1
2.0300E-4	9.7656E-3	7.2573E-1
2.0400E-4	9.7656E-3	7.6533E-1
2.0500E-4	9.7656E-3	8.1221E-1
2.0600E-4	1.0010E-2	8.6182E-1
2.0700E-4	9.7656E-3	9.0972E-1
2.0800E-4	9.5215E-3	9.5313E-1
2.0900E-4	1.0742E-2	9.8643E-1
2.1000E-4	1.0010E-2	1.0054E+0
2.1100E-4	9.5215E-3	1.0102E+0
2.1200E-4	9.5215E-3	1.0012E+0
2.1300E-4	9.5215E-3	9.8149E-1
2.1400E-4	9.7656E-3	9.5308E-1
2.1500E-4	9.5215E-3	9.1909E-1
2.1600E-4	1.0010E-2	8.8188E-1
2.1700E-4	1.0010E-2	8.4326E-1
2.1800E-4	9.5215E-3	8.0503E-1
2.1900E-4	9.7656E-3	7.6753E-1
2.2000E-4	9.7656E-3	7.3320E-1
2.2100E-4	9.7656E-3	7.0366E-1
2.2200E-4	1.0010E-2	6.8164E-1
2.2300E-4	9.5215E-3	6.6221E-1
2.2400E-4	9.5215E-3	6.5146E-1
2.2500E-4	9.2773E-3	6.4585E-1
2.2600E-4	9.7656E-3	6.4624E-1
2.2700E-4	9.7656E-3	6.5283E-1
2.2800E-4	9.2773E-3	6.6982E-1
2.2900E-4	1.0010E-2	6.9492E-1
2.3000E-4	1.0010E-2	7.3003E-1
2.3100E-4	9.5215E-3	7.7368E-1
2.3200E-4	9.5215E-3	8.2163E-1
2.3300E-4	9.5215E-3	8.7080E-1
2.3400E-4	9.7656E-3	9.1431E-1
2.3500E-4	9.5215E-3	9.5269E-1
2.3600E-4	1.0254E-2	9.8110E-1
2.3700E-4	9.7656E-3	9.9727E-1
2.3800E-4	9.7656E-3	1.0017E+0
2.3900E-4	1.0010E-2	9.9619E-1
2.4000E-4	9.2773E-3	9.7773E-1
2.4100E-4	9.5215E-3	9.5063E-1
2.4200E-4	9.2773E-3	9.1992E-1
2.4300E-4	9.7656E-3	8.8345E-1
2.4400E-4	1.0010E-2	8.4478E-1
2.4500E-4	9.2773E-3	8.0698E-1
2.4600E-4	9.2773E-3	7.7139E-1
2.4700E-4	9.7656E-3	7.3521E-1
2.4800E-4	9.2773E-3	7.0430E-1
2.4900E-4	9.7656E-3	6.7954E-1
2.5000E-4	9.5215E-3	6.6250E-1
2.5100E-4	1.0010E-2	6.5220E-1
2.5200E-4	9.7656E-3	6.5010E-1
2.5300E-4	9.5215E-3	6.5435E-1
2.5400E-4	1.0010E-2	6.6938E-1
2.5500E-4	9.5215E-3	6.9209E-1
2.5600E-4	9.2773E-3	7.2266E-1
2.5700E-4	1.0010E-2	7.6182E-1
2.5800E-4	9.5215E-3	8.0913E-1
2.5900E-4	1.0254E-2	8.5820E-1
2.6000E-4	9.7656E-3	9.0747E-1
2.6100E-4	9.2773E-3	9.5156E-1
2.6200E-4	1.0010E-2	9.8574E-1
2.6300E-4	9.5215E-3	1.0065E+0
2.6400E-4	1.0498E-2	1.0142E+0
2.6500E-4	9.7656E-3	1.0087E+0
2.6600E-4	9.5215E-3	9.9102E-1
2.6700E-4	9.2773E-3	9.6519E-1
2.6800E-4	1.0254E-2	9.3311E-1
2.6900E-4	1.0010E-2	8.9434E-1
2.7000E-4	1.0254E-2	8.5083E-1
2.7100E-4	1.0010E-2	8.0654E-1
2.7200E-4	9.7656E-3	7.6597E-1
2.7300E-4	9.5215E-3	7.2866E-1
2.7400E-4	9.7656E-3	6.9761E-1
2.7500E-4	9.5215E-3	6.7207E-1
2.7600E-4	9.7656E-3	6.5342E-1
2.7700E-4	9.5215E-3	6.3916E-1
2.7800E-4	1.0254E-2	6.3257E-1
2.7900E-4	9.7656E-3	6.3345E-1
2.8000E-4	9.5215E-3	6.4272E-1
2.8100E-4	9.0332E-3	6.6035E-1
2.8200E-4	1.0254E-2	6.8657E-1
2.8300E-4	9.7656E-3	7.2021E-1
2.8400E-4	9.7656E-3	7.6152E-1
2.8500E-4	9.7656E-3	8.1001E-1
2.8600E-4	9.5215E-3	8.6343E-1
2.8700E-4	1.0254E-2	9.1455E-1
2.8800E-4	9.5215E-3	9.5859E-1
2.8900E-4	1.0254E-2	9.8906E-1
2.9000E-4	1.0010E-2	1.0055E+0
2.9100E-4	1.0010E-2	1.0047E+0
2.9200E-4	9.5215E-3	9.8994E-1
2.9300E-4	9.2773E-3	9.6602E-1
2.9400E-4	9.7656E-3	9.3652E-1
2.9500E-4	1.0010E-2	8.9844E-1
2.9600E-4	9.5215E-3	8.5483E-1
2.9700E-4	1.0010E-2	8.1104E-1
2.9800E-4	9.2773E-3	7.6631E-1
2.9900E-4	9.7656E-3	7.2378E-1
3.0000E-4	1.0010E-2	6.9092E-1
3.0100E-4	9.7656E-3	6.6831E-1
3.0200E-4	9.2773E-3	6.5176E-1
3.0300E-4	9.5215E-3	6.4517E-1
3.0400E-4	9.7656E-3	6.4531E-1
3.0500E-4	1.0254E-2	6.4927E-1
3.0600E-4	9.5215E-3	6.5898E-1
3.0700E-4	9.2773E-3	6.7642E-1
3.0800E-4	1.0498E-2	7.0015E-1
3.0900E-4	9.5215E-3	7.3159E-1
3.1000E-4	9.5215E-3	7.7085E-1
3.1100E-4	8.7891E-3	8.1489E-1
3.1200E-4	1.0010E-2	8.6387E-1
3.1300E-4	9.5215E-3	9.1348E-1
3.1400E-4	9.2773E-3	9.5767E-1
3.1500E-4	9.7656E-3	9.9233E-1
3.1600E-4	1.0010E-2	1.0151E+0
3.1700E-4	9.7656E-3	1.0236E+0
3.1800E-4	9.7656E-3	1.0165E+0
3.1900E-4	9.5215E-3	9.9624E-1
3.2000E-4	9.7656E-3	9.6445E-1
3.2100E-4	9.5215E-3	9.2412E-1
3.2200E-4	9.0332E-3	8.7690E-1
3.2300E-4	9.2773E-3	8.2476E-1
3.2400E-4	9.7656E-3	7.7319E-1
3.2500E-4	9.5215E-3	7.2690E-1
3.2600E-4	1.0498E-2	6.8765E-1
3.2700E-4	9.0332E-3	6.5732E-1
3.2800E-4	1.0010E-2	6.3657E-1
3.2900E-4	9.2773E-3	6.2656E-1
3.3000E-4	1.0010E-2	6.2485E-1
3.3100E-4	9.5215E-3	6.3018E-1
3.3200E-4	9.7656E-3	6.4146E-1
3.3300E-4	9.7656E-3	6.6045E-1
3.3400E-4	9.5215E-3	6.8320E-1
3.3500E-4	9.5215E-3	7.1113E-1
3.3600E-4	1.0010E-2	7.4238E-1
3.3700E-4	9.7656E-3	7.7949E-1
3.3800E-4	9.5215E-3	8.1997E-1
3.3900E-4	1.0010E-2	8.6572E-1
3.4000E-4	9.5215E-3	9.0991E-1
3.4100E-4	9.7656E-3	9.5044E-1
3.4200E-4	9.2773E-3	9.8086E-1
3.4300E-4	1.0498E-2	9.9878E-1
3.4400E-4	9.7656E-3	1.0008E+0
3.4500E-4	9.5215E-3	9.8911E-1
3.4600E-4	1.0254E-2	9.6611E-1
3.4700E-4	1.0010E-2	9.3340E-1
3.4800E-4	9.2773E-3	8.9312E-1
3.4900E-4	9.0332E-3	8.4766E-1
3.5000E-4	9.5215E-3	8.0112E-1
3.5100E-4	9.7656E-3	7.5435E-1
3.5200E-4	9.2773E-3	7.1235E-1
3.5300E-4	9.5215E-3	6.7720E-1
3.5400E-4	9.7656E-3	6.5166E-1
3.5500E-4	9.2773E-3	6.3599E-1
3.5600E-4	9.5215E-3	6.3188E-1
3.5700E-4	9.2773E-3	6.3398E-1
3.5800E-4	1.0254E-2	6.4268E-1
3.5900E-4	9.2773E-3	6.5488E-1
3.6000E-4	1.0498E-2	6.7178E-1
3.6100E-4	9.7656E-3	6.9395E-1
3.6200E-4	1.0254E-2	7.2378E-1
3.6300E-4	9.0332E-3	7.6162E-1
3.6400E-4	9.7656E-3	8.0703E-1
3.6500E-4	9.5215E-3	8.5654E-1
3.6600E-4	9.5215E-3	9.0562E-1
3.6700E-4	1.0010E-2	9.5059E-1
3.6800E-4	9.7656E-3	9.8530E-1
3.6900E-4	9.2773E-3	1.0081E+0
3.7000E-4	1.0010E-2	1.0171E+0
3.7100E-4	1.0010E-2	1.0109E+0
3.7200E-4	1.0986E-2	9.8975E-1
3.7300E-4	1.0498E-2	9.5781E-1
3.7400E-4	1.0010E-2	9.1626E-1
3.7500E-4	9.5215E-3	8.6704E-1
3.7600E-4	9.5215E-3	8.1445E-1
3.7700E-4	9.2773E-3	7.6401E-1
3.7800E-4	9.7656E-3	7.1787E-1
3.7900E-4	9.5215E-3	6.7700E-1
3.8000E-4	9.2773E-3	6.4438E-1
3.8100E-4	9.5215E-3	6.2256E-1
3.8200E-4	9.7656E-3	6.0806E-1
3.8300E-4	9.5215E-3	6.0137E-1
3.8400E-4	9.5215E-3	6.0571E-1
3.8500E-4	1.0254E-2	6.1709E-1
3.8600E-4	1.0010E-2	6.3306E-1
3.8700E-4	9.2773E-3	6.5571E-1
3.8800E-4	9.7656E-3	6.8433E-1
3.8900E-4	9.5215E-3	7.1895E-1
3.9000E-4	9.2773E-3	7.6064E-1
3.9100E-4	9.5215E-3	8.0874E-1
3.9200E-4	9.5215E-3	8.6079E-1
3.9300E-4	9.5215E-3	9.1196E-1
3.9400E-4	9.5215E-3	9.5503E-1
3.9500E-4	9.2773E-3	9.8672E-1
3.9600E-4	9.5215E-3	1.0031E+0
3.9700E-4	9.5215E-3	1.0027E+0
3.9800E-4	1.0010E-2	9.8809E-1
3.9900E-4	9.2773E-3	9.6250E-1
4.0000E-4	9.5215E-3	9.2573E-1
4.0100E-4	9.7656E-3	8.8325E-1
4.0200E-4	1.0010E-2	8.3794E-1
4.0300E-4	1.0010E-2	7.9058E-1
4.0400E-4	1.0010E-2	7.4409E-1
4.0500E-4	9.7656E-3	7.0264E-1
4.0600E-4	1.0010E-2	6.6650E-1
4.0700E-4	9.2773E-3	6.3794E-1
4.0800E-4	1.0010E-2	6.1733E-1
4.0900E-4	9.5215E-3	6.0435E-1
4.1000E-4	9.7656E-3	6.0083E-1
4.1100E-4	9.5215E-3	6.0659E-1
4.1200E-4	9.5215E-3	6.2080E-1
4.1300E-4	9.2773E-3	6.4521E-1
4.1400E-4	1.0010E-2	6.7734E-1
4.1500E-4	9.2773E-3	7.1494E-1
4.1600E-4	9.7656E-3	7.5728E-1
4.1700E-4	9.7656E-3	8.0552E-1
4.1800E-4	1.0254E-2	8.5474E-1
4.1900E-4	1.0010E-2	9.0303E-1
4.2000E-4	1.0254E-2	9.4805E-1
4.2100E-4	9.2773E-3	9.8481E-1
4.2200E-4	1.0010E-2	1.0047E+0
4.2300E-4	8.7891E-3	1.0098E+0
4.2400E-4	9.7656E-3	1.0013E+0
4.2500E-4	1.0010E-2	9.7822E-1
4.2600E-4	9.2773E-3	9.4263E-1
4.2700E-4	1.0010E-2	9.0063E-1
4.2800E-4	9.7656E-3	8.5049E-1
4.2900E-4	9.7656E-3	7.9590E-1
4.3000E-4	9.5215E-3	7.4146E-1
4.3100E-4	9.5215E-3	6.9194E-1
4.3200E-4	1.0254E-2	6.4658E-1
4.3300E-4	1.0010E-2	6.1030E-1
4.3400E-4	1.0498E-2	5.8384E-1
4.3500E-4	9.5215E-3	5.6729E-1
4.3600E-4	9.5215E-3	5.6045E-1
4.3700E-4	9.5215E-3	5.6211E-1
4.3800E-4	9.7656E-3	5.7202E-1
4.3900E-4	9.0332E-3	5.8887E-1
4.4000E-4	9.5215E-3	6.1094E-1
4.4100E-4	9.5215E-3	6.3726E-1
4.4200E-4	9.7656E-3	6.7144E-1
4.4300E-4	9.5215E-3	7.1450E-1
4.4400E-4	9.5215E-3	7.6206E-1
4.4500E-4	9.2773E-3	8.1899E-1
4.4600E-4	1.0010E-2	8.7910E-1
4.4700E-4	9.2773E-3	9.3604E-1
4.4800E-4	9.7656E-3	9.7891E-1
4.4900E-4	9.5215E-3	1.0079E+0
4.5000E-4	9.5215E-3	1.0151E+0
4.5100E-4	9.7656E-3	1.0018E+0
4.5200E-4	9.7656E-3	9.7007E-1
4.5300E-4	1.0254E-2	9.2749E-1
4.5400E-4	1.0010E-2	8.7275E-1
4.5500E-4	1.0498E-2	8.0957E-1
4.5600E-4	1.0010E-2	7.4326E-1
4.5700E-4	1.0010E-2	6.7646E-1
4.5800E-4	1.0010E-2	6.1240E-1
4.5900E-4	9.5215E-3	5.5889E-1
4.6000E-4	9.5215E-3	5.1865E-1
4.6100E-4	1.0010E-2	4.9072E-1
4.6200E-4	1.0010E-2	4.7739E-1
4.6300E-4	9.0332E-3	4.7710E-1
4.6400E-4	9.7656E-3	4.8677E-1
4.6500E-4	9.7656E-3	5.0151E-1
4.6600E-4	9.7656E-3	5.2407E-1
4.6700E-4	1.0254E-2	5.5005E-1
4.6800E-4	1.0010E-2	5.8071E-1
4.6900E-4	9.5215E-3	6.1719E-1
4.7000E-4	1.0254E-2	6.6440E-1
4.7100E-4	9.7656E-3	7.2036E-1
4.7200E-4	1.0254E-2	7.8911E-1
4.7300E-4	1.0010E-2	8.6572E-1
4.7400E-4	9.7656E-3	9.3613E-1
4.7500E-4	9.7656E-3	9.8901E-1
4.7600E-4	9.7656E-3	1.0157E+0
4.7700E-4	9.2773E-3	1.0032E+0
4.7800E-4	9.2773E-3	9.4937E-1
4.7900E-4	9.5215E-3	8.6226E-1
4.8000E-4	9.5215E-3	7.5063E-1
4.8100E-4	9.7656E-3	6.2529E-1
4.8200E-4	1.0010E-2	5.0181E-1
4.8300E-4	1.0254E-2	3.8833E-1
4.8400E-4	9.2773E-3	2.9355E-1
4.8500E-4	9.5215E-3	2.2153E-1
4.8600E-4	1.0254E-2	1.7017E-1
4.8700E-4	9.5215E-3	1.3882E-1
4.8800E-4	1.0498E-2	1.2383E-1
4.8900E-4	9.2773E-3	1.1938E-1
4.9000E-4	1.0254E-2	1.2041E-1
4.9100E-4	1.0010E-2	1.2583E-1
4.9200E-4	9.7656E-3	1.3115E-1
4.9300E-4	9.5215E-3	1.3560E-1
4.9400E-4	9.7656E-3	1.3882E-1
4.9500E-4	9.7656E-3	1.3877E-1
4.9600E-4	1.0498E-2	1.3608E-1
4.9700E-4	9.7656E-3	1.3125E-1
4.9800E-4	1.0010E-2	1.2627E-1
4.9900E-4	9.2773E-3	1.2036E-1
5.0000E-4	1.0010E-2	1.1709E-1
5.0100E-4	1.0010E-2	1.1406E-1
5.0200E-4	9.2773E-3	1.1436E-1
5.0300E-4	9.2773E-3	1.1431E-1
5.0400E-4	1.0254E-2	1.1592E-1
5.0500E-4	1.0010E-2	1.1602E-1
5.0600E-4	9.7656E-3	1.1772E-1
5.0700E-4	9.2773E-3	1.1577E-1
5.0800E-4	9.5215E-3	1.1724E-1
5.0900E-4	9.5215E-3	1.2109E-1
5.1000E-4	1.0010E-2	1.2744E-1
5.1100E-4	9.2773E-3	1.3765E-1
5.1200E-4	9.5215E-3	1.5122E-1
5.1300E-4	9.7656E-3	1.6602E-1
5.1400E-4	1.0254E-2	1.8281E-1
5.1500E-4	9.5215E-3	2.0503E-1
5.1600E-4	1.0010E-2	2.3164E-1
5.1700E-4	9.7656E-3	2.6650E-1
5.1800E-4	1.0010E-2	3.0903E-1
5.1900E-4	1.0010E-2	3.6318E-1
5.2000E-4	1.0010E-2	4.2954E-1
5.2100E-4	9.5215E-3	5.1304E-1
5.2200E-4	9.2773E-3	6.1299E-1
5.2300E-4	9.7656E-3	7.2627E-1
5.2400E-4	9.2773E-3	8.3545E-1
5.2500E-4	9.5215E-3	9.2969E-1
5.2600E-4	9.5215E-3	9.9155E-1
5.2700E-4	9.7656E-3	1.0142E+0
5.2800E-4	9.7656E-3	9.9390E-1
5.2900E-4	1.0010E-2	9.4189E-1
5.3000E-4	1.0010E-2	8.6626E-1
5.3100E-4	9.5215E-3	7.8076E-1
5.3200E-4	1.0254E-2	6.9146E-1
5.3300E-4	9.7656E-3	6.0713E-1
5.3400E-4	1.0010E-2	5.3745E-1
5.3500E-4	9.2773E-3	4.8516E-1
5.3600E-4	1.0010E-2	4.5010E-1
5.3700E-4	9.2773E-3	4.3271E-1
5.3800E-4	9.5215E-3	4.3193E-1
5.3900E-4	9.2773E-3	4.4097E-1
5.4000E-4	9.7656E-3	4.5908E-1
5.4100E-4	9.7656E-3	4.8457E-1
5.4200E-4	9.7656E-3	5.1743E-1
5.4300E-4	9.7656E-3	5.5527E-1
5.4400E-4	9.7656E-3	5.9863E-1
5.4500E-4	9.5215E-3	6.4673E-1
5.4600E-4	9.7656E-3	6.9844E-1
5.4700E-4	9.5215E-3	7.5308E-1
5.4800E-4	1.0498E-2	8.1245E-1
5.4900E-4	9.5215E-3	8.7090E-1
5.5000E-4	9.5215E-3	9.2437E-1
5.5100E-4	9.5215E-3	9.6509E-1
5.5200E-4	1.0010E-2	9.8994E-1
5.5300E-4	9.5215E-3	9.9502E-1
5.5400E-4	9.2773E-3	9.8110E-1
5.5500E-4	9.2773E-3	9.5151E-1
5.5600E-4	9.2773E-3	9.1216E-1
5.5700E-4	9.7656E-3	8.6504E-1
5.5800E-4	1.0254E-2	8.1025E-1
5.5900E-4	9.2773E-3	7.5444E-1
5.6000E-4	9.7656E-3	6.9849E-1
5.6100E-4	9.2773E-3	6.4907E-1
5.6200E-4	9.7656E-3	6.0938E-1
5.6300E-4	9.0332E-3	5.8267E-1
5.6400E-4	9.7656E-3	5.6646E-1
5.6500E-4	8.7891E-3	5.6299E-1
5.6600E-4	9.0332E-3	5.6689E-1
5.6700E-4	9.2773E-3	5.7871E-1
5.6800E-4	9.5215E-3	5.9756E-1
5.6900E-4	9.5215E-3	6.2236E-1
5.7000E-4	1.0010E-2	6.5186E-1
5.7100E-4	9.2773E-3	6.8643E-1
5.7200E-4	9.7656E-3	7.2578E-1
5.7300E-4	9.5215E-3	7.6978E-1
5.7400E-4	1.0254E-2	8.1904E-1
5.7500E-4	9.7656E-3	8.6919E-1
5.7600E-4	9.2773E-3	9.1616E-1
5.7700E-4	9.2773E-3	9.5479E-1
5.7800E-4	1.0254E-2	9.7998E-1
5.7900E-4	9.7656E-3	9.8877E-1
5.8000E-4	9.7656E-3	9.8184E-1
5.8100E-4	1.0010E-2	9.6455E-1
5.8200E-4	1.0010E-2	9.3843E-1
5.8300E-4	9.7656E-3	9.0874E-1
5.8400E-4	9.5215E-3	8.7505E-1
5.8500E-4	9.2773E-3	8.4062E-1
5.8600E-4	9.5215E-3	8.0391E-1
5.8700E-4	1.0010E-2	7.6699E-1
5.8800E-4	9.5215E-3	7.2803E-1
5.8900E-4	9.0332E-3	6.9297E-1
5.9000E-4	9.5215E-3	6.6216E-1
5.9100E-4	9.0332E-3	6.3828E-1
5.9200E-4	9.7656E-3	6.2168E-1
5.9300E-4	9.0332E-3	6.1602E-1
5.9400E-4	9.5215E-3	6.2212E-1
5.9500E-4	9.7656E-3	6.3560E-1
5.9600E-4	9.7656E-3	6.5723E-1
5.9700E-4	9.5215E-3	6.8770E-1
5.9800E-4	9.5215E-3	7.2417E-1
5.9900E-4	9.7656E-3	7.6533E-1
6.0000E-4	9.7656E-3	8.1318E-1
6.0100E-4	1.0010E-2	8.6157E-1
6.0200E-4	9.7656E-3	9.0518E-1
6.0300E-4	9.5215E-3	9.4111E-1
6.0400E-4	9.0332E-3	9.6597E-1
6.0500E-4	9.7656E-3	9.7568E-1
6.0600E-4	9.7656E-3	9.7417E-1
6.0700E-4	9.5215E-3	9.6206E-1
6.0800E-4	9.2773E-3	9.4473E-1
6.0900E-4	9.7656E-3	9.2085E-1
6.1000E-4	8.7891E-3	8.9341E-1
6.1100E-4	1.0254E-2	8.6133E-1
6.1200E-4	1.0010E-2	8.2700E-1
6.1300E-4	9.7656E-3	7.9038E-1
6.1400E-4	9.7656E-3	7.5430E-1
6.1500E-4	9.2773E-3	7.2144E-1
6.1600E-4	9.2773E-3	6.9375E-1
6.1700E-4	9.5215E-3	6.7148E-1
6.1800E-4	1.0010E-2	6.5762E-1
6.1900E-4	8.7891E-3	6.5015E-1
6.2000E-4	9.5215E-3	6.5156E-1
6.2100E-4	9.5215E-3	6.6074E-1
6.2200E-4	9.0332E-3	6.8008E-1
6.2300E-4	9.5215E-3	7.0298E-1
6.2400E-4	1.0010E-2	7.3438E-1
6.2500E-4	9.5215E-3	7.7100E-1
6.2600E-4	9.2773E-3	8.1299E-1
6.2700E-4	9.2773E-3	8.5776E-1
6.2800E-4	9.5215E-3	9.0317E-1
6.2900E-4	1.0254E-2	9.4238E-1
6.3000E-4	1.0010E-2	9.7285E-1
6.3100E-4	1.0254E-2	9.9116E-1
6.3200E-4	9.7656E-3	9.9492E-1
6.3300E-4	1.0010E-2	9.8740E-1
6.3400E-4	9.7656E-3	9.7222E-1
6.3500E-4	9.2773E-3	9.5078E-1
6.3600E-4	9.0332E-3	9.2217E-1
6.3700E-4	9.2773E-3	8.8970E-1
6.3800E-4	1.0498E-2	8.5356E-1
6.3900E-4	9.5215E-3	8.1543E-1
6.4000E-4	9.2773E-3	7.7837E-1
6.4100E-4	1.0010E-2	7.4609E-1
6.4200E-4	1.0254E-2	7.1621E-1
6.4300E-4	9.2773E-3	6.9312E-1
6.4400E-4	9.2773E-3	6.7705E-1
6.4500E-4	9.0332E-3	6.6563E-1
6.4600E-4	9.5215E-3	6.6138E-1
6.4700E-4	1.0010E-2	6.6875E-1
6.4800E-4	1.0010E-2	6.8062E-1
6.4900E-4	1.0010E-2	6.9692E-1
6.5000E-4	9.5215E-3	7.2065E-1
6.5100E-4	9.7656E-3	7.4956E-1
6.5200E-4	9.5215E-3	7.8276E-1
6.5300E-4	1.0010E-2	8.2412E-1
6.5400E-4	9.7656E-3	8.6846E-1
6.5500E-4	9.2773E-3	9.1064E-1
6.5600E-4	9.7656E-3	9.4683E-1
6.5700E-4	1.0010E-2	9.7236E-1
6.5800E-4	1.0010E-2	9.8643E-1
6.5900E-4	9.7656E-3	9.8896E-1
6.6000E-4	9.2773E-3	9.8037E-1
6.6100E-4	9.5215E-3	9.6289E-1
6.6200E-4	9.7656E-3	9.3911E-1
6.6300E-4	9.5215E-3	9.0791E-1
6.6400E-4	1.0254E-2	8.7412E-1
6.6500E-4	1.0010E-2	8.3828E-1
6.6600E-4	9.2773E-3	8.0371E-1
6.6700E-4	9.5215E-3	7.7187E-1
6.6800E-4	9.5215E-3	7.4424E-1
6.6900E-4	9.7656E-3	7.2148E-1
6.7000E-4	9.5215E-3	7.0430E-1
6.7100E-4	9.7656E-3	6.9507E-1
6.7200E-4	9.5215E-3	6.9180E-1
6.7300E-4	9.5215E-3	6.9424E-1
6.7400E-4	9.5215E-3	7.0376E-1
6.7500E-4	9.2773E-3	7.1895E-1
6.7600E-4	1.0254E-2	7.3984E-1
6.7700E-4	1.0010E-2	7.6675E-1
6.7800E-4	9.2773E-3	8.0312E-1
6.7900E-4	9.5215E-3	8.4297E-1
6.8000E-4	9.2773E-3	8.8711E-1
6.8100E-4	9.2773E-3	9.3130E-1
6.8200E-4	9.5215E-3	9.6782E-1
6.8300E-4	9.2773E-3	9.9268E-1
6.8400E-4	1.0010E-2	1.0049E+0
6.8500E-4	9.7656E-3	1.0033E+0
6.8600E-4	1.0254E-2	9.8643E-1
6.8700E-4	9.5215E-3	9.6475E-1
6.8800E-4	9.5215E-3	9.3916E-1
6.8900E-4	9.7656E-3	9.1162E-1
6.9000E-4	9.7656E-3	8.8315E-1
6.9100E-4	9.5215E-3	8.5342E-1
6.9200E-4	9.7656E-3	8.2236E-1
6.9300E-4	9.2773E-3	7.8921E-1
6.9400E-4	9.7656E-3	7.5513E-1
6.9500E-4	9.7656E-3	7.2495E-1
6.9600E-4	1.0010E-2	6.9995E-1
6.9700E-4	9.7656E-3	6.8091E-1
6.9800E-4	9.5215E-3	6.6963E-1
6.9900E-4	9.0332E-3	6.6899E-1
7.0000E-4	9.5215E-3	6.7559E-1
7.0100E-4	9.5215E-3	6.9053E-1
7.0200E-4	9.7656E-3	7.1304E-1
7.0300E-4	9.2773E-3	7.4243E-1
7.0400E-4	9.5215E-3	7.7705E-1
7.0500E-4	1.0010E-2	8.1787E-1
7.0600E-4	9.7656E-3	8.6108E-1
7.0700E-4	1.0010E-2	9.0518E-1
7.0800E-4	9.5215E-3	9.4360E-1
7.0900E-4	1.0254E-2	9.7339E-1
7.1000E-4	9.5215E-3	9.9038E-1
7.1100E-4	9.5215E-3	9.9722E-1
7.1200E-4	9.7656E-3	9.9194E-1
7.1300E-4	9.2773E-3	9.7817E-1
7.1400E-4	9.2773E-3	9.5776E-1
7.1500E-4	1.0254E-2	9.3374E-1
7.1600E-4	9.5215E-3	9.0513E-1
7.1700E-4	9.2773E-3	8.7163E-1
7.1800E-4	9.7656E-3	8.3760E-1
7.1900E-4	9.7656E-3	8.0342E-1
7.2000E-4	1.0254E-2	7.6919E-1
7.2100E-4	9.0332E-3	7.3687E-1
7.2200E-4	1.0010E-2	7.1113E-1
7.2300E-4	9.5215E-3	6.8936E-1
7.2400E-4	9.5215E-3	6.7339E-1
7.2500E-4	9.2773E-3	6.6582E-1
7.2600E-4	1.0010E-2	6.6719E-1
7.2700E-4	9.7656E-3	6.7397E-1
7.2800E-4	9.7656E-3	6.9121E-1
7.2900E-4	1.0010E-2	7.1802E-1
7.3000E-4	9.5215E-3	7.5366E-1
7.3100E-4	9.5215E-3	7.9531E-1
7.3200E-4	9.7656E-3	8.4355E-1
7.3300E-4	9.5215E-3	8.9155E-1
7.3400E-4	1.0254E-2	9.3555E-1
7.3500E-4	9.2773E-3	9.7227E-1
7.3600E-4	9.7656E-3	9.9829E-1
7.3700E-4	1.0010E-2	1.0125E+0
7.3800E-4	9.5215E-3	1.0140E+0
7.3900E-4	9.5215E-3	1.0027E+0
7.4000E-4	1.0010E-2	9.7930E-1
7.4100E-4	9.5215E-3	9.4761E-1
7.4200E-4	9.5215E-3	9.1108E-1
7.4300E-4	9.5215E-3	8.7187E-1
7.4400E-4	1.0010E-2	8.3198E-1
7.4500E-4	1.0254E-2	7.9414E-1
7.4600E-4	9.5215E-3	7.6108E-1
7.4700E-4	9.5215E-3	7.3081E-1
7.4800E-4	9.2773E-3	7.0625E-1
7.4900E-4	9.5215E-3	6.8696E-1
7.5000E-4	1.0498E-2	6.7334E-1
7.5100E-4	9.7656E-3	6.6611E-1
7.5200E-4	1.0254E-2	6.6577E-1
7.5300E-4	9.5215E-3	6.7188E-1
7.5400E-4	1.0254E-2	6.8706E-1
7.5500E-4	9.5215E-3	7.0796E-1
7.5600E-4	9.5215E-3	7.3472E-1
7.5700E-4	1.0254E-2	7.6802E-1
7.5800E-4	9.5215E-3	8.0728E-1
7.5900E-4	9.2773E-3	8.4849E-1
7.6000E-4	9.0332E-3	8.9155E-1
7.6100E-4	9.2773E-3	9.3184E-1
7.6200E-4	9.5215E-3	9.6455E-1
7.6300E-4	9.5215E-3	9.8584E-1
7.6400E-4	9.5215E-3	9.9629E-1
7.6500E-4	9.7656E-3	9.9482E-1
7.6600E-4	9.2773E-3	9.8218E-1
7.6700E-4	9.5215E-3	9.6143E-1
7.6800E-4	9.5215E-3	9.3325E-1
7.6900E-4	9.7656E-3	9.0000E-1
7.7000E-4	9.5215E-3	8.6299E-1
7.7100E-4	9.5215E-3	8.2617E-1
7.7200E-4	9.7656E-3	7.8687E-1
7.7300E-4	9.0332E-3	7.5054E-1
7.7400E-4	9.7656E-3	7.1973E-1
7.7500E-4	9.5215E-3	6.9434E-1
7.7600E-4	1.0254E-2	6.7319E-1
7.7700E-4	9.7656E-3	6.6162E-1
7.7800E-4	1.0254E-2	6.5850E-1
7.7900E-4	1.0254E-2	6.6196E-1
7.8000E-4	1.0010E-2	6.7495E-1
7.8100E-4	9.5215E-3	6.9668E-1
7.8200E-4	9.7656E-3	7.2813E-1
7.8300E-4	1.0010E-2	7.6494E-1
7.8400E-4	9.2773E-3	8.0854E-1
7.8500E-4	9.7656E-3	8.5454E-1
7.8600E-4	9.5215E-3	9.0112E-1
7.8700E-4	9.2773E-3	9.4204E-1
7.8800E-4	9.5215E-3	9.7676E-1
7.8900E-4	1.0010E-2	9.9717E-1
7.9000E-4	9.2773E-3	1.0086E+0
7.9100E-4	9.2773E-3	1.0089E+0
7.9200E-4	9.7656E-3	9.9858E-1
7.9300E-4	1.0010E-2	9.7783E-1
7.9400E-4	9.5215E-3	9.4863E-1
7.9500E-4	9.5215E-3	9.1069E-1
7.9600E-4	1.0010E-2	8.6577E-1
7.9700E-4	9.7656E-3	8.1807E-1
7.9800E-4	9.7656E-3	7.7075E-1
7.9900E-4	9.0332E-3	7.2993E-1
8.0000E-4	1.0010E-2	6.9258E-1
8.0100E-4	9.5215E-3	6.6309E-1
8.0200E-4	9.5215E-3	6.4360E-1
8.0300E-4	9.5215E-3	6.3384E-1
8.0400E-4	9.2773E-3	6.3140E-1
8.0500E-4	9.7656E-3	6.3813E-1
8.0600E-4	9.2773E-3	6.5244E-1
8.0700E-4	1.0010E-2	6.7026E-1
8.0800E-4	8.7891E-3	6.9316E-1
8.0900E-4	9.5215E-3	7.1973E-1
8.1000E-4	9.7656E-3	7.5249E-1
8.1100E-4	1.0010E-2	7.9106E-1
8.1200E-4	9.2773E-3	8.3506E-1
8.1300E-4	9.2773E-3	8.8228E-1
8.1400E-4	1.0010E-2	9.2783E-1
8.1500E-4	9.2773E-3	9.6694E-1
8.1600E-4	9.5215E-3	9.9414E-1
8.1700E-4	1.0010E-2	1.0072E+0
8.1800E-4	9.5215E-3	1.0020E+0
8.1900E-4	9.5215E-3	9.8555E-1
8.2000E-4	1.0010E-2	9.5889E-1
8.2100E-4	9.2773E-3	9.2334E-1
8.2200E-4	9.7656E-3	8.8335E-1
8.2300E-4	9.0332E-3	8.4165E-1
8.2400E-4	9.2773E-3	7.9941E-1
8.2500E-4	9.5215E-3	7.5698E-1
8.2600E-4	9.7656E-3	7.1812E-1
8.2700E-4	9.5215E-3	6.8604E-1
8.2800E-4	1.0010E-2	6.6152E-1
8.2900E-4	9.5215E-3	6.4663E-1
8.3000E-4	9.7656E-3	6.4224E-1
8.3100E-4	9.5215E-3	6.4673E-1
8.3200E-4	9.7656E-3	6.5649E-1
8.3300E-4	9.7656E-3	6.7310E-1
8.3400E-4	1.0010E-2	6.9370E-1
8.3500E-4	1.0010E-2	7.2036E-1
8.3600E-4	1.0254E-2	7.5439E-1
8.3700E-4	1.0010E-2	7.9478E-1
8.3800E-4	9.7656E-3	8.4253E-1
8.3900E-4	9.7656E-3	8.9238E-1
8.4000E-4	9.5215E-3	9.4028E-1
8.4100E-4	9.2773E-3	9.8047E-1
8.4200E-4	9.2773E-3	1.0087E+0
8.4300E-4	8.7891E-3	1.0200E+0
8.4400E-4	9.7656E-3	1.0157E+0
8.4500E-4	9.7656E-3	9.9800E-1
8.4600E-4	9.2773E-3	9.6992E-1
8.4700E-4	9.2773E-3	9.3604E-1
8.4800E-4	9.2773E-3	8.9849E-1
8.4900E-4	9.2773E-3	8.5874E-1
8.5000E-4	1.0254E-2	8.1519E-1
8.5100E-4	9.7656E-3	7.7271E-1
8.5200E-4	9.2773E-3	7.3140E-1
8.5300E-4	1.0010E-2	6.9395E-1
8.5400E-4	9.2773E-3	6.6260E-1
8.5500E-4	9.2773E-3	6.3892E-1
8.5600E-4	9.2773E-3	6.2314E-1
8.5700E-4	9.2773E-3	6.1772E-1
8.5800E-4	9.2773E-3	6.1909E-1
8.5900E-4	9.5215E-3	6.3110E-1
8.6000E-4	9.5215E-3	6.5181E-1
8.6100E-4	9.0332E-3	6.7925E-1
8.6200E-4	1.0010E-2	7.0981E-1
8.6300E-4	9.2773E-3	7.5083E-1
8.6400E-4	9.5215E-3	7.9341E-1
8.6500E-4	9.2773E-3	8.4175E-1
8.6600E-4	9.7656E-3	8.9072E-1
8.6700E-4	9.7656E-3	9.3779E-1
8.6800E-4	9.5215E-3	9.7319E-1
8.6900E-4	1.0254E-2	9.9702E-1
8.7000E-4	9.5215E-3	1.0062E+0
8.7100E-4	9.7656E-3	1.0015E+0
8.7200E-4	9.7656E-3	9.8530E-1
8.7300E-4	9.2773E-3	9.6021E-1
8.7400E-4	1.0010E-2	9.2739E-1
8.7500E-4	9.2773E-3	8.8706E-1
8.7600E-4	9.0332E-3	8.4434E-1
8.7700E-4	9.5215E-3	7.9727E-1
8.7800E-4	9.2773E-3	7.5103E-1
8.7900E-4	9.2773E-3	7.1001E-1
8.8000E-4	1.0254E-2	6.7520E-1
8.8100E-4	9.7656E-3	6.4663E-1
8.8200E-4	1.0010E-2	6.2910E-1
8.8300E-4	1.0010E-2	6.2085E-1
8.8400E-4	9.5215E-3	6.2192E-1
8.8500E-4	9.5215E-3	6.3081E-1
8.8600E-4	1.0010E-2	6.4771E-1
8.8700E-4	9.2773E-3	6.7158E-1
8.8800E-4	9.5215E-3	7.0186E-1
8.8900E-4	9.7656E-3	7.3950E-1
8.9000E-4	1.0010E-2	7.8516E-1
8.9100E-4	9.5215E-3	8.3442E-1
8.9200E-4	9.5215E-3	8.8511E-1
8.9300E-4	9.0332E-3	9.3223E-1
8.9400E-4	1.0010E-2	9.6851E-1
8.9500E-4	9.5215E-3	9.9302E-1
8.9600E-4	1.0254E-2	1.0038E+0
8.9700E-4	9.7656E-3	1.0002E+0
8.9800E-4	9.2773E-3	9.8765E-1
8.9900E-4	9.0332E-3	9.6670E-1
9.0000E-4	9.2773E-3	9.3579E-1
9.0100E-4	9.2773E-3	8.9819E-1
9.0200E-4	1.0498E-2	8.5513E-1
9.0300E-4	9.2773E-3	8.0591E-1
9.0400E-4	9.7656E-3	7.5547E-1
9.0500E-4	9.2773E-3	7.0591E-1
9.0600E-4	9.2773E-3	6.6133E-1
9.0700E-4	9.7656E-3	6.2690E-1
9.0800E-4	9.7656E-3	6.0200E-1
9.0900E-4	9.7656E-3	5.8599E-1
9.1000E-4	1.0010E-2	5.8169E-1
9.1100E-4	9.5215E-3	5.8735E-1
9.1200E-4	9.2773E-3	6.0112E-1
9.1300E-4	9.7656E-3	6.2319E-1
9.1400E-4	9.2773E-3	6.5479E-1
9.1500E-4	9.5215E-3	6.9292E-1
9.1600E-4	9.0332E-3	7.3511E-1
9.1700E-4	9.7656E-3	7.8071E-1
9.1800E-4	9.7656E-3	8.2993E-1
9.1900E-4	1.0010E-2	8.7944E-1
9.2000E-4	1.0010E-2	9.2559E-1
9.2100E-4	9.0332E-3	9.6675E-1
9.2200E-4	9.2773E-3	9.9565E-1
9.2300E-4	9.5215E-3	1.0100E+0
9.2400E-4	9.5215E-3	1.0064E+0
9.2500E-4	9.5215E-3	9.8691E-1
9.2600E-4	9.5215E-3	9.5454E-1
9.2700E-4	1.0010E-2	9.1313E-1
9.2800E-4	1.0010E-2	8.6533E-1
9.2900E-4	9.5215E-3	8.1543E-1
9.3000E-4	9.2773E-3	7.6479E-1
9.3100E-4	9.7656E-3	7.1680E-1
9.3200E-4	9.7656E-3	6.7212E-1
9.3300E-4	1.0498E-2	6.3281E-1
9.3400E-4	1.0010E-2	5.9888E-1
9.3500E-4	9.5215E-3	5.7417E-1
9.3600E-4	1.0498E-2	5.5928E-1
9.3700E-4	1.0010E-2	5.5757E-1
9.3800E-4	1.0010E-2	5.6587E-1
9.3900E-4	9.7656E-3	5.8643E-1
9.4000E-4	9.7656E-3	6.1567E-1
9.4100E-4	9.7656E-3	6.5215E-1
9.4200E-4	9.5215E-3	6.9307E-1
9.4300E-4	1.0498E-2	7.4194E-1
9.4400E-4	1.0010E-2	7.9712E-1
9.4500E-4	9.5215E-3	8.5645E-1
9.4600E-4	9.5215E-3	9.1455E-1
9.4700E-4	9.2773E-3	9.6592E-1
9.4800E-4	1.0010E-2	1.0039E+0
9.4900E-4	9.7656E-3	1.0228E+0
9.5000E-4	9.5215E-3	1.0225E+0
9.5100E-4	9.5215E-3	1.0026E+0
9.5200E-4	9.7656E-3	9.6650E-1
9.5300E-4	1.0498E-2	9.1616E-1
9.5400E-4	1.0010E-2	8.5522E-1
9.5500E-4	1.0254E-2	7.8540E-1
9.5600E-4	1.0010E-2	7.1372E-1
9.5700E-4	9.5215E-3	6.4473E-1
9.5800E-4	9.5215E-3	5.8135E-1
9.5900E-4	9.7656E-3	5.2949E-1
9.6000E-4	9.7656E-3	4.9116E-1
9.6100E-4	9.5215E-3	4.6445E-1
9.6200E-4	9.7656E-3	4.5020E-1
9.6300E-4	9.5215E-3	4.4849E-1
9.6400E-4	9.5215E-3	4.5693E-1
9.6500E-4	9.7656E-3	4.7163E-1
9.6600E-4	9.5215E-3	4.9478E-1
9.6700E-4	9.2773E-3	5.2275E-1
9.6800E-4	9.7656E-3	5.5688E-1
9.6900E-4	9.7656E-3	5.9756E-1
9.7000E-4	9.7656E-3	6.4824E-1
9.7100E-4	1.0010E-2	7.0898E-1
9.7200E-4	9.0332E-3	7.7974E-1
9.7300E-4	9.7656E-3	8.5737E-1
9.7400E-4	1.0010E-2	9.3193E-1
9.7500E-4	9.2773E-3	9.9375E-1
9.7600E-4	1.0010E-2	1.0253E+0
9.7700E-4	9.7656E-3	1.0199E+0
9.7800E-4	9.5215E-3	9.7217E-1
9.7900E-4	9.5215E-3	8.8716E-1
9.8000E-4	9.7656E-3	7.7603E-1
9.8100E-4	1.0254E-2	6.5562E-1
9.8200E-4	1.0010E-2	5.3374E-1
9.8300E-4	1.0010E-2	4.2075E-1
9.8400E-4	9.5215E-3	3.2412E-1
9.8500E-4	9.7656E-3	2.4688E-1
9.8600E-4	1.0010E-2	1.8618E-1
9.8700E-4	9.2773E-3	1.4561E-1
9.8800E-4	9.7656E-3	1.2231E-1
9.8900E-4	9.5215E-3	1.1382E-1
9.9000E-4	9.2773E-3	1.1255E-1
9.9100E-4	9.5215E-3	1.1763E-1
9.9200E-4	9.7656E-3	1.2388E-1
9.9300E-4	9.2773E-3	1.2993E-1
9.9400E-4	1.0254E-2	1.3125E-1
9.9500E-4	8.7891E-3	1.3145E-1
9.9600E-4	9.2773E-3	1.2954E-1
9.9700E-4	9.5215E-3	1.2563E-1
9.9800E-4	9.5215E-3	1.2563E-1
9.9900E-4	9.7656E-3	1.2563E-1
