Time [s]	Aux in [V]	Main in [V]
0.0000E+0	1.0254E-2	3.8071E-1
1.0000E-6	9.7656E-3	3.2881E-1
2.0000E-6	9.7656E-3	2.6841E-1
3.0000E-6	9.7656E-3	2.0469E-1
4.0000E-6	9.7656E-3	1.6240E-1
5.0000E-6	1.0254E-2	1.3838E-1
6.0000E-6	9.5215E-3	1.2778E-1
7.0000E-6	1.0010E-2	1.2554E-1
8.0000E-6	9.5215E-3	1.2642E-1
9.0000E-6	9.5215E-3	1.2754E-1
1.0000E-5	1.0010E-2	1.2998E-1
1.1000E-5	1.0254E-2	1.2964E-1
1.2000E-5	9.2773E-3	1.2847E-1
1.3000E-5	9.5215E-3	1.2568E-1
1.4000E-5	9.7656E-3	1.2261E-1
1.5000E-5	9.5215E-3	1.1733E-1
1.6000E-5	9.7656E-3	1.1255E-1
1.7000E-5	1.0010E-2	1.0918E-1
1.8000E-5	9.2773E-3	1.0605E-1
1.9000E-5	9.2773E-3	1.0361E-1
2.0000E-5	9.5215E-3	1.0190E-1
2.1000E-5	9.0332E-3	1.0225E-1
2.2000E-5	9.5215E-3	1.0176E-1
2.3000E-5	9.5215E-3	1.0352E-1
2.4000E-5	9.5215E-3	1.0542E-1
2.5000E-5	9.7656E-3	1.0830E-1
2.6000E-5	9.7656E-3	1.1187E-1
2.7000E-5	9.2773E-3	1.1772E-1
2.8000E-5	9.2773E-3	1.2505E-1
2.9000E-5	9.2773E-3	1.3291E-1
3.0000E-5	1.0010E-2	1.4351E-1
3.1000E-5	9.2773E-3	1.5688E-1
3.2000E-5	9.2773E-3	1.7285E-1
3.3000E-5	9.5215E-3	1.9414E-1
3.4000E-5	9.7656E-3	2.2212E-1
3.5000E-5	9.2773E-3	2.5801E-1
3.6000E-5	9.5215E-3	3.0610E-1
3.7000E-5	9.7656E-3	3.6694E-1
3.8000E-5	1.0010E-2	4.4590E-1
3.9000E-5	9.5215E-3	5.4692E-1
4.0000E-5	9.5215E-3	6.6685E-1
4.1000E-5	1.0010E-2	7.9443E-1
4.2000E-5	9.5215E-3	9.1655E-1
4.3000E-5	9.5215E-3	1.0108E+0
4.4000E-5	9.5215E-3	1.0646E+0
4.5000E-5	9.7656E-3	1.0686E+0
4.6000E-5	1.0254E-2	1.0257E+0
4.7000E-5	9.2773E-3	9.4897E-1
4.8000E-5	1.0010E-2	8.5352E-1
4.9000E-5	9.5215E-3	7.4917E-1
5.0000E-5	1.0010E-2	6.5000E-1
5.1000E-5	9.7656E-3	5.6479E-1
5.2000E-5	9.5215E-3	4.9736E-1
5.3000E-5	1.0010E-2	4.5112E-1
5.4000E-5	9.2773E-3	4.2534E-1
5.5000E-5	9.7656E-3	4.1792E-1
5.6000E-5	9.0332E-3	4.2632E-1
5.7000E-5	1.0010E-2	4.4614E-1
5.8000E-5	9.2773E-3	4.7344E-1
5.9000E-5	9.5215E-3	5.0801E-1
6.0000E-5	9.7656E-3	5.4580E-1
6.1000E-5	9.5215E-3	5.8525E-1
6.2000E-5	1.0010E-2	6.2905E-1
6.3000E-5	9.5215E-3	6.7275E-1
6.4000E-5	9.5215E-3	7.1860E-1
6.5000E-5	9.5215E-3	7.6816E-1
6.6000E-5	1.0254E-2	8.2314E-1
6.7000E-5	9.7656E-3	8.7720E-1
6.8000E-5	9.2773E-3	9.2803E-1
6.9000E-5	9.5215E-3	9.6704E-1
7.0000E-5	9.7656E-3	9.9077E-1
7.1000E-5	9.2773E-3	9.9307E-1
7.2000E-5	9.7656E-3	9.7378E-1
7.3000E-5	1.0254E-2	9.3809E-1
7.4000E-5	9.2773E-3	8.9077E-1
7.5000E-5	1.0010E-2	8.3516E-1
7.6000E-5	9.5215E-3	7.7373E-1
7.7000E-5	9.5215E-3	7.1284E-1
7.8000E-5	9.5215E-3	6.5757E-1
7.9000E-5	9.2773E-3	6.0991E-1
8.0000E-5	9.7656E-3	5.7324E-1
8.1000E-5	9.5215E-3	5.5088E-1
8.2000E-5	1.0010E-2	5.4189E-1
8.3000E-5	1.0010E-2	5.4688E-1
8.4000E-5	9.5215E-3	5.6084E-1
8.5000E-5	9.5215E-3	5.8105E-1
8.6000E-5	9.7656E-3	6.0425E-1
8.7000E-5	9.2773E-3	6.3315E-1
8.8000E-5	9.0332E-3	6.6382E-1
8.9000E-5	9.2773E-3	7.0034E-1
9.0000E-5	9.5215E-3	7.4277E-1
9.1000E-5	9.5215E-3	7.9126E-1
9.2000E-5	9.2773E-3	8.4160E-1
9.3000E-5	9.7656E-3	8.8838E-1
9.4000E-5	9.7656E-3	9.2861E-1
9.5000E-5	9.7656E-3	9.5762E-1
9.6000E-5	9.5215E-3	9.7622E-1
9.7000E-5	9.5215E-3	9.8257E-1
9.8000E-5	9.2773E-3	9.7622E-1
9.9000E-5	9.5215E-3	9.5977E-1
1.0000E-4	9.7656E-3	9.3594E-1
1.0100E-4	9.2773E-3	9.0181E-1
1.0200E-4	1.0010E-2	8.5972E-1
1.0300E-4	9.7656E-3	8.1602E-1
1.0400E-4	9.5215E-3	7.7104E-1
1.0500E-4	9.2773E-3	7.2749E-1
1.0600E-4	1.0010E-2	6.8833E-1
1.0700E-4	9.7656E-3	6.5522E-1
1.0800E-4	1.0010E-2	6.3047E-1
1.0900E-4	1.0010E-2	6.1577E-1
1.1000E-4	8.7891E-3	6.0645E-1
1.1100E-4	9.5215E-3	6.0649E-1
1.1200E-4	9.7656E-3	6.1528E-1
1.1300E-4	1.0010E-2	6.2905E-1
1.1400E-4	9.0332E-3	6.4834E-1
1.1500E-4	9.5215E-3	6.7891E-1
1.1600E-4	9.5215E-3	7.1616E-1
1.1700E-4	9.5215E-3	7.5942E-1
1.1800E-4	1.0254E-2	8.0977E-1
1.1900E-4	1.0010E-2	8.6162E-1
1.2000E-4	1.0010E-2	9.0825E-1
1.2100E-4	1.0010E-2	9.4512E-1
1.2200E-4	1.0010E-2	9.7241E-1
1.2300E-4	9.5215E-3	9.8262E-1
1.2400E-4	1.0010E-2	9.7690E-1
1.2500E-4	9.0332E-3	9.6030E-1
1.2600E-4	9.5215E-3	9.3623E-1
1.2700E-4	9.0332E-3	9.0391E-1
1.2800E-4	9.7656E-3	8.6997E-1
1.2900E-4	9.2773E-3	8.3574E-1
1.3000E-4	1.0010E-2	8.0117E-1
1.3100E-4	1.0254E-2	7.6748E-1
1.3200E-4	1.0010E-2	7.3569E-1
1.3300E-4	9.5215E-3	7.0698E-1
1.3400E-4	9.2773E-3	6.8472E-1
1.3500E-4	9.5215E-3	6.6548E-1
1.3600E-4	9.5215E-3	6.5264E-1
1.3700E-4	9.0332E-3	6.4756E-1
1.3800E-4	1.0010E-2	6.5005E-1
1.3900E-4	9.2773E-3	6.6025E-1
1.4000E-4	9.5215E-3	6.7808E-1
1.4100E-4	9.5215E-3	7.0557E-1
1.4200E-4	9.0332E-3	7.3994E-1
1.4300E-4	9.5215E-3	7.7974E-1
1.4400E-4	9.2773E-3	8.2271E-1
1.4500E-4	1.0010E-2	8.6934E-1
1.4600E-4	9.7656E-3	9.1006E-1
1.4700E-4	9.5215E-3	9.4355E-1
1.4800E-4	1.0010E-2	9.6631E-1
1.4900E-4	9.0332E-3	9.7612E-1
1.5000E-4	1.0254E-2	9.7129E-1
1.5100E-4	9.5215E-3	9.5654E-1
1.5200E-4	1.0010E-2	9.3462E-1
1.5300E-4	1.0254E-2	9.0918E-1
1.5400E-4	9.5215E-3	8.8125E-1
1.5500E-4	9.7656E-3	8.5278E-1
1.5600E-4	9.2773E-3	8.2393E-1
1.5700E-4	9.7656E-3	7.9375E-1
1.5800E-4	9.7656E-3	7.6353E-1
1.5900E-4	1.0010E-2	7.3481E-1
1.6000E-4	1.0254E-2	7.1074E-1
1.6100E-4	9.5215E-3	6.9033E-1
1.6200E-4	9.2773E-3	6.7627E-1
1.6300E-4	9.7656E-3	6.6763E-1
1.6400E-4	9.7656E-3	6.6548E-1
1.6500E-4	9.7656E-3	6.6870E-1
1.6600E-4	9.5215E-3	6.7974E-1
1.6700E-4	1.0254E-2	6.9722E-1
1.6800E-4	9.7656E-3	7.2329E-1
1.6900E-4	9.5215E-3	7.5405E-1
1.7000E-4	1.0010E-2	7.9160E-1
1.7100E-4	9.5215E-3	8.3320E-1
1.7200E-4	9.7656E-3	8.7466E-1
1.7300E-4	9.5215E-3	9.1050E-1
1.7400E-4	9.7656E-3	9.4102E-1
1.7500E-4	9.7656E-3	9.5874E-1
1.7600E-4	1.0010E-2	9.6431E-1
1.7700E-4	9.5215E-3	9.6152E-1
1.7800E-4	9.2773E-3	9.5015E-1
1.7900E-4	9.2773E-3	9.3135E-1
1.8000E-4	9.5215E-3	9.0586E-1
1.8100E-4	9.7656E-3	8.7686E-1
1.8200E-4	9.5215E-3	8.4233E-1
1.8300E-4	9.5215E-3	8.0898E-1
1.8400E-4	9.2773E-3	7.7661E-1
1.8500E-4	1.0010E-2	7.5088E-1
1.8600E-4	9.5215E-3	7.2856E-1
1.8700E-4	9.0332E-3	7.1143E-1
1.8800E-4	9.2773E-3	6.9639E-1
1.8900E-4	9.2773E-3	6.8672E-1
1.9000E-4	9.7656E-3	6.8242E-1
1.9100E-4	1.0010E-2	6.8599E-1
1.9200E-4	9.5215E-3	6.9546E-1
1.9300E-4	9.7656E-3	7.1401E-1
1.9400E-4	9.5215E-3	7.4136E-1
1.9500E-4	9.2773E-3	7.7412E-1
1.9600E-4	1.0010E-2	8.1104E-1
1.9700E-4	1.0010E-2	8.5083E-1
1.9800E-4	1.0010E-2	8.8896E-1
1.9900E-4	1.0254E-2	9.1919E-1
2.0000E-4	9.7656E-3	9.4248E-1
2.0100E-4	9.7656E-3	9.5571E-1
2.0200E-4	9.2773E-3	9.5981E-1
2.0300E-4	9.2773E-3	9.5596E-1
2.0400E-4	9.5215E-3	9.4604E-1
2.0500E-4	9.7656E-3	9.2939E-1
2.0600E-4	9.7656E-3	9.0723E-1
2.0700E-4	1.0254E-2	8.8394E-1
2.0800E-4	9.5215E-3	8.5767E-1
2.0900E-4	9.2773E-3	8.3086E-1
2.1000E-4	9.5215E-3	8.0420E-1
2.1100E-4	9.7656E-3	7.7642E-1
2.1200E-4	1.0010E-2	7.4507E-1
2.1300E-4	1.0010E-2	7.1597E-1
2.1400E-4	9.0332E-3	6.9067E-1
2.1500E-4	1.0010E-2	6.7134E-1
2.1600E-4	9.5215E-3	6.6206E-1
2.1700E-4	9.2773E-3	6.6455E-1
2.1800E-4	1.0010E-2	6.7524E-1
2.1900E-4	8.7891E-3	6.9150E-1
2.2000E-4	9.7656E-3	7.1401E-1
2.2100E-4	9.7656E-3	7.4204E-1
2.2200E-4	9.5215E-3	7.7642E-1
2.2300E-4	9.2773E-3	8.1455E-1
2.2400E-4	9.5215E-3	8.5718E-1
2.2500E-4	1.0010E-2	8.9858E-1
2.2600E-4	9.5215E-3	9.3477E-1
2.2700E-4	1.0010E-2	9.6187E-1
2.2800E-4	9.7656E-3	9.7813E-1
2.2900E-4	1.0254E-2	9.8135E-1
2.3000E-4	9.7656E-3	9.7476E-1
2.3100E-4	9.2773E-3	9.6035E-1
2.3200E-4	1.0254E-2	9.3716E-1
2.3300E-4	9.5215E-3	9.0903E-1
2.3400E-4	1.0010E-2	8.7871E-1
2.3500E-4	9.0332E-3	8.4648E-1
2.3600E-4	9.7656E-3	8.1196E-1
2.3700E-4	9.2773E-3	7.7866E-1
2.3800E-4	9.7656E-3	7.4780E-1
2.3900E-4	1.0010E-2	7.2139E-1
2.4000E-4	9.2773E-3	7.0059E-1
2.4100E-4	1.0010E-2	6.8735E-1
2.4200E-4	8.7891E-3	6.8042E-1
2.4300E-4	9.5215E-3	6.8164E-1
2.4400E-4	9.7656E-3	6.8965E-1
2.4500E-4	9.7656E-3	7.0264E-1
2.4600E-4	1.0254E-2	7.2153E-1
2.4700E-4	1.0498E-2	7.4854E-1
2.4800E-4	9.7656E-3	7.8179E-1
2.4900E-4	9.5215E-3	8.1890E-1
2.5000E-4	9.5215E-3	8.5981E-1
2.5100E-4	9.5215E-3	9.0190E-1
2.5200E-4	1.0010E-2	9.3721E-1
2.5300E-4	9.5215E-3	9.6460E-1
2.5400E-4	1.0010E-2	9.7944E-1
2.5500E-4	9.7656E-3	9.8325E-1
2.5600E-4	9.7656E-3	9.7676E-1
2.5700E-4	9.5215E-3	9.6333E-1
2.5800E-4	9.7656E-3	9.4150E-1
2.5900E-4	9.7656E-3	9.1616E-1
2.6000E-4	9.2773E-3	8.8647E-1
2.6100E-4	9.0332E-3	8.5210E-1
2.6200E-4	9.0332E-3	8.1689E-1
2.6300E-4	9.2773E-3	7.8154E-1
2.6400E-4	9.5215E-3	7.5156E-1
2.6500E-4	9.5215E-3	7.2559E-1
2.6600E-4	9.5215E-3	7.0625E-1
2.6700E-4	9.7656E-3	6.9082E-1
2.6800E-4	9.0332E-3	6.8345E-1
2.6900E-4	9.5215E-3	6.7900E-1
2.7000E-4	9.2773E-3	6.8145E-1
2.7100E-4	1.0010E-2	6.8921E-1
2.7200E-4	9.7656E-3	7.0342E-1
2.7300E-4	9.2773E-3	7.2358E-1
2.7400E-4	9.7656E-3	7.5122E-1
2.7500E-4	9.5215E-3	7.8545E-1
2.7600E-4	9.5215E-3	8.2446E-1
2.7700E-4	1.0254E-2	8.6812E-1
2.7800E-4	9.5215E-3	9.0894E-1
2.7900E-4	9.7656E-3	9.4580E-1
2.8000E-4	9.7656E-3	9.7051E-1
2.8100E-4	9.7656E-3	9.8442E-1
2.8200E-4	9.7656E-3	9.8379E-1
2.8300E-4	1.0254E-2	9.7393E-1
2.8400E-4	9.5215E-3	9.5464E-1
2.8500E-4	1.0010E-2	9.3223E-1
2.8600E-4	9.7656E-3	9.0410E-1
2.8700E-4	1.0010E-2	8.7383E-1
2.8800E-4	1.0254E-2	8.4253E-1
2.8900E-4	9.7656E-3	8.1191E-1
2.9000E-4	9.5215E-3	7.8057E-1
2.9100E-4	9.2773E-3	7.5166E-1
2.9200E-4	1.0010E-2	7.2734E-1
2.9300E-4	9.2773E-3	7.0503E-1
2.9400E-4	1.0010E-2	6.8857E-1
2.9500E-4	1.0010E-2	6.7891E-1
2.9600E-4	9.7656E-3	6.8032E-1
2.9700E-4	9.2773E-3	6.8911E-1
2.9800E-4	9.7656E-3	7.0649E-1
2.9900E-4	9.7656E-3	7.2729E-1
3.0000E-4	1.0010E-2	7.5439E-1
3.0100E-4	1.0010E-2	7.8433E-1
3.0200E-4	1.0010E-2	8.2036E-1
3.0300E-4	9.5215E-3	8.5894E-1
3.0400E-4	9.2773E-3	8.9604E-1
3.0500E-4	9.0332E-3	9.3013E-1
3.0600E-4	9.2773E-3	9.5796E-1
3.0700E-4	9.2773E-3	9.7192E-1
3.0800E-4	1.0010E-2	9.7637E-1
3.0900E-4	9.7656E-3	9.7471E-1
3.1000E-4	9.5215E-3	9.6396E-1
3.1100E-4	9.5215E-3	9.4507E-1
3.1200E-4	9.0332E-3	9.2236E-1
3.1300E-4	1.0254E-2	8.9497E-1
3.1400E-4	9.5215E-3	8.6372E-1
3.1500E-4	9.7656E-3	8.2852E-1
3.1600E-4	1.0010E-2	7.9063E-1
3.1700E-4	1.0742E-2	7.5547E-1
3.1800E-4	9.5215E-3	7.2256E-1
3.1900E-4	9.5215E-3	6.9409E-1
3.2000E-4	9.5215E-3	6.7393E-1
3.2100E-4	1.0010E-2	6.6367E-1
3.2200E-4	1.0498E-2	6.5874E-1
3.2300E-4	9.7656E-3	6.6274E-1
3.2400E-4	9.2773E-3	6.7485E-1
3.2500E-4	9.5215E-3	6.9238E-1
3.2600E-4	9.5215E-3	7.1528E-1
3.2700E-4	1.0010E-2	7.4639E-1
3.2800E-4	9.7656E-3	7.8027E-1
3.2900E-4	1.0010E-2	8.1719E-1
3.3000E-4	9.2773E-3	8.5767E-1
3.3100E-4	9.0332E-3	8.9619E-1
3.3200E-4	9.2773E-3	9.2969E-1
3.3300E-4	9.7656E-3	9.5776E-1
3.3400E-4	9.2773E-3	9.7568E-1
3.3500E-4	9.5215E-3	9.8115E-1
3.3600E-4	9.7656E-3	9.7471E-1
3.3700E-4	1.0010E-2	9.5825E-1
3.3800E-4	1.0254E-2	9.3169E-1
3.3900E-4	9.7656E-3	8.9810E-1
3.4000E-4	1.0010E-2	8.6143E-1
3.4100E-4	9.5215E-3	8.2554E-1
3.4200E-4	9.7656E-3	7.8984E-1
3.4300E-4	9.7656E-3	7.5752E-1
3.4400E-4	9.5215E-3	7.3081E-1
3.4500E-4	9.7656E-3	7.0684E-1
3.4600E-4	9.5215E-3	6.8784E-1
3.4700E-4	1.0498E-2	6.7378E-1
3.4800E-4	8.7891E-3	6.6616E-1
3.4900E-4	9.7656E-3	6.6646E-1
3.5000E-4	9.5215E-3	6.7495E-1
3.5100E-4	9.5215E-3	6.9102E-1
3.5200E-4	9.5215E-3	7.1328E-1
3.5300E-4	9.7656E-3	7.4194E-1
3.5400E-4	9.5215E-3	7.7603E-1
3.5500E-4	9.2773E-3	8.1563E-1
3.5600E-4	9.5215E-3	8.5806E-1
3.5700E-4	9.7656E-3	9.0210E-1
3.5800E-4	9.0332E-3	9.4316E-1
3.5900E-4	9.5215E-3	9.7461E-1
3.6000E-4	9.5215E-3	9.9463E-1
3.6100E-4	1.0254E-2	9.9941E-1
3.6200E-4	9.7656E-3	9.9248E-1
3.6300E-4	9.7656E-3	9.7334E-1
3.6400E-4	9.5215E-3	9.4341E-1
3.6500E-4	9.5215E-3	9.0625E-1
3.6600E-4	9.2773E-3	8.6753E-1
3.6700E-4	1.0254E-2	8.2437E-1
3.6800E-4	9.5215E-3	7.8047E-1
3.6900E-4	1.0498E-2	7.4111E-1
3.7000E-4	9.2773E-3	7.0786E-1
3.7100E-4	8.7891E-3	6.7930E-1
3.7200E-4	1.0254E-2	6.5781E-1
3.7300E-4	9.7656E-3	6.4336E-1
3.7400E-4	9.2773E-3	6.3525E-1
3.7500E-4	9.2773E-3	6.3135E-1
3.7600E-4	9.7656E-3	6.3496E-1
3.7700E-4	1.0254E-2	6.4600E-1
3.7800E-4	9.7656E-3	6.6333E-1
3.7900E-4	9.7656E-3	6.8643E-1
3.8000E-4	9.5215E-3	7.1758E-1
3.8100E-4	9.2773E-3	7.5615E-1
3.8200E-4	1.0010E-2	8.0063E-1
3.8300E-4	9.5215E-3	8.5151E-1
3.8400E-4	9.7656E-3	9.0107E-1
3.8500E-4	9.7656E-3	9.4741E-1
3.8600E-4	9.7656E-3	9.8091E-1
3.8700E-4	9.7656E-3	9.9883E-1
3.8800E-4	8.5449E-3	9.9863E-1
3.8900E-4	9.5215E-3	9.8550E-1
3.9000E-4	9.5215E-3	9.5972E-1
3.9100E-4	1.0010E-2	9.2788E-1
3.9200E-4	9.7656E-3	8.8970E-1
3.9300E-4	1.0010E-2	8.4785E-1
3.9400E-4	1.0254E-2	8.0400E-1
3.9500E-4	9.5215E-3	7.5996E-1
3.9600E-4	1.0498E-2	7.1890E-1
3.9700E-4	9.7656E-3	6.8350E-1
3.9800E-4	9.7656E-3	6.5557E-1
3.9900E-4	9.5215E-3	6.3623E-1
4.0000E-4	9.2773E-3	6.2520E-1
4.0100E-4	9.2773E-3	6.2114E-1
4.0200E-4	9.7656E-3	6.2690E-1
4.0300E-4	9.5215E-3	6.3970E-1
4.0400E-4	9.2773E-3	6.5933E-1
4.0500E-4	9.5215E-3	6.8677E-1
4.0600E-4	9.2773E-3	7.2178E-1
4.0700E-4	9.5215E-3	7.6406E-1
4.0800E-4	9.7656E-3	8.1455E-1
4.0900E-4	1.0254E-2	8.6836E-1
4.1000E-4	1.0010E-2	9.1963E-1
4.1100E-4	9.7656E-3	9.6313E-1
4.1200E-4	9.5215E-3	9.9482E-1
4.1300E-4	9.2773E-3	1.0118E+0
4.1400E-4	9.5215E-3	1.0135E+0
4.1500E-4	1.0010E-2	1.0032E+0
4.1600E-4	9.7656E-3	9.8130E-1
4.1700E-4	9.7656E-3	9.5024E-1
4.1800E-4	9.5215E-3	9.1006E-1
4.1900E-4	9.2773E-3	8.6382E-1
4.2000E-4	1.0010E-2	8.1338E-1
4.2100E-4	1.0254E-2	7.6289E-1
4.2200E-4	9.7656E-3	7.1211E-1
4.2300E-4	9.5215E-3	6.6875E-1
4.2400E-4	9.0332E-3	6.3350E-1
4.2500E-4	1.0254E-2	6.0669E-1
4.2600E-4	9.0332E-3	5.8970E-1
4.2700E-4	9.7656E-3	5.8384E-1
4.2800E-4	9.2773E-3	5.8501E-1
4.2900E-4	9.7656E-3	5.9429E-1
4.3000E-4	9.5215E-3	6.1128E-1
4.3100E-4	9.2773E-3	6.3457E-1
4.3200E-4	9.7656E-3	6.6396E-1
4.3300E-4	9.2773E-3	7.0049E-1
4.3400E-4	9.2773E-3	7.4399E-1
4.3500E-4	8.5449E-3	7.9268E-1
4.3600E-4	9.5215E-3	8.4556E-1
4.3700E-4	1.0010E-2	8.9956E-1
4.3800E-4	9.2773E-3	9.4580E-1
4.3900E-4	9.5215E-3	9.7959E-1
4.4000E-4	9.5215E-3	9.9893E-1
4.4100E-4	9.7656E-3	1.0037E+0
4.4200E-4	9.7656E-3	9.9102E-1
4.4300E-4	9.5215E-3	9.6685E-1
4.4400E-4	1.0254E-2	9.3262E-1
4.4500E-4	1.0010E-2	8.9126E-1
4.4600E-4	9.5215E-3	8.4121E-1
4.4700E-4	9.5215E-3	7.8960E-1
4.4800E-4	9.5215E-3	7.3569E-1
4.4900E-4	9.5215E-3	6.8535E-1
4.5000E-4	9.5215E-3	6.3789E-1
4.5100E-4	9.5215E-3	5.9995E-1
4.5200E-4	9.2773E-3	5.7280E-1
4.5300E-4	9.7656E-3	5.5811E-1
4.5400E-4	9.5215E-3	5.5552E-1
4.5500E-4	9.5215E-3	5.6377E-1
4.5600E-4	9.5215E-3	5.8037E-1
4.5700E-4	9.7656E-3	6.0166E-1
4.5800E-4	9.7656E-3	6.2964E-1
4.5900E-4	9.0332E-3	6.6050E-1
4.6000E-4	9.2773E-3	6.9697E-1
4.6100E-4	9.2773E-3	7.4160E-1
4.6200E-4	9.7656E-3	7.9399E-1
4.6300E-4	9.2773E-3	8.5142E-1
4.6400E-4	9.5215E-3	9.1006E-1
4.6500E-4	1.0010E-2	9.6294E-1
4.6600E-4	9.7656E-3	1.0012E+0
4.6700E-4	9.7656E-3	1.0198E+0
4.6800E-4	9.7656E-3	1.0159E+0
4.6900E-4	1.0010E-2	9.8916E-1
4.7000E-4	9.5215E-3	9.4399E-1
4.7100E-4	1.0254E-2	8.8291E-1
4.7200E-4	9.7656E-3	8.1216E-1
4.7300E-4	9.5215E-3	7.3604E-1
4.7400E-4	1.0010E-2	6.6431E-1
4.7500E-4	1.0010E-2	5.9878E-1
4.7600E-4	9.5215E-3	5.4443E-1
4.7700E-4	9.5215E-3	5.0288E-1
4.7800E-4	1.0010E-2	4.7656E-1
4.7900E-4	1.0010E-2	4.6040E-1
4.8000E-4	9.5215E-3	4.5708E-1
4.8100E-4	8.7891E-3	4.6143E-1
4.8200E-4	9.5215E-3	4.7358E-1
4.8300E-4	9.2773E-3	4.9092E-1
4.8400E-4	9.2773E-3	5.1318E-1
4.8500E-4	1.0254E-2	5.3911E-1
4.8600E-4	9.5215E-3	5.7065E-1
4.8700E-4	1.0254E-2	6.0898E-1
4.8800E-4	9.2773E-3	6.5493E-1
4.8900E-4	9.5215E-3	7.1416E-1
4.9000E-4	1.0254E-2	7.8389E-1
4.9100E-4	9.7656E-3	8.6211E-1
4.9200E-4	9.2773E-3	9.3320E-1
4.9300E-4	9.5215E-3	9.8550E-1
4.9400E-4	1.0010E-2	1.0065E+0
4.9500E-4	9.2773E-3	9.8540E-1
4.9600E-4	1.0010E-2	9.2021E-1
4.9700E-4	1.0010E-2	8.2261E-1
4.9800E-4	1.0254E-2	7.0596E-1
4.9900E-4	1.0010E-2	5.7930E-1
5.0000E-4	9.5215E-3	4.5801E-1
5.0100E-4	9.7656E-3	3.5313E-1
5.0200E-4	9.5215E-3	2.6689E-1
5.0300E-4	9.7656E-3	2.0283E-1
5.0400E-4	9.5215E-3	1.5918E-1
5.0500E-4	1.0010E-2	1.3389E-1
5.0600E-4	9.7656E-3	1.2085E-1
5.0700E-4	9.2773E-3	1.1812E-1
5.0800E-4	9.7656E-3	1.1948E-1
5.0900E-4	9.7656E-3	1.2319E-1
5.1000E-4	9.5215E-3	1.2734E-1
5.1100E-4	1.0254E-2	1.3208E-1
5.1200E-4	1.0010E-2	1.3374E-1
5.1300E-4	9.7656E-3	1.3428E-1
5.1400E-4	9.7656E-3	1.3481E-1
5.1500E-4	9.2773E-3	1.3354E-1
5.1600E-4	1.0254E-2	1.2876E-1
5.1700E-4	9.7656E-3	1.2666E-1
5.1800E-4	1.0010E-2	1.2305E-1
5.1900E-4	9.7656E-3	1.1675E-1
5.2000E-4	9.7656E-3	1.1104E-1
5.2100E-4	9.7656E-3	1.0640E-1
5.2200E-4	9.2773E-3	1.0132E-1
5.2300E-4	9.5215E-3	9.9121E-2
5.2400E-4	1.0254E-2	9.9072E-2
5.2500E-4	1.0010E-2	1.0298E-1
5.2600E-4	9.7656E-3	1.0898E-1
5.2700E-4	9.5215E-3	1.1538E-1
5.2800E-4	1.0254E-2	1.2139E-1
5.2900E-4	1.0010E-2	1.3125E-1
5.3000E-4	9.5215E-3	1.3813E-1
5.3100E-4	9.5215E-3	1.4756E-1
5.3200E-4	1.0010E-2	1.6294E-1
5.3300E-4	9.7656E-3	1.8584E-1
5.3400E-4	9.7656E-3	2.1455E-1
5.3500E-4	9.7656E-3	2.5498E-1
5.3600E-4	9.5215E-3	3.0840E-1
5.3700E-4	1.0010E-2	3.7505E-1
5.3800E-4	9.7656E-3	4.5845E-1
5.3900E-4	9.5215E-3	5.6235E-1
5.4000E-4	9.5215E-3	6.8437E-1
5.4100E-4	1.0010E-2	8.1118E-1
5.4200E-4	9.2773E-3	9.2944E-1
5.4300E-4	1.0010E-2	1.0179E+0
5.4400E-4	9.7656E-3	1.0653E+0
5.4500E-4	1.0254E-2	1.0627E+0
5.4600E-4	9.0332E-3	1.0146E+0
5.4700E-4	1.0010E-2	9.3052E-1
5.4800E-4	1.0254E-2	8.2900E-1
5.4900E-4	9.7656E-3	7.2363E-1
5.5000E-4	1.0254E-2	6.2544E-1
5.5100E-4	9.7656E-3	5.4321E-1
5.5200E-4	9.2773E-3	4.8208E-1
5.5300E-4	1.0010E-2	4.4341E-1
5.5400E-4	1.0498E-2	4.2192E-1
5.5500E-4	1.0010E-2	4.1919E-1
5.5600E-4	1.0498E-2	4.3027E-1
5.5700E-4	9.5215E-3	4.5054E-1
5.5800E-4	1.0010E-2	4.7598E-1
5.5900E-4	9.7656E-3	5.0542E-1
5.6000E-4	9.7656E-3	5.4043E-1
5.6100E-4	1.0010E-2	5.7832E-1
5.6200E-4	9.7656E-3	6.2241E-1
5.6300E-4	9.5215E-3	6.7393E-1
5.6400E-4	9.5215E-3	7.3018E-1
5.6500E-4	9.7656E-3	7.8750E-1
5.6600E-4	1.0010E-2	8.4829E-1
5.6700E-4	9.2773E-3	9.0474E-1
5.6800E-4	9.5215E-3	9.5273E-1
5.6900E-4	1.0254E-2	9.8735E-1
5.7000E-4	9.5215E-3	1.0053E+0
5.7100E-4	1.0010E-2	1.0020E+0
5.7200E-4	1.0010E-2	9.7896E-1
5.7300E-4	1.0498E-2	9.3916E-1
5.7400E-4	9.7656E-3	8.8857E-1
5.7500E-4	1.0254E-2	8.3037E-1
5.7600E-4	9.5215E-3	7.6987E-1
5.7700E-4	9.7656E-3	7.1206E-1
5.7800E-4	9.0332E-3	6.5991E-1
5.7900E-4	9.7656E-3	6.1826E-1
5.8000E-4	9.7656E-3	5.8628E-1
5.8100E-4	9.7656E-3	5.6484E-1
5.8200E-4	1.0254E-2	5.5439E-1
5.8300E-4	9.7656E-3	5.5342E-1
5.8400E-4	1.0010E-2	5.6040E-1
5.8500E-4	9.5215E-3	5.7524E-1
5.8600E-4	1.0254E-2	5.9595E-1
5.8700E-4	9.7656E-3	6.2378E-1
5.8800E-4	9.2773E-3	6.5869E-1
5.8900E-4	9.5215E-3	6.9751E-1
5.9000E-4	9.2773E-3	7.3857E-1
5.9100E-4	1.0010E-2	7.8501E-1
5.9200E-4	9.0332E-3	8.3452E-1
5.9300E-4	9.5215E-3	8.8384E-1
5.9400E-4	1.0254E-2	9.2939E-1
5.9500E-4	9.5215E-3	9.6890E-1
5.9600E-4	9.2773E-3	9.9463E-1
5.9700E-4	9.5215E-3	1.0047E+0
5.9800E-4	9.5215E-3	9.9766E-1
5.9900E-4	9.2773E-3	9.7676E-1
6.0000E-4	9.2773E-3	9.4526E-1
6.0100E-4	9.2773E-3	9.0562E-1
6.0200E-4	9.7656E-3	8.5845E-1
6.0300E-4	1.0010E-2	8.0776E-1
6.0400E-4	9.7656E-3	7.5654E-1
6.0500E-4	9.5215E-3	7.0757E-1
6.0600E-4	9.5215E-3	6.6621E-1
6.0700E-4	9.7656E-3	6.3364E-1
6.0800E-4	9.7656E-3	6.1025E-1
6.0900E-4	9.2773E-3	5.9834E-1
6.1000E-4	9.5215E-3	5.9536E-1
6.1100E-4	9.0332E-3	5.9941E-1
6.1200E-4	1.0254E-2	6.1304E-1
6.1300E-4	9.5215E-3	6.3491E-1
6.1400E-4	9.7656E-3	6.6411E-1
6.1500E-4	9.5215E-3	7.0068E-1
6.1600E-4	1.0254E-2	7.4209E-1
6.1700E-4	9.2773E-3	7.8735E-1
6.1800E-4	1.0010E-2	8.3809E-1
6.1900E-4	9.2773E-3	8.8799E-1
6.2000E-4	9.5215E-3	9.3398E-1
6.2100E-4	1.0254E-2	9.7148E-1
6.2200E-4	9.5215E-3	9.9653E-1
6.2300E-4	9.5215E-3	1.0023E+0
6.2400E-4	9.0332E-3	9.9468E-1
6.2500E-4	9.5215E-3	9.7500E-1
6.2600E-4	9.7656E-3	9.4800E-1
6.2700E-4	9.5215E-3	9.1445E-1
6.2800E-4	9.5215E-3	8.7900E-1
6.2900E-4	9.7656E-3	8.3960E-1
6.3000E-4	9.5215E-3	7.9673E-1
6.3100E-4	9.0332E-3	7.5537E-1
6.3200E-4	9.7656E-3	7.1919E-1
6.3300E-4	1.0010E-2	6.8735E-1
6.3400E-4	1.0254E-2	6.6167E-1
6.3500E-4	9.5215E-3	6.4512E-1
6.3600E-4	1.0010E-2	6.3472E-1
6.3700E-4	9.7656E-3	6.2905E-1
6.3800E-4	1.0010E-2	6.3145E-1
6.3900E-4	1.0010E-2	6.4312E-1
6.4000E-4	9.5215E-3	6.6289E-1
6.4100E-4	9.2773E-3	6.9194E-1
6.4200E-4	9.2773E-3	7.2720E-1
6.4300E-4	9.7656E-3	7.6846E-1
6.4400E-4	9.5215E-3	8.1245E-1
6.4500E-4	9.5215E-3	8.5669E-1
6.4600E-4	9.5215E-3	8.9922E-1
6.4700E-4	9.7656E-3	9.3755E-1
6.4800E-4	9.2773E-3	9.6465E-1
6.4900E-4	9.5215E-3	9.7871E-1
6.5000E-4	9.5215E-3	9.7959E-1
6.5100E-4	1.0010E-2	9.6909E-1
6.5200E-4	9.7656E-3	9.4834E-1
6.5300E-4	1.0010E-2	9.2329E-1
6.5400E-4	9.7656E-3	8.9429E-1
6.5500E-4	9.5215E-3	8.6157E-1
6.5600E-4	1.0254E-2	8.2510E-1
6.5700E-4	9.7656E-3	7.8901E-1
6.5800E-4	8.7891E-3	7.5327E-1
6.5900E-4	9.5215E-3	7.1982E-1
6.6000E-4	9.0332E-3	6.9038E-1
6.6100E-4	1.0010E-2	6.7041E-1
6.6200E-4	1.0010E-2	6.5747E-1
6.6300E-4	9.5215E-3	6.5010E-1
6.6400E-4	1.0010E-2	6.5073E-1
6.6500E-4	1.0254E-2	6.6143E-1
6.6600E-4	1.0010E-2	6.7588E-1
6.6700E-4	9.5215E-3	6.9756E-1
6.6800E-4	9.5215E-3	7.2842E-1
6.6900E-4	1.0010E-2	7.6699E-1
6.7000E-4	9.7656E-3	8.0908E-1
6.7100E-4	9.7656E-3	8.5293E-1
6.7200E-4	9.5215E-3	8.9487E-1
6.7300E-4	1.0254E-2	9.3325E-1
6.7400E-4	9.2773E-3	9.6133E-1
6.7500E-4	9.5215E-3	9.7568E-1
6.7600E-4	9.5215E-3	9.8042E-1
6.7700E-4	9.2773E-3	9.7397E-1
6.7800E-4	1.0010E-2	9.5649E-1
6.7900E-4	1.0010E-2	9.3613E-1
6.8000E-4	9.5215E-3	9.1387E-1
6.8100E-4	9.5215E-3	8.8652E-1
6.8200E-4	9.2773E-3	8.5708E-1
6.8300E-4	1.0254E-2	8.2529E-1
6.8400E-4	9.7656E-3	7.8867E-1
6.8500E-4	9.7656E-3	7.5386E-1
6.8600E-4	1.0010E-2	7.2319E-1
6.8700E-4	1.0010E-2	6.9580E-1
6.8800E-4	1.0254E-2	6.7427E-1
6.8900E-4	1.0010E-2	6.6147E-1
6.9000E-4	9.5215E-3	6.5645E-1
6.9100E-4	1.0010E-2	6.5991E-1
6.9200E-4	9.5215E-3	6.7358E-1
6.9300E-4	1.0010E-2	6.9634E-1
6.9400E-4	9.7656E-3	7.2271E-1
6.9500E-4	9.5215E-3	7.5376E-1
6.9600E-4	9.2773E-3	7.8936E-1
6.9700E-4	9.5215E-3	8.2769E-1
6.9800E-4	9.7656E-3	8.6602E-1
6.9900E-4	1.0010E-2	9.0366E-1
7.0000E-4	1.0010E-2	9.3599E-1
7.0100E-4	9.5215E-3	9.5815E-1
7.0200E-4	9.7656E-3	9.6953E-1
7.0300E-4	9.7656E-3	9.7046E-1
7.0400E-4	9.2773E-3	9.6436E-1
7.0500E-4	9.7656E-3	9.4980E-1
7.0600E-4	9.7656E-3	9.2905E-1
7.0700E-4	9.5215E-3	9.0371E-1
7.0800E-4	1.0254E-2	8.7500E-1
7.0900E-4	9.0332E-3	8.4058E-1
7.1000E-4	9.5215E-3	8.0483E-1
7.1100E-4	1.0498E-2	7.6914E-1
7.1200E-4	9.5215E-3	7.3623E-1
7.1300E-4	9.5215E-3	7.0894E-1
7.1400E-4	1.0010E-2	6.8945E-1
7.1500E-4	9.7656E-3	6.7842E-1
7.1600E-4	9.5215E-3	6.7700E-1
7.1700E-4	1.0498E-2	6.8125E-1
7.1800E-4	8.7891E-3	6.9248E-1
7.1900E-4	1.0010E-2	7.1113E-1
7.2000E-4	9.7656E-3	7.3574E-1
7.2100E-4	1.0254E-2	7.6563E-1
7.2200E-4	9.7656E-3	8.0156E-1
7.2300E-4	9.5215E-3	8.4111E-1
7.2400E-4	1.0010E-2	8.7998E-1
7.2500E-4	9.2773E-3	9.1821E-1
7.2600E-4	9.0332E-3	9.5039E-1
7.2700E-4	9.5215E-3	9.7529E-1
7.2800E-4	1.0498E-2	9.8755E-1
7.2900E-4	9.2773E-3	9.8979E-1
7.3000E-4	9.2773E-3	9.8032E-1
7.3100E-4	9.2773E-3	9.6328E-1
7.3200E-4	9.0332E-3	9.3936E-1
7.3300E-4	1.0010E-2	9.0972E-1
7.3400E-4	9.0332E-3	8.7603E-1
7.3500E-4	9.5215E-3	8.4028E-1
7.3600E-4	9.2773E-3	8.0234E-1
7.3700E-4	9.5215E-3	7.6426E-1
7.3800E-4	1.0254E-2	7.3081E-1
7.3900E-4	9.5215E-3	7.0186E-1
7.4000E-4	9.5215E-3	6.7939E-1
7.4100E-4	9.7656E-3	6.6533E-1
7.4200E-4	1.0254E-2	6.5815E-1
7.4300E-4	9.7656E-3	6.5718E-1
7.4400E-4	9.7656E-3	6.6357E-1
7.4500E-4	9.5215E-3	6.7690E-1
7.4600E-4	9.0332E-3	6.9521E-1
7.4700E-4	1.0010E-2	7.2070E-1
7.4800E-4	9.5215E-3	7.5166E-1
7.4900E-4	1.0010E-2	7.8721E-1
7.5000E-4	9.2773E-3	8.2456E-1
7.5100E-4	9.0332E-3	8.6445E-1
7.5200E-4	9.5215E-3	9.0283E-1
7.5300E-4	9.2773E-3	9.3750E-1
7.5400E-4	9.5215E-3	9.6401E-1
7.5500E-4	9.7656E-3	9.8052E-1
7.5600E-4	1.0010E-2	9.8462E-1
7.5700E-4	9.7656E-3	9.7563E-1
7.5800E-4	1.0010E-2	9.5630E-1
7.5900E-4	1.0010E-2	9.2964E-1
7.6000E-4	1.0254E-2	8.9985E-1
7.6100E-4	9.5215E-3	8.6504E-1
7.6200E-4	9.5215E-3	8.2935E-1
7.6300E-4	1.0254E-2	7.9375E-1
7.6400E-4	9.5215E-3	7.6079E-1
7.6500E-4	9.7656E-3	7.2959E-1
7.6600E-4	9.7656E-3	7.0317E-1
7.6700E-4	9.0332E-3	6.8193E-1
7.6800E-4	1.0254E-2	6.6758E-1
7.6900E-4	9.7656E-3	6.6084E-1
7.7000E-4	1.0010E-2	6.6074E-1
7.7100E-4	9.5215E-3	6.6973E-1
7.7200E-4	9.7656E-3	6.8828E-1
7.7300E-4	9.2773E-3	7.1201E-1
7.7400E-4	9.7656E-3	7.4395E-1
7.7500E-4	1.0010E-2	7.8594E-1
7.7600E-4	9.7656E-3	8.3301E-1
7.7700E-4	9.5215E-3	8.8218E-1
7.7800E-4	9.5215E-3	9.3047E-1
7.7900E-4	1.0010E-2	9.7070E-1
7.8000E-4	9.7656E-3	9.9751E-1
7.8100E-4	9.7656E-3	1.0096E+0
7.8200E-4	9.5215E-3	1.0064E+0
7.8300E-4	9.7656E-3	9.9209E-1
7.8400E-4	1.0254E-2	9.6777E-1
7.8500E-4	1.0254E-2	9.3716E-1
7.8600E-4	9.5215E-3	9.0229E-1
7.8700E-4	9.7656E-3	8.6558E-1
7.8800E-4	9.5215E-3	8.2744E-1
7.8900E-4	9.0332E-3	7.8774E-1
7.9000E-4	1.0254E-2	7.4771E-1
7.9100E-4	9.5215E-3	7.1455E-1
7.9200E-4	9.5215E-3	6.8521E-1
7.9300E-4	9.5215E-3	6.6372E-1
7.9400E-4	9.5215E-3	6.5142E-1
7.9500E-4	1.0010E-2	6.4897E-1
7.9600E-4	9.0332E-3	6.5039E-1
7.9700E-4	9.7656E-3	6.5737E-1
7.9800E-4	1.0498E-2	6.7119E-1
7.9900E-4	9.5215E-3	6.9067E-1
8.0000E-4	1.0010E-2	7.1514E-1
8.0100E-4	9.5215E-3	7.4639E-1
8.0200E-4	1.0010E-2	7.8843E-1
8.0300E-4	1.0010E-2	8.3208E-1
8.0400E-4	1.0010E-2	8.7695E-1
8.0500E-4	1.0010E-2	9.2061E-1
8.0600E-4	9.7656E-3	9.5786E-1
8.0700E-4	9.0332E-3	9.8232E-1
8.0800E-4	9.2773E-3	9.9639E-1
8.0900E-4	9.7656E-3	9.9795E-1
8.1000E-4	1.0010E-2	9.8579E-1
8.1100E-4	9.5215E-3	9.6416E-1
8.1200E-4	1.0010E-2	9.3232E-1
8.1300E-4	9.7656E-3	8.9375E-1
8.1400E-4	9.5215E-3	8.5103E-1
8.1500E-4	9.7656E-3	8.0801E-1
8.1600E-4	9.2773E-3	7.6724E-1
8.1700E-4	9.5215E-3	7.3359E-1
8.1800E-4	9.7656E-3	7.0469E-1
8.1900E-4	1.0254E-2	6.8081E-1
8.2000E-4	9.2773E-3	6.6528E-1
8.2100E-4	9.2773E-3	6.5669E-1
8.2200E-4	9.2773E-3	6.5664E-1
8.2300E-4	1.0010E-2	6.6245E-1
8.2400E-4	1.0254E-2	6.7661E-1
8.2500E-4	9.7656E-3	6.9585E-1
8.2600E-4	9.2773E-3	7.2056E-1
8.2700E-4	9.5215E-3	7.5000E-1
8.2800E-4	9.5215E-3	7.8701E-1
8.2900E-4	9.2773E-3	8.3105E-1
8.3000E-4	9.7656E-3	8.7671E-1
8.3100E-4	1.0254E-2	9.2173E-1
8.3200E-4	9.5215E-3	9.5884E-1
8.3300E-4	1.0254E-2	9.8677E-1
8.3400E-4	9.2773E-3	1.0000E+0
8.3500E-4	9.5215E-3	1.0010E+0
8.3600E-4	9.7656E-3	9.8745E-1
8.3700E-4	9.7656E-3	9.6553E-1
8.3800E-4	1.0010E-2	9.3418E-1
8.3900E-4	9.5215E-3	8.9702E-1
8.4000E-4	9.7656E-3	8.5537E-1
8.4100E-4	1.0498E-2	8.1279E-1
8.4200E-4	1.0010E-2	7.6899E-1
8.4300E-4	1.0254E-2	7.2983E-1
8.4400E-4	9.2773E-3	6.9609E-1
8.4500E-4	9.5215E-3	6.7017E-1
8.4600E-4	9.5215E-3	6.5132E-1
8.4700E-4	1.0010E-2	6.3892E-1
8.4800E-4	9.7656E-3	6.3384E-1
8.4900E-4	9.7656E-3	6.3438E-1
8.5000E-4	1.0010E-2	6.4038E-1
8.5100E-4	9.7656E-3	6.5400E-1
8.5200E-4	1.0254E-2	6.7622E-1
8.5300E-4	1.0010E-2	7.0454E-1
8.5400E-4	1.0010E-2	7.4185E-1
8.5500E-4	9.5215E-3	7.8276E-1
8.5600E-4	1.0010E-2	8.2900E-1
8.5700E-4	9.5215E-3	8.7617E-1
8.5800E-4	1.0010E-2	9.1934E-1
8.5900E-4	9.7656E-3	9.5298E-1
8.6000E-4	9.5215E-3	9.7866E-1
8.6100E-4	9.7656E-3	9.8921E-1
8.6200E-4	1.0010E-2	9.8730E-1
8.6300E-4	9.2773E-3	9.7266E-1
8.6400E-4	9.2773E-3	9.5029E-1
8.6500E-4	9.2773E-3	9.2036E-1
8.6600E-4	9.5215E-3	8.8442E-1
8.6700E-4	1.0254E-2	8.4458E-1
8.6800E-4	9.7656E-3	8.0391E-1
8.6900E-4	9.2773E-3	7.6592E-1
8.7000E-4	1.0254E-2	7.3013E-1
8.7100E-4	9.7656E-3	6.9946E-1
8.7200E-4	1.0498E-2	6.7480E-1
8.7300E-4	9.7656E-3	6.5913E-1
8.7400E-4	9.5215E-3	6.4824E-1
8.7500E-4	9.7656E-3	6.4531E-1
8.7600E-4	9.5215E-3	6.5171E-1
8.7700E-4	9.7656E-3	6.6543E-1
8.7800E-4	9.7656E-3	6.8618E-1
8.7900E-4	1.0010E-2	7.1387E-1
8.8000E-4	9.0332E-3	7.4790E-1
8.8100E-4	9.5215E-3	7.8701E-1
8.8200E-4	1.0254E-2	8.3301E-1
8.8300E-4	9.5215E-3	8.8052E-1
8.8400E-4	9.5215E-3	9.2583E-1
8.8500E-4	9.5215E-3	9.6348E-1
8.8600E-4	1.0010E-2	9.8965E-1
8.8700E-4	9.7656E-3	1.0017E+0
8.8800E-4	9.5215E-3	9.9976E-1
8.8900E-4	9.7656E-3	9.8521E-1
8.9000E-4	1.0010E-2	9.6113E-1
8.9100E-4	9.7656E-3	9.3037E-1
8.9200E-4	1.0254E-2	8.9116E-1
8.9300E-4	9.5215E-3	8.4658E-1
8.9400E-4	9.5215E-3	8.0093E-1
8.9500E-4	1.0254E-2	7.5601E-1
8.9600E-4	9.7656E-3	7.1367E-1
8.9700E-4	9.5215E-3	6.7783E-1
8.9800E-4	9.7656E-3	6.4976E-1
8.9900E-4	9.7656E-3	6.2964E-1
9.0000E-4	1.0010E-2	6.1899E-1
9.0100E-4	1.0254E-2	6.1738E-1
9.0200E-4	1.0010E-2	6.2305E-1
9.0300E-4	9.7656E-3	6.3633E-1
9.0400E-4	9.7656E-3	6.5479E-1
9.0500E-4	9.7656E-3	6.7764E-1
9.0600E-4	9.7656E-3	7.0415E-1
9.0700E-4	9.2773E-3	7.3652E-1
9.0800E-4	1.0254E-2	7.7578E-1
9.0900E-4	9.2773E-3	8.2021E-1
9.1000E-4	9.7656E-3	8.6655E-1
9.1100E-4	9.2773E-3	9.1113E-1
9.1200E-4	1.0498E-2	9.4805E-1
9.1300E-4	1.0254E-2	9.7363E-1
9.1400E-4	9.2773E-3	9.8569E-1
9.1500E-4	9.2773E-3	9.8496E-1
9.1600E-4	9.5215E-3	9.7158E-1
9.1700E-4	9.5215E-3	9.4878E-1
9.1800E-4	9.5215E-3	9.1660E-1
9.1900E-4	9.2773E-3	8.7881E-1
9.2000E-4	9.5215E-3	8.3833E-1
9.2100E-4	9.7656E-3	7.9648E-1
9.2200E-4	1.0010E-2	7.5591E-1
9.2300E-4	9.2773E-3	7.1899E-1
9.2400E-4	1.0254E-2	6.8433E-1
9.2500E-4	9.2773E-3	6.5186E-1
9.2600E-4	9.5215E-3	6.3008E-1
9.2700E-4	9.7656E-3	6.1616E-1
9.2800E-4	9.5215E-3	6.1084E-1
9.2900E-4	9.5215E-3	6.1626E-1
9.3000E-4	9.7656E-3	6.3291E-1
9.3100E-4	9.7656E-3	6.5513E-1
9.3200E-4	1.0010E-2	6.8403E-1
9.3300E-4	9.5215E-3	7.1851E-1
9.3400E-4	1.0010E-2	7.6021E-1
9.3500E-4	9.7656E-3	8.0635E-1
9.3600E-4	9.7656E-3	8.5513E-1
9.3700E-4	9.2773E-3	9.0386E-1
9.3800E-4	1.0010E-2	9.4512E-1
9.3900E-4	1.0010E-2	9.7417E-1
9.4000E-4	9.2773E-3	9.8916E-1
9.4100E-4	8.7891E-3	9.8916E-1
9.4200E-4	9.5215E-3	9.7510E-1
9.4300E-4	9.5215E-3	9.5142E-1
9.4400E-4	9.7656E-3	9.1934E-1
9.4500E-4	9.5215E-3	8.8105E-1
9.4600E-4	9.0332E-3	8.3721E-1
9.4700E-4	9.5215E-3	7.8662E-1
9.4800E-4	9.7656E-3	7.3501E-1
9.4900E-4	1.0010E-2	6.8359E-1
9.5000E-4	9.2773E-3	6.3745E-1
9.5100E-4	9.5215E-3	5.9985E-1
9.5200E-4	9.5215E-3	5.7402E-1
9.5300E-4	9.7656E-3	5.5732E-1
9.5400E-4	1.0254E-2	5.4912E-1
9.5500E-4	9.0332E-3	5.5020E-1
9.5600E-4	1.0010E-2	5.5757E-1
9.5700E-4	1.0498E-2	5.7456E-1
9.5800E-4	9.5215E-3	5.9854E-1
9.5900E-4	1.0010E-2	6.3008E-1
9.6000E-4	1.0010E-2	6.6836E-1
9.6100E-4	9.5215E-3	7.1558E-1
9.6200E-4	9.7656E-3	7.6753E-1
9.6300E-4	9.5215E-3	8.2422E-1
9.6400E-4	9.7656E-3	8.8193E-1
9.6500E-4	1.0010E-2	9.3037E-1
9.6600E-4	9.2773E-3	9.6431E-1
9.6700E-4	9.7656E-3	9.8262E-1
9.6800E-4	9.5215E-3	9.8481E-1
9.6900E-4	1.0254E-2	9.6982E-1
9.7000E-4	9.7656E-3	9.4307E-1
9.7100E-4	9.7656E-3	9.0479E-1
9.7200E-4	9.2773E-3	8.5498E-1
9.7300E-4	9.7656E-3	7.9482E-1
9.7400E-4	9.7656E-3	7.3052E-1
9.7500E-4	9.2773E-3	6.6670E-1
9.7600E-4	9.5215E-3	6.0811E-1
9.7700E-4	1.0010E-2	5.5908E-1
9.7800E-4	1.0254E-2	5.2139E-1
9.7900E-4	9.7656E-3	4.9658E-1
9.8000E-4	9.5215E-3	4.8198E-1
9.8100E-4	9.7656E-3	4.7749E-1
9.8200E-4	9.5215E-3	4.8364E-1
9.8300E-4	9.5215E-3	5.0127E-1
9.8400E-4	1.0254E-2	5.2607E-1
9.8500E-4	1.0254E-2	5.5679E-1
9.8600E-4	1.0254E-2	5.9307E-1
9.8700E-4	9.2773E-3	6.3472E-1
9.8800E-4	1.0010E-2	6.7993E-1
9.8900E-4	1.0010E-2	7.3247E-1
9.9000E-4	9.7656E-3	7.9624E-1
9.9100E-4	9.2773E-3	8.6323E-1
9.9200E-4	8.7891E-3	9.2065E-1
9.9300E-4	1.0254E-2	9.6191E-1
9.9400E-4	9.5215E-3	9.7773E-1
9.9500E-4	9.5215E-3	9.5601E-1
9.9600E-4	9.2773E-3	8.9790E-1
9.9700E-4	9.2773E-3	8.0972E-1
9.9800E-4	9.5215E-3	8.0972E-1
9.9900E-4	9.5215E-3	8.0972E-1
