Time [s]	Aux in [V]	Main in [V]
0.0000E+0	9.2773E-3	7.9346E-2
1.0000E-6	1.0254E-2	8.3301E-2
2.0000E-6	9.0332E-3	8.6426E-2
3.0000E-6	9.7656E-3	8.8818E-2
4.0000E-6	1.0010E-2	9.0430E-2
5.0000E-6	1.0010E-2	9.0771E-2
6.0000E-6	9.2773E-3	8.8428E-2
7.0000E-6	9.5215E-3	8.8232E-2
8.0000E-6	9.5215E-3	8.6182E-2
9.0000E-6	1.0254E-2	8.1250E-2
1.0000E-5	9.2773E-3	7.7051E-2
1.1000E-5	9.2773E-3	7.3047E-2
1.2000E-5	9.5215E-3	6.8213E-2
1.3000E-5	9.7656E-3	6.6016E-2
1.4000E-5	1.0498E-2	6.6602E-2
1.5000E-5	1.0254E-2	6.7139E-2
1.6000E-5	9.5215E-3	7.0215E-2
1.7000E-5	1.0010E-2	7.2852E-2
1.8000E-5	1.0254E-2	7.6807E-2
1.9000E-5	1.0010E-2	8.0664E-2
2.0000E-5	1.0010E-2	8.8428E-2
2.1000E-5	9.7656E-3	9.6777E-2
2.2000E-5	9.5215E-3	1.0796E-1
2.3000E-5	1.0010E-2	1.2329E-1
2.4000E-5	9.5215E-3	1.4692E-1
2.5000E-5	9.7656E-3	1.7495E-1
2.6000E-5	1.0010E-2	2.1240E-1
2.7000E-5	9.2773E-3	2.6338E-1
2.8000E-5	9.2773E-3	3.3047E-1
2.9000E-5	9.7656E-3	4.1260E-1
3.0000E-5	9.2773E-3	5.1475E-1
3.1000E-5	1.0254E-2	6.3340E-1
3.2000E-5	9.7656E-3	7.5708E-1
3.3000E-5	9.7656E-3	8.6763E-1
3.4000E-5	9.5215E-3	9.5264E-1
3.5000E-5	9.2773E-3	9.9736E-1
3.6000E-5	1.0010E-2	9.9614E-1
3.7000E-5	9.7656E-3	9.5059E-1
3.8000E-5	1.0010E-2	8.7314E-1
3.9000E-5	9.2773E-3	7.7632E-1
4.0000E-5	1.0010E-2	6.7568E-1
4.1000E-5	1.0010E-2	5.7979E-1
4.2000E-5	9.0332E-3	4.9995E-1
4.3000E-5	9.2773E-3	4.3892E-1
4.4000E-5	9.5215E-3	3.9902E-1
4.5000E-5	9.7656E-3	3.7778E-1
4.6000E-5	1.0254E-2	3.7534E-1
4.7000E-5	1.0010E-2	3.8643E-1
4.8000E-5	9.7656E-3	4.0859E-1
4.9000E-5	9.7656E-3	4.3755E-1
5.0000E-5	9.5215E-3	4.7173E-1
5.1000E-5	1.0498E-2	5.0874E-1
5.2000E-5	9.5215E-3	5.4971E-1
5.3000E-5	9.7656E-3	5.9424E-1
5.4000E-5	9.7656E-3	6.4131E-1
5.5000E-5	1.0010E-2	6.9346E-1
5.6000E-5	9.7656E-3	7.4946E-1
5.7000E-5	9.2773E-3	8.0757E-1
5.8000E-5	9.7656E-3	8.6387E-1
5.9000E-5	9.5215E-3	9.1313E-1
6.0000E-5	9.7656E-3	9.4863E-1
6.1000E-5	9.7656E-3	9.6562E-1
6.2000E-5	9.2773E-3	9.6318E-1
6.3000E-5	9.5215E-3	9.4170E-1
6.4000E-5	9.7656E-3	9.0820E-1
6.5000E-5	9.2773E-3	8.6313E-1
6.6000E-5	9.2773E-3	8.1099E-1
6.7000E-5	9.2773E-3	7.5396E-1
6.8000E-5	9.5215E-3	6.9736E-1
6.9000E-5	9.5215E-3	6.4146E-1
7.0000E-5	1.0010E-2	5.9355E-1
7.1000E-5	1.0010E-2	5.5801E-1
7.2000E-5	9.2773E-3	5.3286E-1
7.3000E-5	1.0254E-2	5.1958E-1
7.4000E-5	9.2773E-3	5.1836E-1
7.5000E-5	1.0010E-2	5.2578E-1
7.6000E-5	9.7656E-3	5.4053E-1
7.7000E-5	1.0254E-2	5.6206E-1
7.8000E-5	9.5215E-3	5.8896E-1
7.9000E-5	9.7656E-3	6.2256E-1
8.0000E-5	9.2773E-3	6.6304E-1
8.1000E-5	9.7656E-3	7.0679E-1
8.2000E-5	9.7656E-3	7.5469E-1
8.3000E-5	9.5215E-3	8.0811E-1
8.4000E-5	9.5215E-3	8.6016E-1
8.5000E-5	1.0254E-2	9.0645E-1
8.6000E-5	9.2773E-3	9.4434E-1
8.7000E-5	9.5215E-3	9.6846E-1
8.8000E-5	9.2773E-3	9.7476E-1
8.9000E-5	1.0010E-2	9.6475E-1
9.0000E-5	9.2773E-3	9.3975E-1
9.1000E-5	9.0332E-3	9.0347E-1
9.2000E-5	9.7656E-3	8.6250E-1
9.3000E-5	9.7656E-3	8.1646E-1
9.4000E-5	1.0010E-2	7.6836E-1
9.5000E-5	9.2773E-3	7.2036E-1
9.6000E-5	9.7656E-3	6.7368E-1
9.7000E-5	9.5215E-3	6.2964E-1
9.8000E-5	9.2773E-3	5.9292E-1
9.9000E-5	1.0010E-2	5.6538E-1
1.0000E-4	1.0254E-2	5.5049E-1
1.0100E-4	1.0010E-2	5.4805E-1
1.0200E-4	9.7656E-3	5.5640E-1
1.0300E-4	9.2773E-3	5.7554E-1
1.0400E-4	9.7656E-3	6.0288E-1
1.0500E-4	9.7656E-3	6.3584E-1
1.0600E-4	1.0254E-2	6.7251E-1
1.0700E-4	9.7656E-3	7.1611E-1
1.0800E-4	9.2773E-3	7.6284E-1
1.0900E-4	1.0010E-2	8.1260E-1
1.1000E-4	9.5215E-3	8.6260E-1
1.1100E-4	9.7656E-3	9.1084E-1
1.1200E-4	9.7656E-3	9.4775E-1
1.1300E-4	1.0010E-2	9.7217E-1
1.1400E-4	9.2773E-3	9.8140E-1
1.1500E-4	9.2773E-3	9.7700E-1
1.1600E-4	9.2773E-3	9.5859E-1
1.1700E-4	1.0010E-2	9.2969E-1
1.1800E-4	1.0010E-2	8.9150E-1
1.1900E-4	9.5215E-3	8.4644E-1
1.2000E-4	9.2773E-3	7.9570E-1
1.2100E-4	1.0010E-2	7.4419E-1
1.2200E-4	1.0010E-2	6.9688E-1
1.2300E-4	9.2773E-3	6.5430E-1
1.2400E-4	9.7656E-3	6.1846E-1
1.2500E-4	1.0010E-2	5.9170E-1
1.2600E-4	1.0010E-2	5.7671E-1
1.2700E-4	9.7656E-3	5.7036E-1
1.2800E-4	9.2773E-3	5.7422E-1
1.2900E-4	9.7656E-3	5.8735E-1
1.3000E-4	1.0010E-2	6.0884E-1
1.3100E-4	9.5215E-3	6.3418E-1
1.3200E-4	9.2773E-3	6.6616E-1
1.3300E-4	9.7656E-3	7.0278E-1
1.3400E-4	9.5215E-3	7.4121E-1
1.3500E-4	9.2773E-3	7.8125E-1
1.3600E-4	1.0254E-2	8.2319E-1
1.3700E-4	9.2773E-3	8.6333E-1
1.3800E-4	9.7656E-3	8.9980E-1
1.3900E-4	1.0010E-2	9.2993E-1
1.4000E-4	1.0010E-2	9.5078E-1
1.4100E-4	1.0010E-2	9.5645E-1
1.4200E-4	1.0254E-2	9.4722E-1
1.4300E-4	1.0498E-2	9.2573E-1
1.4400E-4	9.5215E-3	8.9536E-1
1.4500E-4	9.2773E-3	8.5610E-1
1.4600E-4	9.5215E-3	8.1274E-1
1.4700E-4	9.7656E-3	7.6812E-1
1.4800E-4	9.2773E-3	7.2305E-1
1.4900E-4	9.2773E-3	6.8159E-1
1.5000E-4	9.7656E-3	6.4395E-1
1.5100E-4	1.0010E-2	6.1392E-1
1.5200E-4	9.7656E-3	5.9092E-1
1.5300E-4	9.0332E-3	5.7871E-1
1.5400E-4	9.5215E-3	5.7500E-1
1.5500E-4	1.0254E-2	5.8232E-1
1.5600E-4	9.7656E-3	5.9795E-1
1.5700E-4	1.0010E-2	6.2222E-1
1.5800E-4	9.5215E-3	6.4995E-1
1.5900E-4	9.5215E-3	6.8442E-1
1.6000E-4	1.0010E-2	7.2358E-1
1.6100E-4	9.5215E-3	7.6782E-1
1.6200E-4	9.5215E-3	8.1440E-1
1.6300E-4	1.0010E-2	8.6294E-1
1.6400E-4	1.0010E-2	9.0747E-1
1.6500E-4	9.7656E-3	9.4258E-1
1.6600E-4	9.2773E-3	9.6523E-1
1.6700E-4	9.7656E-3	9.7300E-1
1.6800E-4	9.7656E-3	9.6587E-1
1.6900E-4	9.7656E-3	9.4385E-1
1.7000E-4	9.7656E-3	9.1143E-1
1.7100E-4	1.0010E-2	8.7134E-1
1.7200E-4	9.5215E-3	8.2485E-1
1.7300E-4	9.7656E-3	7.7461E-1
1.7400E-4	1.0010E-2	7.2490E-1
1.7500E-4	9.2773E-3	6.8086E-1
1.7600E-4	9.2773E-3	6.4194E-1
1.7700E-4	9.7656E-3	6.1167E-1
1.7800E-4	9.5215E-3	5.9126E-1
1.7900E-4	9.7656E-3	5.8076E-1
1.8000E-4	9.7656E-3	5.7646E-1
1.8100E-4	1.0010E-2	5.7793E-1
1.8200E-4	1.0254E-2	5.8862E-1
1.8300E-4	1.0254E-2	6.0547E-1
1.8400E-4	1.0010E-2	6.2881E-1
1.8500E-4	1.0254E-2	6.5928E-1
1.8600E-4	9.5215E-3	6.9707E-1
1.8700E-4	9.5215E-3	7.3687E-1
1.8800E-4	1.0010E-2	7.8057E-1
1.8900E-4	9.5215E-3	8.2329E-1
1.9000E-4	9.5215E-3	8.6313E-1
1.9100E-4	1.0010E-2	8.9761E-1
1.9200E-4	9.7656E-3	9.2266E-1
1.9300E-4	9.5215E-3	9.3618E-1
1.9400E-4	1.0010E-2	9.3770E-1
1.9500E-4	9.5215E-3	9.2627E-1
1.9600E-4	9.7656E-3	9.0513E-1
1.9700E-4	9.7656E-3	8.7651E-1
1.9800E-4	1.0010E-2	8.3911E-1
1.9900E-4	9.5215E-3	7.9688E-1
2.0000E-4	9.7656E-3	7.5166E-1
2.0100E-4	1.0010E-2	7.0542E-1
2.0200E-4	9.2773E-3	6.6323E-1
2.0300E-4	1.0010E-2	6.2769E-1
2.0400E-4	9.5215E-3	5.9946E-1
2.0500E-4	1.0010E-2	5.8115E-1
2.0600E-4	1.0010E-2	5.7212E-1
2.0700E-4	9.7656E-3	5.7251E-1
2.0800E-4	1.0010E-2	5.8213E-1
2.0900E-4	1.0010E-2	5.9961E-1
2.1000E-4	9.5215E-3	6.2310E-1
2.1100E-4	1.0254E-2	6.5391E-1
2.1200E-4	9.7656E-3	6.8721E-1
2.1300E-4	1.0254E-2	7.2271E-1
2.1400E-4	9.5215E-3	7.6055E-1
2.1500E-4	1.0254E-2	8.0186E-1
2.1600E-4	1.0254E-2	8.4189E-1
2.1700E-4	9.0332E-3	8.8237E-1
2.1800E-4	9.7656E-3	9.1748E-1
2.1900E-4	9.5215E-3	9.4360E-1
2.2000E-4	9.7656E-3	9.5396E-1
2.2100E-4	1.0010E-2	9.4819E-1
2.2200E-4	1.0254E-2	9.2485E-1
2.2300E-4	9.2773E-3	8.8965E-1
2.2400E-4	9.5215E-3	8.4214E-1
2.2500E-4	9.5215E-3	7.9136E-1
2.2600E-4	9.7656E-3	7.3936E-1
2.2700E-4	9.7656E-3	6.8872E-1
2.2800E-4	1.0010E-2	6.4131E-1
2.2900E-4	9.7656E-3	6.0503E-1
2.3000E-4	1.0010E-2	5.7773E-1
2.3100E-4	9.5215E-3	5.6084E-1
2.3200E-4	9.5215E-3	5.5366E-1
2.3300E-4	9.5215E-3	5.5605E-1
2.3400E-4	1.0010E-2	5.6484E-1
2.3500E-4	9.5215E-3	5.7915E-1
2.3600E-4	9.5215E-3	5.9849E-1
2.3700E-4	8.7891E-3	6.2412E-1
2.3800E-4	9.5215E-3	6.5454E-1
2.3900E-4	9.2773E-3	6.9033E-1
2.4000E-4	9.2773E-3	7.2871E-1
2.4100E-4	9.7656E-3	7.6772E-1
2.4200E-4	9.5215E-3	8.0728E-1
2.4300E-4	9.7656E-3	8.4419E-1
2.4400E-4	9.5215E-3	8.7710E-1
2.4500E-4	9.7656E-3	9.0327E-1
2.4600E-4	1.0010E-2	9.2036E-1
2.4700E-4	9.7656E-3	9.2378E-1
2.4800E-4	9.5215E-3	9.1411E-1
2.4900E-4	9.7656E-3	8.8862E-1
2.5000E-4	9.0332E-3	8.5210E-1
2.5100E-4	9.2773E-3	8.0776E-1
2.5200E-4	1.0010E-2	7.6055E-1
2.5300E-4	9.7656E-3	7.1118E-1
2.5400E-4	1.0010E-2	6.6777E-1
2.5500E-4	1.0010E-2	6.2866E-1
2.5600E-4	1.0254E-2	5.9658E-1
2.5700E-4	9.5215E-3	5.7231E-1
2.5800E-4	1.0010E-2	5.5972E-1
2.5900E-4	1.0010E-2	5.5532E-1
2.6000E-4	9.5215E-3	5.6138E-1
2.6100E-4	9.7656E-3	5.7769E-1
2.6200E-4	9.2773E-3	6.0171E-1
2.6300E-4	9.7656E-3	6.3003E-1
2.6400E-4	1.0010E-2	6.6006E-1
2.6500E-4	9.7656E-3	6.9170E-1
2.6600E-4	9.7656E-3	7.2373E-1
2.6700E-4	9.5215E-3	7.5713E-1
2.6800E-4	9.5215E-3	7.9180E-1
2.6900E-4	9.5215E-3	8.2925E-1
2.7000E-4	9.2773E-3	8.6504E-1
2.7100E-4	1.0010E-2	8.9502E-1
2.7200E-4	1.0010E-2	9.1431E-1
2.7300E-4	9.0332E-3	9.2075E-1
2.7400E-4	9.0332E-3	9.1318E-1
2.7500E-4	1.0254E-2	8.9189E-1
2.7600E-4	9.2773E-3	8.5723E-1
2.7700E-4	9.7656E-3	8.1309E-1
2.7800E-4	1.0010E-2	7.6538E-1
2.7900E-4	1.0498E-2	7.1401E-1
2.8000E-4	9.5215E-3	6.6455E-1
2.8100E-4	1.0498E-2	6.2173E-1
2.8200E-4	9.5215E-3	5.8604E-1
2.8300E-4	1.0254E-2	5.5967E-1
2.8400E-4	1.0010E-2	5.4189E-1
2.8500E-4	8.7891E-3	5.3433E-1
2.8600E-4	9.7656E-3	5.3687E-1
2.8700E-4	1.0010E-2	5.4761E-1
2.8800E-4	1.0498E-2	5.6323E-1
2.8900E-4	1.0254E-2	5.8589E-1
2.9000E-4	9.5215E-3	6.1006E-1
2.9100E-4	8.7891E-3	6.3574E-1
2.9200E-4	9.5215E-3	6.6660E-1
2.9300E-4	1.0010E-2	7.0215E-1
2.9400E-4	9.5215E-3	7.4023E-1
2.9500E-4	9.7656E-3	7.8296E-1
2.9600E-4	8.7891E-3	8.2627E-1
2.9700E-4	1.0010E-2	8.6528E-1
2.9800E-4	9.7656E-3	8.9419E-1
2.9900E-4	1.0010E-2	9.1035E-1
3.0000E-4	1.0010E-2	9.0967E-1
3.0100E-4	9.7656E-3	8.9326E-1
3.0200E-4	9.2773E-3	8.6338E-1
3.0300E-4	9.7656E-3	8.2388E-1
3.0400E-4	9.7656E-3	7.7593E-1
3.0500E-4	1.0254E-2	7.2476E-1
3.0600E-4	9.0332E-3	6.7471E-1
3.0700E-4	1.0010E-2	6.2827E-1
3.0800E-4	1.0254E-2	5.8882E-1
3.0900E-4	1.0498E-2	5.5942E-1
3.1000E-4	9.5215E-3	5.4248E-1
3.1100E-4	1.0498E-2	5.3325E-1
3.1200E-4	1.0010E-2	5.3384E-1
3.1300E-4	9.7656E-3	5.4321E-1
3.1400E-4	9.2773E-3	5.6172E-1
3.1500E-4	9.5215E-3	5.8447E-1
3.1600E-4	9.7656E-3	6.1260E-1
3.1700E-4	1.0254E-2	6.4473E-1
3.1800E-4	9.7656E-3	6.7803E-1
3.1900E-4	9.7656E-3	7.1187E-1
3.2000E-4	9.7656E-3	7.4819E-1
3.2100E-4	9.5215E-3	7.8628E-1
3.2200E-4	9.2773E-3	8.2290E-1
3.2300E-4	9.7656E-3	8.5586E-1
3.2400E-4	9.5215E-3	8.8281E-1
3.2500E-4	9.7656E-3	9.0132E-1
3.2600E-4	1.0010E-2	9.0610E-1
3.2700E-4	9.2773E-3	8.9600E-1
3.2800E-4	9.7656E-3	8.7104E-1
3.2900E-4	1.0742E-2	8.3325E-1
3.3000E-4	9.5215E-3	7.8408E-1
3.3100E-4	9.7656E-3	7.3145E-1
3.3200E-4	9.5215E-3	6.7891E-1
3.3300E-4	9.5215E-3	6.3301E-1
3.3400E-4	9.0332E-3	5.9282E-1
3.3500E-4	1.0010E-2	5.6377E-1
3.3600E-4	1.0254E-2	5.4375E-1
3.3700E-4	9.7656E-3	5.3032E-1
3.3800E-4	9.2773E-3	5.2451E-1
3.3900E-4	9.2773E-3	5.2876E-1
3.4000E-4	9.0332E-3	5.3696E-1
3.4100E-4	9.7656E-3	5.5029E-1
3.4200E-4	1.0010E-2	5.7256E-1
3.4300E-4	1.0254E-2	6.0054E-1
3.4400E-4	9.2773E-3	6.3369E-1
3.4500E-4	9.5215E-3	6.7148E-1
3.4600E-4	9.2773E-3	7.1392E-1
3.4700E-4	9.7656E-3	7.5830E-1
3.4800E-4	9.7656E-3	8.0186E-1
3.4900E-4	9.7656E-3	8.3940E-1
3.5000E-4	9.5215E-3	8.6909E-1
3.5100E-4	9.2773E-3	8.8809E-1
3.5200E-4	9.7656E-3	8.9443E-1
3.5300E-4	1.0010E-2	8.8638E-1
3.5400E-4	9.0332E-3	8.6660E-1
3.5500E-4	9.5215E-3	8.3765E-1
3.5600E-4	9.7656E-3	8.0352E-1
3.5700E-4	1.0010E-2	7.6230E-1
3.5800E-4	9.5215E-3	7.1968E-1
3.5900E-4	9.7656E-3	6.7920E-1
3.6000E-4	1.0010E-2	6.4028E-1
3.6100E-4	9.2773E-3	6.0317E-1
3.6200E-4	9.7656E-3	5.7178E-1
3.6300E-4	1.0498E-2	5.4902E-1
3.6400E-4	9.7656E-3	5.3164E-1
3.6500E-4	9.7656E-3	5.2441E-1
3.6600E-4	9.5215E-3	5.2637E-1
3.6700E-4	9.5215E-3	5.3955E-1
3.6800E-4	9.2773E-3	5.6118E-1
3.6900E-4	1.0010E-2	5.9229E-1
3.7000E-4	9.7656E-3	6.2642E-1
3.7100E-4	9.2773E-3	6.6475E-1
3.7200E-4	1.0010E-2	7.0547E-1
3.7300E-4	9.5215E-3	7.4556E-1
3.7400E-4	9.2773E-3	7.8462E-1
3.7500E-4	9.0332E-3	8.2222E-1
3.7600E-4	9.2773E-3	8.5586E-1
3.7700E-4	1.0010E-2	8.8120E-1
3.7800E-4	9.7656E-3	8.9443E-1
3.7900E-4	9.7656E-3	8.9243E-1
3.8000E-4	9.5215E-3	8.7773E-1
3.8100E-4	1.0010E-2	8.4937E-1
3.8200E-4	9.7656E-3	8.1025E-1
3.8300E-4	9.2773E-3	7.6470E-1
3.8400E-4	9.2773E-3	7.2031E-1
3.8500E-4	9.0332E-3	6.7529E-1
3.8600E-4	9.5215E-3	6.3198E-1
3.8700E-4	9.7656E-3	5.9248E-1
3.8800E-4	9.5215E-3	5.6001E-1
3.8900E-4	9.5215E-3	5.3169E-1
3.9000E-4	1.0010E-2	5.1265E-1
3.9100E-4	9.2773E-3	5.0537E-1
3.9200E-4	9.5215E-3	5.0767E-1
3.9300E-4	9.7656E-3	5.1973E-1
3.9400E-4	9.5215E-3	5.4023E-1
3.9500E-4	9.7656E-3	5.6567E-1
3.9600E-4	1.0010E-2	5.9360E-1
3.9700E-4	9.2773E-3	6.2627E-1
3.9800E-4	9.2773E-3	6.6250E-1
3.9900E-4	1.0010E-2	7.0190E-1
4.0000E-4	9.0332E-3	7.4390E-1
4.0100E-4	1.0254E-2	7.9058E-1
4.0200E-4	9.2773E-3	8.3550E-1
4.0300E-4	9.2773E-3	8.7275E-1
4.0400E-4	9.7656E-3	9.0073E-1
4.0500E-4	1.0010E-2	9.1626E-1
4.0600E-4	9.5215E-3	9.1353E-1
4.0700E-4	1.0254E-2	8.9619E-1
4.0800E-4	9.2773E-3	8.6431E-1
4.0900E-4	9.5215E-3	8.1963E-1
4.1000E-4	9.7656E-3	7.6968E-1
4.1100E-4	9.7656E-3	7.1616E-1
4.1200E-4	9.2773E-3	6.6499E-1
4.1300E-4	8.7891E-3	6.2178E-1
4.1400E-4	9.5215E-3	5.8735E-1
4.1500E-4	1.0254E-2	5.5815E-1
4.1600E-4	1.0254E-2	5.4014E-1
4.1700E-4	9.2773E-3	5.2905E-1
4.1800E-4	9.5215E-3	5.2314E-1
4.1900E-4	1.0498E-2	5.2803E-1
4.2000E-4	9.7656E-3	5.4380E-1
4.2100E-4	9.5215E-3	5.6499E-1
4.2200E-4	9.0332E-3	5.9092E-1
4.2300E-4	1.0254E-2	6.2236E-1
4.2400E-4	9.7656E-3	6.5479E-1
4.2500E-4	1.0010E-2	6.9082E-1
4.2600E-4	9.5215E-3	7.3267E-1
4.2700E-4	9.7656E-3	7.7837E-1
4.2800E-4	9.2773E-3	8.2798E-1
4.2900E-4	9.2773E-3	8.7500E-1
4.3000E-4	9.5215E-3	9.1489E-1
4.3100E-4	9.7656E-3	9.4189E-1
4.3200E-4	9.7656E-3	9.5112E-1
4.3300E-4	9.5215E-3	9.3975E-1
4.3400E-4	9.5215E-3	9.0889E-1
4.3500E-4	9.7656E-3	8.6211E-1
4.3600E-4	9.7656E-3	8.0186E-1
4.3700E-4	1.0010E-2	7.3774E-1
4.3800E-4	9.5215E-3	6.7451E-1
4.3900E-4	1.0010E-2	6.1621E-1
4.4000E-4	9.2773E-3	5.6763E-1
4.4100E-4	1.0498E-2	5.3247E-1
4.4200E-4	1.0010E-2	5.0947E-1
4.4300E-4	9.5215E-3	4.9536E-1
4.4400E-4	9.2773E-3	4.9155E-1
4.4500E-4	9.7656E-3	4.9478E-1
4.4600E-4	9.7656E-3	5.0259E-1
4.4700E-4	9.0332E-3	5.1479E-1
4.4800E-4	9.0332E-3	5.3389E-1
4.4900E-4	1.0498E-2	5.5771E-1
4.5000E-4	9.5215E-3	5.8564E-1
4.5100E-4	9.2773E-3	6.2051E-1
4.5200E-4	9.2773E-3	6.6304E-1
4.5300E-4	9.5215E-3	7.1318E-1
4.5400E-4	1.0254E-2	7.7207E-1
4.5500E-4	1.0254E-2	8.3315E-1
4.5600E-4	9.0332E-3	8.8970E-1
4.5700E-4	1.0254E-2	9.3242E-1
4.5800E-4	9.7656E-3	9.5552E-1
4.5900E-4	9.7656E-3	9.5591E-1
4.6000E-4	9.2773E-3	9.3555E-1
4.6100E-4	9.2773E-3	8.9399E-1
4.6200E-4	9.5215E-3	8.3687E-1
4.6300E-4	9.7656E-3	7.6895E-1
4.6400E-4	9.7656E-3	6.9517E-1
4.6500E-4	1.0010E-2	6.1938E-1
4.6600E-4	9.5215E-3	5.5044E-1
4.6700E-4	1.0254E-2	4.9302E-1
4.6800E-4	9.7656E-3	4.5000E-1
4.6900E-4	1.0010E-2	4.2070E-1
4.7000E-4	9.5215E-3	4.0420E-1
4.7100E-4	9.7656E-3	4.0034E-1
4.7200E-4	9.5215E-3	4.0483E-1
4.7300E-4	1.0010E-2	4.1675E-1
4.7400E-4	9.5215E-3	4.3467E-1
4.7500E-4	9.7656E-3	4.5864E-1
4.7600E-4	9.5215E-3	4.8760E-1
4.7700E-4	1.0254E-2	5.2744E-1
4.7800E-4	9.5215E-3	5.7607E-1
4.7900E-4	1.0498E-2	6.3374E-1
4.8000E-4	9.2773E-3	7.0518E-1
4.8100E-4	1.0010E-2	7.8369E-1
4.8200E-4	9.7656E-3	8.6084E-1
4.8300E-4	9.7656E-3	9.2568E-1
4.8400E-4	9.5215E-3	9.6709E-1
4.8500E-4	1.0254E-2	9.7041E-1
4.8600E-4	9.5215E-3	9.3291E-1
4.8700E-4	9.5215E-3	8.5625E-1
4.8800E-4	9.5215E-3	7.5156E-1
4.8900E-4	9.2773E-3	6.3120E-1
4.9000E-4	9.7656E-3	5.0747E-1
4.9100E-4	9.7656E-3	3.8999E-1
4.9200E-4	1.0010E-2	2.8936E-1
4.9300E-4	1.0010E-2	2.0771E-1
4.9400E-4	9.2773E-3	1.4600E-1
4.9500E-4	9.7656E-3	1.0557E-1
4.9600E-4	1.0010E-2	8.3838E-2
4.9700E-4	9.7656E-3	7.3486E-2
4.9800E-4	1.0254E-2	7.1826E-2
4.9900E-4	9.7656E-3	7.5928E-2
5.0000E-4	9.7656E-3	8.0127E-2
5.0100E-4	9.7656E-3	8.2959E-2
5.0200E-4	1.0010E-2	8.1689E-2
5.0300E-4	1.0498E-2	7.8906E-2
5.0400E-4	1.0010E-2	7.1973E-2
5.0500E-4	9.5215E-3	6.3330E-2
5.0600E-4	9.2773E-3	5.7275E-2
5.0700E-4	1.0254E-2	5.2881E-2
5.0800E-4	9.5215E-3	4.9463E-2
5.0900E-4	1.0254E-2	5.1123E-2
5.1000E-4	9.2773E-3	5.4590E-2
5.1100E-4	1.0010E-2	5.6055E-2
5.1200E-4	9.2773E-3	5.8838E-2
5.1300E-4	9.7656E-3	6.0547E-2
5.1400E-4	1.0010E-2	5.9473E-2
5.1500E-4	1.0010E-2	5.8252E-2
5.1600E-4	9.2773E-3	5.8984E-2
5.1700E-4	9.7656E-3	5.8740E-2
5.1800E-4	1.0010E-2	6.0937E-2
5.1900E-4	9.7656E-3	6.4111E-2
5.2000E-4	9.5215E-3	7.1143E-2
5.2100E-4	1.0010E-2	7.9883E-2
5.2200E-4	9.2773E-3	9.2920E-2
5.2300E-4	9.5215E-3	1.0693E-1
5.2400E-4	9.5215E-3	1.2876E-1
5.2500E-4	9.7656E-3	1.5449E-1
5.2600E-4	9.2773E-3	1.8784E-1
5.2700E-4	9.7656E-3	2.3540E-1
5.2800E-4	9.7656E-3	3.0044E-1
5.2900E-4	9.5215E-3	3.8433E-1
5.3000E-4	1.0010E-2	4.8887E-1
5.3100E-4	9.7656E-3	6.1431E-1
5.3200E-4	1.0010E-2	7.4834E-1
5.3300E-4	9.5215E-3	8.7368E-1
5.3400E-4	9.2773E-3	9.7173E-1
5.3500E-4	9.7656E-3	1.0309E+0
5.3600E-4	9.7656E-3	1.0397E+0
5.3700E-4	1.0254E-2	9.9976E-1
5.3800E-4	9.5215E-3	9.2388E-1
5.3900E-4	9.7656E-3	8.2480E-1
5.4000E-4	9.0332E-3	7.1914E-1
5.4100E-4	9.5215E-3	6.1855E-1
5.4200E-4	9.5215E-3	5.3140E-1
5.4300E-4	1.0254E-2	4.6606E-1
5.4400E-4	9.5215E-3	4.2280E-1
5.4500E-4	9.7656E-3	3.9917E-1
5.4600E-4	9.7656E-3	3.9038E-1
5.4700E-4	9.2773E-3	3.9678E-1
5.4800E-4	1.0010E-2	4.1011E-1
5.4900E-4	9.7656E-3	4.3291E-1
5.5000E-4	1.0254E-2	4.5972E-1
5.5100E-4	9.7656E-3	4.9375E-1
5.5200E-4	9.2773E-3	5.3145E-1
5.5300E-4	9.2773E-3	5.7534E-1
5.5400E-4	9.7656E-3	6.2227E-1
5.5500E-4	9.7656E-3	6.7461E-1
5.5600E-4	9.7656E-3	7.3232E-1
5.5700E-4	9.5215E-3	7.9336E-1
5.5800E-4	9.5215E-3	8.5049E-1
5.5900E-4	9.5215E-3	9.0059E-1
5.6000E-4	9.2773E-3	9.3779E-1
5.6100E-4	9.7656E-3	9.5601E-1
5.6200E-4	9.5215E-3	9.5493E-1
5.6300E-4	9.2773E-3	9.3887E-1
5.6400E-4	1.0254E-2	9.0703E-1
5.6500E-4	9.5215E-3	8.6533E-1
5.6600E-4	9.5215E-3	8.1597E-1
5.6700E-4	9.5215E-3	7.6211E-1
5.6800E-4	1.0010E-2	7.0732E-1
5.6900E-4	9.5215E-3	6.5640E-1
5.7000E-4	9.5215E-3	6.1006E-1
5.7100E-4	9.5215E-3	5.7349E-1
5.7200E-4	9.5215E-3	5.4434E-1
5.7300E-4	9.5215E-3	5.2339E-1
5.7400E-4	9.5215E-3	5.1563E-1
5.7500E-4	9.5215E-3	5.1802E-1
5.7600E-4	1.0254E-2	5.3003E-1
5.7700E-4	9.5215E-3	5.5269E-1
5.7800E-4	9.5215E-3	5.8389E-1
5.7900E-4	9.0332E-3	6.1934E-1
5.8000E-4	1.0254E-2	6.6099E-1
5.8100E-4	1.0010E-2	7.0747E-1
5.8200E-4	9.2773E-3	7.5645E-1
5.8300E-4	9.5215E-3	8.0684E-1
5.8400E-4	9.5215E-3	8.5513E-1
5.8500E-4	1.0010E-2	8.9570E-1
5.8600E-4	1.0010E-2	9.2520E-1
5.8700E-4	9.5215E-3	9.3994E-1
5.8800E-4	9.5215E-3	9.4185E-1
5.8900E-4	9.7656E-3	9.3198E-1
5.9000E-4	9.5215E-3	9.1543E-1
5.9100E-4	9.7656E-3	8.9053E-1
5.9200E-4	9.7656E-3	8.6045E-1
5.9300E-4	9.7656E-3	8.2729E-1
5.9400E-4	9.7656E-3	7.8818E-1
5.9500E-4	9.5215E-3	7.4517E-1
5.9600E-4	9.0332E-3	7.0322E-1
5.9700E-4	1.0498E-2	6.6489E-1
5.9800E-4	9.5215E-3	6.2783E-1
5.9900E-4	9.5215E-3	6.0039E-1
6.0000E-4	9.2773E-3	5.8164E-1
6.0100E-4	9.7656E-3	5.7192E-1
6.0200E-4	9.5215E-3	5.7246E-1
6.0300E-4	1.0254E-2	5.8213E-1
6.0400E-4	9.7656E-3	6.0083E-1
6.0500E-4	9.7656E-3	6.2607E-1
6.0600E-4	9.7656E-3	6.5596E-1
6.0700E-4	1.0010E-2	6.9106E-1
6.0800E-4	9.7656E-3	7.3071E-1
6.0900E-4	9.5215E-3	7.7378E-1
6.1000E-4	9.5215E-3	8.1777E-1
6.1100E-4	9.2773E-3	8.6011E-1
6.1200E-4	9.5215E-3	8.9570E-1
6.1300E-4	8.7891E-3	9.1914E-1
6.1400E-4	9.7656E-3	9.2744E-1
6.1500E-4	9.7656E-3	9.2402E-1
6.1600E-4	9.7656E-3	9.1152E-1
6.1700E-4	9.2773E-3	8.9077E-1
6.1800E-4	1.0254E-2	8.6636E-1
6.1900E-4	1.0010E-2	8.3887E-1
6.2000E-4	9.2773E-3	8.0703E-1
6.2100E-4	9.7656E-3	7.7168E-1
6.2200E-4	9.2773E-3	7.3545E-1
6.2300E-4	1.0254E-2	6.9937E-1
6.2400E-4	9.0332E-3	6.6675E-1
6.2500E-4	1.0010E-2	6.4199E-1
6.2600E-4	9.7656E-3	6.2554E-1
6.2700E-4	9.5215E-3	6.1685E-1
6.2800E-4	9.2773E-3	6.1704E-1
6.2900E-4	9.2773E-3	6.2324E-1
6.3000E-4	9.7656E-3	6.3486E-1
6.3100E-4	9.7656E-3	6.5234E-1
6.3200E-4	1.0254E-2	6.7710E-1
6.3300E-4	1.0010E-2	7.0815E-1
6.3400E-4	1.0010E-2	7.4302E-1
6.3500E-4	1.0010E-2	7.8125E-1
6.3600E-4	9.5215E-3	8.1987E-1
6.3700E-4	9.7656E-3	8.5601E-1
6.3800E-4	9.2773E-3	8.8652E-1
6.3900E-4	9.5215E-3	9.1147E-1
6.4000E-4	1.0010E-2	9.2490E-1
6.4100E-4	9.5215E-3	9.2598E-1
6.4200E-4	9.7656E-3	9.1641E-1
6.4300E-4	9.7656E-3	8.9912E-1
6.4400E-4	9.5215E-3	8.7549E-1
6.4500E-4	1.0010E-2	8.4976E-1
6.4600E-4	1.0010E-2	8.2173E-1
6.4700E-4	9.5215E-3	7.9131E-1
6.4800E-4	9.0332E-3	7.5771E-1
6.4900E-4	9.7656E-3	7.2393E-1
6.5000E-4	9.2773E-3	6.9004E-1
6.5100E-4	9.5215E-3	6.5845E-1
6.5200E-4	9.5215E-3	6.3369E-1
6.5300E-4	9.7656E-3	6.1782E-1
6.5400E-4	9.5215E-3	6.0918E-1
6.5500E-4	1.0010E-2	6.1177E-1
6.5600E-4	9.5215E-3	6.2451E-1
6.5700E-4	1.0254E-2	6.4155E-1
6.5800E-4	9.5215E-3	6.6685E-1
6.5900E-4	1.0010E-2	6.9902E-1
6.6000E-4	9.2773E-3	7.3569E-1
6.6100E-4	9.7656E-3	7.7446E-1
6.6200E-4	9.0332E-3	8.1479E-1
6.6300E-4	1.0254E-2	8.5049E-1
6.6400E-4	9.5215E-3	8.7925E-1
6.6500E-4	9.2773E-3	8.9829E-1
6.6600E-4	9.2773E-3	9.0732E-1
6.6700E-4	9.5215E-3	9.0742E-1
6.6800E-4	1.0010E-2	8.9961E-1
6.6900E-4	1.0010E-2	8.8677E-1
6.7000E-4	9.7656E-3	8.7207E-1
6.7100E-4	1.0254E-2	8.5601E-1
6.7200E-4	9.7656E-3	8.3535E-1
6.7300E-4	1.0010E-2	8.1206E-1
6.7400E-4	9.5215E-3	7.8682E-1
6.7500E-4	9.5215E-3	7.5581E-1
6.7600E-4	8.7891E-3	7.2441E-1
6.7700E-4	1.0010E-2	6.9839E-1
6.7800E-4	1.0010E-2	6.7441E-1
6.7900E-4	9.5215E-3	6.5659E-1
6.8000E-4	1.0010E-2	6.4639E-1
6.8100E-4	1.0010E-2	6.4263E-1
6.8200E-4	9.5215E-3	6.4321E-1
6.8300E-4	9.2773E-3	6.5410E-1
6.8400E-4	9.7656E-3	6.7202E-1
6.8500E-4	9.7656E-3	6.9604E-1
6.8600E-4	9.7656E-3	7.2759E-1
6.8700E-4	9.5215E-3	7.6543E-1
6.8800E-4	9.7656E-3	8.0454E-1
6.8900E-4	9.5215E-3	8.4175E-1
6.9000E-4	9.2773E-3	8.7588E-1
6.9100E-4	9.2773E-3	9.0156E-1
6.9200E-4	9.2773E-3	9.1826E-1
6.9300E-4	9.7656E-3	9.2617E-1
6.9400E-4	9.0332E-3	9.2549E-1
6.9500E-4	9.7656E-3	9.1709E-1
6.9600E-4	9.7656E-3	9.0273E-1
6.9700E-4	9.2773E-3	8.8325E-1
6.9800E-4	9.2773E-3	8.5801E-1
6.9900E-4	9.7656E-3	8.2788E-1
7.0000E-4	9.7656E-3	7.9395E-1
7.0100E-4	9.5215E-3	7.5908E-1
7.0200E-4	9.7656E-3	7.2476E-1
7.0300E-4	9.7656E-3	6.9385E-1
7.0400E-4	9.5215E-3	6.6812E-1
7.0500E-4	9.2773E-3	6.5000E-1
7.0600E-4	9.5215E-3	6.3857E-1
7.0700E-4	1.0254E-2	6.3340E-1
7.0800E-4	9.7656E-3	6.3555E-1
7.0900E-4	9.7656E-3	6.4346E-1
7.1000E-4	1.0254E-2	6.5542E-1
7.1100E-4	9.5215E-3	6.7329E-1
7.1200E-4	9.5215E-3	6.9844E-1
7.1300E-4	9.2773E-3	7.2949E-1
7.1400E-4	9.0332E-3	7.6782E-1
7.1500E-4	1.0254E-2	8.0879E-1
7.1600E-4	1.0010E-2	8.4805E-1
7.1700E-4	9.7656E-3	8.8481E-1
7.1800E-4	1.0010E-2	9.0967E-1
7.1900E-4	9.7656E-3	9.1987E-1
7.2000E-4	9.2773E-3	9.2227E-1
7.2100E-4	1.0010E-2	9.1509E-1
7.2200E-4	9.5215E-3	8.9595E-1
7.2300E-4	9.7656E-3	8.7515E-1
7.2400E-4	9.2773E-3	8.5137E-1
7.2500E-4	9.7656E-3	8.2319E-1
7.2600E-4	9.5215E-3	7.9678E-1
7.2700E-4	1.0010E-2	7.7085E-1
7.2800E-4	9.5215E-3	7.4287E-1
7.2900E-4	9.0332E-3	7.1650E-1
7.3000E-4	1.0010E-2	6.9263E-1
7.3100E-4	9.7656E-3	6.7051E-1
7.3200E-4	9.7656E-3	6.5444E-1
7.3300E-4	9.5215E-3	6.4805E-1
7.3400E-4	1.0010E-2	6.4824E-1
7.3500E-4	9.5215E-3	6.5571E-1
7.3600E-4	1.0010E-2	6.6968E-1
7.3700E-4	1.0010E-2	6.8999E-1
7.3800E-4	9.2773E-3	7.1470E-1
7.3900E-4	9.7656E-3	7.4619E-1
7.4000E-4	9.5215E-3	7.8384E-1
7.4100E-4	9.7656E-3	8.2461E-1
7.4200E-4	9.2773E-3	8.6514E-1
7.4300E-4	9.5215E-3	8.9937E-1
7.4400E-4	1.0254E-2	9.2310E-1
7.4500E-4	1.0010E-2	9.3418E-1
7.4600E-4	9.2773E-3	9.3345E-1
7.4700E-4	1.0254E-2	9.2065E-1
7.4800E-4	9.5215E-3	8.9990E-1
7.4900E-4	9.7656E-3	8.7710E-1
7.5000E-4	9.7656E-3	8.5088E-1
7.5100E-4	8.5449E-3	8.2373E-1
7.5200E-4	9.5215E-3	7.9736E-1
7.5300E-4	9.7656E-3	7.7373E-1
7.5400E-4	9.2773E-3	7.4790E-1
7.5500E-4	9.7656E-3	7.2271E-1
7.5600E-4	9.5215E-3	6.9834E-1
7.5700E-4	1.0010E-2	6.7690E-1
7.5800E-4	9.5215E-3	6.5952E-1
7.5900E-4	9.0332E-3	6.4912E-1
7.6000E-4	9.2773E-3	6.4517E-1
7.6100E-4	9.0332E-3	6.4873E-1
7.6200E-4	1.0010E-2	6.5854E-1
7.6300E-4	1.0254E-2	6.7290E-1
7.6400E-4	1.0010E-2	6.9189E-1
7.6500E-4	9.5215E-3	7.1680E-1
7.6600E-4	1.0010E-2	7.4766E-1
7.6700E-4	9.7656E-3	7.8315E-1
7.6800E-4	9.5215E-3	8.2192E-1
7.6900E-4	9.2773E-3	8.6099E-1
7.7000E-4	9.5215E-3	8.9619E-1
7.7100E-4	9.7656E-3	9.2217E-1
7.7200E-4	9.7656E-3	9.3750E-1
7.7300E-4	9.5215E-3	9.4072E-1
7.7400E-4	8.5449E-3	9.3433E-1
7.7500E-4	1.0010E-2	9.1938E-1
7.7600E-4	1.0010E-2	8.9761E-1
7.7700E-4	9.5215E-3	8.6997E-1
7.7800E-4	9.2773E-3	8.3877E-1
7.7900E-4	9.7656E-3	8.0684E-1
7.8000E-4	9.7656E-3	7.7217E-1
7.8100E-4	9.5215E-3	7.3813E-1
7.8200E-4	1.0010E-2	7.0830E-1
7.8300E-4	9.5215E-3	6.8389E-1
7.8400E-4	9.2773E-3	6.6426E-1
7.8500E-4	9.7656E-3	6.5176E-1
7.8600E-4	1.0010E-2	6.4717E-1
7.8700E-4	1.0010E-2	6.4893E-1
7.8800E-4	9.7656E-3	6.5640E-1
7.8900E-4	9.5215E-3	6.6885E-1
7.9000E-4	9.5215E-3	6.8682E-1
7.9100E-4	9.7656E-3	7.1191E-1
7.9200E-4	9.2773E-3	7.4336E-1
7.9300E-4	9.7656E-3	7.8042E-1
7.9400E-4	9.2773E-3	8.2153E-1
7.9500E-4	9.7656E-3	8.6289E-1
7.9600E-4	1.0010E-2	9.0083E-1
7.9700E-4	1.0010E-2	9.3110E-1
7.9800E-4	9.2773E-3	9.4951E-1
7.9900E-4	9.5215E-3	9.5327E-1
8.0000E-4	9.2773E-3	9.4775E-1
8.0100E-4	1.0010E-2	9.3066E-1
8.0200E-4	9.5215E-3	9.0669E-1
8.0300E-4	9.2773E-3	8.7896E-1
8.0400E-4	8.7891E-3	8.4834E-1
8.0500E-4	1.0010E-2	8.1162E-1
8.0600E-4	1.0010E-2	7.7007E-1
8.0700E-4	9.2773E-3	7.2856E-1
8.0800E-4	1.0010E-2	6.8877E-1
8.0900E-4	9.7656E-3	6.5376E-1
8.1000E-4	9.5215E-3	6.2690E-1
8.1100E-4	1.0010E-2	6.1118E-1
8.1200E-4	9.5215E-3	6.0049E-1
8.1300E-4	9.7656E-3	5.9878E-1
8.1400E-4	9.2773E-3	6.0581E-1
8.1500E-4	1.0010E-2	6.2104E-1
8.1600E-4	9.7656E-3	6.4214E-1
8.1700E-4	9.2773E-3	6.7114E-1
8.1800E-4	9.7656E-3	7.0366E-1
8.1900E-4	1.0010E-2	7.3921E-1
8.2000E-4	9.5215E-3	7.7749E-1
8.2100E-4	1.0254E-2	8.1938E-1
8.2200E-4	9.0332E-3	8.6133E-1
8.2300E-4	1.0010E-2	9.0049E-1
8.2400E-4	1.0254E-2	9.3184E-1
8.2500E-4	9.5215E-3	9.5391E-1
8.2600E-4	1.0254E-2	9.6113E-1
8.2700E-4	9.5215E-3	9.5498E-1
8.2800E-4	9.5215E-3	9.3540E-1
8.2900E-4	1.0498E-2	9.0830E-1
8.3000E-4	1.0010E-2	8.7109E-1
8.3100E-4	9.0332E-3	8.2959E-1
8.3200E-4	1.0498E-2	7.8452E-1
8.3300E-4	1.0498E-2	7.4014E-1
8.3400E-4	9.0332E-3	6.9507E-1
8.3500E-4	9.5215E-3	6.5591E-1
8.3600E-4	9.2773E-3	6.2339E-1
8.3700E-4	1.0010E-2	6.0186E-1
8.3800E-4	9.7656E-3	5.8940E-1
8.3900E-4	9.7656E-3	5.8857E-1
8.4000E-4	9.5215E-3	5.9585E-1
8.4100E-4	9.5215E-3	6.1230E-1
8.4200E-4	1.0254E-2	6.3374E-1
8.4300E-4	1.0254E-2	6.5918E-1
8.4400E-4	9.5215E-3	6.8887E-1
8.4500E-4	9.7656E-3	7.2568E-1
8.4600E-4	9.5215E-3	7.6660E-1
8.4700E-4	1.0010E-2	8.1064E-1
8.4800E-4	9.5215E-3	8.5815E-1
8.4900E-4	9.5215E-3	9.0278E-1
8.5000E-4	1.0254E-2	9.3862E-1
8.5100E-4	1.0010E-2	9.6094E-1
8.5200E-4	1.0010E-2	9.6865E-1
8.5300E-4	9.5215E-3	9.6035E-1
8.5400E-4	1.0010E-2	9.3838E-1
8.5500E-4	1.0254E-2	9.0615E-1
8.5600E-4	1.0010E-2	8.6787E-1
8.5700E-4	9.7656E-3	8.2251E-1
8.5800E-4	1.0010E-2	7.7402E-1
8.5900E-4	1.0254E-2	7.2490E-1
8.6000E-4	9.7656E-3	6.7510E-1
8.6100E-4	9.5215E-3	6.2959E-1
8.6200E-4	9.5215E-3	5.9360E-1
8.6300E-4	9.7656E-3	5.6646E-1
8.6400E-4	9.5215E-3	5.4897E-1
8.6500E-4	9.7656E-3	5.4321E-1
8.6600E-4	1.0254E-2	5.4429E-1
8.6700E-4	1.0254E-2	5.5312E-1
8.6800E-4	9.5215E-3	5.6948E-1
8.6900E-4	1.0498E-2	5.9297E-1
8.7000E-4	9.2773E-3	6.1978E-1
8.7100E-4	1.0254E-2	6.5415E-1
8.7200E-4	9.5215E-3	6.9512E-1
8.7300E-4	1.0254E-2	7.4062E-1
8.7400E-4	1.0010E-2	7.9009E-1
8.7500E-4	1.0010E-2	8.4443E-1
8.7600E-4	9.7656E-3	8.9331E-1
8.7700E-4	9.7656E-3	9.3271E-1
8.7800E-4	9.7656E-3	9.5820E-1
8.7900E-4	9.5215E-3	9.6650E-1
8.8000E-4	9.5215E-3	9.5435E-1
8.8100E-4	1.0254E-2	9.2949E-1
8.8200E-4	1.0010E-2	8.9097E-1
8.8300E-4	1.0254E-2	8.4482E-1
8.8400E-4	9.7656E-3	7.9502E-1
8.8500E-4	1.0010E-2	7.4619E-1
8.8600E-4	1.0010E-2	6.9526E-1
8.8700E-4	9.2773E-3	6.4946E-1
8.8800E-4	1.0010E-2	6.1177E-1
8.8900E-4	9.5215E-3	5.8257E-1
8.9000E-4	9.5215E-3	5.6357E-1
8.9100E-4	1.0254E-2	5.5518E-1
8.9200E-4	9.2773E-3	5.5698E-1
8.9300E-4	9.7656E-3	5.6460E-1
8.9400E-4	9.5215E-3	5.8057E-1
8.9500E-4	9.7656E-3	6.0239E-1
8.9600E-4	1.0010E-2	6.3276E-1
8.9700E-4	9.7656E-3	6.6758E-1
8.9800E-4	9.7656E-3	7.0786E-1
8.9900E-4	9.7656E-3	7.5117E-1
9.0000E-4	9.5215E-3	7.9648E-1
9.0100E-4	1.0010E-2	8.4077E-1
9.0200E-4	9.7656E-3	8.8198E-1
9.0300E-4	1.0010E-2	9.1704E-1
9.0400E-4	9.7656E-3	9.3765E-1
9.0500E-4	1.0010E-2	9.4380E-1
9.0600E-4	1.0010E-2	9.3149E-1
9.0700E-4	1.0498E-2	9.0430E-1
9.0800E-4	1.0254E-2	8.6333E-1
9.0900E-4	9.7656E-3	8.1528E-1
9.1000E-4	1.0254E-2	7.6245E-1
9.1100E-4	9.5215E-3	7.0991E-1
9.1200E-4	9.7656E-3	6.5859E-1
9.1300E-4	9.2773E-3	6.1338E-1
9.1400E-4	1.0010E-2	5.7700E-1
9.1500E-4	9.5215E-3	5.4961E-1
9.1600E-4	9.7656E-3	5.3218E-1
9.1700E-4	1.0010E-2	5.2266E-1
9.1800E-4	1.0010E-2	5.2109E-1
9.1900E-4	9.7656E-3	5.2588E-1
9.2000E-4	1.0010E-2	5.3638E-1
9.2100E-4	9.7656E-3	5.5479E-1
9.2200E-4	8.5449E-3	5.8125E-1
9.2300E-4	1.0010E-2	6.1230E-1
9.2400E-4	9.5215E-3	6.4683E-1
9.2500E-4	9.5215E-3	6.8916E-1
9.2600E-4	9.5215E-3	7.3506E-1
9.2700E-4	1.0010E-2	7.8467E-1
9.2800E-4	1.0010E-2	8.3560E-1
9.2900E-4	1.0254E-2	8.8184E-1
9.3000E-4	9.7656E-3	9.1689E-1
9.3100E-4	9.7656E-3	9.3838E-1
9.3200E-4	9.7656E-3	9.4185E-1
9.3300E-4	9.2773E-3	9.2935E-1
9.3400E-4	9.7656E-3	9.0347E-1
9.3500E-4	9.0332E-3	8.6230E-1
9.3600E-4	1.0010E-2	8.1235E-1
9.3700E-4	1.0010E-2	7.5752E-1
9.3800E-4	9.2773E-3	7.0127E-1
9.3900E-4	1.0010E-2	6.4697E-1
9.4000E-4	9.2773E-3	6.0054E-1
9.4100E-4	1.0010E-2	5.6040E-1
9.4200E-4	9.7656E-3	5.3267E-1
9.4300E-4	1.0010E-2	5.1489E-1
9.4400E-4	1.0254E-2	5.0942E-1
9.4500E-4	9.5215E-3	5.1216E-1
9.4600E-4	1.0010E-2	5.2412E-1
9.4700E-4	1.0254E-2	5.3965E-1
9.4800E-4	9.5215E-3	5.5854E-1
9.4900E-4	1.0254E-2	5.8325E-1
9.5000E-4	9.5215E-3	6.1523E-1
9.5100E-4	1.0010E-2	6.5225E-1
9.5200E-4	9.0332E-3	6.9570E-1
9.5300E-4	9.5215E-3	7.4897E-1
9.5400E-4	9.5215E-3	8.0391E-1
9.5500E-4	9.5215E-3	8.5908E-1
9.5600E-4	1.0010E-2	9.0874E-1
9.5700E-4	9.7656E-3	9.4702E-1
9.5800E-4	9.5215E-3	9.6353E-1
9.5900E-4	9.7656E-3	9.5610E-1
9.6000E-4	9.7656E-3	9.2563E-1
9.6100E-4	1.0010E-2	8.7617E-1
9.6200E-4	9.7656E-3	8.1021E-1
9.6300E-4	9.7656E-3	7.3823E-1
9.6400E-4	1.0498E-2	6.6499E-1
9.6500E-4	1.0010E-2	5.9253E-1
9.6600E-4	1.0010E-2	5.2949E-1
9.6700E-4	9.2773E-3	4.7979E-1
9.6800E-4	1.0010E-2	4.4146E-1
9.6900E-4	9.5215E-3	4.1694E-1
9.7000E-4	9.5215E-3	4.0562E-1
9.7100E-4	9.5215E-3	3.9912E-1
9.7200E-4	9.5215E-3	3.9946E-1
9.7300E-4	9.0332E-3	4.0337E-1
9.7400E-4	1.0498E-2	4.1187E-1
9.7500E-4	1.0010E-2	4.2627E-1
9.7600E-4	1.0010E-2	4.5088E-1
9.7700E-4	9.7656E-3	4.8394E-1
9.7800E-4	9.2773E-3	5.3013E-1
9.7900E-4	9.7656E-3	5.8887E-1
9.8000E-4	1.0010E-2	6.5938E-1
9.8100E-4	1.0010E-2	7.4087E-1
9.8200E-4	9.5215E-3	8.2734E-1
9.8300E-4	1.0010E-2	9.0244E-1
9.8400E-4	1.0254E-2	9.5405E-1
9.8500E-4	1.0010E-2	9.7148E-1
9.8600E-4	9.7656E-3	9.4478E-1
9.8700E-4	1.0010E-2	8.7402E-1
9.8800E-4	9.0332E-3	7.7178E-1
9.8900E-4	9.7656E-3	6.5098E-1
9.9000E-4	9.5215E-3	5.2358E-1
9.9100E-4	9.7656E-3	4.0161E-1
9.9200E-4	9.7656E-3	2.9302E-1
9.9300E-4	9.5215E-3	2.0649E-1
9.9400E-4	9.7656E-3	1.4048E-1
9.9500E-4	9.2773E-3	9.6533E-2
9.9600E-4	9.5215E-3	6.9922E-2
9.9700E-4	9.5215E-3	5.9180E-2
9.9800E-4	9.7656E-3	5.9180E-2
9.9900E-4	9.7656E-3	5.9180E-2
