Time [s]	Aux in [V]	Main in [V]
0.0000E+0	9.0332E-3	7.4609E-1
1.0000E-6	9.5215E-3	7.4482E-1
2.0000E-6	9.0332E-3	7.4292E-1
3.0000E-6	9.5215E-3	7.4243E-1
4.0000E-6	9.0332E-3	7.4009E-1
5.0000E-6	9.2773E-3	7.3931E-1
6.0000E-6	9.7656E-3	7.4111E-1
7.0000E-6	9.2773E-3	7.4272E-1
8.0000E-6	9.0332E-3	7.4209E-1
9.0000E-6	9.2773E-3	7.4292E-1
1.0000E-5	9.0332E-3	7.4341E-1
1.1000E-5	9.0332E-3	7.4297E-1
1.2000E-5	9.5215E-3	7.4282E-1
1.3000E-5	9.2773E-3	7.4346E-1
1.4000E-5	9.5215E-3	7.4111E-1
1.5000E-5	9.2773E-3	7.3745E-1
1.6000E-5	9.2773E-3	7.3228E-1
1.7000E-5	9.5215E-3	7.2871E-1
1.8000E-5	9.5215E-3	7.2280E-1
1.9000E-5	9.2773E-3	7.1768E-1
2.0000E-5	8.5449E-3	7.1304E-1
2.1000E-5	9.5215E-3	7.0854E-1
2.2000E-5	9.7656E-3	7.0308E-1
2.3000E-5	9.7656E-3	6.9937E-1
2.4000E-5	9.5215E-3	6.9766E-1
2.5000E-5	8.7891E-3	6.9590E-1
2.6000E-5	9.5215E-3	6.9600E-1
2.7000E-5	9.7656E-3	6.9590E-1
2.8000E-5	8.7891E-3	6.9468E-1
2.9000E-5	9.2773E-3	6.9204E-1
3.0000E-5	9.5215E-3	6.8931E-1
3.1000E-5	9.2773E-3	6.8691E-1
3.2000E-5	1.0010E-2	6.8423E-1
3.3000E-5	9.5215E-3	6.8223E-1
3.4000E-5	1.0010E-2	6.8130E-1
3.5000E-5	9.0332E-3	6.8130E-1
3.6000E-5	9.7656E-3	6.8052E-1
3.7000E-5	9.2773E-3	6.8037E-1
3.8000E-5	8.7891E-3	6.8179E-1
3.9000E-5	9.5215E-3	6.8291E-1
4.0000E-5	9.5215E-3	6.8442E-1
4.1000E-5	9.7656E-3	6.8604E-1
4.2000E-5	1.0010E-2	6.8584E-1
4.3000E-5	9.5215E-3	6.8569E-1
4.4000E-5	9.7656E-3	6.8398E-1
4.5000E-5	9.0332E-3	6.8262E-1
4.6000E-5	9.7656E-3	6.8052E-1
4.7000E-5	9.2773E-3	6.7969E-1
4.8000E-5	9.2773E-3	6.7705E-1
4.9000E-5	9.2773E-3	6.7593E-1
5.0000E-5	9.5215E-3	6.7305E-1
5.1000E-5	1.0254E-2	6.7217E-1
5.2000E-5	1.0254E-2	6.7231E-1
5.3000E-5	9.5215E-3	6.7476E-1
5.4000E-5	1.0010E-2	6.7788E-1
5.5000E-5	9.7656E-3	6.8154E-1
5.6000E-5	9.7656E-3	6.8413E-1
5.7000E-5	9.0332E-3	6.8530E-1
5.8000E-5	1.0254E-2	6.8691E-1
5.9000E-5	9.2773E-3	6.8813E-1
6.0000E-5	1.0010E-2	6.8857E-1
6.1000E-5	9.2773E-3	6.9019E-1
6.2000E-5	9.2773E-3	6.9170E-1
6.3000E-5	9.5215E-3	6.9175E-1
6.4000E-5	1.0010E-2	6.9023E-1
6.5000E-5	8.5449E-3	6.8965E-1
6.6000E-5	9.2773E-3	6.8652E-1
6.7000E-5	9.7656E-3	6.8428E-1
6.8000E-5	1.0010E-2	6.8105E-1
6.9000E-5	9.2773E-3	6.7900E-1
7.0000E-5	9.0332E-3	6.7773E-1
7.1000E-5	9.5215E-3	6.7744E-1
7.2000E-5	9.7656E-3	6.7783E-1
7.3000E-5	9.2773E-3	6.7900E-1
7.4000E-5	9.5215E-3	6.7954E-1
7.5000E-5	8.5449E-3	6.7876E-1
7.6000E-5	1.0010E-2	6.7983E-1
7.7000E-5	1.0010E-2	6.8276E-1
7.8000E-5	9.5215E-3	6.8691E-1
7.9000E-5	9.0332E-3	6.9141E-1
8.0000E-5	1.0010E-2	6.9702E-1
8.1000E-5	9.5215E-3	7.0117E-1
8.2000E-5	9.2773E-3	7.0527E-1
8.3000E-5	9.5215E-3	7.1011E-1
8.4000E-5	9.2773E-3	7.1650E-1
8.5000E-5	9.7656E-3	7.2344E-1
8.6000E-5	9.2773E-3	7.3042E-1
8.7000E-5	9.5215E-3	7.3472E-1
8.8000E-5	1.0010E-2	7.3574E-1
8.9000E-5	9.5215E-3	7.3472E-1
9.0000E-5	9.2773E-3	7.3242E-1
9.1000E-5	9.0332E-3	7.2993E-1
9.2000E-5	9.5215E-3	7.2861E-1
9.3000E-5	9.0332E-3	7.2876E-1
9.4000E-5	9.2773E-3	7.3062E-1
9.5000E-5	9.2773E-3	7.3257E-1
9.6000E-5	9.7656E-3	7.3506E-1
9.7000E-5	8.7891E-3	7.3657E-1
9.8000E-5	9.5215E-3	7.3628E-1
9.9000E-5	1.0010E-2	7.3511E-1
1.0000E-4	9.5215E-3	7.3501E-1
1.0100E-4	9.2773E-3	7.3447E-1
1.0200E-4	1.0254E-2	7.3486E-1
1.0300E-4	9.2773E-3	7.3750E-1
1.0400E-4	9.7656E-3	7.4160E-1
1.0500E-4	9.2773E-3	7.4517E-1
1.0600E-4	9.5215E-3	7.4912E-1
1.0700E-4	9.7656E-3	7.5264E-1
1.0800E-4	9.7656E-3	7.5396E-1
1.0900E-4	9.2773E-3	7.5283E-1
1.1000E-4	9.2773E-3	7.5073E-1
1.1100E-4	9.7656E-3	7.4771E-1
1.1200E-4	9.5215E-3	7.4453E-1
1.1300E-4	9.5215E-3	7.4224E-1
1.1400E-4	9.7656E-3	7.4102E-1
1.1500E-4	9.0332E-3	7.4121E-1
1.1600E-4	9.5215E-3	7.4097E-1
1.1700E-4	9.2773E-3	7.4028E-1
1.1800E-4	9.2773E-3	7.4053E-1
1.1900E-4	9.0332E-3	7.4082E-1
1.2000E-4	9.2773E-3	7.4126E-1
1.2100E-4	9.7656E-3	7.4204E-1
1.2200E-4	9.5215E-3	7.4453E-1
1.2300E-4	9.0332E-3	7.4790E-1
1.2400E-4	9.2773E-3	7.5146E-1
1.2500E-4	9.7656E-3	7.5376E-1
1.2600E-4	9.0332E-3	7.5615E-1
1.2700E-4	9.5215E-3	7.5532E-1
1.2800E-4	9.5215E-3	7.5254E-1
1.2900E-4	1.0010E-2	7.4722E-1
1.3000E-4	9.7656E-3	7.4170E-1
1.3100E-4	9.0332E-3	7.3794E-1
1.3200E-4	9.2773E-3	7.3755E-1
1.3300E-4	9.2773E-3	7.3955E-1
1.3400E-4	9.2773E-3	7.4380E-1
1.3500E-4	9.7656E-3	7.4985E-1
1.3600E-4	9.0332E-3	7.5664E-1
1.3700E-4	9.7656E-3	7.6157E-1
1.3800E-4	9.0332E-3	7.6533E-1
1.3900E-4	9.0332E-3	7.6836E-1
1.4000E-4	9.5215E-3	7.6714E-1
1.4100E-4	1.0010E-2	7.6143E-1
1.4200E-4	9.5215E-3	7.5483E-1
1.4300E-4	9.7656E-3	7.4839E-1
1.4400E-4	9.2773E-3	7.4189E-1
1.4500E-4	9.5215E-3	7.3784E-1
1.4600E-4	9.5215E-3	7.3647E-1
1.4700E-4	9.5215E-3	7.3491E-1
1.4800E-4	9.2773E-3	7.3213E-1
1.4900E-4	8.7891E-3	7.2671E-1
1.5000E-4	9.0332E-3	7.2031E-1
1.5100E-4	9.2773E-3	7.1353E-1
1.5200E-4	9.5215E-3	7.0630E-1
1.5300E-4	9.5215E-3	6.9966E-1
1.5400E-4	9.7656E-3	6.9492E-1
1.5500E-4	9.7656E-3	6.9175E-1
1.5600E-4	8.7891E-3	6.8613E-1
1.5700E-4	1.0010E-2	6.8105E-1
1.5800E-4	9.2773E-3	6.7515E-1
1.5900E-4	1.0010E-2	6.6685E-1
1.6000E-4	9.7656E-3	6.5811E-1
1.6100E-4	9.2773E-3	6.5176E-1
1.6200E-4	1.0010E-2	6.4609E-1
1.6300E-4	9.5215E-3	6.4224E-1
1.6400E-4	9.5215E-3	6.4121E-1
1.6500E-4	9.2773E-3	6.3965E-1
1.6600E-4	1.0010E-2	6.3701E-1
1.6700E-4	9.0332E-3	6.3359E-1
1.6800E-4	1.0010E-2	6.2979E-1
1.6900E-4	9.2773E-3	6.2686E-1
1.7000E-4	9.5215E-3	6.2314E-1
1.7100E-4	9.2773E-3	6.2197E-1
1.7200E-4	9.2773E-3	6.2046E-1
1.7300E-4	9.5215E-3	6.1694E-1
1.7400E-4	9.0332E-3	6.1289E-1
1.7500E-4	9.7656E-3	6.0986E-1
1.7600E-4	9.2773E-3	6.0537E-1
1.7700E-4	9.0332E-3	6.0195E-1
1.7800E-4	9.2773E-3	5.9907E-1
1.7900E-4	9.2773E-3	5.9663E-1
1.8000E-4	9.0332E-3	5.9385E-1
1.8100E-4	8.7891E-3	5.9131E-1
1.8200E-4	8.7891E-3	5.8672E-1
1.8300E-4	9.2773E-3	5.8281E-1
1.8400E-4	9.5215E-3	5.7896E-1
1.8500E-4	9.5215E-3	5.7725E-1
1.8600E-4	8.7891E-3	5.7598E-1
1.8700E-4	9.2773E-3	5.7773E-1
1.8800E-4	1.0010E-2	5.7974E-1
1.8900E-4	9.2773E-3	5.8081E-1
1.9000E-4	9.5215E-3	5.8062E-1
1.9100E-4	9.5215E-3	5.7920E-1
1.9200E-4	9.2773E-3	5.7578E-1
1.9300E-4	9.5215E-3	5.7085E-1
1.9400E-4	9.0332E-3	5.6626E-1
1.9500E-4	9.5215E-3	5.6230E-1
1.9600E-4	9.7656E-3	5.5747E-1
1.9700E-4	9.2773E-3	5.5254E-1
1.9800E-4	9.7656E-3	5.4912E-1
1.9900E-4	1.0254E-2	5.4492E-1
2.0000E-4	9.0332E-3	5.4067E-1
2.0100E-4	9.5215E-3	5.3838E-1
2.0200E-4	9.2773E-3	5.3799E-1
2.0300E-4	9.0332E-3	5.3877E-1
2.0400E-4	8.5449E-3	5.4106E-1
2.0500E-4	9.5215E-3	5.4189E-1
2.0600E-4	9.2773E-3	5.4263E-1
2.0700E-4	9.2773E-3	5.4263E-1
2.0800E-4	9.2773E-3	5.3901E-1
2.0900E-4	9.5215E-3	5.3423E-1
2.1000E-4	8.7891E-3	5.3115E-1
2.1100E-4	9.5215E-3	5.2729E-1
2.1200E-4	1.0254E-2	5.2251E-1
2.1300E-4	9.7656E-3	5.2187E-1
2.1400E-4	9.2773E-3	5.2070E-1
2.1500E-4	9.0332E-3	5.1733E-1
2.1600E-4	8.7891E-3	5.1440E-1
2.1700E-4	9.7656E-3	5.1284E-1
2.1800E-4	9.5215E-3	5.1089E-1
2.1900E-4	8.7891E-3	5.1118E-1
2.2000E-4	9.0332E-3	5.1357E-1
2.2100E-4	9.2773E-3	5.1514E-1
2.2200E-4	9.5215E-3	5.1782E-1
2.2300E-4	9.0332E-3	5.1782E-1
2.2400E-4	9.2773E-3	5.1768E-1
2.2500E-4	1.0010E-2	5.1699E-1
2.2600E-4	9.2773E-3	5.1509E-1
2.2700E-4	9.2773E-3	5.1260E-1
2.2800E-4	9.7656E-3	5.1172E-1
2.2900E-4	9.2773E-3	5.1074E-1
2.3000E-4	9.5215E-3	5.1084E-1
2.3100E-4	9.2773E-3	5.1250E-1
2.3200E-4	9.7656E-3	5.1294E-1
2.3300E-4	8.7891E-3	5.1353E-1
2.3400E-4	9.5215E-3	5.1211E-1
2.3500E-4	1.0010E-2	5.0859E-1
2.3600E-4	9.2773E-3	5.0479E-1
2.3700E-4	9.7656E-3	5.0288E-1
2.3800E-4	9.5215E-3	5.0156E-1
2.3900E-4	9.7656E-3	5.0342E-1
2.4000E-4	9.7656E-3	5.0439E-1
2.4100E-4	1.0254E-2	5.0542E-1
2.4200E-4	1.0010E-2	5.0518E-1
2.4300E-4	1.0010E-2	5.0303E-1
2.4400E-4	9.5215E-3	4.9888E-1
2.4500E-4	9.0332E-3	4.9751E-1
2.4600E-4	9.7656E-3	4.9839E-1
2.4700E-4	9.5215E-3	5.0024E-1
2.4800E-4	9.2773E-3	5.0337E-1
2.4900E-4	9.5215E-3	5.0581E-1
2.5000E-4	9.2773E-3	5.0796E-1
2.5100E-4	9.2773E-3	5.0825E-1
2.5200E-4	1.0254E-2	5.0771E-1
2.5300E-4	9.0332E-3	5.0732E-1
2.5400E-4	9.0332E-3	5.0830E-1
2.5500E-4	9.5215E-3	5.0830E-1
2.5600E-4	9.7656E-3	5.0918E-1
2.5700E-4	9.7656E-3	5.0981E-1
2.5800E-4	9.2773E-3	5.1118E-1
2.5900E-4	9.0332E-3	5.1289E-1
2.6000E-4	9.7656E-3	5.1445E-1
2.6100E-4	9.5215E-3	5.1680E-1
2.6200E-4	9.5215E-3	5.2168E-1
2.6300E-4	9.5215E-3	5.2690E-1
2.6400E-4	9.7656E-3	5.3335E-1
2.6500E-4	9.5215E-3	5.4043E-1
2.6600E-4	1.0010E-2	5.4673E-1
2.6700E-4	9.7656E-3	5.5239E-1
2.6800E-4	9.5215E-3	5.5747E-1
2.6900E-4	9.5215E-3	5.6255E-1
2.7000E-4	9.2773E-3	5.6748E-1
2.7100E-4	9.5215E-3	5.7139E-1
2.7200E-4	9.5215E-3	5.7295E-1
2.7300E-4	9.0332E-3	5.7217E-1
2.7400E-4	1.0010E-2	5.6924E-1
2.7500E-4	9.2773E-3	5.6602E-1
2.7600E-4	9.5215E-3	5.6348E-1
2.7700E-4	9.2773E-3	5.6284E-1
2.7800E-4	9.5215E-3	5.6714E-1
2.7900E-4	9.2773E-3	5.7207E-1
2.8000E-4	9.7656E-3	5.7803E-1
2.8100E-4	9.5215E-3	5.8252E-1
2.8200E-4	9.5215E-3	5.8384E-1
2.8300E-4	9.2773E-3	5.8081E-1
2.8400E-4	9.0332E-3	5.7749E-1
2.8500E-4	9.2773E-3	5.7329E-1
2.8600E-4	8.7891E-3	5.7241E-1
2.8700E-4	9.5215E-3	5.7451E-1
2.8800E-4	9.2773E-3	5.7979E-1
2.8900E-4	8.7891E-3	5.8560E-1
2.9000E-4	9.7656E-3	5.9209E-1
2.9100E-4	9.2773E-3	5.9692E-1
2.9200E-4	9.0332E-3	6.0059E-1
2.9300E-4	9.7656E-3	6.0356E-1
2.9400E-4	1.0010E-2	6.0601E-1
2.9500E-4	9.2773E-3	6.0752E-1
2.9600E-4	9.5215E-3	6.0854E-1
2.9700E-4	9.5215E-3	6.0781E-1
2.9800E-4	9.2773E-3	6.0610E-1
2.9900E-4	1.0010E-2	6.0542E-1
3.0000E-4	9.5215E-3	6.0703E-1
3.0100E-4	9.7656E-3	6.1025E-1
3.0200E-4	9.7656E-3	6.1567E-1
3.0300E-4	9.5215E-3	6.2002E-1
3.0400E-4	8.7891E-3	6.2344E-1
3.0500E-4	9.5215E-3	6.2563E-1
3.0600E-4	9.7656E-3	6.2656E-1
3.0700E-4	9.5215E-3	6.3027E-1
3.0800E-4	9.5215E-3	6.3716E-1
3.0900E-4	9.5215E-3	6.4404E-1
3.1000E-4	1.0254E-2	6.5352E-1
3.1100E-4	1.0010E-2	6.6543E-1
3.1200E-4	9.5215E-3	6.7490E-1
3.1300E-4	9.0332E-3	6.8379E-1
3.1400E-4	9.5215E-3	6.9561E-1
3.1500E-4	9.2773E-3	7.0513E-1
3.1600E-4	9.5215E-3	7.1318E-1
3.1700E-4	9.7656E-3	7.2188E-1
3.1800E-4	9.5215E-3	7.2993E-1
3.1900E-4	9.5215E-3	7.3477E-1
3.2000E-4	1.0498E-2	7.3853E-1
3.2100E-4	9.7656E-3	7.4194E-1
3.2200E-4	9.2773E-3	7.4502E-1
3.2300E-4	9.2773E-3	7.4609E-1
3.2400E-4	1.0254E-2	7.4639E-1
3.2500E-4	9.5215E-3	7.4639E-1
3.2600E-4	9.0332E-3	7.4531E-1
3.2700E-4	9.2773E-3	7.4399E-1
3.2800E-4	9.2773E-3	7.4634E-1
3.2900E-4	9.7656E-3	7.5127E-1
3.3000E-4	9.5215E-3	7.5669E-1
3.3100E-4	8.5449E-3	7.6079E-1
3.3200E-4	9.5215E-3	7.6235E-1
3.3300E-4	9.5215E-3	7.6050E-1
3.3400E-4	9.5215E-3	7.5664E-1
3.3500E-4	9.5215E-3	7.5234E-1
3.3600E-4	9.5215E-3	7.4854E-1
3.3700E-4	9.5215E-3	7.4351E-1
3.3800E-4	9.5215E-3	7.3901E-1
3.3900E-4	9.0332E-3	7.3408E-1
3.4000E-4	9.7656E-3	7.2954E-1
3.4100E-4	9.5215E-3	7.2773E-1
3.4200E-4	9.7656E-3	7.3013E-1
3.4300E-4	9.5215E-3	7.3271E-1
3.4400E-4	1.0254E-2	7.3511E-1
3.4500E-4	9.5215E-3	7.3711E-1
3.4600E-4	8.7891E-3	7.3774E-1
3.4700E-4	9.0332E-3	7.3589E-1
3.4800E-4	9.2773E-3	7.3213E-1
3.4900E-4	9.5215E-3	7.2979E-1
3.5000E-4	9.0332E-3	7.2720E-1
3.5100E-4	9.0332E-3	7.2495E-1
3.5200E-4	9.5215E-3	7.2280E-1
3.5300E-4	9.5215E-3	7.2271E-1
3.5400E-4	9.7656E-3	7.2207E-1
3.5500E-4	9.2773E-3	7.2212E-1
3.5600E-4	9.7656E-3	7.2056E-1
3.5700E-4	9.7656E-3	7.1880E-1
3.5800E-4	9.5215E-3	7.1455E-1
3.5900E-4	9.0332E-3	7.0771E-1
3.6000E-4	9.0332E-3	7.0068E-1
3.6100E-4	9.2773E-3	6.9639E-1
3.6200E-4	1.0010E-2	6.9453E-1
3.6300E-4	9.0332E-3	6.9644E-1
3.6400E-4	9.5215E-3	6.9985E-1
3.6500E-4	9.5215E-3	7.0278E-1
3.6600E-4	9.5215E-3	7.0283E-1
3.6700E-4	9.5215E-3	7.0049E-1
3.6800E-4	9.0332E-3	6.9639E-1
3.6900E-4	9.5215E-3	6.9502E-1
3.7000E-4	9.2773E-3	6.9912E-1
3.7100E-4	9.5215E-3	7.0522E-1
3.7200E-4	9.2773E-3	7.1152E-1
3.7300E-4	9.7656E-3	7.1660E-1
3.7400E-4	1.0010E-2	7.1729E-1
3.7500E-4	9.5215E-3	7.1235E-1
3.7600E-4	9.7656E-3	7.0615E-1
3.7700E-4	9.5215E-3	7.0210E-1
3.7800E-4	9.2773E-3	6.9858E-1
3.7900E-4	9.5215E-3	6.9878E-1
3.8000E-4	9.2773E-3	6.9863E-1
3.8100E-4	9.0332E-3	6.9844E-1
3.8200E-4	8.7891E-3	6.9512E-1
3.8300E-4	9.5215E-3	6.8999E-1
3.8400E-4	9.5215E-3	6.8369E-1
3.8500E-4	9.2773E-3	6.7832E-1
3.8600E-4	9.5215E-3	6.7217E-1
3.8700E-4	9.5215E-3	6.6709E-1
3.8800E-4	8.7891E-3	6.6221E-1
3.8900E-4	9.5215E-3	6.5674E-1
3.9000E-4	9.2773E-3	6.4932E-1
3.9100E-4	9.2773E-3	6.4111E-1
3.9200E-4	9.2773E-3	6.3374E-1
3.9300E-4	9.5215E-3	6.2744E-1
3.9400E-4	9.5215E-3	6.2388E-1
3.9500E-4	9.5215E-3	6.2300E-1
3.9600E-4	1.0010E-2	6.2520E-1
3.9700E-4	9.0332E-3	6.2666E-1
3.9800E-4	9.2773E-3	6.2881E-1
3.9900E-4	9.5215E-3	6.2715E-1
4.0000E-4	8.7891E-3	6.2393E-1
4.0100E-4	9.7656E-3	6.1880E-1
4.0200E-4	1.0010E-2	6.1553E-1
4.0300E-4	9.0332E-3	6.1436E-1
4.0400E-4	9.5215E-3	6.1616E-1
4.0500E-4	9.5215E-3	6.1953E-1
4.0600E-4	9.2773E-3	6.2363E-1
4.0700E-4	9.2773E-3	6.2573E-1
4.0800E-4	8.7891E-3	6.2568E-1
4.0900E-4	8.7891E-3	6.2378E-1
4.1000E-4	9.2773E-3	6.2090E-1
4.1100E-4	8.7891E-3	6.2041E-1
4.1200E-4	9.5215E-3	6.2368E-1
4.1300E-4	9.0332E-3	6.2700E-1
4.1400E-4	9.5215E-3	6.2964E-1
4.1500E-4	9.2773E-3	6.3335E-1
4.1600E-4	9.7656E-3	6.3442E-1
4.1700E-4	9.2773E-3	6.3364E-1
4.1800E-4	9.2773E-3	6.3433E-1
4.1900E-4	9.0332E-3	6.3872E-1
4.2000E-4	9.5215E-3	6.4585E-1
4.2100E-4	9.0332E-3	6.5688E-1
4.2200E-4	9.2773E-3	6.6846E-1
4.2300E-4	8.7891E-3	6.7847E-1
4.2400E-4	9.2773E-3	6.8838E-1
4.2500E-4	9.5215E-3	6.9219E-1
4.2600E-4	9.5215E-3	6.8960E-1
4.2700E-4	8.5449E-3	6.8281E-1
4.2800E-4	9.5215E-3	6.7603E-1
4.2900E-4	9.5215E-3	6.6846E-1
4.3000E-4	9.5215E-3	6.6670E-1
4.3100E-4	9.2773E-3	6.6758E-1
4.3200E-4	9.2773E-3	6.7202E-1
4.3300E-4	9.7656E-3	6.7734E-1
4.3400E-4	9.0332E-3	6.7964E-1
4.3500E-4	9.5215E-3	6.7808E-1
4.3600E-4	1.0010E-2	6.7583E-1
4.3700E-4	9.0332E-3	6.7256E-1
4.3800E-4	9.2773E-3	6.7153E-1
4.3900E-4	9.2773E-3	6.7437E-1
4.4000E-4	9.7656E-3	6.7842E-1
4.4100E-4	1.0010E-2	6.8198E-1
4.4200E-4	1.0254E-2	6.8418E-1
4.4300E-4	8.7891E-3	6.8530E-1
4.4400E-4	9.7656E-3	6.8403E-1
4.4500E-4	9.5215E-3	6.7998E-1
4.4600E-4	9.2773E-3	6.7798E-1
4.4700E-4	9.5215E-3	6.7812E-1
4.4800E-4	9.7656E-3	6.7651E-1
4.4900E-4	1.0010E-2	6.7539E-1
4.5000E-4	9.5215E-3	6.7578E-1
4.5100E-4	9.0332E-3	6.7676E-1
4.5200E-4	1.0254E-2	6.7637E-1
4.5300E-4	9.2773E-3	6.7671E-1
4.5400E-4	9.2773E-3	6.7603E-1
4.5500E-4	9.7656E-3	6.7603E-1
4.5600E-4	9.7656E-3	6.7544E-1
4.5700E-4	9.5215E-3	6.7705E-1
4.5800E-4	9.2773E-3	6.8105E-1
4.5900E-4	9.5215E-3	6.8677E-1
4.6000E-4	9.0332E-3	6.9170E-1
4.6100E-4	9.5215E-3	6.9648E-1
4.6200E-4	9.5215E-3	6.9785E-1
4.6300E-4	9.2773E-3	6.9570E-1
4.6400E-4	9.2773E-3	6.9326E-1
4.6500E-4	1.0254E-2	6.9365E-1
4.6600E-4	9.2773E-3	6.9629E-1
4.6700E-4	9.0332E-3	7.0259E-1
4.6800E-4	9.5215E-3	7.1147E-1
4.6900E-4	9.5215E-3	7.1963E-1
4.7000E-4	9.7656E-3	7.2710E-1
4.7100E-4	9.0332E-3	7.3164E-1
4.7200E-4	9.2773E-3	7.3545E-1
4.7300E-4	9.5215E-3	7.3906E-1
4.7400E-4	9.2773E-3	7.4360E-1
4.7500E-4	9.5215E-3	7.4756E-1
4.7600E-4	9.2773E-3	7.5283E-1
4.7700E-4	9.5215E-3	7.5752E-1
4.7800E-4	9.5215E-3	7.5942E-1
4.7900E-4	9.7656E-3	7.6006E-1
4.8000E-4	9.7656E-3	7.5830E-1
4.8100E-4	9.7656E-3	7.5654E-1
4.8200E-4	9.7656E-3	7.5503E-1
4.8300E-4	9.5215E-3	7.5562E-1
4.8400E-4	1.0010E-2	7.5513E-1
4.8500E-4	9.2773E-3	7.5542E-1
4.8600E-4	9.5215E-3	7.5386E-1
4.8700E-4	9.5215E-3	7.5190E-1
4.8800E-4	1.0010E-2	7.4868E-1
4.8900E-4	9.0332E-3	7.4814E-1
4.9000E-4	9.2773E-3	7.4761E-1
4.9100E-4	9.0332E-3	7.4600E-1
4.9200E-4	9.2773E-3	7.4370E-1
4.9300E-4	1.0010E-2	7.4067E-1
4.9400E-4	1.0010E-2	7.3687E-1
4.9500E-4	9.2773E-3	7.3403E-1
4.9600E-4	9.5215E-3	7.3403E-1
4.9700E-4	9.5215E-3	7.3613E-1
4.9800E-4	9.2773E-3	7.3994E-1
4.9900E-4	9.0332E-3	7.4268E-1
5.0000E-4	9.0332E-3	7.4536E-1
5.0100E-4	9.2773E-3	7.4595E-1
5.0200E-4	1.0010E-2	7.4326E-1
5.0300E-4	8.7891E-3	7.3882E-1
5.0400E-4	8.7891E-3	7.3560E-1
5.0500E-4	9.2773E-3	7.3159E-1
5.0600E-4	9.5215E-3	7.2910E-1
5.0700E-4	9.5215E-3	7.2788E-1
5.0800E-4	9.2773E-3	7.2876E-1
5.0900E-4	9.2773E-3	7.2896E-1
5.1000E-4	9.5215E-3	7.2954E-1
5.1100E-4	9.2773E-3	7.2769E-1
5.1200E-4	9.5215E-3	7.2671E-1
5.1300E-4	8.7891E-3	7.2378E-1
5.1400E-4	9.5215E-3	7.2134E-1
5.1500E-4	9.2773E-3	7.1924E-1
5.1600E-4	9.7656E-3	7.1865E-1
5.1700E-4	9.2773E-3	7.1685E-1
5.1800E-4	9.7656E-3	7.1572E-1
5.1900E-4	9.2773E-3	7.1406E-1
5.2000E-4	9.2773E-3	7.1104E-1
5.2100E-4	9.0332E-3	7.0840E-1
5.2200E-4	9.5215E-3	7.0591E-1
5.2300E-4	9.5215E-3	7.0361E-1
5.2400E-4	9.5215E-3	7.0142E-1
5.2500E-4	9.5215E-3	7.0122E-1
5.2600E-4	9.7656E-3	7.0234E-1
5.2700E-4	9.5215E-3	7.0449E-1
5.2800E-4	9.5215E-3	7.0688E-1
5.2900E-4	9.0332E-3	7.1040E-1
5.3000E-4	9.0332E-3	7.1416E-1
5.3100E-4	9.7656E-3	7.1631E-1
5.3200E-4	9.0332E-3	7.1621E-1
5.3300E-4	9.2773E-3	7.1743E-1
5.3400E-4	9.2773E-3	7.1611E-1
5.3500E-4	9.2773E-3	7.1309E-1
5.3600E-4	9.5215E-3	7.0967E-1
5.3700E-4	9.5215E-3	7.0610E-1
5.3800E-4	9.2773E-3	7.0103E-1
5.3900E-4	1.0010E-2	6.9688E-1
5.4000E-4	9.5215E-3	6.9272E-1
5.4100E-4	9.5215E-3	6.8911E-1
5.4200E-4	1.0010E-2	6.8760E-1
5.4300E-4	9.2773E-3	6.8638E-1
5.4400E-4	9.2773E-3	6.8516E-1
5.4500E-4	8.7891E-3	6.8521E-1
5.4600E-4	9.5215E-3	6.8433E-1
5.4700E-4	9.2773E-3	6.8276E-1
5.4800E-4	9.0332E-3	6.8062E-1
5.4900E-4	9.0332E-3	6.7778E-1
5.5000E-4	9.2773E-3	6.7529E-1
5.5100E-4	9.2773E-3	6.7383E-1
5.5200E-4	9.2773E-3	6.7300E-1
5.5300E-4	9.5215E-3	6.7285E-1
5.5400E-4	9.7656E-3	6.7554E-1
5.5500E-4	9.5215E-3	6.7764E-1
5.5600E-4	9.2773E-3	6.7998E-1
5.5700E-4	9.7656E-3	6.8247E-1
5.5800E-4	9.5215E-3	6.8467E-1
5.5900E-4	9.2773E-3	6.8535E-1
5.6000E-4	9.5215E-3	6.8599E-1
5.6100E-4	9.5215E-3	6.8726E-1
5.6200E-4	8.7891E-3	6.8608E-1
5.6300E-4	9.5215E-3	6.8540E-1
5.6400E-4	9.2773E-3	6.8340E-1
5.6500E-4	1.0010E-2	6.8325E-1
5.6600E-4	9.2773E-3	6.8267E-1
5.6700E-4	9.5215E-3	6.8481E-1
5.6800E-4	9.2773E-3	6.8667E-1
5.6900E-4	9.5215E-3	6.8965E-1
5.7000E-4	9.5215E-3	6.9048E-1
5.7100E-4	9.2773E-3	6.9087E-1
5.7200E-4	9.7656E-3	6.9009E-1
5.7300E-4	9.5215E-3	6.8940E-1
5.7400E-4	9.0332E-3	6.9126E-1
5.7500E-4	9.7656E-3	6.9282E-1
5.7600E-4	1.0010E-2	6.9556E-1
5.7700E-4	9.2773E-3	6.9868E-1
5.7800E-4	9.2773E-3	7.0264E-1
5.7900E-4	9.7656E-3	7.0322E-1
5.8000E-4	9.5215E-3	7.0479E-1
5.8100E-4	9.5215E-3	7.0723E-1
5.8200E-4	9.5215E-3	7.1025E-1
5.8300E-4	1.0010E-2	7.1099E-1
5.8400E-4	9.5215E-3	7.1304E-1
5.8500E-4	9.5215E-3	7.1426E-1
5.8600E-4	9.7656E-3	7.1348E-1
5.8700E-4	9.5215E-3	7.1284E-1
5.8800E-4	9.2773E-3	7.1450E-1
5.8900E-4	9.7656E-3	7.1592E-1
5.9000E-4	9.0332E-3	7.1738E-1
5.9100E-4	9.2773E-3	7.1895E-1
5.9200E-4	9.7656E-3	7.2168E-1
5.9300E-4	9.5215E-3	7.2397E-1
5.9400E-4	9.5215E-3	7.2690E-1
5.9500E-4	1.0010E-2	7.3218E-1
5.9600E-4	9.2773E-3	7.3813E-1
5.9700E-4	9.2773E-3	7.4360E-1
5.9800E-4	9.2773E-3	7.4868E-1
5.9900E-4	9.5215E-3	7.5273E-1
6.0000E-4	9.2773E-3	7.5591E-1
6.0100E-4	9.7656E-3	7.5840E-1
6.0200E-4	1.0010E-2	7.5972E-1
6.0300E-4	9.5215E-3	7.6108E-1
6.0400E-4	9.5215E-3	7.6245E-1
6.0500E-4	9.0332E-3	7.6362E-1
6.0600E-4	9.2773E-3	7.6577E-1
6.0700E-4	9.7656E-3	7.6895E-1
6.0800E-4	9.5215E-3	7.7100E-1
6.0900E-4	9.5215E-3	7.7422E-1
6.1000E-4	9.0332E-3	7.7686E-1
6.1100E-4	9.2773E-3	7.7812E-1
6.1200E-4	1.0010E-2	7.7939E-1
6.1300E-4	9.2773E-3	7.8047E-1
6.1400E-4	9.2773E-3	7.8018E-1
6.1500E-4	1.0010E-2	7.7915E-1
6.1600E-4	1.0010E-2	7.7905E-1
6.1700E-4	1.0254E-2	7.7676E-1
6.1800E-4	9.2773E-3	7.7666E-1
6.1900E-4	9.5215E-3	7.7910E-1
6.2000E-4	9.2773E-3	7.8120E-1
6.2100E-4	1.0010E-2	7.8188E-1
6.2200E-4	9.5215E-3	7.8301E-1
6.2300E-4	9.7656E-3	7.8232E-1
6.2400E-4	9.5215E-3	7.7993E-1
6.2500E-4	9.2773E-3	7.7886E-1
6.2600E-4	9.2773E-3	7.7832E-1
6.2700E-4	9.2773E-3	7.7710E-1
6.2800E-4	9.7656E-3	7.7607E-1
6.2900E-4	9.7656E-3	7.7334E-1
6.3000E-4	9.7656E-3	7.7017E-1
6.3100E-4	9.2773E-3	7.6660E-1
6.3200E-4	8.7891E-3	7.6313E-1
6.3300E-4	9.2773E-3	7.5947E-1
6.3400E-4	9.7656E-3	7.5732E-1
6.3500E-4	9.2773E-3	7.5703E-1
6.3600E-4	1.0010E-2	7.5576E-1
6.3700E-4	8.5449E-3	7.5566E-1
6.3800E-4	9.2773E-3	7.5454E-1
6.3900E-4	8.5449E-3	7.5386E-1
6.4000E-4	1.0254E-2	7.4917E-1
6.4100E-4	9.0332E-3	7.4443E-1
6.4200E-4	1.0254E-2	7.3828E-1
6.4300E-4	8.7891E-3	7.3232E-1
6.4400E-4	9.2773E-3	7.2476E-1
6.4500E-4	1.0010E-2	7.2002E-1
6.4600E-4	9.5215E-3	7.1699E-1
6.4700E-4	8.7891E-3	7.1680E-1
6.4800E-4	1.0010E-2	7.1846E-1
6.4900E-4	9.0332E-3	7.1968E-1
6.5000E-4	9.0332E-3	7.1963E-1
6.5100E-4	9.0332E-3	7.1807E-1
6.5200E-4	1.0254E-2	7.1353E-1
6.5300E-4	9.5215E-3	7.0815E-1
6.5400E-4	9.2773E-3	7.0273E-1
6.5500E-4	9.5215E-3	6.9741E-1
6.5600E-4	9.2773E-3	6.9194E-1
6.5700E-4	9.0332E-3	6.8911E-1
6.5800E-4	9.5215E-3	6.8584E-1
6.5900E-4	1.0010E-2	6.8433E-1
6.6000E-4	9.7656E-3	6.8105E-1
6.6100E-4	9.5215E-3	6.7910E-1
6.6200E-4	1.0254E-2	6.7490E-1
6.6300E-4	9.5215E-3	6.7085E-1
6.6400E-4	9.5215E-3	6.6563E-1
6.6500E-4	9.5215E-3	6.6118E-1
6.6600E-4	9.7656E-3	6.5601E-1
6.6700E-4	9.0332E-3	6.4937E-1
6.6800E-4	9.2773E-3	6.4331E-1
6.6900E-4	9.2773E-3	6.3774E-1
6.7000E-4	9.2773E-3	6.3208E-1
6.7100E-4	9.5215E-3	6.2588E-1
6.7200E-4	9.2773E-3	6.2036E-1
6.7300E-4	9.0332E-3	6.1328E-1
6.7400E-4	9.2773E-3	6.0752E-1
6.7500E-4	8.7891E-3	6.0322E-1
6.7600E-4	9.5215E-3	6.0093E-1
6.7700E-4	9.5215E-3	6.0034E-1
6.7800E-4	9.2773E-3	6.0015E-1
6.7900E-4	9.5215E-3	5.9902E-1
6.8000E-4	9.5215E-3	5.9800E-1
6.8100E-4	9.0332E-3	5.9585E-1
6.8200E-4	9.5215E-3	5.9517E-1
6.8300E-4	9.0332E-3	5.9507E-1
6.8400E-4	1.0010E-2	5.9351E-1
6.8500E-4	8.7891E-3	5.8999E-1
6.8600E-4	9.5215E-3	5.8696E-1
6.8700E-4	1.0010E-2	5.8154E-1
6.8800E-4	9.2773E-3	5.7661E-1
6.8900E-4	9.2773E-3	5.7148E-1
6.9000E-4	9.2773E-3	5.6777E-1
6.9100E-4	9.2773E-3	5.6523E-1
6.9200E-4	9.5215E-3	5.6030E-1
6.9300E-4	9.5215E-3	5.5659E-1
6.9400E-4	9.2773E-3	5.5371E-1
6.9500E-4	9.5215E-3	5.5195E-1
6.9600E-4	9.2773E-3	5.4927E-1
6.9700E-4	9.0332E-3	5.5078E-1
6.9800E-4	9.5215E-3	5.4893E-1
6.9900E-4	9.5215E-3	5.4731E-1
7.0000E-4	9.0332E-3	5.4590E-1
7.0100E-4	9.5215E-3	5.4277E-1
7.0200E-4	1.0010E-2	5.3882E-1
7.0300E-4	9.2773E-3	5.3794E-1
7.0400E-4	9.7656E-3	5.3730E-1
7.0500E-4	9.7656E-3	5.3438E-1
7.0600E-4	9.7656E-3	5.3281E-1
7.0700E-4	9.0332E-3	5.3174E-1
7.0800E-4	1.0254E-2	5.2832E-1
7.0900E-4	9.2773E-3	5.2412E-1
7.1000E-4	9.7656E-3	5.1978E-1
7.1100E-4	9.2773E-3	5.1514E-1
7.1200E-4	1.0254E-2	5.1191E-1
7.1300E-4	9.5215E-3	5.1133E-1
7.1400E-4	9.2773E-3	5.1182E-1
7.1500E-4	9.2773E-3	5.1597E-1
7.1600E-4	9.5215E-3	5.2119E-1
7.1700E-4	9.2773E-3	5.2266E-1
7.1800E-4	9.7656E-3	5.2300E-1
7.1900E-4	9.2773E-3	5.2134E-1
7.2000E-4	1.0010E-2	5.1655E-1
7.2100E-4	9.5215E-3	5.1255E-1
7.2200E-4	9.5215E-3	5.1050E-1
7.2300E-4	9.0332E-3	5.0654E-1
7.2400E-4	9.5215E-3	5.0381E-1
7.2500E-4	9.7656E-3	5.0259E-1
7.2600E-4	9.7656E-3	4.9980E-1
7.2700E-4	9.2773E-3	4.9761E-1
7.2800E-4	9.7656E-3	4.9683E-1
7.2900E-4	9.5215E-3	4.9829E-1
7.3000E-4	1.0010E-2	5.0000E-1
7.3100E-4	9.0332E-3	5.0298E-1
7.3200E-4	9.5215E-3	5.0703E-1
7.3300E-4	9.5215E-3	5.1260E-1
7.3400E-4	9.5215E-3	5.1650E-1
7.3500E-4	9.7656E-3	5.1973E-1
7.3600E-4	9.5215E-3	5.2202E-1
7.3700E-4	9.5215E-3	5.2300E-1
7.3800E-4	9.5215E-3	5.2070E-1
7.3900E-4	9.0332E-3	5.1968E-1
7.4000E-4	9.5215E-3	5.1816E-1
7.4100E-4	9.0332E-3	5.1636E-1
7.4200E-4	9.7656E-3	5.1357E-1
7.4300E-4	9.2773E-3	5.1411E-1
7.4400E-4	9.0332E-3	5.1362E-1
7.4500E-4	9.2773E-3	5.1299E-1
7.4600E-4	9.7656E-3	5.1328E-1
7.4700E-4	9.5215E-3	5.1489E-1
7.4800E-4	1.0010E-2	5.1606E-1
7.4900E-4	9.0332E-3	5.1641E-1
7.5000E-4	9.7656E-3	5.1709E-1
7.5100E-4	9.5215E-3	5.1689E-1
7.5200E-4	1.0010E-2	5.1655E-1
7.5300E-4	9.0332E-3	5.1431E-1
7.5400E-4	9.5215E-3	5.1255E-1
7.5500E-4	9.7656E-3	5.1050E-1
7.5600E-4	9.5215E-3	5.0981E-1
7.5700E-4	8.7891E-3	5.0908E-1
7.5800E-4	9.5215E-3	5.0894E-1
7.5900E-4	9.5215E-3	5.0898E-1
7.6000E-4	9.2773E-3	5.1069E-1
7.6100E-4	9.5215E-3	5.1250E-1
7.6200E-4	9.5215E-3	5.1406E-1
7.6300E-4	9.7656E-3	5.1553E-1
7.6400E-4	1.0010E-2	5.1724E-1
7.6500E-4	9.0332E-3	5.1743E-1
7.6600E-4	9.2773E-3	5.1631E-1
7.6700E-4	9.2773E-3	5.1533E-1
7.6800E-4	9.0332E-3	5.1460E-1
7.6900E-4	9.2773E-3	5.1504E-1
7.7000E-4	9.5215E-3	5.1685E-1
7.7100E-4	9.2773E-3	5.2129E-1
7.7200E-4	9.7656E-3	5.2476E-1
7.7300E-4	9.5215E-3	5.2856E-1
7.7400E-4	9.5215E-3	5.3105E-1
7.7500E-4	9.5215E-3	5.3223E-1
7.7600E-4	9.0332E-3	5.3101E-1
7.7700E-4	9.2773E-3	5.3223E-1
7.7800E-4	1.0010E-2	5.3579E-1
7.7900E-4	9.7656E-3	5.4165E-1
7.8000E-4	9.7656E-3	5.4902E-1
7.8100E-4	9.7656E-3	5.5635E-1
7.8200E-4	9.2773E-3	5.6304E-1
7.8300E-4	9.5215E-3	5.6895E-1
7.8400E-4	9.2773E-3	5.7539E-1
7.8500E-4	9.7656E-3	5.8091E-1
7.8600E-4	1.0254E-2	5.8906E-1
7.8700E-4	1.0010E-2	5.9600E-1
7.8800E-4	9.2773E-3	6.0254E-1
7.8900E-4	9.5215E-3	6.0825E-1
7.9000E-4	9.5215E-3	6.1357E-1
7.9100E-4	1.0010E-2	6.1787E-1
7.9200E-4	9.5215E-3	6.2271E-1
7.9300E-4	9.2773E-3	6.2744E-1
7.9400E-4	9.7656E-3	6.2964E-1
7.9500E-4	9.2773E-3	6.3242E-1
7.9600E-4	9.7656E-3	6.3296E-1
7.9700E-4	1.0010E-2	6.3340E-1
7.9800E-4	9.2773E-3	6.3325E-1
7.9900E-4	9.2773E-3	6.3496E-1
8.0000E-4	9.5215E-3	6.3535E-1
8.0100E-4	9.7656E-3	6.3589E-1
8.0200E-4	9.5215E-3	6.3701E-1
8.0300E-4	9.2773E-3	6.3921E-1
8.0400E-4	9.2773E-3	6.4102E-1
8.0500E-4	9.5215E-3	6.4360E-1
8.0600E-4	9.5215E-3	6.4814E-1
8.0700E-4	9.5215E-3	6.5059E-1
8.0800E-4	9.5215E-3	6.5054E-1
8.0900E-4	9.2773E-3	6.5054E-1
8.1000E-4	9.2773E-3	6.5273E-1
8.1100E-4	9.7656E-3	6.5376E-1
8.1200E-4	9.5215E-3	6.5557E-1
8.1300E-4	9.5215E-3	6.5908E-1
8.1400E-4	9.5215E-3	6.6162E-1
8.1500E-4	1.0254E-2	6.6226E-1
8.1600E-4	9.0332E-3	6.6235E-1
8.1700E-4	1.0010E-2	6.6318E-1
8.1800E-4	9.7656E-3	6.6587E-1
8.1900E-4	9.2773E-3	6.6875E-1
8.2000E-4	1.0010E-2	6.7300E-1
8.2100E-4	9.2773E-3	6.7993E-1
8.2200E-4	9.5215E-3	6.8745E-1
8.2300E-4	9.0332E-3	6.9238E-1
8.2400E-4	9.5215E-3	6.9702E-1
8.2500E-4	9.0332E-3	6.9966E-1
8.2600E-4	9.5215E-3	7.0176E-1
8.2700E-4	9.7656E-3	7.0386E-1
8.2800E-4	9.5215E-3	7.0664E-1
8.2900E-4	9.0332E-3	7.1104E-1
8.3000E-4	9.5215E-3	7.1733E-1
8.3100E-4	1.0254E-2	7.2212E-1
8.3200E-4	9.2773E-3	7.2832E-1
8.3300E-4	9.2773E-3	7.3379E-1
8.3400E-4	9.7656E-3	7.3799E-1
8.3500E-4	9.7656E-3	7.4043E-1
8.3600E-4	9.7656E-3	7.4263E-1
8.3700E-4	9.2773E-3	7.4448E-1
8.3800E-4	9.5215E-3	7.4863E-1
8.3900E-4	9.5215E-3	7.5166E-1
8.4000E-4	9.5215E-3	7.5425E-1
8.4100E-4	9.5215E-3	7.5664E-1
8.4200E-4	1.0010E-2	7.5405E-1
8.4300E-4	9.5215E-3	7.4756E-1
8.4400E-4	1.0010E-2	7.4072E-1
8.4500E-4	9.7656E-3	7.3438E-1
8.4600E-4	9.2773E-3	7.2764E-1
8.4700E-4	9.7656E-3	7.2363E-1
8.4800E-4	9.2773E-3	7.2192E-1
8.4900E-4	1.0254E-2	7.2334E-1
8.5000E-4	9.2773E-3	7.2632E-1
8.5100E-4	9.2773E-3	7.3149E-1
8.5200E-4	9.5215E-3	7.3755E-1
8.5300E-4	9.5215E-3	7.4248E-1
8.5400E-4	1.0010E-2	7.4355E-1
8.5500E-4	1.0254E-2	7.4116E-1
8.5600E-4	9.7656E-3	7.3486E-1
8.5700E-4	9.2773E-3	7.2764E-1
8.5800E-4	9.7656E-3	7.2002E-1
8.5900E-4	9.0332E-3	7.1406E-1
8.6000E-4	9.0332E-3	7.0854E-1
8.6100E-4	9.7656E-3	7.0474E-1
8.6200E-4	9.7656E-3	7.0142E-1
8.6300E-4	1.0010E-2	6.9883E-1
8.6400E-4	9.5215E-3	6.9580E-1
8.6500E-4	9.5215E-3	6.9268E-1
8.6600E-4	9.0332E-3	6.8877E-1
8.6700E-4	9.2773E-3	6.8584E-1
8.6800E-4	9.5215E-3	6.8218E-1
8.6900E-4	9.7656E-3	6.8013E-1
8.7000E-4	9.5215E-3	6.7930E-1
8.7100E-4	9.2773E-3	6.7720E-1
8.7200E-4	9.7656E-3	6.7451E-1
8.7300E-4	9.2773E-3	6.7407E-1
8.7400E-4	9.5215E-3	6.7339E-1
8.7500E-4	8.7891E-3	6.7085E-1
8.7600E-4	9.7656E-3	6.7124E-1
8.7700E-4	9.0332E-3	6.7075E-1
8.7800E-4	9.7656E-3	6.6743E-1
8.7900E-4	8.7891E-3	6.6421E-1
8.8000E-4	9.2773E-3	6.6411E-1
8.8100E-4	9.5215E-3	6.6387E-1
8.8200E-4	9.2773E-3	6.6528E-1
8.8300E-4	9.2773E-3	6.6885E-1
8.8400E-4	9.2773E-3	6.7212E-1
8.8500E-4	9.2773E-3	6.7422E-1
8.8600E-4	1.0010E-2	6.7549E-1
8.8700E-4	9.0332E-3	6.7661E-1
8.8800E-4	9.2773E-3	6.7681E-1
8.8900E-4	9.2773E-3	6.7671E-1
8.9000E-4	9.5215E-3	6.7827E-1
8.9100E-4	9.5215E-3	6.7954E-1
8.9200E-4	9.5215E-3	6.8164E-1
8.9300E-4	9.5215E-3	6.8379E-1
8.9400E-4	9.5215E-3	6.8486E-1
8.9500E-4	9.5215E-3	6.8604E-1
8.9600E-4	9.0332E-3	6.8701E-1
8.9700E-4	9.5215E-3	6.8813E-1
8.9800E-4	1.0010E-2	6.8921E-1
8.9900E-4	9.2773E-3	6.8940E-1
9.0000E-4	9.2773E-3	6.8730E-1
9.0100E-4	8.3008E-3	6.8437E-1
9.0200E-4	9.2773E-3	6.7983E-1
9.0300E-4	9.2773E-3	6.7598E-1
9.0400E-4	9.7656E-3	6.7310E-1
9.0500E-4	9.2773E-3	6.6860E-1
9.0600E-4	9.5215E-3	6.6460E-1
9.0700E-4	9.2773E-3	6.5991E-1
9.0800E-4	1.0010E-2	6.5459E-1
9.0900E-4	9.0332E-3	6.4980E-1
9.1000E-4	9.5215E-3	6.4834E-1
9.1100E-4	9.7656E-3	6.4854E-1
9.1200E-4	9.5215E-3	6.4795E-1
9.1300E-4	9.7656E-3	6.4717E-1
9.1400E-4	9.2773E-3	6.4761E-1
9.1500E-4	9.0332E-3	6.4644E-1
9.1600E-4	9.7656E-3	6.4316E-1
9.1700E-4	9.0332E-3	6.4224E-1
9.1800E-4	9.0332E-3	6.4146E-1
9.1900E-4	9.5215E-3	6.4189E-1
9.2000E-4	9.0332E-3	6.4473E-1
9.2100E-4	9.7656E-3	6.4863E-1
9.2200E-4	9.5215E-3	6.4946E-1
9.2300E-4	9.5215E-3	6.5107E-1
9.2400E-4	9.0332E-3	6.5176E-1
9.2500E-4	9.5215E-3	6.4971E-1
9.2600E-4	1.0010E-2	6.4805E-1
9.2700E-4	9.5215E-3	6.4790E-1
9.2800E-4	9.2773E-3	6.4785E-1
9.2900E-4	9.7656E-3	6.4878E-1
9.3000E-4	9.7656E-3	6.5142E-1
9.3100E-4	9.2773E-3	6.5718E-1
9.3200E-4	9.5215E-3	6.6372E-1
9.3300E-4	9.7656E-3	6.6973E-1
9.3400E-4	9.5215E-3	6.7339E-1
9.3500E-4	9.0332E-3	6.7690E-1
9.3600E-4	9.2773E-3	6.7764E-1
9.3700E-4	9.2773E-3	6.7793E-1
9.3800E-4	9.2773E-3	6.7827E-1
9.3900E-4	9.0332E-3	6.7974E-1
9.4000E-4	9.5215E-3	6.8384E-1
9.4100E-4	9.5215E-3	6.8950E-1
9.4200E-4	9.5215E-3	6.9678E-1
9.4300E-4	9.2773E-3	7.0610E-1
9.4400E-4	1.0254E-2	7.1592E-1
9.4500E-4	9.2773E-3	7.2305E-1
9.4600E-4	9.2773E-3	7.2969E-1
9.4700E-4	1.0010E-2	7.3418E-1
9.4800E-4	1.0010E-2	7.3560E-1
9.4900E-4	8.7891E-3	7.3569E-1
9.5000E-4	9.5215E-3	7.3501E-1
9.5100E-4	9.0332E-3	7.3511E-1
9.5200E-4	9.5215E-3	7.3330E-1
9.5300E-4	9.5215E-3	7.3101E-1
9.5400E-4	1.0254E-2	7.2925E-1
9.5500E-4	9.5215E-3	7.2783E-1
9.5600E-4	9.5215E-3	7.2324E-1
9.5700E-4	9.7656E-3	7.2031E-1
9.5800E-4	9.7656E-3	7.1689E-1
9.5900E-4	9.2773E-3	7.1436E-1
9.6000E-4	9.5215E-3	7.1279E-1
9.6100E-4	9.7656E-3	7.1240E-1
9.6200E-4	9.2773E-3	7.1396E-1
9.6300E-4	9.2773E-3	7.1836E-1
9.6400E-4	9.2773E-3	7.2368E-1
9.6500E-4	9.2773E-3	7.2974E-1
9.6600E-4	9.7656E-3	7.3374E-1
9.6700E-4	1.0010E-2	7.3618E-1
9.6800E-4	9.0332E-3	7.3740E-1
9.6900E-4	9.5215E-3	7.3618E-1
9.7000E-4	9.5215E-3	7.3315E-1
9.7100E-4	9.0332E-3	7.3154E-1
9.7200E-4	1.0010E-2	7.3169E-1
9.7300E-4	9.5215E-3	7.3184E-1
9.7400E-4	9.7656E-3	7.3022E-1
9.7500E-4	9.2773E-3	7.2920E-1
9.7600E-4	9.7656E-3	7.3115E-1
9.7700E-4	9.0332E-3	7.3340E-1
9.7800E-4	9.0332E-3	7.3623E-1
9.7900E-4	9.7656E-3	7.4180E-1
9.8000E-4	9.2773E-3	7.4829E-1
9.8100E-4	1.0010E-2	7.5229E-1
9.8200E-4	8.7891E-3	7.5410E-1
9.8300E-4	9.2773E-3	7.5420E-1
9.8400E-4	9.5215E-3	7.5303E-1
9.8500E-4	9.5215E-3	7.5127E-1
9.8600E-4	9.0332E-3	7.5044E-1
9.8700E-4	9.2773E-3	7.4917E-1
9.8800E-4	9.2773E-3	7.4990E-1
9.8900E-4	9.7656E-3	7.5146E-1
9.9000E-4	9.0332E-3	7.5220E-1
9.9100E-4	9.2773E-3	7.5283E-1
9.9200E-4	9.5215E-3	7.5601E-1
9.9300E-4	9.2773E-3	7.5928E-1
9.9400E-4	9.5215E-3	7.6255E-1
9.9500E-4	9.5215E-3	7.6445E-1
9.9600E-4	1.0010E-2	7.6631E-1
9.9700E-4	9.5215E-3	7.6582E-1
9.9800E-4	9.2773E-3	7.6582E-1
9.9900E-4	9.5215E-3	7.6582E-1
