Time [s]	Aux in [V]	Main in [V]
0.0000E+0	9.2773E-3	6.6758E-1
1.0000E-6	9.2773E-3	6.6729E-1
2.0000E-6	9.5215E-3	6.6914E-1
3.0000E-6	1.0010E-2	6.7021E-1
4.0000E-6	9.5215E-3	6.7290E-1
5.0000E-6	9.2773E-3	6.7500E-1
6.0000E-6	9.2773E-3	6.7622E-1
7.0000E-6	9.2773E-3	6.7476E-1
8.0000E-6	1.0010E-2	6.7305E-1
9.0000E-6	9.7656E-3	6.7007E-1
1.0000E-5	9.5215E-3	6.6646E-1
1.1000E-5	9.7656E-3	6.6411E-1
1.2000E-5	9.2773E-3	6.6108E-1
1.3000E-5	1.0498E-2	6.5859E-1
1.4000E-5	1.0498E-2	6.5605E-1
1.5000E-5	9.0332E-3	6.5405E-1
1.6000E-5	9.7656E-3	6.5186E-1
1.7000E-5	9.5215E-3	6.5044E-1
1.8000E-5	9.5215E-3	6.4805E-1
1.9000E-5	9.2773E-3	6.4634E-1
2.0000E-5	9.2773E-3	6.4541E-1
2.1000E-5	9.5215E-3	6.4438E-1
2.2000E-5	1.0010E-2	6.4336E-1
2.3000E-5	9.5215E-3	6.4307E-1
2.4000E-5	9.2773E-3	6.4258E-1
2.5000E-5	9.2773E-3	6.4082E-1
2.6000E-5	9.2773E-3	6.3569E-1
2.7000E-5	9.7656E-3	6.3169E-1
2.8000E-5	9.2773E-3	6.2915E-1
2.9000E-5	9.5215E-3	6.2383E-1
3.0000E-5	9.5215E-3	6.2090E-1
3.1000E-5	9.2773E-3	6.2046E-1
3.2000E-5	9.5215E-3	6.1943E-1
3.3000E-5	1.0010E-2	6.1826E-1
3.4000E-5	8.7891E-3	6.2007E-1
3.5000E-5	9.5215E-3	6.2017E-1
3.6000E-5	9.2773E-3	6.1919E-1
3.7000E-5	9.0332E-3	6.1880E-1
3.8000E-5	9.2773E-3	6.1670E-1
3.9000E-5	9.5215E-3	6.1353E-1
4.0000E-5	9.7656E-3	6.1133E-1
4.1000E-5	9.5215E-3	6.0923E-1
4.2000E-5	9.5215E-3	6.0640E-1
4.3000E-5	9.5215E-3	6.0430E-1
4.4000E-5	9.2773E-3	6.0151E-1
4.5000E-5	9.0332E-3	5.9956E-1
4.6000E-5	9.2773E-3	6.0142E-1
4.7000E-5	9.5215E-3	6.0244E-1
4.8000E-5	9.2773E-3	6.0249E-1
4.9000E-5	9.5215E-3	6.0464E-1
5.0000E-5	9.5215E-3	6.0615E-1
5.1000E-5	9.5215E-3	6.0449E-1
5.2000E-5	9.7656E-3	6.0386E-1
5.3000E-5	9.5215E-3	6.0464E-1
5.4000E-5	9.7656E-3	6.0488E-1
5.5000E-5	9.5215E-3	6.0347E-1
5.6000E-5	9.7656E-3	6.0024E-1
5.7000E-5	9.5215E-3	5.9790E-1
5.8000E-5	9.5215E-3	5.9502E-1
5.9000E-5	1.0498E-2	5.9282E-1
6.0000E-5	9.2773E-3	5.9111E-1
6.1000E-5	9.5215E-3	5.9243E-1
6.2000E-5	9.5215E-3	5.9409E-1
6.3000E-5	9.5215E-3	5.9702E-1
6.4000E-5	9.5215E-3	5.9956E-1
6.5000E-5	9.7656E-3	6.0376E-1
6.6000E-5	9.5215E-3	6.0879E-1
6.7000E-5	1.0010E-2	6.1289E-1
6.8000E-5	9.7656E-3	6.1650E-1
6.9000E-5	9.0332E-3	6.1816E-1
7.0000E-5	9.2773E-3	6.1880E-1
7.1000E-5	9.5215E-3	6.1870E-1
7.2000E-5	9.5215E-3	6.1743E-1
7.3000E-5	9.2773E-3	6.1431E-1
7.4000E-5	9.7656E-3	6.1250E-1
7.5000E-5	9.7656E-3	6.1138E-1
7.6000E-5	9.5215E-3	6.0898E-1
7.7000E-5	9.2773E-3	6.0889E-1
7.8000E-5	1.0010E-2	6.1089E-1
7.9000E-5	9.7656E-3	6.1372E-1
8.0000E-5	1.0010E-2	6.1694E-1
8.1000E-5	9.0332E-3	6.2090E-1
8.2000E-5	8.5449E-3	6.2402E-1
8.3000E-5	9.2773E-3	6.2759E-1
8.4000E-5	9.5215E-3	6.2949E-1
8.5000E-5	9.5215E-3	6.2998E-1
8.6000E-5	9.5215E-3	6.3149E-1
8.7000E-5	9.7656E-3	6.3418E-1
8.8000E-5	1.0254E-2	6.3662E-1
8.9000E-5	9.5215E-3	6.3926E-1
9.0000E-5	9.5215E-3	6.4390E-1
9.1000E-5	9.7656E-3	6.4771E-1
9.2000E-5	9.5215E-3	6.4907E-1
9.3000E-5	9.2773E-3	6.5103E-1
9.4000E-5	9.2773E-3	6.5376E-1
9.5000E-5	9.2773E-3	6.5518E-1
9.6000E-5	1.0010E-2	6.5703E-1
9.7000E-5	9.2773E-3	6.6016E-1
9.8000E-5	9.0332E-3	6.6270E-1
9.9000E-5	8.7891E-3	6.6660E-1
1.0000E-4	9.0332E-3	6.7188E-1
1.0100E-4	9.2773E-3	6.7607E-1
1.0200E-4	9.7656E-3	6.7910E-1
1.0300E-4	9.0332E-3	6.8110E-1
1.0400E-4	9.5215E-3	6.8276E-1
1.0500E-4	9.5215E-3	6.8398E-1
1.0600E-4	9.2773E-3	6.8687E-1
1.0700E-4	9.7656E-3	6.9087E-1
1.0800E-4	9.0332E-3	6.9497E-1
1.0900E-4	9.5215E-3	6.9683E-1
1.1000E-4	9.5215E-3	6.9805E-1
1.1100E-4	9.5215E-3	6.9805E-1
1.1200E-4	9.7656E-3	6.9873E-1
1.1300E-4	9.2773E-3	7.0146E-1
1.1400E-4	1.0010E-2	7.0444E-1
1.1500E-4	9.7656E-3	7.0718E-1
1.1600E-4	9.5215E-3	7.0947E-1
1.1700E-4	9.2773E-3	7.1201E-1
1.1800E-4	9.7656E-3	7.1167E-1
1.1900E-4	9.5215E-3	7.1108E-1
1.2000E-4	9.2773E-3	7.1123E-1
1.2100E-4	8.7891E-3	7.1074E-1
1.2200E-4	9.7656E-3	7.0874E-1
1.2300E-4	1.0010E-2	7.0889E-1
1.2400E-4	9.5215E-3	7.1006E-1
1.2500E-4	8.5449E-3	7.1108E-1
1.2600E-4	9.5215E-3	7.1309E-1
1.2700E-4	9.5215E-3	7.1538E-1
1.2800E-4	9.2773E-3	7.1543E-1
1.2900E-4	9.5215E-3	7.1587E-1
1.3000E-4	9.2773E-3	7.1484E-1
1.3100E-4	9.5215E-3	7.1294E-1
1.3200E-4	9.2773E-3	7.1162E-1
1.3300E-4	9.2773E-3	7.1001E-1
1.3400E-4	9.2773E-3	7.0762E-1
1.3500E-4	9.7656E-3	7.0586E-1
1.3600E-4	9.2773E-3	7.0469E-1
1.3700E-4	9.0332E-3	7.0366E-1
1.3800E-4	9.2773E-3	7.0337E-1
1.3900E-4	9.7656E-3	7.0400E-1
1.4000E-4	9.5215E-3	7.0410E-1
1.4100E-4	9.2773E-3	7.0425E-1
1.4200E-4	9.7656E-3	7.0229E-1
1.4300E-4	9.5215E-3	6.9971E-1
1.4400E-4	9.2773E-3	6.9409E-1
1.4500E-4	9.7656E-3	6.8931E-1
1.4600E-4	9.7656E-3	6.8496E-1
1.4700E-4	9.7656E-3	6.8101E-1
1.4800E-4	9.5215E-3	6.7822E-1
1.4900E-4	9.5215E-3	6.7725E-1
1.5000E-4	9.2773E-3	6.7393E-1
1.5100E-4	1.0010E-2	6.7085E-1
1.5200E-4	9.7656E-3	6.6563E-1
1.5300E-4	9.7656E-3	6.6152E-1
1.5400E-4	1.0010E-2	6.5684E-1
1.5500E-4	9.2773E-3	6.5249E-1
1.5600E-4	9.0332E-3	6.4624E-1
1.5700E-4	9.2773E-3	6.4243E-1
1.5800E-4	1.0010E-2	6.3408E-1
1.5900E-4	9.7656E-3	6.2612E-1
1.6000E-4	9.2773E-3	6.1958E-1
1.6100E-4	8.7891E-3	6.1411E-1
1.6200E-4	9.0332E-3	6.0801E-1
1.6300E-4	1.0010E-2	6.0542E-1
1.6400E-4	9.0332E-3	6.0405E-1
1.6500E-4	9.5215E-3	6.0239E-1
1.6600E-4	9.2773E-3	5.9854E-1
1.6700E-4	9.5215E-3	5.9512E-1
1.6800E-4	1.0010E-2	5.8936E-1
1.6900E-4	9.0332E-3	5.8252E-1
1.7000E-4	9.0332E-3	5.7471E-1
1.7100E-4	9.2773E-3	5.6855E-1
1.7200E-4	9.2773E-3	5.6289E-1
1.7300E-4	9.5215E-3	5.6040E-1
1.7400E-4	1.0010E-2	5.5820E-1
1.7500E-4	9.2773E-3	5.5874E-1
1.7600E-4	9.7656E-3	5.5898E-1
1.7700E-4	9.5215E-3	5.5840E-1
1.7800E-4	9.2773E-3	5.5640E-1
1.7900E-4	9.7656E-3	5.5288E-1
1.8000E-4	9.2773E-3	5.4722E-1
1.8100E-4	9.5215E-3	5.4063E-1
1.8200E-4	8.7891E-3	5.3525E-1
1.8300E-4	8.7891E-3	5.2964E-1
1.8400E-4	9.0332E-3	5.2607E-1
1.8500E-4	9.2773E-3	5.2373E-1
1.8600E-4	9.5215E-3	5.2314E-1
1.8700E-4	9.2773E-3	5.2148E-1
1.8800E-4	9.7656E-3	5.1914E-1
1.8900E-4	1.0010E-2	5.1553E-1
1.9000E-4	1.0254E-2	5.1235E-1
1.9100E-4	1.0010E-2	5.0840E-1
1.9200E-4	9.2773E-3	5.0601E-1
1.9300E-4	9.2773E-3	5.0493E-1
1.9400E-4	9.7656E-3	5.0371E-1
1.9500E-4	1.0010E-2	5.0000E-1
1.9600E-4	9.2773E-3	4.9673E-1
1.9700E-4	9.7656E-3	4.9053E-1
1.9800E-4	9.5215E-3	4.8540E-1
1.9900E-4	1.0010E-2	4.8184E-1
2.0000E-4	9.0332E-3	4.7935E-1
2.0100E-4	9.2773E-3	4.7661E-1
2.0200E-4	1.0010E-2	4.7554E-1
2.0300E-4	9.5215E-3	4.7339E-1
2.0400E-4	9.5215E-3	4.7017E-1
2.0500E-4	9.2773E-3	4.6914E-1
2.0600E-4	9.2773E-3	4.6934E-1
2.0700E-4	9.2773E-3	4.7021E-1
2.0800E-4	1.0010E-2	4.7109E-1
2.0900E-4	9.7656E-3	4.7207E-1
2.1000E-4	9.0332E-3	4.7134E-1
2.1100E-4	9.5215E-3	4.6899E-1
2.1200E-4	1.0010E-2	4.6738E-1
2.1300E-4	9.2773E-3	4.6548E-1
2.1400E-4	1.0010E-2	4.6470E-1
2.1500E-4	9.5215E-3	4.6304E-1
2.1600E-4	9.5215E-3	4.6177E-1
2.1700E-4	9.7656E-3	4.5972E-1
2.1800E-4	1.0010E-2	4.5835E-1
2.1900E-4	9.5215E-3	4.5713E-1
2.2000E-4	9.2773E-3	4.5845E-1
2.2100E-4	9.5215E-3	4.6001E-1
2.2200E-4	9.5215E-3	4.6045E-1
2.2300E-4	9.5215E-3	4.5957E-1
2.2400E-4	1.0010E-2	4.5908E-1
2.2500E-4	1.0010E-2	4.5640E-1
2.2600E-4	1.0010E-2	4.5454E-1
2.2700E-4	9.7656E-3	4.5366E-1
2.2800E-4	9.0332E-3	4.5488E-1
2.2900E-4	9.0332E-3	4.5601E-1
2.3000E-4	9.2773E-3	4.5737E-1
2.3100E-4	9.5215E-3	4.5781E-1
2.3200E-4	9.0332E-3	4.5859E-1
2.3300E-4	9.2773E-3	4.5708E-1
2.3400E-4	9.7656E-3	4.5449E-1
2.3500E-4	9.0332E-3	4.5190E-1
2.3600E-4	9.0332E-3	4.5034E-1
2.3700E-4	9.5215E-3	4.4712E-1
2.3800E-4	9.0332E-3	4.4614E-1
2.3900E-4	9.5215E-3	4.4624E-1
2.4000E-4	9.7656E-3	4.4609E-1
2.4100E-4	8.5449E-3	4.4570E-1
2.4200E-4	9.0332E-3	4.4736E-1
2.4300E-4	1.0010E-2	4.4873E-1
2.4400E-4	9.7656E-3	4.4956E-1
2.4500E-4	9.7656E-3	4.5146E-1
2.4600E-4	9.5215E-3	4.5181E-1
2.4700E-4	1.0254E-2	4.5220E-1
2.4800E-4	8.7891E-3	4.5308E-1
2.4900E-4	9.2773E-3	4.5479E-1
2.5000E-4	1.0010E-2	4.5532E-1
2.5100E-4	9.5215E-3	4.5747E-1
2.5200E-4	9.2773E-3	4.5879E-1
2.5300E-4	9.5215E-3	4.5752E-1
2.5400E-4	9.7656E-3	4.5566E-1
2.5500E-4	1.0254E-2	4.5566E-1
2.5600E-4	9.5215E-3	4.5381E-1
2.5700E-4	9.7656E-3	4.5415E-1
2.5800E-4	9.5215E-3	4.5596E-1
2.5900E-4	9.7656E-3	4.5796E-1
2.6000E-4	1.0010E-2	4.5898E-1
2.6100E-4	1.0010E-2	4.6152E-1
2.6200E-4	9.2773E-3	4.6333E-1
2.6300E-4	1.0010E-2	4.6411E-1
2.6400E-4	9.5215E-3	4.6396E-1
2.6500E-4	9.5215E-3	4.6348E-1
2.6600E-4	9.2773E-3	4.6367E-1
2.6700E-4	9.5215E-3	4.6265E-1
2.6800E-4	9.7656E-3	4.6265E-1
2.6900E-4	1.0254E-2	4.6392E-1
2.7000E-4	9.5215E-3	4.6655E-1
2.7100E-4	9.7656E-3	4.6948E-1
2.7200E-4	1.0254E-2	4.7271E-1
2.7300E-4	9.5215E-3	4.7861E-1
2.7400E-4	1.0010E-2	4.8296E-1
2.7500E-4	9.5215E-3	4.8584E-1
2.7600E-4	9.5215E-3	4.8872E-1
2.7700E-4	8.5449E-3	4.9087E-1
2.7800E-4	1.0010E-2	4.9043E-1
2.7900E-4	1.0010E-2	4.9185E-1
2.8000E-4	9.5215E-3	4.9370E-1
2.8100E-4	9.5215E-3	4.9478E-1
2.8200E-4	9.7656E-3	4.9775E-1
2.8300E-4	9.5215E-3	4.9980E-1
2.8400E-4	1.0010E-2	5.0146E-1
2.8500E-4	9.2773E-3	5.0298E-1
2.8600E-4	9.5215E-3	5.0522E-1
2.8700E-4	9.2773E-3	5.0601E-1
2.8800E-4	9.5215E-3	5.0894E-1
2.8900E-4	9.5215E-3	5.1338E-1
2.9000E-4	9.2773E-3	5.1719E-1
2.9100E-4	9.2773E-3	5.2344E-1
2.9200E-4	9.2773E-3	5.2959E-1
2.9300E-4	9.0332E-3	5.3462E-1
2.9400E-4	9.0332E-3	5.3691E-1
2.9500E-4	9.5215E-3	5.3901E-1
2.9600E-4	9.7656E-3	5.3945E-1
2.9700E-4	9.2773E-3	5.4136E-1
2.9800E-4	9.2773E-3	5.4375E-1
2.9900E-4	9.5215E-3	5.4668E-1
3.0000E-4	9.2773E-3	5.5146E-1
3.0100E-4	9.5215E-3	5.5498E-1
3.0200E-4	9.7656E-3	5.5679E-1
3.0300E-4	9.5215E-3	5.5884E-1
3.0400E-4	9.0332E-3	5.6157E-1
3.0500E-4	9.0332E-3	5.6440E-1
3.0600E-4	9.5215E-3	5.6865E-1
3.0700E-4	9.5215E-3	5.7432E-1
3.0800E-4	9.5215E-3	5.7778E-1
3.0900E-4	9.2773E-3	5.8032E-1
3.1000E-4	1.0010E-2	5.8457E-1
3.1100E-4	1.0010E-2	5.8809E-1
3.1200E-4	9.7656E-3	5.9194E-1
3.1300E-4	9.5215E-3	5.9727E-1
3.1400E-4	9.2773E-3	6.0557E-1
3.1500E-4	9.5215E-3	6.1187E-1
3.1600E-4	1.0010E-2	6.1714E-1
3.1700E-4	9.0332E-3	6.2158E-1
3.1800E-4	9.2773E-3	6.2661E-1
3.1900E-4	9.2773E-3	6.2886E-1
3.2000E-4	9.7656E-3	6.3052E-1
3.2100E-4	8.7891E-3	6.3394E-1
3.2200E-4	9.5215E-3	6.3652E-1
3.2300E-4	9.7656E-3	6.3853E-1
3.2400E-4	1.0010E-2	6.4165E-1
3.2500E-4	1.0010E-2	6.4390E-1
3.2600E-4	9.7656E-3	6.4468E-1
3.2700E-4	9.5215E-3	6.4829E-1
3.2800E-4	9.2773E-3	6.5386E-1
3.2900E-4	9.7656E-3	6.5957E-1
3.3000E-4	9.5215E-3	6.6938E-1
3.3100E-4	9.2773E-3	6.7808E-1
3.3200E-4	1.0010E-2	6.8437E-1
3.3300E-4	8.7891E-3	6.8911E-1
3.3400E-4	9.0332E-3	6.9263E-1
3.3500E-4	9.0332E-3	6.9233E-1
3.3600E-4	9.7656E-3	6.9199E-1
3.3700E-4	9.2773E-3	6.9224E-1
3.3800E-4	9.2773E-3	6.9204E-1
3.3900E-4	1.0010E-2	6.9258E-1
3.4000E-4	9.7656E-3	6.9570E-1
3.4100E-4	9.2773E-3	6.9912E-1
3.4200E-4	1.0010E-2	7.0322E-1
3.4300E-4	1.0254E-2	7.0723E-1
3.4400E-4	8.7891E-3	7.1025E-1
3.4500E-4	9.0332E-3	7.1167E-1
3.4600E-4	1.0254E-2	7.1094E-1
3.4700E-4	9.7656E-3	7.0645E-1
3.4800E-4	9.7656E-3	7.0298E-1
3.4900E-4	9.7656E-3	7.0049E-1
3.5000E-4	9.7656E-3	6.9663E-1
3.5100E-4	9.0332E-3	6.9541E-1
3.5200E-4	9.7656E-3	6.9585E-1
3.5300E-4	1.0010E-2	6.9595E-1
3.5400E-4	9.5215E-3	6.9561E-1
3.5500E-4	9.7656E-3	6.9629E-1
3.5600E-4	9.5215E-3	6.9849E-1
3.5700E-4	9.2773E-3	7.0098E-1
3.5800E-4	9.2773E-3	7.0366E-1
3.5900E-4	9.5215E-3	7.0488E-1
3.6000E-4	1.0010E-2	7.0630E-1
3.6100E-4	9.2773E-3	7.0459E-1
3.6200E-4	1.0010E-2	7.0234E-1
3.6300E-4	1.0498E-2	6.9844E-1
3.6400E-4	1.0010E-2	6.9443E-1
3.6500E-4	9.5215E-3	6.8828E-1
3.6600E-4	9.7656E-3	6.8364E-1
3.6700E-4	8.5449E-3	6.7969E-1
3.6800E-4	9.5215E-3	6.7544E-1
3.6900E-4	9.2773E-3	6.7241E-1
3.7000E-4	9.5215E-3	6.7080E-1
3.7100E-4	1.0010E-2	6.7046E-1
3.7200E-4	9.7656E-3	6.6948E-1
3.7300E-4	9.0332E-3	6.6860E-1
3.7400E-4	1.0742E-2	6.6626E-1
3.7500E-4	1.0254E-2	6.6494E-1
3.7600E-4	8.7891E-3	6.6250E-1
3.7700E-4	9.5215E-3	6.5820E-1
3.7800E-4	9.5215E-3	6.5337E-1
3.7900E-4	1.0010E-2	6.4824E-1
3.8000E-4	9.7656E-3	6.4316E-1
3.8100E-4	9.5215E-3	6.3926E-1
3.8200E-4	1.0010E-2	6.3672E-1
3.8300E-4	9.5215E-3	6.3521E-1
3.8400E-4	9.2773E-3	6.3574E-1
3.8500E-4	9.5215E-3	6.3252E-1
3.8600E-4	9.2773E-3	6.2871E-1
3.8700E-4	1.0498E-2	6.2632E-1
3.8800E-4	9.2773E-3	6.2422E-1
3.8900E-4	9.5215E-3	6.2202E-1
3.9000E-4	9.5215E-3	6.2197E-1
3.9100E-4	9.5215E-3	6.2002E-1
3.9200E-4	1.0010E-2	6.1763E-1
3.9300E-4	9.2773E-3	6.1519E-1
3.9400E-4	9.7656E-3	6.1167E-1
3.9500E-4	1.0010E-2	6.0952E-1
3.9600E-4	1.0010E-2	6.0825E-1
3.9700E-4	9.7656E-3	6.0640E-1
3.9800E-4	9.7656E-3	6.0444E-1
3.9900E-4	9.7656E-3	6.0054E-1
4.0000E-4	9.7656E-3	5.9683E-1
4.0100E-4	9.2773E-3	5.9287E-1
4.0200E-4	9.7656E-3	5.9146E-1
4.0300E-4	9.2773E-3	5.9053E-1
4.0400E-4	1.0254E-2	5.9302E-1
4.0500E-4	9.5215E-3	5.9761E-1
4.0600E-4	9.5215E-3	6.0200E-1
4.0700E-4	9.7656E-3	6.0352E-1
4.0800E-4	9.2773E-3	6.0464E-1
4.0900E-4	8.7891E-3	6.0386E-1
4.1000E-4	9.7656E-3	5.9863E-1
4.1100E-4	9.2773E-3	5.9463E-1
4.1200E-4	1.0254E-2	5.9082E-1
4.1300E-4	9.2773E-3	5.8662E-1
4.1400E-4	9.2773E-3	5.8472E-1
4.1500E-4	9.2773E-3	5.8384E-1
4.1600E-4	9.0332E-3	5.8267E-1
4.1700E-4	9.7656E-3	5.8169E-1
4.1800E-4	9.7656E-3	5.8091E-1
4.1900E-4	9.2773E-3	5.7993E-1
4.2000E-4	9.7656E-3	5.8101E-1
4.2100E-4	9.7656E-3	5.8174E-1
4.2200E-4	9.7656E-3	5.8369E-1
4.2300E-4	9.0332E-3	5.8721E-1
4.2400E-4	1.0010E-2	5.9019E-1
4.2500E-4	9.2773E-3	5.9180E-1
4.2600E-4	9.2773E-3	5.9492E-1
4.2700E-4	9.7656E-3	5.9575E-1
4.2800E-4	9.5215E-3	5.9658E-1
4.2900E-4	9.2773E-3	5.9663E-1
4.3000E-4	9.0332E-3	5.9575E-1
4.3100E-4	9.5215E-3	5.9653E-1
4.3200E-4	1.0010E-2	5.9810E-1
4.3300E-4	9.5215E-3	5.9927E-1
4.3400E-4	9.7656E-3	5.9980E-1
4.3500E-4	9.5215E-3	6.0278E-1
4.3600E-4	9.7656E-3	6.0283E-1
4.3700E-4	9.5215E-3	6.0259E-1
4.3800E-4	9.5215E-3	6.0322E-1
4.3900E-4	9.5215E-3	6.0630E-1
4.4000E-4	1.0010E-2	6.0859E-1
4.4100E-4	9.5215E-3	6.0977E-1
4.4200E-4	9.7656E-3	6.1284E-1
4.4300E-4	9.2773E-3	6.1421E-1
4.4400E-4	9.2773E-3	6.1348E-1
4.4500E-4	9.7656E-3	6.1226E-1
4.4600E-4	9.5215E-3	6.1279E-1
4.4700E-4	1.0498E-2	6.1333E-1
4.4800E-4	9.2773E-3	6.1304E-1
4.4900E-4	9.0332E-3	6.1479E-1
4.5000E-4	9.5215E-3	6.1699E-1
4.5100E-4	9.0332E-3	6.2056E-1
4.5200E-4	9.2773E-3	6.2324E-1
4.5300E-4	9.5215E-3	6.2607E-1
4.5400E-4	9.5215E-3	6.2661E-1
4.5500E-4	1.0010E-2	6.2817E-1
4.5600E-4	9.7656E-3	6.2676E-1
4.5700E-4	9.5215E-3	6.2534E-1
4.5800E-4	9.0332E-3	6.2563E-1
4.5900E-4	9.2773E-3	6.2803E-1
4.6000E-4	9.2773E-3	6.3052E-1
4.6100E-4	1.0254E-2	6.3442E-1
4.6200E-4	9.5215E-3	6.3843E-1
4.6300E-4	9.0332E-3	6.4033E-1
4.6400E-4	9.2773E-3	6.4150E-1
4.6500E-4	9.5215E-3	6.4224E-1
4.6600E-4	9.7656E-3	6.4341E-1
4.6700E-4	8.5449E-3	6.4414E-1
4.6800E-4	9.7656E-3	6.4512E-1
4.6900E-4	9.0332E-3	6.4678E-1
4.7000E-4	9.7656E-3	6.4780E-1
4.7100E-4	9.5215E-3	6.4697E-1
4.7200E-4	9.2773E-3	6.4824E-1
4.7300E-4	9.5215E-3	6.5034E-1
4.7400E-4	9.5215E-3	6.5327E-1
4.7500E-4	9.5215E-3	6.5645E-1
4.7600E-4	9.7656E-3	6.6177E-1
4.7700E-4	9.5215E-3	6.6582E-1
4.7800E-4	8.5449E-3	6.6880E-1
4.7900E-4	9.7656E-3	6.6982E-1
4.8000E-4	1.0010E-2	6.6851E-1
4.8100E-4	9.2773E-3	6.6719E-1
4.8200E-4	9.5215E-3	6.6543E-1
4.8300E-4	9.5215E-3	6.6655E-1
4.8400E-4	9.5215E-3	6.6816E-1
4.8500E-4	9.0332E-3	6.7246E-1
4.8600E-4	9.5215E-3	6.7622E-1
4.8700E-4	9.5215E-3	6.8086E-1
4.8800E-4	1.0254E-2	6.8311E-1
4.8900E-4	9.7656E-3	6.8506E-1
4.9000E-4	9.7656E-3	6.8491E-1
4.9100E-4	9.7656E-3	6.8486E-1
4.9200E-4	1.0010E-2	6.8389E-1
4.9300E-4	9.5215E-3	6.8286E-1
4.9400E-4	9.2773E-3	6.8125E-1
4.9500E-4	9.7656E-3	6.8032E-1
4.9600E-4	9.0332E-3	6.7729E-1
4.9700E-4	9.5215E-3	6.7300E-1
4.9800E-4	9.7656E-3	6.7056E-1
4.9900E-4	1.0010E-2	6.6909E-1
5.0000E-4	9.5215E-3	6.7051E-1
5.0100E-4	9.5215E-3	6.7422E-1
5.0200E-4	9.2773E-3	6.7861E-1
5.0300E-4	1.0010E-2	6.8130E-1
5.0400E-4	9.7656E-3	6.8237E-1
5.0500E-4	9.7656E-3	6.7886E-1
5.0600E-4	9.7656E-3	6.7378E-1
5.0700E-4	9.7656E-3	6.6855E-1
5.0800E-4	9.5215E-3	6.6426E-1
5.0900E-4	9.0332E-3	6.6216E-1
5.1000E-4	9.7656E-3	6.6206E-1
5.1100E-4	9.5215E-3	6.6216E-1
5.1200E-4	9.7656E-3	6.6362E-1
5.1300E-4	9.5215E-3	6.6348E-1
5.1400E-4	9.5215E-3	6.6167E-1
5.1500E-4	9.5215E-3	6.5898E-1
5.1600E-4	9.2773E-3	6.5669E-1
5.1700E-4	9.7656E-3	6.5308E-1
5.1800E-4	9.5215E-3	6.5112E-1
5.1900E-4	9.5215E-3	6.4980E-1
5.2000E-4	9.7656E-3	6.4849E-1
5.2100E-4	9.0332E-3	6.4858E-1
5.2200E-4	9.5215E-3	6.4771E-1
5.2300E-4	9.5215E-3	6.4663E-1
5.2400E-4	9.2773E-3	6.4570E-1
5.2500E-4	9.7656E-3	6.4526E-1
5.2600E-4	9.5215E-3	6.4375E-1
5.2700E-4	9.7656E-3	6.4321E-1
5.2800E-4	9.7656E-3	6.4302E-1
5.2900E-4	9.0332E-3	6.4229E-1
5.3000E-4	9.7656E-3	6.4150E-1
5.3100E-4	9.5215E-3	6.3857E-1
5.3200E-4	9.7656E-3	6.3506E-1
5.3300E-4	9.5215E-3	6.3101E-1
5.3400E-4	9.5215E-3	6.2534E-1
5.3500E-4	1.0010E-2	6.2187E-1
5.3600E-4	9.5215E-3	6.2065E-1
5.3700E-4	9.0332E-3	6.2139E-1
5.3800E-4	9.7656E-3	6.2339E-1
5.3900E-4	1.0010E-2	6.2578E-1
5.4000E-4	9.0332E-3	6.2441E-1
5.4100E-4	9.2773E-3	6.2246E-1
5.4200E-4	9.7656E-3	6.2095E-1
5.4300E-4	9.2773E-3	6.1758E-1
5.4400E-4	9.7656E-3	6.1440E-1
5.4500E-4	9.0332E-3	6.1274E-1
5.4600E-4	9.0332E-3	6.1245E-1
5.4700E-4	9.0332E-3	6.1245E-1
5.4800E-4	9.5215E-3	6.1279E-1
5.4900E-4	1.0010E-2	6.1372E-1
5.5000E-4	9.2773E-3	6.1421E-1
5.5100E-4	9.7656E-3	6.1289E-1
5.5200E-4	1.0010E-2	6.1133E-1
5.5300E-4	9.2773E-3	6.1069E-1
5.5400E-4	9.7656E-3	6.1230E-1
5.5500E-4	1.0010E-2	6.1431E-1
5.5600E-4	1.0010E-2	6.1665E-1
5.5700E-4	9.2773E-3	6.1782E-1
5.5800E-4	9.2773E-3	6.1831E-1
5.5900E-4	9.7656E-3	6.1709E-1
5.6000E-4	9.5215E-3	6.1606E-1
5.6100E-4	9.0332E-3	6.1572E-1
5.6200E-4	9.5215E-3	6.1670E-1
5.6300E-4	1.0010E-2	6.1743E-1
5.6400E-4	9.7656E-3	6.1841E-1
5.6500E-4	9.7656E-3	6.1855E-1
5.6600E-4	1.0010E-2	6.1655E-1
5.6700E-4	9.2773E-3	6.1226E-1
5.6800E-4	1.0010E-2	6.0918E-1
5.6900E-4	9.2773E-3	6.0806E-1
5.7000E-4	9.0332E-3	6.0820E-1
5.7100E-4	9.7656E-3	6.0986E-1
5.7200E-4	1.0010E-2	6.1294E-1
5.7300E-4	9.7656E-3	6.1572E-1
5.7400E-4	8.7891E-3	6.1631E-1
5.7500E-4	9.5215E-3	6.1680E-1
5.7600E-4	9.5215E-3	6.1865E-1
5.7700E-4	9.5215E-3	6.1938E-1
5.7800E-4	9.7656E-3	6.1973E-1
5.7900E-4	1.0254E-2	6.1963E-1
5.8000E-4	9.7656E-3	6.1924E-1
5.8100E-4	9.5215E-3	6.1948E-1
5.8200E-4	9.5215E-3	6.2158E-1
5.8300E-4	1.0010E-2	6.2466E-1
5.8400E-4	9.5215E-3	6.2910E-1
5.8500E-4	9.7656E-3	6.3501E-1
5.8600E-4	9.2773E-3	6.3955E-1
5.8700E-4	9.7656E-3	6.4351E-1
5.8800E-4	9.0332E-3	6.4648E-1
5.8900E-4	9.5215E-3	6.4673E-1
5.9000E-4	9.0332E-3	6.4565E-1
5.9100E-4	9.5215E-3	6.4526E-1
5.9200E-4	1.0010E-2	6.4443E-1
5.9300E-4	1.0254E-2	6.4297E-1
5.9400E-4	9.5215E-3	6.4526E-1
5.9500E-4	1.0010E-2	6.4707E-1
5.9600E-4	9.0332E-3	6.4863E-1
5.9700E-4	9.5215E-3	6.4941E-1
5.9800E-4	9.7656E-3	6.5225E-1
5.9900E-4	9.7656E-3	6.5415E-1
6.0000E-4	9.5215E-3	6.5522E-1
6.0100E-4	9.5215E-3	6.5713E-1
6.0200E-4	9.2773E-3	6.6157E-1
6.0300E-4	9.2773E-3	6.6367E-1
6.0400E-4	1.0254E-2	6.6802E-1
6.0500E-4	9.2773E-3	6.7441E-1
6.0600E-4	9.2773E-3	6.7974E-1
6.0700E-4	1.0254E-2	6.8291E-1
6.0800E-4	9.2773E-3	6.8672E-1
6.0900E-4	9.7656E-3	6.8774E-1
6.1000E-4	9.2773E-3	6.8760E-1
6.1100E-4	9.5215E-3	6.8906E-1
6.1200E-4	9.7656E-3	6.9229E-1
6.1300E-4	9.2773E-3	6.9424E-1
6.1400E-4	9.2773E-3	6.9419E-1
6.1500E-4	9.2773E-3	6.9487E-1
6.1600E-4	9.5215E-3	6.9409E-1
6.1700E-4	9.2773E-3	6.9170E-1
6.1800E-4	9.5215E-3	6.9243E-1
6.1900E-4	9.2773E-3	6.9507E-1
6.2000E-4	9.2773E-3	6.9697E-1
6.2100E-4	9.5215E-3	6.9878E-1
6.2200E-4	9.7656E-3	7.0029E-1
6.2300E-4	9.2773E-3	7.0054E-1
6.2400E-4	1.0010E-2	6.9990E-1
6.2500E-4	9.2773E-3	6.9902E-1
6.2600E-4	9.2773E-3	6.9902E-1
6.2700E-4	8.7891E-3	6.9941E-1
6.2800E-4	9.5215E-3	7.0049E-1
6.2900E-4	9.0332E-3	7.0356E-1
6.3000E-4	9.5215E-3	7.0566E-1
6.3100E-4	1.0254E-2	7.0601E-1
6.3200E-4	9.5215E-3	7.0620E-1
6.3300E-4	9.2773E-3	7.0493E-1
6.3400E-4	1.0254E-2	7.0181E-1
6.3500E-4	9.2773E-3	7.0063E-1
6.3600E-4	9.5215E-3	6.9937E-1
6.3700E-4	9.5215E-3	6.9775E-1
6.3800E-4	9.5215E-3	6.9688E-1
6.3900E-4	9.5215E-3	6.9580E-1
6.4000E-4	9.0332E-3	6.9316E-1
6.4100E-4	9.2773E-3	6.8901E-1
6.4200E-4	9.0332E-3	6.8516E-1
6.4300E-4	9.5215E-3	6.8027E-1
6.4400E-4	9.2773E-3	6.7695E-1
6.4500E-4	9.5215E-3	6.7622E-1
6.4600E-4	1.0010E-2	6.7598E-1
6.4700E-4	9.5215E-3	6.7554E-1
6.4800E-4	9.0332E-3	6.7544E-1
6.4900E-4	8.7891E-3	6.7446E-1
6.5000E-4	9.5215E-3	6.7217E-1
6.5100E-4	9.7656E-3	6.7070E-1
6.5200E-4	9.7656E-3	6.6792E-1
6.5300E-4	9.5215E-3	6.6353E-1
6.5400E-4	9.2773E-3	6.5854E-1
6.5500E-4	9.2773E-3	6.5342E-1
6.5600E-4	9.7656E-3	6.4951E-1
6.5700E-4	9.5215E-3	6.4492E-1
6.5800E-4	9.7656E-3	6.4077E-1
6.5900E-4	1.0010E-2	6.3628E-1
6.6000E-4	9.7656E-3	6.3105E-1
6.6100E-4	9.7656E-3	6.2451E-1
6.6200E-4	1.0010E-2	6.1958E-1
6.6300E-4	1.0010E-2	6.1348E-1
6.6400E-4	9.2773E-3	6.0742E-1
6.6500E-4	8.7891E-3	6.0098E-1
6.6600E-4	9.5215E-3	5.9429E-1
6.6700E-4	9.2773E-3	5.8716E-1
6.6800E-4	9.5215E-3	5.8135E-1
6.6900E-4	9.2773E-3	5.7710E-1
6.7000E-4	9.2773E-3	5.7329E-1
6.7100E-4	9.2773E-3	5.7153E-1
6.7200E-4	9.7656E-3	5.7197E-1
6.7300E-4	9.0332E-3	5.7109E-1
6.7400E-4	9.2773E-3	5.6699E-1
6.7500E-4	1.0010E-2	5.6240E-1
6.7600E-4	9.2773E-3	5.5625E-1
6.7700E-4	9.7656E-3	5.4849E-1
6.7800E-4	9.5215E-3	5.4253E-1
6.7900E-4	9.5215E-3	5.4072E-1
6.8000E-4	9.7656E-3	5.4087E-1
6.8100E-4	9.0332E-3	5.4121E-1
6.8200E-4	9.2773E-3	5.4297E-1
6.8300E-4	9.5215E-3	5.4482E-1
6.8400E-4	9.5215E-3	5.4512E-1
6.8500E-4	9.5215E-3	5.4351E-1
6.8600E-4	9.5215E-3	5.3989E-1
6.8700E-4	9.2773E-3	5.3379E-1
6.8800E-4	9.5215E-3	5.2734E-1
6.8900E-4	9.2773E-3	5.1919E-1
6.9000E-4	1.0010E-2	5.1089E-1
6.9100E-4	9.7656E-3	5.0366E-1
6.9200E-4	9.2773E-3	5.0063E-1
6.9300E-4	9.2773E-3	4.9712E-1
6.9400E-4	9.0332E-3	4.9551E-1
6.9500E-4	9.7656E-3	4.9600E-1
6.9600E-4	9.5215E-3	4.9868E-1
6.9700E-4	9.0332E-3	4.9741E-1
6.9800E-4	9.0332E-3	4.9575E-1
6.9900E-4	9.5215E-3	4.9229E-1
7.0000E-4	9.5215E-3	4.8799E-1
7.0100E-4	9.2773E-3	4.8159E-1
7.0200E-4	9.2773E-3	4.7700E-1
7.0300E-4	9.5215E-3	4.7437E-1
7.0400E-4	9.7656E-3	4.7339E-1
7.0500E-4	9.7656E-3	4.7271E-1
7.0600E-4	9.7656E-3	4.7300E-1
7.0700E-4	9.5215E-3	4.7354E-1
7.0800E-4	9.2773E-3	4.7397E-1
7.0900E-4	9.7656E-3	4.7354E-1
7.1000E-4	8.7891E-3	4.7310E-1
7.1100E-4	9.7656E-3	4.7197E-1
7.1200E-4	9.2773E-3	4.6978E-1
7.1300E-4	9.2773E-3	4.6685E-1
7.1400E-4	9.2773E-3	4.6436E-1
7.1500E-4	9.5215E-3	4.6270E-1
7.1600E-4	9.2773E-3	4.6260E-1
7.1700E-4	9.2773E-3	4.6211E-1
7.1800E-4	9.2773E-3	4.6182E-1
7.1900E-4	9.2773E-3	4.6201E-1
7.2000E-4	9.5215E-3	4.6201E-1
7.2100E-4	8.7891E-3	4.6191E-1
7.2200E-4	9.0332E-3	4.6299E-1
7.2300E-4	9.7656E-3	4.6401E-1
7.2400E-4	9.5215E-3	4.6270E-1
7.2500E-4	8.7891E-3	4.6050E-1
7.2600E-4	1.0010E-2	4.5820E-1
7.2700E-4	9.2773E-3	4.5718E-1
7.2800E-4	9.2773E-3	4.5708E-1
7.2900E-4	1.0010E-2	4.5933E-1
7.3000E-4	1.0254E-2	4.5830E-1
7.3100E-4	9.0332E-3	4.5742E-1
7.3200E-4	1.0254E-2	4.5562E-1
7.3300E-4	9.0332E-3	4.5249E-1
7.3400E-4	9.2773E-3	4.4951E-1
7.3500E-4	1.0010E-2	4.5210E-1
7.3600E-4	9.7656E-3	4.5269E-1
7.3700E-4	9.7656E-3	4.5298E-1
7.3800E-4	9.5215E-3	4.5371E-1
7.3900E-4	9.2773E-3	4.5581E-1
7.4000E-4	9.7656E-3	4.5430E-1
7.4100E-4	9.0332E-3	4.5386E-1
7.4200E-4	1.0010E-2	4.5083E-1
7.4300E-4	1.0498E-2	4.4922E-1
7.4400E-4	9.5215E-3	4.4824E-1
7.4500E-4	9.0332E-3	4.5029E-1
7.4600E-4	9.7656E-3	4.5146E-1
7.4700E-4	9.7656E-3	4.5552E-1
7.4800E-4	1.0010E-2	4.5835E-1
7.4900E-4	1.0010E-2	4.5879E-1
7.5000E-4	9.5215E-3	4.5679E-1
7.5100E-4	1.0010E-2	4.5571E-1
7.5200E-4	9.2773E-3	4.5537E-1
7.5300E-4	1.0254E-2	4.5552E-1
7.5400E-4	9.2773E-3	4.5635E-1
7.5500E-4	9.7656E-3	4.5879E-1
7.5600E-4	9.5215E-3	4.6011E-1
7.5700E-4	9.2773E-3	4.6006E-1
7.5800E-4	9.0332E-3	4.5962E-1
7.5900E-4	9.0332E-3	4.5933E-1
7.6000E-4	9.5215E-3	4.5967E-1
7.6100E-4	9.0332E-3	4.6099E-1
7.6200E-4	1.0010E-2	4.6274E-1
7.6300E-4	9.7656E-3	4.6440E-1
7.6400E-4	9.5215E-3	4.6567E-1
7.6500E-4	1.0010E-2	4.6567E-1
7.6600E-4	1.0010E-2	4.6450E-1
7.6700E-4	9.5215E-3	4.6533E-1
7.6800E-4	9.0332E-3	4.6543E-1
7.6900E-4	9.5215E-3	4.6543E-1
7.7000E-4	9.7656E-3	4.6592E-1
7.7100E-4	9.5215E-3	4.6987E-1
7.7200E-4	1.0010E-2	4.7192E-1
7.7300E-4	9.0332E-3	4.7583E-1
7.7400E-4	1.0498E-2	4.7944E-1
7.7500E-4	9.7656E-3	4.8350E-1
7.7600E-4	1.0010E-2	4.8486E-1
7.7700E-4	9.2773E-3	4.8755E-1
7.7800E-4	9.5215E-3	4.8843E-1
7.7900E-4	9.5215E-3	4.9023E-1
7.8000E-4	9.5215E-3	4.9058E-1
7.8100E-4	1.0498E-2	4.9219E-1
7.8200E-4	9.0332E-3	4.9424E-1
7.8300E-4	9.5215E-3	4.9839E-1
7.8400E-4	9.0332E-3	5.0205E-1
7.8500E-4	1.0010E-2	5.0605E-1
7.8600E-4	9.5215E-3	5.0942E-1
7.8700E-4	9.2773E-3	5.1152E-1
7.8800E-4	9.5215E-3	5.1392E-1
7.8900E-4	9.5215E-3	5.1533E-1
7.9000E-4	9.2773E-3	5.1758E-1
7.9100E-4	1.0254E-2	5.1846E-1
7.9200E-4	1.0010E-2	5.1968E-1
7.9300E-4	9.7656E-3	5.2031E-1
7.9400E-4	9.5215E-3	5.2373E-1
7.9500E-4	1.0010E-2	5.2896E-1
7.9600E-4	9.7656E-3	5.3623E-1
7.9700E-4	9.0332E-3	5.4248E-1
7.9800E-4	9.5215E-3	5.4844E-1
7.9900E-4	1.0010E-2	5.5269E-1
8.0000E-4	9.2773E-3	5.5557E-1
8.0100E-4	9.7656E-3	5.5815E-1
8.0200E-4	9.7656E-3	5.6216E-1
8.0300E-4	9.7656E-3	5.6484E-1
8.0400E-4	9.2773E-3	5.6934E-1
8.0500E-4	9.5215E-3	5.7222E-1
8.0600E-4	9.2773E-3	5.7471E-1
8.0700E-4	9.7656E-3	5.7778E-1
8.0800E-4	9.5215E-3	5.8247E-1
8.0900E-4	9.2773E-3	5.8633E-1
8.1000E-4	1.0010E-2	5.9175E-1
8.1100E-4	9.5215E-3	5.9922E-1
8.1200E-4	9.5215E-3	6.0386E-1
8.1300E-4	9.2773E-3	6.0889E-1
8.1400E-4	1.0010E-2	6.1309E-1
8.1500E-4	9.2773E-3	6.1802E-1
8.1600E-4	9.2773E-3	6.2109E-1
8.1700E-4	9.5215E-3	6.2578E-1
8.1800E-4	8.7891E-3	6.3071E-1
8.1900E-4	1.0010E-2	6.3818E-1
8.2000E-4	9.7656E-3	6.4590E-1
8.2100E-4	1.0010E-2	6.5508E-1
8.2200E-4	9.5215E-3	6.6372E-1
8.2300E-4	9.7656E-3	6.7212E-1
8.2400E-4	9.2773E-3	6.7715E-1
8.2500E-4	1.0010E-2	6.7822E-1
8.2600E-4	9.5215E-3	6.7798E-1
8.2700E-4	9.5215E-3	6.7783E-1
8.2800E-4	1.0010E-2	6.7764E-1
8.2900E-4	9.2773E-3	6.7847E-1
8.3000E-4	9.7656E-3	6.8237E-1
8.3100E-4	9.5215E-3	6.8701E-1
8.3200E-4	9.5215E-3	6.9165E-1
8.3300E-4	9.5215E-3	6.9517E-1
8.3400E-4	9.2773E-3	6.9746E-1
8.3500E-4	9.2773E-3	6.9824E-1
8.3600E-4	9.7656E-3	6.9956E-1
8.3700E-4	9.2773E-3	7.0063E-1
8.3800E-4	9.5215E-3	7.0088E-1
8.3900E-4	9.7656E-3	7.0220E-1
8.4000E-4	9.7656E-3	7.0239E-1
8.4100E-4	9.5215E-3	7.0161E-1
8.4200E-4	9.5215E-3	7.0176E-1
8.4300E-4	1.0010E-2	7.0303E-1
8.4400E-4	9.2773E-3	7.0459E-1
8.4500E-4	9.0332E-3	7.0854E-1
8.4600E-4	9.5215E-3	7.1094E-1
8.4700E-4	9.0332E-3	7.1260E-1
8.4800E-4	9.7656E-3	7.1440E-1
8.4900E-4	9.5215E-3	7.1553E-1
8.5000E-4	9.7656E-3	7.1509E-1
8.5100E-4	9.2773E-3	7.1631E-1
8.5200E-4	9.7656E-3	7.1782E-1
8.5300E-4	9.7656E-3	7.1777E-1
8.5400E-4	9.5215E-3	7.1558E-1
8.5500E-4	9.5215E-3	7.1470E-1
8.5600E-4	9.0332E-3	7.1216E-1
8.5700E-4	9.0332E-3	7.0786E-1
8.5800E-4	9.5215E-3	7.0190E-1
8.5900E-4	9.5215E-3	6.9736E-1
8.6000E-4	9.5215E-3	6.9297E-1
8.6100E-4	9.2773E-3	6.8965E-1
8.6200E-4	9.2773E-3	6.8623E-1
8.6300E-4	9.5215E-3	6.8550E-1
8.6400E-4	9.7656E-3	6.8433E-1
8.6500E-4	9.7656E-3	6.8213E-1
8.6600E-4	9.7656E-3	6.7954E-1
8.6700E-4	1.0010E-2	6.7969E-1
8.6800E-4	9.5215E-3	6.8027E-1
8.6900E-4	9.5215E-3	6.8110E-1
8.7000E-4	1.0010E-2	6.8076E-1
8.7100E-4	9.2773E-3	6.7939E-1
8.7200E-4	9.2773E-3	6.7720E-1
8.7300E-4	9.5215E-3	6.7407E-1
8.7400E-4	1.0010E-2	6.7129E-1
8.7500E-4	9.7656E-3	6.6953E-1
8.7600E-4	9.7656E-3	6.6880E-1
8.7700E-4	9.2773E-3	6.6763E-1
8.7800E-4	9.0332E-3	6.6538E-1
8.7900E-4	9.5215E-3	6.6128E-1
8.8000E-4	9.5215E-3	6.5713E-1
8.8100E-4	9.5215E-3	6.5352E-1
8.8200E-4	1.0010E-2	6.4937E-1
8.8300E-4	9.0332E-3	6.4561E-1
8.8400E-4	9.5215E-3	6.4551E-1
8.8500E-4	9.5215E-3	6.4434E-1
8.8600E-4	9.5215E-3	6.4346E-1
8.8700E-4	9.5215E-3	6.4023E-1
8.8800E-4	9.7656E-3	6.3667E-1
8.8900E-4	9.2773E-3	6.3228E-1
8.9000E-4	9.7656E-3	6.2930E-1
8.9100E-4	9.7656E-3	6.2593E-1
8.9200E-4	9.7656E-3	6.2324E-1
8.9300E-4	9.5215E-3	6.2227E-1
8.9400E-4	9.2773E-3	6.1914E-1
8.9500E-4	9.5215E-3	6.1748E-1
8.9600E-4	9.5215E-3	6.1616E-1
8.9700E-4	9.2773E-3	6.1689E-1
8.9800E-4	1.0010E-2	6.1709E-1
8.9900E-4	9.2773E-3	6.1924E-1
9.0000E-4	9.5215E-3	6.1909E-1
9.0100E-4	9.2773E-3	6.1860E-1
9.0200E-4	9.2773E-3	6.1699E-1
9.0300E-4	9.5215E-3	6.1606E-1
9.0400E-4	9.7656E-3	6.1509E-1
9.0500E-4	9.2773E-3	6.1543E-1
9.0600E-4	9.5215E-3	6.1602E-1
9.0700E-4	9.2773E-3	6.1787E-1
9.0800E-4	9.5215E-3	6.1895E-1
9.0900E-4	9.2773E-3	6.1836E-1
9.1000E-4	9.7656E-3	6.1577E-1
9.1100E-4	9.2773E-3	6.1230E-1
9.1200E-4	9.2773E-3	6.0791E-1
9.1300E-4	9.5215E-3	6.0327E-1
9.1400E-4	1.0010E-2	5.9912E-1
9.1500E-4	9.5215E-3	5.9707E-1
9.1600E-4	9.0332E-3	5.9575E-1
9.1700E-4	9.2773E-3	5.9521E-1
9.1800E-4	9.7656E-3	5.9580E-1
9.1900E-4	9.5215E-3	5.9858E-1
9.2000E-4	9.7656E-3	6.0059E-1
9.2100E-4	8.7891E-3	6.0342E-1
9.2200E-4	9.0332E-3	6.0654E-1
9.2300E-4	8.7891E-3	6.0918E-1
9.2400E-4	9.7656E-3	6.1025E-1
9.2500E-4	8.7891E-3	6.1113E-1
9.2600E-4	8.7891E-3	6.1025E-1
9.2700E-4	9.2773E-3	6.0898E-1
9.2800E-4	9.5215E-3	6.0781E-1
9.2900E-4	9.2773E-3	6.0557E-1
9.3000E-4	1.0254E-2	6.0469E-1
9.3100E-4	9.2773E-3	6.0391E-1
9.3200E-4	9.7656E-3	6.0576E-1
9.3300E-4	9.2773E-3	6.0674E-1
9.3400E-4	1.0010E-2	6.1025E-1
9.3500E-4	9.2773E-3	6.1289E-1
9.3600E-4	9.7656E-3	6.1602E-1
9.3700E-4	9.5215E-3	6.1665E-1
9.3800E-4	9.0332E-3	6.1836E-1
9.3900E-4	1.0010E-2	6.1973E-1
9.4000E-4	9.5215E-3	6.2041E-1
9.4100E-4	9.0332E-3	6.2187E-1
9.4200E-4	9.0332E-3	6.2295E-1
9.4300E-4	9.2773E-3	6.2437E-1
9.4400E-4	9.5215E-3	6.2505E-1
9.4500E-4	9.2773E-3	6.2642E-1
9.4600E-4	9.0332E-3	6.2773E-1
9.4700E-4	9.5215E-3	6.2920E-1
9.4800E-4	8.7891E-3	6.3145E-1
9.4900E-4	9.2773E-3	6.3228E-1
9.5000E-4	9.2773E-3	6.3286E-1
9.5100E-4	9.5215E-3	6.3320E-1
9.5200E-4	9.2773E-3	6.3506E-1
9.5300E-4	9.2773E-3	6.3677E-1
9.5400E-4	9.0332E-3	6.3926E-1
9.5500E-4	1.0010E-2	6.4204E-1
9.5600E-4	1.0254E-2	6.4629E-1
9.5700E-4	9.2773E-3	6.4971E-1
9.5800E-4	9.2773E-3	6.5347E-1
9.5900E-4	9.5215E-3	6.5879E-1
9.6000E-4	9.2773E-3	6.6338E-1
9.6100E-4	9.5215E-3	6.6582E-1
9.6200E-4	9.2773E-3	6.6733E-1
9.6300E-4	9.5215E-3	6.6665E-1
9.6400E-4	9.5215E-3	6.6548E-1
9.6500E-4	9.7656E-3	6.6489E-1
9.6600E-4	1.0010E-2	6.6284E-1
9.6700E-4	9.5215E-3	6.6064E-1
9.6800E-4	9.5215E-3	6.6074E-1
9.6900E-4	8.3008E-3	6.6113E-1
9.7000E-4	9.0332E-3	6.6289E-1
9.7100E-4	9.2773E-3	6.6650E-1
9.7200E-4	1.0010E-2	6.7217E-1
9.7300E-4	9.7656E-3	6.7690E-1
9.7400E-4	9.0332E-3	6.8013E-1
9.7500E-4	9.7656E-3	6.8145E-1
9.7600E-4	1.0010E-2	6.8164E-1
9.7700E-4	9.5215E-3	6.8057E-1
9.7800E-4	9.2773E-3	6.7847E-1
9.7900E-4	9.7656E-3	6.7710E-1
9.8000E-4	9.2773E-3	6.7705E-1
9.8100E-4	9.2773E-3	6.7788E-1
9.8200E-4	9.5215E-3	6.7974E-1
9.8300E-4	9.2773E-3	6.8057E-1
9.8400E-4	9.5215E-3	6.7959E-1
9.8500E-4	9.2773E-3	6.7812E-1
9.8600E-4	9.5215E-3	6.7905E-1
9.8700E-4	9.2773E-3	6.7964E-1
9.8800E-4	9.7656E-3	6.8096E-1
9.8900E-4	9.7656E-3	6.8447E-1
9.9000E-4	9.0332E-3	6.8647E-1
9.9100E-4	9.5215E-3	6.8560E-1
9.9200E-4	9.5215E-3	6.8379E-1
9.9300E-4	9.0332E-3	6.8306E-1
9.9400E-4	9.2773E-3	6.8325E-1
9.9500E-4	9.7656E-3	6.8511E-1
9.9600E-4	9.5215E-3	6.8667E-1
9.9700E-4	9.2773E-3	6.8770E-1
9.9800E-4	9.0332E-3	6.8770E-1
9.9900E-4	1.0010E-2	6.8770E-1
