Time [s]	Aux in [V]	Main in [V]
0.0000E+0	9.7656E-3	6.5542E-1
1.0000E-6	9.5215E-3	6.5571E-1
2.0000E-6	9.2773E-3	6.5557E-1
3.0000E-6	1.0010E-2	6.5576E-1
4.0000E-6	9.0332E-3	6.5542E-1
5.0000E-6	1.0010E-2	6.5469E-1
6.0000E-6	9.5215E-3	6.5288E-1
7.0000E-6	1.0010E-2	6.5195E-1
8.0000E-6	9.5215E-3	6.5000E-1
9.0000E-6	9.2773E-3	6.4966E-1
1.0000E-5	9.2773E-3	6.4878E-1
1.1000E-5	9.7656E-3	6.4678E-1
1.2000E-5	9.5215E-3	6.4336E-1
1.3000E-5	8.7891E-3	6.4043E-1
1.4000E-5	9.0332E-3	6.3735E-1
1.5000E-5	9.7656E-3	6.3516E-1
1.6000E-5	1.0010E-2	6.3540E-1
1.7000E-5	1.0498E-2	6.3696E-1
1.8000E-5	9.5215E-3	6.3921E-1
1.9000E-5	9.0332E-3	6.4199E-1
2.0000E-5	9.7656E-3	6.4517E-1
2.1000E-5	9.5215E-3	6.4707E-1
2.2000E-5	9.5215E-3	6.4868E-1
2.3000E-5	9.2773E-3	6.4766E-1
2.4000E-5	9.5215E-3	6.4570E-1
2.5000E-5	9.2773E-3	6.4238E-1
2.6000E-5	9.2773E-3	6.3760E-1
2.7000E-5	9.0332E-3	6.3315E-1
2.8000E-5	9.5215E-3	6.3081E-1
2.9000E-5	9.7656E-3	6.2896E-1
3.0000E-5	9.7656E-3	6.2686E-1
3.1000E-5	9.5215E-3	6.2520E-1
3.2000E-5	9.7656E-3	6.2437E-1
3.3000E-5	9.5215E-3	6.2275E-1
3.4000E-5	9.2773E-3	6.2095E-1
3.5000E-5	9.7656E-3	6.1948E-1
3.6000E-5	1.0010E-2	6.1953E-1
3.7000E-5	9.7656E-3	6.1792E-1
3.8000E-5	9.2773E-3	6.1738E-1
3.9000E-5	9.0332E-3	6.1763E-1
4.0000E-5	9.2773E-3	6.1714E-1
4.1000E-5	9.7656E-3	6.1348E-1
4.2000E-5	9.5215E-3	6.1138E-1
4.3000E-5	9.7656E-3	6.0806E-1
4.4000E-5	9.5215E-3	6.0532E-1
4.5000E-5	9.7656E-3	6.0410E-1
4.6000E-5	9.2773E-3	6.0547E-1
4.7000E-5	9.2773E-3	6.0674E-1
4.8000E-5	9.2773E-3	6.0938E-1
4.9000E-5	9.5215E-3	6.1030E-1
5.0000E-5	1.0010E-2	6.1182E-1
5.1000E-5	9.7656E-3	6.1353E-1
5.2000E-5	1.0498E-2	6.1514E-1
5.3000E-5	1.0254E-2	6.1504E-1
5.4000E-5	9.7656E-3	6.1714E-1
5.5000E-5	1.0010E-2	6.1650E-1
5.6000E-5	9.2773E-3	6.1636E-1
5.7000E-5	9.7656E-3	6.1426E-1
5.8000E-5	1.0010E-2	6.1147E-1
5.9000E-5	1.0010E-2	6.0625E-1
6.0000E-5	9.2773E-3	6.0142E-1
6.1000E-5	9.5215E-3	5.9668E-1
6.2000E-5	9.7656E-3	5.9380E-1
6.3000E-5	9.5215E-3	5.9478E-1
6.4000E-5	9.7656E-3	5.9717E-1
6.5000E-5	9.5215E-3	6.0059E-1
6.6000E-5	9.5215E-3	6.0288E-1
6.7000E-5	8.7891E-3	6.0405E-1
6.8000E-5	9.0332E-3	6.0405E-1
6.9000E-5	9.0332E-3	6.0366E-1
7.0000E-5	1.0010E-2	6.0400E-1
7.1000E-5	9.2773E-3	6.0649E-1
7.2000E-5	9.5215E-3	6.1133E-1
7.3000E-5	9.0332E-3	6.1567E-1
7.4000E-5	9.7656E-3	6.2007E-1
7.5000E-5	9.5215E-3	6.2334E-1
7.6000E-5	9.2773E-3	6.2388E-1
7.7000E-5	9.7656E-3	6.2319E-1
7.8000E-5	9.5215E-3	6.2095E-1
7.9000E-5	9.5215E-3	6.1729E-1
8.0000E-5	9.7656E-3	6.1509E-1
8.1000E-5	9.0332E-3	6.1387E-1
8.2000E-5	9.2773E-3	6.1255E-1
8.3000E-5	9.5215E-3	6.1245E-1
8.4000E-5	9.2773E-3	6.1406E-1
8.5000E-5	9.5215E-3	6.1665E-1
8.6000E-5	9.5215E-3	6.1948E-1
8.7000E-5	9.5215E-3	6.2212E-1
8.8000E-5	9.0332E-3	6.2505E-1
8.9000E-5	9.0332E-3	6.2920E-1
9.0000E-5	1.0254E-2	6.3179E-1
9.1000E-5	9.7656E-3	6.3516E-1
9.2000E-5	9.5215E-3	6.3765E-1
9.3000E-5	1.0010E-2	6.4087E-1
9.4000E-5	9.2773E-3	6.4336E-1
9.5000E-5	9.2773E-3	6.4507E-1
9.6000E-5	9.5215E-3	6.4604E-1
9.7000E-5	9.5215E-3	6.4663E-1
9.8000E-5	9.7656E-3	6.4683E-1
9.9000E-5	9.5215E-3	6.4702E-1
1.0000E-4	9.5215E-3	6.5103E-1
1.0100E-4	1.0254E-2	6.5483E-1
1.0200E-4	1.0010E-2	6.6011E-1
1.0300E-4	8.7891E-3	6.6514E-1
1.0400E-4	9.5215E-3	6.6963E-1
1.0500E-4	9.2773E-3	6.7246E-1
1.0600E-4	9.5215E-3	6.7627E-1
1.0700E-4	9.5215E-3	6.8032E-1
1.0800E-4	1.0010E-2	6.8472E-1
1.0900E-4	9.7656E-3	6.8892E-1
1.1000E-4	1.0010E-2	6.9263E-1
1.1100E-4	9.0332E-3	6.9434E-1
1.1200E-4	9.7656E-3	6.9541E-1
1.1300E-4	1.0010E-2	6.9648E-1
1.1400E-4	9.2773E-3	6.9751E-1
1.1500E-4	9.5215E-3	6.9673E-1
1.1600E-4	9.5215E-3	6.9727E-1
1.1700E-4	9.5215E-3	6.9912E-1
1.1800E-4	1.0498E-2	7.0068E-1
1.1900E-4	9.7656E-3	7.0254E-1
1.2000E-4	9.2773E-3	7.0703E-1
1.2100E-4	9.0332E-3	7.1274E-1
1.2200E-4	9.2773E-3	7.1685E-1
1.2300E-4	9.5215E-3	7.2007E-1
1.2400E-4	9.5215E-3	7.2266E-1
1.2500E-4	1.0010E-2	7.2412E-1
1.2600E-4	9.2773E-3	7.2505E-1
1.2700E-4	9.5215E-3	7.2627E-1
1.2800E-4	9.0332E-3	7.2842E-1
1.2900E-4	9.7656E-3	7.3125E-1
1.3000E-4	9.5215E-3	7.3394E-1
1.3100E-4	1.0010E-2	7.3682E-1
1.3200E-4	9.2773E-3	7.3906E-1
1.3300E-4	9.2773E-3	7.3916E-1
1.3400E-4	1.0010E-2	7.3755E-1
1.3500E-4	9.2773E-3	7.3730E-1
1.3600E-4	9.5215E-3	7.3462E-1
1.3700E-4	8.5449E-3	7.3213E-1
1.3800E-4	9.5215E-3	7.3325E-1
1.3900E-4	9.7656E-3	7.3511E-1
1.4000E-4	9.2773E-3	7.3481E-1
1.4100E-4	9.7656E-3	7.3604E-1
1.4200E-4	9.2773E-3	7.3662E-1
1.4300E-4	9.0332E-3	7.3491E-1
1.4400E-4	9.0332E-3	7.3374E-1
1.4500E-4	9.2773E-3	7.3071E-1
1.4600E-4	9.2773E-3	7.2690E-1
1.4700E-4	1.0010E-2	7.2241E-1
1.4800E-4	9.7656E-3	7.1748E-1
1.4900E-4	9.2773E-3	7.1182E-1
1.5000E-4	9.0332E-3	7.0859E-1
1.5100E-4	9.0332E-3	7.0503E-1
1.5200E-4	9.0332E-3	7.0479E-1
1.5300E-4	9.5215E-3	7.0601E-1
1.5400E-4	9.5215E-3	7.0713E-1
1.5500E-4	9.7656E-3	7.0830E-1
1.5600E-4	9.2773E-3	7.0957E-1
1.5700E-4	8.7891E-3	7.0742E-1
1.5800E-4	9.2773E-3	7.0391E-1
1.5900E-4	1.0010E-2	6.9873E-1
1.6000E-4	9.0332E-3	6.9219E-1
1.6100E-4	9.7656E-3	6.8501E-1
1.6200E-4	9.2773E-3	6.7725E-1
1.6300E-4	9.7656E-3	6.6953E-1
1.6400E-4	9.7656E-3	6.6484E-1
1.6500E-4	9.7656E-3	6.5923E-1
1.6600E-4	9.5215E-3	6.5347E-1
1.6700E-4	9.0332E-3	6.4976E-1
1.6800E-4	9.5215E-3	6.4771E-1
1.6900E-4	9.2773E-3	6.4199E-1
1.7000E-4	9.7656E-3	6.3721E-1
1.7100E-4	9.7656E-3	6.3286E-1
1.7200E-4	9.5215E-3	6.2729E-1
1.7300E-4	9.2773E-3	6.2173E-1
1.7400E-4	9.5215E-3	6.1807E-1
1.7500E-4	9.7656E-3	6.1436E-1
1.7600E-4	9.2773E-3	6.1030E-1
1.7700E-4	8.7891E-3	6.0596E-1
1.7800E-4	9.2773E-3	5.9956E-1
1.7900E-4	9.7656E-3	5.9663E-1
1.8000E-4	9.5215E-3	5.9497E-1
1.8100E-4	9.7656E-3	5.9312E-1
1.8200E-4	1.0010E-2	5.9175E-1
1.8300E-4	9.2773E-3	5.8926E-1
1.8400E-4	9.5215E-3	5.8267E-1
1.8500E-4	9.0332E-3	5.7524E-1
1.8600E-4	9.7656E-3	5.6836E-1
1.8700E-4	9.0332E-3	5.6152E-1
1.8800E-4	9.5215E-3	5.5610E-1
1.8900E-4	9.5215E-3	5.5342E-1
1.9000E-4	9.7656E-3	5.5220E-1
1.9100E-4	1.0010E-2	5.4941E-1
1.9200E-4	9.2773E-3	5.4824E-1
1.9300E-4	1.0010E-2	5.4668E-1
1.9400E-4	9.5215E-3	5.4414E-1
1.9500E-4	9.7656E-3	5.4033E-1
1.9600E-4	9.2773E-3	5.3936E-1
1.9700E-4	1.0010E-2	5.3638E-1
1.9800E-4	9.7656E-3	5.3462E-1
1.9900E-4	9.7656E-3	5.3159E-1
2.0000E-4	9.5215E-3	5.2769E-1
2.0100E-4	9.2773E-3	5.2187E-1
2.0200E-4	9.7656E-3	5.1592E-1
2.0300E-4	9.2773E-3	5.0850E-1
2.0400E-4	9.5215E-3	5.0332E-1
2.0500E-4	1.0010E-2	4.9922E-1
2.0600E-4	1.0010E-2	4.9771E-1
2.0700E-4	9.7656E-3	4.9917E-1
2.0800E-4	9.2773E-3	5.0161E-1
2.0900E-4	9.7656E-3	5.0298E-1
2.1000E-4	9.2773E-3	5.0410E-1
2.1100E-4	9.5215E-3	5.0259E-1
2.1200E-4	1.0010E-2	5.0005E-1
2.1300E-4	1.0010E-2	4.9595E-1
2.1400E-4	9.2773E-3	4.9072E-1
2.1500E-4	9.7656E-3	4.8589E-1
2.1600E-4	9.2773E-3	4.8335E-1
2.1700E-4	9.5215E-3	4.8286E-1
2.1800E-4	9.2773E-3	4.8613E-1
2.1900E-4	8.7891E-3	4.8862E-1
2.2000E-4	1.0010E-2	4.9067E-1
2.2100E-4	1.0010E-2	4.9224E-1
2.2200E-4	9.5215E-3	4.9028E-1
2.2300E-4	9.7656E-3	4.8677E-1
2.2400E-4	9.5215E-3	4.8389E-1
2.2500E-4	9.5215E-3	4.8013E-1
2.2600E-4	1.0010E-2	4.7451E-1
2.2700E-4	9.5215E-3	4.7090E-1
2.2800E-4	9.2773E-3	4.6772E-1
2.2900E-4	9.2773E-3	4.6528E-1
2.3000E-4	9.2773E-3	4.6489E-1
2.3100E-4	1.0010E-2	4.6660E-1
2.3200E-4	9.2773E-3	4.6797E-1
2.3300E-4	9.7656E-3	4.6860E-1
2.3400E-4	9.5215E-3	4.6875E-1
2.3500E-4	9.5215E-3	4.6890E-1
2.3600E-4	8.7891E-3	4.6812E-1
2.3700E-4	9.2773E-3	4.6675E-1
2.3800E-4	1.0010E-2	4.6533E-1
2.3900E-4	1.0010E-2	4.6494E-1
2.4000E-4	9.0332E-3	4.6445E-1
2.4100E-4	9.5215E-3	4.6372E-1
2.4200E-4	9.2773E-3	4.6255E-1
2.4300E-4	8.7891E-3	4.6025E-1
2.4400E-4	1.0010E-2	4.5942E-1
2.4500E-4	9.5215E-3	4.5728E-1
2.4600E-4	9.5215E-3	4.5864E-1
2.4700E-4	9.7656E-3	4.6055E-1
2.4800E-4	9.5215E-3	4.6313E-1
2.4900E-4	9.7656E-3	4.6338E-1
2.5000E-4	9.5215E-3	4.6479E-1
2.5100E-4	9.7656E-3	4.6274E-1
2.5200E-4	9.2773E-3	4.6108E-1
2.5300E-4	9.5215E-3	4.5986E-1
2.5400E-4	9.5215E-3	4.5957E-1
2.5500E-4	9.2773E-3	4.5977E-1
2.5600E-4	9.5215E-3	4.6079E-1
2.5700E-4	1.0010E-2	4.6279E-1
2.5800E-4	9.5215E-3	4.6450E-1
2.5900E-4	9.2773E-3	4.6670E-1
2.6000E-4	9.5215E-3	4.6821E-1
2.6100E-4	9.5215E-3	4.6982E-1
2.6200E-4	9.2773E-3	4.7031E-1
2.6300E-4	9.5215E-3	4.7119E-1
2.6400E-4	9.2773E-3	4.7129E-1
2.6500E-4	9.2773E-3	4.7251E-1
2.6600E-4	9.5215E-3	4.7539E-1
2.6700E-4	9.2773E-3	4.7773E-1
2.6800E-4	9.0332E-3	4.8022E-1
2.6900E-4	1.0254E-2	4.8286E-1
2.7000E-4	9.5215E-3	4.8467E-1
2.7100E-4	9.2773E-3	4.8340E-1
2.7200E-4	9.7656E-3	4.8311E-1
2.7300E-4	9.2773E-3	4.8413E-1
2.7400E-4	9.5215E-3	4.8628E-1
2.7500E-4	1.0498E-2	4.8652E-1
2.7600E-4	9.2773E-3	4.8853E-1
2.7700E-4	9.2773E-3	4.8984E-1
2.7800E-4	9.5215E-3	4.9019E-1
2.7900E-4	1.0010E-2	4.8877E-1
2.8000E-4	9.2773E-3	4.9058E-1
2.8100E-4	9.5215E-3	4.9248E-1
2.8200E-4	9.5215E-3	4.9443E-1
2.8300E-4	9.7656E-3	4.9707E-1
2.8400E-4	9.5215E-3	5.0083E-1
2.8500E-4	9.2773E-3	5.0298E-1
2.8600E-4	9.0332E-3	5.0537E-1
2.8700E-4	1.0254E-2	5.0791E-1
2.8800E-4	9.2773E-3	5.0942E-1
2.8900E-4	9.5215E-3	5.1025E-1
2.9000E-4	8.7891E-3	5.1270E-1
2.9100E-4	1.0010E-2	5.1553E-1
2.9200E-4	9.2773E-3	5.1865E-1
2.9300E-4	9.0332E-3	5.2187E-1
2.9400E-4	9.2773E-3	5.2524E-1
2.9500E-4	9.7656E-3	5.2627E-1
2.9600E-4	9.5215E-3	5.2773E-1
2.9700E-4	1.0010E-2	5.3013E-1
2.9800E-4	9.5215E-3	5.3369E-1
2.9900E-4	9.5215E-3	5.3687E-1
3.0000E-4	9.2773E-3	5.4126E-1
3.0100E-4	1.0010E-2	5.4458E-1
3.0200E-4	9.2773E-3	5.4712E-1
3.0300E-4	9.5215E-3	5.4888E-1
3.0400E-4	9.5215E-3	5.4956E-1
3.0500E-4	9.7656E-3	5.5059E-1
3.0600E-4	9.2773E-3	5.5088E-1
3.0700E-4	9.7656E-3	5.5342E-1
3.0800E-4	9.5215E-3	5.5767E-1
3.0900E-4	9.2773E-3	5.6563E-1
3.1000E-4	9.5215E-3	5.7441E-1
3.1100E-4	9.2773E-3	5.8247E-1
3.1200E-4	9.0332E-3	5.8896E-1
3.1300E-4	9.5215E-3	5.9395E-1
3.1400E-4	9.0332E-3	5.9712E-1
3.1500E-4	1.0010E-2	5.9805E-1
3.1600E-4	9.5215E-3	6.0005E-1
3.1700E-4	9.5215E-3	6.0239E-1
3.1800E-4	9.0332E-3	6.0474E-1
3.1900E-4	9.2773E-3	6.0791E-1
3.2000E-4	9.7656E-3	6.1216E-1
3.2100E-4	9.0332E-3	6.1587E-1
3.2200E-4	9.0332E-3	6.1895E-1
3.2300E-4	9.5215E-3	6.2231E-1
3.2400E-4	9.5215E-3	6.2505E-1
3.2500E-4	9.5215E-3	6.2896E-1
3.2600E-4	9.2773E-3	6.3428E-1
3.2700E-4	9.7656E-3	6.3926E-1
3.2800E-4	1.0010E-2	6.4399E-1
3.2900E-4	9.2773E-3	6.4897E-1
3.3000E-4	9.5215E-3	6.5283E-1
3.3100E-4	1.0254E-2	6.5830E-1
3.3200E-4	1.0010E-2	6.6128E-1
3.3300E-4	9.5215E-3	6.6440E-1
3.3400E-4	9.5215E-3	6.6763E-1
3.3500E-4	9.0332E-3	6.7104E-1
3.3600E-4	9.2773E-3	6.7168E-1
3.3700E-4	9.5215E-3	6.7480E-1
3.3800E-4	1.0010E-2	6.7808E-1
3.3900E-4	9.5215E-3	6.8188E-1
3.4000E-4	9.2773E-3	6.8638E-1
3.4100E-4	9.2773E-3	6.9102E-1
3.4200E-4	9.5215E-3	6.9585E-1
3.4300E-4	9.7656E-3	6.9873E-1
3.4400E-4	1.0254E-2	7.0005E-1
3.4500E-4	9.0332E-3	6.9966E-1
3.4600E-4	9.2773E-3	6.9971E-1
3.4700E-4	9.5215E-3	6.9858E-1
3.4800E-4	9.0332E-3	6.9795E-1
3.4900E-4	9.2773E-3	7.0005E-1
3.5000E-4	1.0254E-2	7.0264E-1
3.5100E-4	9.5215E-3	7.0337E-1
3.5200E-4	9.5215E-3	7.0464E-1
3.5300E-4	9.0332E-3	7.0771E-1
3.5400E-4	9.2773E-3	7.0864E-1
3.5500E-4	9.2773E-3	7.0942E-1
3.5600E-4	9.5215E-3	7.1230E-1
3.5700E-4	9.2773E-3	7.1514E-1
3.5800E-4	1.0254E-2	7.1597E-1
3.5900E-4	9.7656E-3	7.1484E-1
3.6000E-4	9.5215E-3	7.1260E-1
3.6100E-4	8.5449E-3	7.0986E-1
3.6200E-4	1.0010E-2	7.0713E-1
3.6300E-4	9.5215E-3	7.0591E-1
3.6400E-4	1.0010E-2	7.0537E-1
3.6500E-4	9.0332E-3	7.0771E-1
3.6600E-4	1.0010E-2	7.0767E-1
3.6700E-4	9.5215E-3	7.0786E-1
3.6800E-4	9.5215E-3	7.0723E-1
3.6900E-4	9.5215E-3	7.0728E-1
3.7000E-4	9.2773E-3	7.0493E-1
3.7100E-4	9.2773E-3	7.0249E-1
3.7200E-4	9.2773E-3	6.9932E-1
3.7300E-4	9.5215E-3	6.9312E-1
3.7400E-4	9.0332E-3	6.8706E-1
3.7500E-4	9.5215E-3	6.8086E-1
3.7600E-4	9.7656E-3	6.7642E-1
3.7700E-4	9.5215E-3	6.7109E-1
3.7800E-4	9.7656E-3	6.7031E-1
3.7900E-4	1.0010E-2	6.6938E-1
3.8000E-4	9.5215E-3	6.6782E-1
3.8100E-4	9.5215E-3	6.6636E-1
3.8200E-4	1.0254E-2	6.6606E-1
3.8300E-4	9.5215E-3	6.6436E-1
3.8400E-4	1.0010E-2	6.6226E-1
3.8500E-4	9.5215E-3	6.6079E-1
3.8600E-4	1.0010E-2	6.6035E-1
3.8700E-4	9.2773E-3	6.5776E-1
3.8800E-4	9.5215E-3	6.5479E-1
3.8900E-4	9.5215E-3	6.5024E-1
3.9000E-4	1.0010E-2	6.4502E-1
3.9100E-4	9.5215E-3	6.3799E-1
3.9200E-4	1.0254E-2	6.3262E-1
3.9300E-4	9.7656E-3	6.2900E-1
3.9400E-4	9.0332E-3	6.2773E-1
3.9500E-4	9.2773E-3	6.2842E-1
3.9600E-4	9.5215E-3	6.3003E-1
3.9700E-4	9.5215E-3	6.2954E-1
3.9800E-4	9.0332E-3	6.2720E-1
3.9900E-4	9.7656E-3	6.2515E-1
4.0000E-4	1.0010E-2	6.2275E-1
4.0100E-4	9.2773E-3	6.2056E-1
4.0200E-4	9.5215E-3	6.2100E-1
4.0300E-4	8.7891E-3	6.2046E-1
4.0400E-4	9.0332E-3	6.1807E-1
4.0500E-4	1.0010E-2	6.1646E-1
4.0600E-4	9.7656E-3	6.1338E-1
4.0700E-4	1.0254E-2	6.1074E-1
4.0800E-4	9.5215E-3	6.0913E-1
4.0900E-4	9.2773E-3	6.0806E-1
4.1000E-4	9.2773E-3	6.0635E-1
4.1100E-4	9.5215E-3	6.0518E-1
4.1200E-4	9.0332E-3	6.0371E-1
4.1300E-4	9.2773E-3	6.0386E-1
4.1400E-4	1.0010E-2	6.0474E-1
4.1500E-4	9.2773E-3	6.0601E-1
4.1600E-4	9.5215E-3	6.0605E-1
4.1700E-4	9.5215E-3	6.0459E-1
4.1800E-4	8.7891E-3	6.0117E-1
4.1900E-4	9.7656E-3	5.9888E-1
4.2000E-4	9.2773E-3	5.9639E-1
4.2100E-4	9.5215E-3	5.9536E-1
4.2200E-4	9.2773E-3	5.9565E-1
4.2300E-4	8.7891E-3	5.9668E-1
4.2400E-4	9.2773E-3	5.9722E-1
4.2500E-4	9.5215E-3	5.9810E-1
4.2600E-4	9.7656E-3	5.9893E-1
4.2700E-4	9.7656E-3	6.0063E-1
4.2800E-4	9.5215E-3	6.0225E-1
4.2900E-4	9.5215E-3	6.0317E-1
4.3000E-4	9.5215E-3	6.0479E-1
4.3100E-4	9.5215E-3	6.0615E-1
4.3200E-4	9.0332E-3	6.0645E-1
4.3300E-4	9.2773E-3	6.0854E-1
4.3400E-4	9.0332E-3	6.0981E-1
4.3500E-4	9.0332E-3	6.0874E-1
4.3600E-4	9.0332E-3	6.0864E-1
4.3700E-4	1.0010E-2	6.0898E-1
4.3800E-4	9.2773E-3	6.0874E-1
4.3900E-4	9.2773E-3	6.0947E-1
4.4000E-4	9.5215E-3	6.1147E-1
4.4100E-4	9.2773E-3	6.1523E-1
4.4200E-4	9.5215E-3	6.1943E-1
4.4300E-4	9.2773E-3	6.2202E-1
4.4400E-4	9.5215E-3	6.2524E-1
4.4500E-4	9.2773E-3	6.2749E-1
4.4600E-4	9.2773E-3	6.2720E-1
4.4700E-4	9.5215E-3	6.2544E-1
4.4800E-4	9.5215E-3	6.2334E-1
4.4900E-4	9.2773E-3	6.2104E-1
4.5000E-4	9.2773E-3	6.1997E-1
4.5100E-4	9.7656E-3	6.1963E-1
4.5200E-4	9.5215E-3	6.2070E-1
4.5300E-4	9.7656E-3	6.2217E-1
4.5400E-4	9.2773E-3	6.2358E-1
4.5500E-4	1.0010E-2	6.2466E-1
4.5600E-4	9.5215E-3	6.2642E-1
4.5700E-4	1.0010E-2	6.2935E-1
4.5800E-4	1.0010E-2	6.3193E-1
4.5900E-4	9.2773E-3	6.3506E-1
4.6000E-4	9.7656E-3	6.3779E-1
4.6100E-4	9.0332E-3	6.3818E-1
4.6200E-4	9.5215E-3	6.3765E-1
4.6300E-4	9.5215E-3	6.3838E-1
4.6400E-4	9.2773E-3	6.3813E-1
4.6500E-4	1.0010E-2	6.3975E-1
4.6600E-4	1.0010E-2	6.4478E-1
4.6700E-4	9.5215E-3	6.4956E-1
4.6800E-4	9.2773E-3	6.5352E-1
4.6900E-4	1.0010E-2	6.5684E-1
4.7000E-4	9.2773E-3	6.5928E-1
4.7100E-4	9.2773E-3	6.6191E-1
4.7200E-4	9.2773E-3	6.6348E-1
4.7300E-4	9.2773E-3	6.6504E-1
4.7400E-4	9.7656E-3	6.6714E-1
4.7500E-4	9.0332E-3	6.6875E-1
4.7600E-4	8.5449E-3	6.7095E-1
4.7700E-4	9.2773E-3	6.7319E-1
4.7800E-4	9.2773E-3	6.7656E-1
4.7900E-4	9.5215E-3	6.7905E-1
4.8000E-4	9.0332E-3	6.7896E-1
4.8100E-4	9.2773E-3	6.7646E-1
4.8200E-4	9.5215E-3	6.7500E-1
4.8300E-4	9.2773E-3	6.7368E-1
4.8400E-4	9.2773E-3	6.7373E-1
4.8500E-4	9.5215E-3	6.7544E-1
4.8600E-4	9.7656E-3	6.7583E-1
4.8700E-4	9.2773E-3	6.7632E-1
4.8800E-4	9.5215E-3	6.7710E-1
4.8900E-4	9.2773E-3	6.7695E-1
4.9000E-4	9.5215E-3	6.7676E-1
4.9100E-4	9.2773E-3	6.7778E-1
4.9200E-4	9.7656E-3	6.7817E-1
4.9300E-4	9.7656E-3	6.7656E-1
4.9400E-4	9.2773E-3	6.7627E-1
4.9500E-4	9.2773E-3	6.7744E-1
4.9600E-4	9.5215E-3	6.7979E-1
4.9700E-4	1.0010E-2	6.8057E-1
4.9800E-4	9.2773E-3	6.8228E-1
4.9900E-4	1.0010E-2	6.8423E-1
5.0000E-4	9.0332E-3	6.8491E-1
5.0100E-4	9.2773E-3	6.8223E-1
5.0200E-4	9.7656E-3	6.7954E-1
5.0300E-4	9.2773E-3	6.7534E-1
5.0400E-4	9.2773E-3	6.7114E-1
5.0500E-4	9.0332E-3	6.6880E-1
5.0600E-4	1.0010E-2	6.6875E-1
5.0700E-4	1.0010E-2	6.7085E-1
5.0800E-4	9.2773E-3	6.7441E-1
5.0900E-4	9.2773E-3	6.7681E-1
5.1000E-4	9.5215E-3	6.7778E-1
5.1100E-4	9.2773E-3	6.7910E-1
5.1200E-4	9.5215E-3	6.7900E-1
5.1300E-4	9.2773E-3	6.7891E-1
5.1400E-4	9.5215E-3	6.7773E-1
5.1500E-4	8.5449E-3	6.7637E-1
5.1600E-4	9.7656E-3	6.7393E-1
5.1700E-4	9.5215E-3	6.7148E-1
5.1800E-4	9.7656E-3	6.6685E-1
5.1900E-4	1.0010E-2	6.6367E-1
5.2000E-4	9.2773E-3	6.6001E-1
5.2100E-4	1.0254E-2	6.5767E-1
5.2200E-4	9.2773E-3	6.5596E-1
5.2300E-4	9.5215E-3	6.5684E-1
5.2400E-4	9.5215E-3	6.5557E-1
5.2500E-4	9.5215E-3	6.5483E-1
5.2600E-4	9.5215E-3	6.5352E-1
5.2700E-4	9.2773E-3	6.5273E-1
5.2800E-4	9.2773E-3	6.5039E-1
5.2900E-4	9.7656E-3	6.5112E-1
5.3000E-4	9.5215E-3	6.5132E-1
5.3100E-4	9.0332E-3	6.5132E-1
5.3200E-4	9.5215E-3	6.5044E-1
5.3300E-4	9.0332E-3	6.4780E-1
5.3400E-4	9.7656E-3	6.4219E-1
5.3500E-4	9.0332E-3	6.3706E-1
5.3600E-4	9.5215E-3	6.3340E-1
5.3700E-4	9.7656E-3	6.3076E-1
5.3800E-4	9.5215E-3	6.2959E-1
5.3900E-4	9.0332E-3	6.2925E-1
5.4000E-4	1.0010E-2	6.2705E-1
5.4100E-4	9.7656E-3	6.2314E-1
5.4200E-4	9.2773E-3	6.1860E-1
5.4300E-4	9.5215E-3	6.1460E-1
5.4400E-4	9.5215E-3	6.1084E-1
5.4500E-4	9.2773E-3	6.1138E-1
5.4600E-4	9.2773E-3	6.1172E-1
5.4700E-4	9.2773E-3	6.1021E-1
5.4800E-4	9.7656E-3	6.1025E-1
5.4900E-4	9.2773E-3	6.1201E-1
5.5000E-4	9.2773E-3	6.0898E-1
5.5100E-4	9.0332E-3	6.0762E-1
5.5200E-4	1.0010E-2	6.0781E-1
5.5300E-4	9.5215E-3	6.0874E-1
5.5400E-4	9.0332E-3	6.0957E-1
5.5500E-4	9.0332E-3	6.1138E-1
5.5600E-4	9.2773E-3	6.1138E-1
5.5700E-4	9.7656E-3	6.1128E-1
5.5800E-4	9.5215E-3	6.0801E-1
5.5900E-4	9.7656E-3	6.0391E-1
5.6000E-4	9.2773E-3	6.0098E-1
5.6100E-4	9.0332E-3	6.0034E-1
5.6200E-4	9.5215E-3	5.9922E-1
5.6300E-4	9.7656E-3	6.0029E-1
5.6400E-4	9.5215E-3	6.0005E-1
5.6500E-4	9.2773E-3	6.0054E-1
5.6600E-4	9.2773E-3	5.9902E-1
5.6700E-4	9.2773E-3	6.0044E-1
5.6800E-4	9.2773E-3	6.0249E-1
5.6900E-4	9.5215E-3	6.0527E-1
5.7000E-4	9.2773E-3	6.0674E-1
5.7100E-4	9.2773E-3	6.0854E-1
5.7200E-4	1.0010E-2	6.0728E-1
5.7300E-4	9.5215E-3	6.0386E-1
5.7400E-4	1.0010E-2	6.0054E-1
5.7500E-4	9.5215E-3	5.9717E-1
5.7600E-4	9.2773E-3	5.9502E-1
5.7700E-4	9.2773E-3	5.9482E-1
5.7800E-4	9.7656E-3	5.9531E-1
5.7900E-4	1.0010E-2	5.9702E-1
5.8000E-4	9.0332E-3	5.9893E-1
5.8100E-4	9.7656E-3	6.0112E-1
5.8200E-4	9.0332E-3	6.0317E-1
5.8300E-4	9.0332E-3	6.0552E-1
5.8400E-4	9.5215E-3	6.0654E-1
5.8500E-4	9.5215E-3	6.1045E-1
5.8600E-4	9.5215E-3	6.1323E-1
5.8700E-4	9.7656E-3	6.1548E-1
5.8800E-4	8.7891E-3	6.1802E-1
5.8900E-4	1.0254E-2	6.1987E-1
5.9000E-4	9.2773E-3	6.2046E-1
5.9100E-4	9.2773E-3	6.2134E-1
5.9200E-4	1.0010E-2	6.2168E-1
5.9300E-4	9.5215E-3	6.2246E-1
5.9400E-4	8.7891E-3	6.2480E-1
5.9500E-4	9.7656E-3	6.2646E-1
5.9600E-4	9.7656E-3	6.2861E-1
5.9700E-4	9.5215E-3	6.3071E-1
5.9800E-4	1.0010E-2	6.3159E-1
5.9900E-4	9.5215E-3	6.3247E-1
6.0000E-4	9.2773E-3	6.3428E-1
6.0100E-4	9.2773E-3	6.3662E-1
6.0200E-4	9.0332E-3	6.3955E-1
6.0300E-4	1.0010E-2	6.4414E-1
6.0400E-4	1.0010E-2	6.4907E-1
6.0500E-4	9.7656E-3	6.5278E-1
6.0600E-4	9.7656E-3	6.5703E-1
6.0700E-4	9.2773E-3	6.6074E-1
6.0800E-4	9.2773E-3	6.6406E-1
6.0900E-4	1.0010E-2	6.6724E-1
6.1000E-4	9.0332E-3	6.6992E-1
6.1100E-4	9.7656E-3	6.7002E-1
6.1200E-4	9.7656E-3	6.6919E-1
6.1300E-4	9.5215E-3	6.6733E-1
6.1400E-4	9.5215E-3	6.6611E-1
6.1500E-4	9.5215E-3	6.6616E-1
6.1600E-4	9.5215E-3	6.6748E-1
6.1700E-4	9.2773E-3	6.7002E-1
6.1800E-4	1.0010E-2	6.7295E-1
6.1900E-4	9.0332E-3	6.7466E-1
6.2000E-4	1.0010E-2	6.7646E-1
6.2100E-4	9.2773E-3	6.7969E-1
6.2200E-4	9.5215E-3	6.8262E-1
6.2300E-4	9.2773E-3	6.8657E-1
6.2400E-4	9.5215E-3	6.9053E-1
6.2500E-4	9.7656E-3	6.9404E-1
6.2600E-4	9.2773E-3	6.9458E-1
6.2700E-4	9.5215E-3	6.9570E-1
6.2800E-4	9.7656E-3	6.9624E-1
6.2900E-4	9.5215E-3	6.9771E-1
6.3000E-4	9.2773E-3	7.0098E-1
6.3100E-4	9.7656E-3	7.0493E-1
6.3200E-4	9.0332E-3	7.0708E-1
6.3300E-4	8.7891E-3	7.0723E-1
6.3400E-4	9.2773E-3	7.0698E-1
6.3500E-4	1.0010E-2	7.0313E-1
6.3600E-4	9.5215E-3	6.9995E-1
6.3700E-4	9.7656E-3	6.9878E-1
6.3800E-4	8.7891E-3	6.9883E-1
6.3900E-4	9.5215E-3	6.9971E-1
6.4000E-4	9.5215E-3	7.0015E-1
6.4100E-4	9.2773E-3	6.9951E-1
6.4200E-4	9.5215E-3	6.9824E-1
6.4300E-4	9.5215E-3	6.9517E-1
6.4400E-4	9.2773E-3	6.8857E-1
6.4500E-4	1.0010E-2	6.8325E-1
6.4600E-4	9.2773E-3	6.7886E-1
6.4700E-4	9.0332E-3	6.7627E-1
6.4800E-4	9.2773E-3	6.7734E-1
6.4900E-4	9.2773E-3	6.8135E-1
6.5000E-4	9.2773E-3	6.8394E-1
6.5100E-4	9.2773E-3	6.8379E-1
6.5200E-4	9.2773E-3	6.7988E-1
6.5300E-4	9.7656E-3	6.7349E-1
6.5400E-4	9.5215E-3	6.6479E-1
6.5500E-4	9.2773E-3	6.5913E-1
6.5600E-4	9.7656E-3	6.5493E-1
6.5700E-4	9.0332E-3	6.5273E-1
6.5800E-4	1.0010E-2	6.4927E-1
6.5900E-4	9.5215E-3	6.4702E-1
6.6000E-4	9.2773E-3	6.4331E-1
6.6100E-4	9.2773E-3	6.3926E-1
6.6200E-4	9.2773E-3	6.3452E-1
6.6300E-4	9.2773E-3	6.3125E-1
6.6400E-4	9.2773E-3	6.2808E-1
6.6500E-4	9.7656E-3	6.2402E-1
6.6600E-4	9.2773E-3	6.2007E-1
6.6700E-4	1.0010E-2	6.1479E-1
6.6800E-4	9.0332E-3	6.0957E-1
6.6900E-4	9.2773E-3	6.0405E-1
6.7000E-4	9.2773E-3	6.0117E-1
6.7100E-4	9.7656E-3	5.9717E-1
6.7200E-4	9.7656E-3	5.9463E-1
6.7300E-4	1.0010E-2	5.9268E-1
6.7400E-4	9.5215E-3	5.9067E-1
6.7500E-4	9.5215E-3	5.8735E-1
6.7600E-4	1.0010E-2	5.8491E-1
6.7700E-4	1.0254E-2	5.7998E-1
6.7800E-4	9.2773E-3	5.7466E-1
6.7900E-4	9.2773E-3	5.7036E-1
6.8000E-4	9.0332E-3	5.6558E-1
6.8100E-4	9.7656E-3	5.6143E-1
6.8200E-4	9.5215E-3	5.5752E-1
6.8300E-4	9.2773E-3	5.5405E-1
6.8400E-4	9.2773E-3	5.4995E-1
6.8500E-4	9.2773E-3	5.4487E-1
6.8600E-4	9.5215E-3	5.4067E-1
6.8700E-4	9.0332E-3	5.3618E-1
6.8800E-4	9.2773E-3	5.3125E-1
6.8900E-4	1.0010E-2	5.2461E-1
6.9000E-4	9.7656E-3	5.1890E-1
6.9100E-4	1.0010E-2	5.1348E-1
6.9200E-4	9.5215E-3	5.1123E-1
6.9300E-4	1.0010E-2	5.0845E-1
6.9400E-4	9.5215E-3	5.0732E-1
6.9500E-4	8.7891E-3	5.0596E-1
6.9600E-4	9.5215E-3	5.0327E-1
6.9700E-4	9.0332E-3	5.0059E-1
6.9800E-4	9.2773E-3	4.9795E-1
6.9900E-4	9.2773E-3	4.9316E-1
7.0000E-4	9.7656E-3	4.9038E-1
7.0100E-4	9.2773E-3	4.8887E-1
7.0200E-4	9.2773E-3	4.8696E-1
7.0300E-4	9.7656E-3	4.8613E-1
7.0400E-4	9.0332E-3	4.8794E-1
7.0500E-4	9.2773E-3	4.8770E-1
7.0600E-4	9.2773E-3	4.8506E-1
7.0700E-4	9.0332E-3	4.8193E-1
7.0800E-4	9.2773E-3	4.7793E-1
7.0900E-4	9.5215E-3	4.7378E-1
7.1000E-4	9.7656E-3	4.6963E-1
7.1100E-4	9.7656E-3	4.6719E-1
7.1200E-4	9.2773E-3	4.6592E-1
7.1300E-4	9.5215E-3	4.6475E-1
7.1400E-4	9.2773E-3	4.6162E-1
7.1500E-4	9.2773E-3	4.5791E-1
7.1600E-4	9.5215E-3	4.5405E-1
7.1700E-4	9.7656E-3	4.5049E-1
7.1800E-4	1.0010E-2	4.4697E-1
7.1900E-4	1.0010E-2	4.4570E-1
7.2000E-4	9.7656E-3	4.4536E-1
7.2100E-4	9.2773E-3	4.4390E-1
7.2200E-4	9.0332E-3	4.4243E-1
7.2300E-4	9.2773E-3	4.4048E-1
7.2400E-4	9.2773E-3	4.3779E-1
7.2500E-4	9.5215E-3	4.3545E-1
7.2600E-4	9.2773E-3	4.3501E-1
7.2700E-4	9.5215E-3	4.3511E-1
7.2800E-4	9.2773E-3	4.3677E-1
7.2900E-4	9.0332E-3	4.3779E-1
7.3000E-4	9.7656E-3	4.3691E-1
7.3100E-4	9.5215E-3	4.3584E-1
7.3200E-4	9.5215E-3	4.3232E-1
7.3300E-4	9.5215E-3	4.2871E-1
7.3400E-4	1.0010E-2	4.2490E-1
7.3500E-4	9.5215E-3	4.2402E-1
7.3600E-4	9.5215E-3	4.2236E-1
7.3700E-4	9.2773E-3	4.2109E-1
7.3800E-4	9.7656E-3	4.2031E-1
7.3900E-4	9.5215E-3	4.2041E-1
7.4000E-4	9.5215E-3	4.1875E-1
7.4100E-4	9.2773E-3	4.1880E-1
7.4200E-4	9.5215E-3	4.2114E-1
7.4300E-4	9.0332E-3	4.2319E-1
7.4400E-4	1.0010E-2	4.2607E-1
7.4500E-4	9.5215E-3	4.3115E-1
7.4600E-4	9.7656E-3	4.3403E-1
7.4700E-4	9.5215E-3	4.3496E-1
7.4800E-4	9.5215E-3	4.3579E-1
7.4900E-4	9.7656E-3	4.3481E-1
7.5000E-4	9.7656E-3	4.3325E-1
7.5100E-4	1.0010E-2	4.3218E-1
7.5200E-4	9.0332E-3	4.3027E-1
7.5300E-4	9.5215E-3	4.2783E-1
7.5400E-4	9.2773E-3	4.2651E-1
7.5500E-4	9.2773E-3	4.2461E-1
7.5600E-4	9.7656E-3	4.2524E-1
7.5700E-4	9.2773E-3	4.2754E-1
7.5800E-4	9.7656E-3	4.2949E-1
7.5900E-4	9.5215E-3	4.3188E-1
7.6000E-4	9.2773E-3	4.3315E-1
7.6100E-4	9.7656E-3	4.3267E-1
7.6200E-4	9.5215E-3	4.3115E-1
7.6300E-4	9.7656E-3	4.3071E-1
7.6400E-4	9.0332E-3	4.2939E-1
7.6500E-4	9.0332E-3	4.3232E-1
7.6600E-4	9.5215E-3	4.3628E-1
7.6700E-4	9.2773E-3	4.4253E-1
7.6800E-4	9.2773E-3	4.4639E-1
7.6900E-4	9.7656E-3	4.4966E-1
7.7000E-4	9.2773E-3	4.4961E-1
7.7100E-4	9.2773E-3	4.4956E-1
7.7200E-4	9.7656E-3	4.4824E-1
7.7300E-4	9.7656E-3	4.4922E-1
7.7400E-4	1.0010E-2	4.5205E-1
7.7500E-4	9.7656E-3	4.5537E-1
7.7600E-4	9.2773E-3	4.5571E-1
7.7700E-4	9.5215E-3	4.5532E-1
7.7800E-4	1.0010E-2	4.5552E-1
7.7900E-4	9.5215E-3	4.5366E-1
7.8000E-4	9.5215E-3	4.5273E-1
7.8100E-4	1.0010E-2	4.5547E-1
7.8200E-4	9.5215E-3	4.6016E-1
7.8300E-4	9.7656E-3	4.6460E-1
7.8400E-4	9.2773E-3	4.7041E-1
7.8500E-4	9.0332E-3	4.7437E-1
7.8600E-4	1.0010E-2	4.7681E-1
7.8700E-4	9.5215E-3	4.7915E-1
7.8800E-4	9.7656E-3	4.8179E-1
7.8900E-4	9.2773E-3	4.8491E-1
7.9000E-4	9.5215E-3	4.8887E-1
7.9100E-4	1.0010E-2	4.9214E-1
7.9200E-4	9.5215E-3	4.9473E-1
7.9300E-4	1.0254E-2	4.9541E-1
7.9400E-4	9.2773E-3	4.9673E-1
7.9500E-4	9.7656E-3	4.9844E-1
7.9600E-4	9.5215E-3	5.0068E-1
7.9700E-4	9.0332E-3	5.0347E-1
7.9800E-4	1.0254E-2	5.0698E-1
7.9900E-4	9.5215E-3	5.1094E-1
8.0000E-4	9.2773E-3	5.1455E-1
8.0100E-4	9.7656E-3	5.1831E-1
8.0200E-4	9.5215E-3	5.2197E-1
8.0300E-4	9.0332E-3	5.2612E-1
8.0400E-4	9.5215E-3	5.2847E-1
8.0500E-4	9.0332E-3	5.3228E-1
8.0600E-4	9.2773E-3	5.3706E-1
8.0700E-4	9.5215E-3	5.4106E-1
8.0800E-4	9.5215E-3	5.4585E-1
8.0900E-4	9.7656E-3	5.5254E-1
8.1000E-4	9.2773E-3	5.5752E-1
8.1100E-4	9.5215E-3	5.6201E-1
8.1200E-4	1.0010E-2	5.6792E-1
8.1300E-4	8.7891E-3	5.7388E-1
8.1400E-4	9.7656E-3	5.8037E-1
8.1500E-4	9.2773E-3	5.8687E-1
8.1600E-4	1.0010E-2	5.9185E-1
8.1700E-4	9.5215E-3	5.9614E-1
8.1800E-4	9.5215E-3	5.9751E-1
8.1900E-4	9.0332E-3	5.9663E-1
8.2000E-4	9.7656E-3	5.9688E-1
8.2100E-4	9.0332E-3	6.0137E-1
8.2200E-4	9.7656E-3	6.0688E-1
8.2300E-4	1.0010E-2	6.1548E-1
8.2400E-4	9.2773E-3	6.2588E-1
8.2500E-4	9.5215E-3	6.3574E-1
8.2600E-4	9.2773E-3	6.4302E-1
8.2700E-4	9.7656E-3	6.4785E-1
8.2800E-4	9.2773E-3	6.5293E-1
8.2900E-4	9.5215E-3	6.5708E-1
8.3000E-4	9.7656E-3	6.5977E-1
8.3100E-4	9.2773E-3	6.6230E-1
8.3200E-4	9.5215E-3	6.6533E-1
8.3300E-4	9.7656E-3	6.6812E-1
8.3400E-4	9.0332E-3	6.7017E-1
8.3500E-4	9.7656E-3	6.7305E-1
8.3600E-4	9.2773E-3	6.7637E-1
8.3700E-4	9.2773E-3	6.8042E-1
8.3800E-4	1.0010E-2	6.8423E-1
8.3900E-4	9.2773E-3	6.8804E-1
8.4000E-4	9.2773E-3	6.9165E-1
8.4100E-4	9.2773E-3	6.9321E-1
8.4200E-4	9.5215E-3	6.9404E-1
8.4300E-4	9.5215E-3	6.9409E-1
8.4400E-4	9.0332E-3	6.9487E-1
8.4500E-4	9.5215E-3	6.9697E-1
8.4600E-4	9.5215E-3	7.0034E-1
8.4700E-4	9.5215E-3	7.0288E-1
8.4800E-4	9.7656E-3	7.0615E-1
8.4900E-4	9.7656E-3	7.0796E-1
8.5000E-4	9.2773E-3	7.0737E-1
8.5100E-4	9.7656E-3	7.0791E-1
8.5200E-4	9.2773E-3	7.0869E-1
8.5300E-4	9.7656E-3	7.0918E-1
8.5400E-4	8.7891E-3	7.1021E-1
8.5500E-4	9.5215E-3	7.1309E-1
8.5600E-4	9.0332E-3	7.1333E-1
8.5700E-4	9.0332E-3	7.1206E-1
8.5800E-4	9.7656E-3	7.1011E-1
8.5900E-4	1.0010E-2	7.0933E-1
8.6000E-4	9.5215E-3	7.0815E-1
8.6100E-4	9.5215E-3	7.0728E-1
8.6200E-4	9.5215E-3	7.0913E-1
8.6300E-4	9.5215E-3	7.0854E-1
8.6400E-4	9.2773E-3	7.0601E-1
8.6500E-4	9.0332E-3	7.0273E-1
8.6600E-4	9.5215E-3	6.9971E-1
8.6700E-4	9.5215E-3	6.9619E-1
8.6800E-4	9.5215E-3	6.9419E-1
8.6900E-4	9.2773E-3	6.9370E-1
8.7000E-4	9.0332E-3	6.9434E-1
8.7100E-4	9.7656E-3	6.9473E-1
8.7200E-4	9.5215E-3	6.9126E-1
8.7300E-4	9.0332E-3	6.8682E-1
8.7400E-4	9.5215E-3	6.8188E-1
8.7500E-4	9.5215E-3	6.7783E-1
8.7600E-4	9.5215E-3	6.7485E-1
8.7700E-4	9.5215E-3	6.7612E-1
8.7800E-4	1.0254E-2	6.7827E-1
8.7900E-4	8.7891E-3	6.7988E-1
8.8000E-4	9.0332E-3	6.7832E-1
8.8100E-4	9.7656E-3	6.7480E-1
8.8200E-4	1.0010E-2	6.7007E-1
8.8300E-4	9.2773E-3	6.6631E-1
8.8400E-4	1.0254E-2	6.6489E-1
8.8500E-4	9.5215E-3	6.6401E-1
8.8600E-4	9.5215E-3	6.6465E-1
8.8700E-4	9.5215E-3	6.6304E-1
8.8800E-4	9.2773E-3	6.5918E-1
8.8900E-4	1.0010E-2	6.5122E-1
8.9000E-4	9.5215E-3	6.4224E-1
8.9100E-4	9.5215E-3	6.3457E-1
8.9200E-4	9.5215E-3	6.3062E-1
8.9300E-4	9.5215E-3	6.2949E-1
8.9400E-4	1.0010E-2	6.3125E-1
8.9500E-4	9.2773E-3	6.3306E-1
8.9600E-4	9.5215E-3	6.3354E-1
8.9700E-4	1.0010E-2	6.3306E-1
8.9800E-4	9.2773E-3	6.3032E-1
8.9900E-4	9.2773E-3	6.2656E-1
9.0000E-4	9.5215E-3	6.2446E-1
9.0100E-4	9.0332E-3	6.2300E-1
9.0200E-4	9.7656E-3	6.2104E-1
9.0300E-4	9.0332E-3	6.2002E-1
9.0400E-4	8.3008E-3	6.1943E-1
9.0500E-4	9.5215E-3	6.1899E-1
9.0600E-4	9.5215E-3	6.1885E-1
9.0700E-4	9.5215E-3	6.1914E-1
9.0800E-4	9.0332E-3	6.2041E-1
9.0900E-4	9.2773E-3	6.2012E-1
9.1000E-4	9.2773E-3	6.1885E-1
9.1100E-4	9.2773E-3	6.1499E-1
9.1200E-4	9.7656E-3	6.1064E-1
9.1300E-4	1.0010E-2	6.0786E-1
9.1400E-4	9.0332E-3	6.0859E-1
9.1500E-4	9.5215E-3	6.1260E-1
9.1600E-4	9.2773E-3	6.2017E-1
9.1700E-4	9.5215E-3	6.2866E-1
9.1800E-4	9.7656E-3	6.3340E-1
9.1900E-4	1.0010E-2	6.3262E-1
9.2000E-4	1.0254E-2	6.2739E-1
9.2100E-4	1.0010E-2	6.2031E-1
9.2200E-4	9.2773E-3	6.1187E-1
9.2300E-4	9.7656E-3	6.0806E-1
9.2400E-4	9.5215E-3	6.0786E-1
9.2500E-4	9.5215E-3	6.1108E-1
9.2600E-4	1.0010E-2	6.1367E-1
9.2700E-4	9.0332E-3	6.1724E-1
9.2800E-4	9.5215E-3	6.1650E-1
9.2900E-4	9.2773E-3	6.1279E-1
9.3000E-4	9.7656E-3	6.0815E-1
9.3100E-4	9.2773E-3	6.0459E-1
9.3200E-4	1.0010E-2	6.0171E-1
9.3300E-4	1.0010E-2	6.0088E-1
9.3400E-4	9.5215E-3	6.0537E-1
9.3500E-4	1.0010E-2	6.0957E-1
9.3600E-4	9.5215E-3	6.1450E-1
9.3700E-4	9.5215E-3	6.1826E-1
9.3800E-4	9.5215E-3	6.2168E-1
9.3900E-4	8.7891E-3	6.2144E-1
9.4000E-4	9.5215E-3	6.2124E-1
9.4100E-4	9.2773E-3	6.1992E-1
9.4200E-4	9.0332E-3	6.1968E-1
9.4300E-4	9.5215E-3	6.2124E-1
9.4400E-4	9.0332E-3	6.2295E-1
9.4500E-4	9.5215E-3	6.2607E-1
9.4600E-4	9.2773E-3	6.2832E-1
9.4700E-4	9.5215E-3	6.3135E-1
9.4800E-4	9.7656E-3	6.3301E-1
9.4900E-4	9.5215E-3	6.3511E-1
9.5000E-4	9.0332E-3	6.3682E-1
9.5100E-4	9.2773E-3	6.3926E-1
9.5200E-4	9.5215E-3	6.3892E-1
9.5300E-4	9.2773E-3	6.3765E-1
9.5400E-4	9.2773E-3	6.3691E-1
9.5500E-4	9.5215E-3	6.3608E-1
9.5600E-4	9.7656E-3	6.3818E-1
9.5700E-4	1.0254E-2	6.4307E-1
9.5800E-4	1.0010E-2	6.4873E-1
9.5900E-4	9.5215E-3	6.5493E-1
9.6000E-4	1.0254E-2	6.5942E-1
9.6100E-4	9.5215E-3	6.5859E-1
9.6200E-4	1.0010E-2	6.5596E-1
9.6300E-4	9.7656E-3	6.5293E-1
9.6400E-4	1.0010E-2	6.4868E-1
9.6500E-4	9.5215E-3	6.4575E-1
9.6600E-4	9.2773E-3	6.4668E-1
9.6700E-4	9.5215E-3	6.4814E-1
9.6800E-4	1.0254E-2	6.5093E-1
9.6900E-4	9.0332E-3	6.5649E-1
9.7000E-4	9.2773E-3	6.6309E-1
9.7100E-4	9.2773E-3	6.6953E-1
9.7200E-4	9.5215E-3	6.7451E-1
9.7300E-4	9.2773E-3	6.7783E-1
9.7400E-4	9.0332E-3	6.8086E-1
9.7500E-4	9.7656E-3	6.8315E-1
9.7600E-4	9.0332E-3	6.8481E-1
9.7700E-4	9.2773E-3	6.8853E-1
9.7800E-4	9.2773E-3	6.9331E-1
9.7900E-4	9.2773E-3	6.9712E-1
9.8000E-4	9.5215E-3	6.9966E-1
9.8100E-4	8.7891E-3	7.0171E-1
9.8200E-4	9.2773E-3	7.0273E-1
9.8300E-4	9.5215E-3	7.0293E-1
9.8400E-4	9.0332E-3	7.0093E-1
9.8500E-4	9.2773E-3	6.9810E-1
9.8600E-4	1.0254E-2	6.9507E-1
9.8700E-4	9.5215E-3	6.9370E-1
9.8800E-4	9.5215E-3	6.9238E-1
9.8900E-4	1.0010E-2	6.9419E-1
9.9000E-4	9.5215E-3	6.9683E-1
9.9100E-4	9.0332E-3	6.9863E-1
9.9200E-4	9.0332E-3	7.0020E-1
9.9300E-4	9.7656E-3	7.0254E-1
9.9400E-4	9.2773E-3	7.0239E-1
9.9500E-4	9.5215E-3	7.0220E-1
9.9600E-4	1.0010E-2	7.0269E-1
9.9700E-4	9.5215E-3	7.0234E-1
9.9800E-4	9.2773E-3	7.0234E-1
9.9900E-4	9.5215E-3	7.0234E-1
