Time [s]	Aux in [V]	Main in [V]
0.0000E+0	9.0332E-3	-9.3994E-2
1.0000E-6	9.0332E-3	-9.1064E-2
2.0000E-6	1.0010E-2	-8.7256E-2
3.0000E-6	1.0010E-2	-8.3740E-2
4.0000E-6	9.5215E-3	-8.1396E-2
5.0000E-6	9.5215E-3	-8.0176E-2
6.0000E-6	9.2773E-3	-7.7393E-2
7.0000E-6	9.2773E-3	-7.3389E-2
8.0000E-6	9.2773E-3	-6.5723E-2
9.0000E-6	9.5215E-3	-5.6592E-2
1.0000E-5	9.5215E-3	-4.1650E-2
1.1000E-5	1.0010E-2	-2.2119E-2
1.2000E-5	1.0010E-2	3.4668E-3
1.3000E-5	9.0332E-3	3.6377E-2
1.4000E-5	9.0332E-3	8.0371E-2
1.5000E-5	9.0332E-3	1.3437E-1
1.6000E-5	9.2773E-3	2.0093E-1
1.7000E-5	9.5215E-3	2.8110E-1
1.8000E-5	9.0332E-3	3.7354E-1
1.9000E-5	9.5215E-3	4.7627E-1
2.0000E-5	9.5215E-3	5.8057E-1
2.1000E-5	9.2773E-3	6.7427E-1
2.2000E-5	9.7656E-3	7.4771E-1
2.3000E-5	9.7656E-3	7.9038E-1
2.4000E-5	9.0332E-3	7.9512E-1
2.5000E-5	9.2773E-3	7.6709E-1
2.6000E-5	9.5215E-3	7.1401E-1
2.7000E-5	9.7656E-3	6.4419E-1
2.8000E-5	9.5215E-3	5.7046E-1
2.9000E-5	9.2773E-3	5.0366E-1
3.0000E-5	9.7656E-3	4.4800E-1
3.1000E-5	9.2773E-3	4.0913E-1
3.2000E-5	9.2773E-3	3.8662E-1
3.3000E-5	9.7656E-3	3.7861E-1
3.4000E-5	8.7891E-3	3.8252E-1
3.5000E-5	9.5215E-3	3.9561E-1
3.6000E-5	9.2773E-3	4.1265E-1
3.7000E-5	1.0254E-2	4.3369E-1
3.8000E-5	9.0332E-3	4.5513E-1
3.9000E-5	9.5215E-3	4.7500E-1
4.0000E-5	9.5215E-3	4.9375E-1
4.1000E-5	9.7656E-3	5.0864E-1
4.2000E-5	9.2773E-3	5.1978E-1
4.3000E-5	9.7656E-3	5.2808E-1
4.4000E-5	1.0498E-2	5.3262E-1
4.5000E-5	9.7656E-3	5.3135E-1
4.6000E-5	9.5215E-3	5.2983E-1
4.7000E-5	9.5215E-3	5.2510E-1
4.8000E-5	9.2773E-3	5.2026E-1
4.9000E-5	9.5215E-3	5.1733E-1
5.0000E-5	9.0332E-3	5.1704E-1
5.1000E-5	9.5215E-3	5.2090E-1
5.2000E-5	9.2773E-3	5.2944E-1
5.3000E-5	9.5215E-3	5.4185E-1
5.4000E-5	9.2773E-3	5.5688E-1
5.5000E-5	9.0332E-3	5.7388E-1
5.6000E-5	9.2773E-3	5.8960E-1
5.7000E-5	9.7656E-3	6.0708E-1
5.8000E-5	8.7891E-3	6.2422E-1
5.9000E-5	9.5215E-3	6.4121E-1
6.0000E-5	9.5215E-3	6.5767E-1
6.1000E-5	9.5215E-3	6.7119E-1
6.2000E-5	9.2773E-3	6.7847E-1
6.3000E-5	9.2773E-3	6.7739E-1
6.4000E-5	1.0254E-2	6.6553E-1
6.5000E-5	1.0010E-2	6.4482E-1
6.6000E-5	1.0010E-2	6.1772E-1
6.7000E-5	9.2773E-3	5.8560E-1
6.8000E-5	1.0010E-2	5.5127E-1
6.9000E-5	9.5215E-3	5.1816E-1
7.0000E-5	9.7656E-3	4.8745E-1
7.1000E-5	1.0254E-2	4.6143E-1
7.2000E-5	9.7656E-3	4.3789E-1
7.3000E-5	9.5215E-3	4.2129E-1
7.4000E-5	9.7656E-3	4.1055E-1
7.5000E-5	1.0254E-2	4.0752E-1
7.6000E-5	1.0254E-2	4.0830E-1
7.7000E-5	9.7656E-3	4.1636E-1
7.8000E-5	9.2773E-3	4.3071E-1
7.9000E-5	9.0332E-3	4.5186E-1
8.0000E-5	9.5215E-3	4.7695E-1
8.1000E-5	1.0254E-2	5.0894E-1
8.2000E-5	9.2773E-3	5.4663E-1
8.3000E-5	8.7891E-3	5.8774E-1
8.4000E-5	1.0254E-2	6.3149E-1
8.5000E-5	1.0254E-2	6.7739E-1
8.6000E-5	9.7656E-3	7.2002E-1
8.7000E-5	9.5215E-3	7.5527E-1
8.8000E-5	9.5215E-3	7.7881E-1
8.9000E-5	9.7656E-3	7.8892E-1
9.0000E-5	9.5215E-3	7.8174E-1
9.1000E-5	9.0332E-3	7.5615E-1
9.2000E-5	9.2773E-3	7.1782E-1
9.3000E-5	1.0010E-2	6.6821E-1
9.4000E-5	9.0332E-3	6.0962E-1
9.5000E-5	9.2773E-3	5.4834E-1
9.6000E-5	1.0010E-2	4.8872E-1
9.7000E-5	9.2773E-3	4.3433E-1
9.8000E-5	9.2773E-3	3.8950E-1
9.9000E-5	1.0010E-2	3.5435E-1
1.0000E-4	9.7656E-3	3.3101E-1
1.0100E-4	9.2773E-3	3.1821E-1
1.0200E-4	9.2773E-3	3.1484E-1
1.0300E-4	9.2773E-3	3.1772E-1
1.0400E-4	1.0010E-2	3.2563E-1
1.0500E-4	9.5215E-3	3.3833E-1
1.0600E-4	1.0010E-2	3.5737E-1
1.0700E-4	9.0332E-3	3.8057E-1
1.0800E-4	9.7656E-3	4.0835E-1
1.0900E-4	1.0254E-2	4.4399E-1
1.1000E-4	9.7656E-3	4.8413E-1
1.1100E-4	9.2773E-3	5.2900E-1
1.1200E-4	9.2773E-3	5.7930E-1
1.1300E-4	1.0010E-2	6.3521E-1
1.1400E-4	9.5215E-3	6.9204E-1
1.1500E-4	9.5215E-3	7.4478E-1
1.1600E-4	1.0010E-2	7.8452E-1
1.1700E-4	9.5215E-3	8.0537E-1
1.1800E-4	9.0332E-3	8.0596E-1
1.1900E-4	1.0498E-2	7.8521E-1
1.2000E-4	9.5215E-3	7.4404E-1
1.2100E-4	9.7656E-3	6.9038E-1
1.2200E-4	9.5215E-3	6.2764E-1
1.2300E-4	1.0010E-2	5.6089E-1
1.2400E-4	9.2773E-3	4.9404E-1
1.2500E-4	1.0010E-2	4.3516E-1
1.2600E-4	8.7891E-3	3.8540E-1
1.2700E-4	1.0010E-2	3.4722E-1
1.2800E-4	9.7656E-3	3.2017E-1
1.2900E-4	1.0498E-2	3.0430E-1
1.3000E-4	9.5215E-3	2.9634E-1
1.3100E-4	1.0254E-2	2.9800E-1
1.3200E-4	9.2773E-3	3.0718E-1
1.3300E-4	1.0254E-2	3.2339E-1
1.3400E-4	9.0332E-3	3.4551E-1
1.3500E-4	9.5215E-3	3.7437E-1
1.3600E-4	9.7656E-3	4.0962E-1
1.3700E-4	9.5215E-3	4.5083E-1
1.3800E-4	9.2773E-3	4.9736E-1
1.3900E-4	9.5215E-3	5.4902E-1
1.4000E-4	9.2773E-3	6.0410E-1
1.4100E-4	9.2773E-3	6.6309E-1
1.4200E-4	9.7656E-3	7.2168E-1
1.4300E-4	1.0010E-2	7.7070E-1
1.4400E-4	9.7656E-3	8.0312E-1
1.4500E-4	9.7656E-3	8.1670E-1
1.4600E-4	1.0498E-2	8.0728E-1
1.4700E-4	9.7656E-3	7.7720E-1
1.4800E-4	1.0010E-2	7.3105E-1
1.4900E-4	9.7656E-3	6.7515E-1
1.5000E-4	9.2773E-3	6.1187E-1
1.5100E-4	9.5215E-3	5.4497E-1
1.5200E-4	9.5215E-3	4.7861E-1
1.5300E-4	9.5215E-3	4.2002E-1
1.5400E-4	1.0010E-2	3.7090E-1
1.5500E-4	1.0010E-2	3.3330E-1
1.5600E-4	1.0010E-2	3.0859E-1
1.5700E-4	9.2773E-3	2.9546E-1
1.5800E-4	9.2773E-3	2.9180E-1
1.5900E-4	9.7656E-3	2.9824E-1
1.6000E-4	9.2773E-3	3.1162E-1
1.6100E-4	1.0010E-2	3.2827E-1
1.6200E-4	9.7656E-3	3.5015E-1
1.6300E-4	9.5215E-3	3.7817E-1
1.6400E-4	9.5215E-3	4.0884E-1
1.6500E-4	1.0010E-2	4.4595E-1
1.6600E-4	9.7656E-3	4.8848E-1
1.6700E-4	9.0332E-3	5.3560E-1
1.6800E-4	9.5215E-3	5.8579E-1
1.6900E-4	9.5215E-3	6.4165E-1
1.7000E-4	1.0010E-2	6.9795E-1
1.7100E-4	1.0254E-2	7.4995E-1
1.7200E-4	9.5215E-3	7.8853E-1
1.7300E-4	9.2773E-3	8.0928E-1
1.7400E-4	9.2773E-3	8.0972E-1
1.7500E-4	9.5215E-3	7.8809E-1
1.7600E-4	9.5215E-3	7.5103E-1
1.7700E-4	1.0010E-2	7.0586E-1
1.7800E-4	8.7891E-3	6.5220E-1
1.7900E-4	9.5215E-3	5.9512E-1
1.8000E-4	9.0332E-3	5.4004E-1
1.8100E-4	1.0010E-2	4.8896E-1
1.8200E-4	9.0332E-3	4.4160E-1
1.8300E-4	9.7656E-3	4.0469E-1
1.8400E-4	1.0010E-2	3.7622E-1
1.8500E-4	9.5215E-3	3.5601E-1
1.8600E-4	8.7891E-3	3.4390E-1
1.8700E-4	1.0010E-2	3.4170E-1
1.8800E-4	1.0010E-2	3.4565E-1
1.8900E-4	9.5215E-3	3.5605E-1
1.9000E-4	9.2773E-3	3.7319E-1
1.9100E-4	9.5215E-3	3.9482E-1
1.9200E-4	9.5215E-3	4.2163E-1
1.9300E-4	1.0498E-2	4.5396E-1
1.9400E-4	9.2773E-3	4.9175E-1
1.9500E-4	9.7656E-3	5.3398E-1
1.9600E-4	9.7656E-3	5.7871E-1
1.9700E-4	9.2773E-3	6.2534E-1
1.9800E-4	9.0332E-3	6.7046E-1
1.9900E-4	9.7656E-3	7.1216E-1
2.0000E-4	9.5215E-3	7.4614E-1
2.0100E-4	9.2773E-3	7.7041E-1
2.0200E-4	9.7656E-3	7.7920E-1
2.0300E-4	9.0332E-3	7.7383E-1
2.0400E-4	1.0010E-2	7.5571E-1
2.0500E-4	8.7891E-3	7.2266E-1
2.0600E-4	9.5215E-3	6.8081E-1
2.0700E-4	9.5215E-3	6.3315E-1
2.0800E-4	9.5215E-3	5.8188E-1
2.0900E-4	9.5215E-3	5.3027E-1
2.1000E-4	9.5215E-3	4.8735E-1
2.1100E-4	9.5215E-3	4.5073E-1
2.1200E-4	9.7656E-3	4.2358E-1
2.1300E-4	8.7891E-3	4.0566E-1
2.1400E-4	1.0010E-2	3.9458E-1
2.1500E-4	9.7656E-3	3.8774E-1
2.1600E-4	9.5215E-3	3.8672E-1
2.1700E-4	9.5215E-3	3.8892E-1
2.1800E-4	9.7656E-3	3.9639E-1
2.1900E-4	9.7656E-3	4.1108E-1
2.2000E-4	9.7656E-3	4.3130E-1
2.2100E-4	9.7656E-3	4.5444E-1
2.2200E-4	9.2773E-3	4.8418E-1
2.2300E-4	1.0010E-2	5.1704E-1
2.2400E-4	9.2773E-3	5.4922E-1
2.2500E-4	9.7656E-3	5.8296E-1
2.2600E-4	9.2773E-3	6.1987E-1
2.2700E-4	8.7891E-3	6.5654E-1
2.2800E-4	9.5215E-3	6.9482E-1
2.2900E-4	9.7656E-3	7.3179E-1
2.3000E-4	9.0332E-3	7.6152E-1
2.3100E-4	1.0254E-2	7.8018E-1
2.3200E-4	1.0254E-2	7.8613E-1
2.3300E-4	1.0254E-2	7.7622E-1
2.3400E-4	9.5215E-3	7.5332E-1
2.3500E-4	9.7656E-3	7.2134E-1
2.3600E-4	9.5215E-3	6.8501E-1
2.3700E-4	9.0332E-3	6.4468E-1
2.3800E-4	1.0498E-2	6.0459E-1
2.3900E-4	1.0010E-2	5.6621E-1
2.4000E-4	1.0254E-2	5.3042E-1
2.4100E-4	9.7656E-3	4.9771E-1
2.4200E-4	9.5215E-3	4.6963E-1
2.4300E-4	1.0254E-2	4.4502E-1
2.4400E-4	9.5215E-3	4.2671E-1
2.4500E-4	9.7656E-3	4.1650E-1
2.4600E-4	9.7656E-3	4.1206E-1
2.4700E-4	1.0010E-2	4.1182E-1
2.4800E-4	1.0254E-2	4.1816E-1
2.4900E-4	9.7656E-3	4.2798E-1
2.5000E-4	1.0254E-2	4.3975E-1
2.5100E-4	1.0010E-2	4.5566E-1
2.5200E-4	9.5215E-3	4.7734E-1
2.5300E-4	1.0254E-2	5.0181E-1
2.5400E-4	9.7656E-3	5.2759E-1
2.5500E-4	9.5215E-3	5.5601E-1
2.5600E-4	1.0254E-2	5.8477E-1
2.5700E-4	1.0254E-2	6.1484E-1
2.5800E-4	9.5215E-3	6.4814E-1
2.5900E-4	9.2773E-3	6.8188E-1
2.6000E-4	1.0010E-2	7.1323E-1
2.6100E-4	9.7656E-3	7.4023E-1
2.6200E-4	9.7656E-3	7.5605E-1
2.6300E-4	1.0010E-2	7.5981E-1
2.6400E-4	9.0332E-3	7.5249E-1
2.6500E-4	9.0332E-3	7.3462E-1
2.6600E-4	9.2773E-3	7.0840E-1
2.6700E-4	9.7656E-3	6.7803E-1
2.6800E-4	9.2773E-3	6.4214E-1
2.6900E-4	9.7656E-3	6.0439E-1
2.7000E-4	9.2773E-3	5.6509E-1
2.7100E-4	9.5215E-3	5.2563E-1
2.7200E-4	9.7656E-3	4.8696E-1
2.7300E-4	1.0010E-2	4.5293E-1
2.7400E-4	9.2773E-3	4.2524E-1
2.7500E-4	9.5215E-3	4.0493E-1
2.7600E-4	9.5215E-3	3.9243E-1
2.7700E-4	9.2773E-3	3.9043E-1
2.7800E-4	9.5215E-3	3.9526E-1
2.7900E-4	9.5215E-3	4.0571E-1
2.8000E-4	9.5215E-3	4.2202E-1
2.8100E-4	9.2773E-3	4.4160E-1
2.8200E-4	9.2773E-3	4.6377E-1
2.8300E-4	9.2773E-3	4.9033E-1
2.8400E-4	9.5215E-3	5.2100E-1
2.8500E-4	9.0332E-3	5.5405E-1
2.8600E-4	9.2773E-3	5.8979E-1
2.8700E-4	9.0332E-3	6.2949E-1
2.8800E-4	8.7891E-3	6.7090E-1
2.8900E-4	9.7656E-3	7.1284E-1
2.9000E-4	9.0332E-3	7.4761E-1
2.9100E-4	9.5215E-3	7.7222E-1
2.9200E-4	1.0254E-2	7.8022E-1
2.9300E-4	9.7656E-3	7.7217E-1
2.9400E-4	9.5215E-3	7.4482E-1
2.9500E-4	1.0010E-2	7.0801E-1
2.9600E-4	1.0254E-2	6.6284E-1
2.9700E-4	9.2773E-3	6.1519E-1
2.9800E-4	8.7891E-3	5.6489E-1
2.9900E-4	1.0010E-2	5.1846E-1
3.0000E-4	1.0254E-2	4.7446E-1
3.0100E-4	9.5215E-3	4.3491E-1
3.0200E-4	1.0010E-2	4.0200E-1
3.0300E-4	9.7656E-3	3.7515E-1
3.0400E-4	1.0010E-2	3.5337E-1
3.0500E-4	1.0010E-2	3.3872E-1
3.0600E-4	9.5215E-3	3.3037E-1
3.0700E-4	9.2773E-3	3.2876E-1
3.0800E-4	9.2773E-3	3.3452E-1
3.0900E-4	9.2773E-3	3.4585E-1
3.1000E-4	9.5215E-3	3.6230E-1
3.1100E-4	9.2773E-3	3.8467E-1
3.1200E-4	1.0010E-2	4.1050E-1
3.1300E-4	9.7656E-3	4.4111E-1
3.1400E-4	9.2773E-3	4.8047E-1
3.1500E-4	9.5215E-3	5.2612E-1
3.1600E-4	9.5215E-3	5.8022E-1
3.1700E-4	9.5215E-3	6.3726E-1
3.1800E-4	9.2773E-3	6.9507E-1
3.1900E-4	9.7656E-3	7.4414E-1
3.2000E-4	9.5215E-3	7.7939E-1
3.2100E-4	9.2773E-3	7.9629E-1
3.2200E-4	9.0332E-3	7.9253E-1
3.2300E-4	9.0332E-3	7.6782E-1
3.2400E-4	9.5215E-3	7.2490E-1
3.2500E-4	9.2773E-3	6.6909E-1
3.2600E-4	9.5215E-3	6.0371E-1
3.2700E-4	9.0332E-3	5.3921E-1
3.2800E-4	9.7656E-3	4.7559E-1
3.2900E-4	9.5215E-3	4.1841E-1
3.3000E-4	9.2773E-3	3.7178E-1
3.3100E-4	9.0332E-3	3.3823E-1
3.3200E-4	1.0254E-2	3.1440E-1
3.3300E-4	1.0254E-2	3.0229E-1
3.3400E-4	9.2773E-3	2.9868E-1
3.3500E-4	1.0010E-2	3.0181E-1
3.3600E-4	9.2773E-3	3.1157E-1
3.3700E-4	9.5215E-3	3.2441E-1
3.3800E-4	9.5215E-3	3.4023E-1
3.3900E-4	9.2773E-3	3.6157E-1
3.4000E-4	1.0010E-2	3.8960E-1
3.4100E-4	1.0010E-2	4.2158E-1
3.4200E-4	9.0332E-3	4.6133E-1
3.4300E-4	9.0332E-3	5.0986E-1
3.4400E-4	8.7891E-3	5.6572E-1
3.4500E-4	9.5215E-3	6.2305E-1
3.4600E-4	1.0010E-2	6.7920E-1
3.4700E-4	9.5215E-3	7.2549E-1
3.4800E-4	9.7656E-3	7.5508E-1
3.4900E-4	9.5215E-3	7.6250E-1
3.5000E-4	9.2773E-3	7.5098E-1
3.5100E-4	9.5215E-3	7.1870E-1
3.5200E-4	9.5215E-3	6.7334E-1
3.5300E-4	9.2773E-3	6.1943E-1
3.5400E-4	9.2773E-3	5.6191E-1
3.5500E-4	8.7891E-3	5.0059E-1
3.5600E-4	9.5215E-3	4.4194E-1
3.5700E-4	9.5215E-3	3.8862E-1
3.5800E-4	9.5215E-3	3.3970E-1
3.5900E-4	9.2773E-3	2.9902E-1
3.6000E-4	9.5215E-3	2.7002E-1
3.6100E-4	9.5215E-3	2.5181E-1
3.6200E-4	9.7656E-3	2.4097E-1
3.6300E-4	9.2773E-3	2.4351E-1
3.6400E-4	9.5215E-3	2.5386E-1
3.6500E-4	9.7656E-3	2.6880E-1
3.6600E-4	9.5215E-3	2.8867E-1
3.6700E-4	1.0254E-2	3.1489E-1
3.6800E-4	1.0010E-2	3.4380E-1
3.6900E-4	9.5215E-3	3.7900E-1
3.7000E-4	9.2773E-3	4.2192E-1
3.7100E-4	1.0010E-2	4.7148E-1
3.7200E-4	1.0254E-2	5.2656E-1
3.7300E-4	9.5215E-3	5.8589E-1
3.7400E-4	9.2773E-3	6.4287E-1
3.7500E-4	9.5215E-3	6.8970E-1
3.7600E-4	9.5215E-3	7.2197E-1
3.7700E-4	9.7656E-3	7.3633E-1
3.7800E-4	9.2773E-3	7.2803E-1
3.7900E-4	1.0010E-2	7.0098E-1
3.8000E-4	9.5215E-3	6.6187E-1
3.8100E-4	9.5215E-3	6.1147E-1
3.8200E-4	1.0010E-2	5.5791E-1
3.8300E-4	1.0010E-2	5.0527E-1
3.8400E-4	1.0010E-2	4.5391E-1
3.8500E-4	1.0010E-2	4.0488E-1
3.8600E-4	8.5449E-3	3.6421E-1
3.8700E-4	9.5215E-3	3.2910E-1
3.8800E-4	1.0010E-2	3.0229E-1
3.8900E-4	9.5215E-3	2.8496E-1
3.9000E-4	9.5215E-3	2.7778E-1
3.9100E-4	9.7656E-3	2.7842E-1
3.9200E-4	1.0254E-2	2.8647E-1
3.9300E-4	9.7656E-3	2.9897E-1
3.9400E-4	1.0010E-2	3.2158E-1
3.9500E-4	1.0010E-2	3.4697E-1
3.9600E-4	9.7656E-3	3.7764E-1
3.9700E-4	9.2773E-3	4.1440E-1
3.9800E-4	1.0010E-2	4.5864E-1
3.9900E-4	9.5215E-3	5.0034E-1
4.0000E-4	9.2773E-3	5.4487E-1
4.0100E-4	9.5215E-3	5.8896E-1
4.0200E-4	9.0332E-3	6.2832E-1
4.0300E-4	9.7656E-3	6.5615E-1
4.0400E-4	1.0498E-2	6.7520E-1
4.0500E-4	9.5215E-3	6.8252E-1
4.0600E-4	9.0332E-3	6.7588E-1
4.0700E-4	1.0498E-2	6.5508E-1
4.0800E-4	9.2773E-3	6.2490E-1
4.0900E-4	9.7656E-3	5.8789E-1
4.1000E-4	9.0332E-3	5.4351E-1
4.1100E-4	9.2773E-3	4.9766E-1
4.1200E-4	1.0010E-2	4.5337E-1
4.1300E-4	9.5215E-3	4.1523E-1
4.1400E-4	9.5215E-3	3.8169E-1
4.1500E-4	9.7656E-3	3.5708E-1
4.1600E-4	9.2773E-3	3.3896E-1
4.1700E-4	1.0010E-2	3.2773E-1
4.1800E-4	9.5215E-3	3.2085E-1
4.1900E-4	1.0010E-2	3.1987E-1
4.2000E-4	9.7656E-3	3.2681E-1
4.2100E-4	9.5215E-3	3.4116E-1
4.2200E-4	1.0010E-2	3.6313E-1
4.2300E-4	9.5215E-3	3.9253E-1
4.2400E-4	1.0254E-2	4.2607E-1
4.2500E-4	9.5215E-3	4.6079E-1
4.2600E-4	9.5215E-3	4.9399E-1
4.2700E-4	9.5215E-3	5.2534E-1
4.2800E-4	9.5215E-3	5.5303E-1
4.2900E-4	9.2773E-3	5.7979E-1
4.3000E-4	9.0332E-3	5.9932E-1
4.3100E-4	1.0010E-2	6.1348E-1
4.3200E-4	1.0498E-2	6.2090E-1
4.3300E-4	9.5215E-3	6.2212E-1
4.3400E-4	9.7656E-3	6.1392E-1
4.3500E-4	9.5215E-3	6.0396E-1
4.3600E-4	9.5215E-3	5.9023E-1
4.3700E-4	1.0254E-2	5.7393E-1
4.3800E-4	9.2773E-3	5.5537E-1
4.3900E-4	9.2773E-3	5.3462E-1
4.4000E-4	9.2773E-3	5.1357E-1
4.4100E-4	9.5215E-3	4.9468E-1
4.4200E-4	9.2773E-3	4.7705E-1
4.4300E-4	9.7656E-3	4.6079E-1
4.4400E-4	9.7656E-3	4.4893E-1
4.4500E-4	1.0010E-2	4.3979E-1
4.4600E-4	9.2773E-3	4.3262E-1
4.4700E-4	9.5215E-3	4.2944E-1
4.4800E-4	9.2773E-3	4.3071E-1
4.4900E-4	9.5215E-3	4.3418E-1
4.5000E-4	9.7656E-3	4.3892E-1
4.5100E-4	9.5215E-3	4.4238E-1
4.5200E-4	9.7656E-3	4.4136E-1
4.5300E-4	9.5215E-3	4.3760E-1
4.5400E-4	1.0010E-2	4.3105E-1
4.5500E-4	9.7656E-3	4.2070E-1
4.5600E-4	9.2773E-3	4.1055E-1
4.5700E-4	9.7656E-3	4.0195E-1
4.5800E-4	8.7891E-3	3.9248E-1
4.5900E-4	9.2773E-3	3.8223E-1
4.6000E-4	1.0010E-2	3.7480E-1
4.6100E-4	9.0332E-3	3.6943E-1
4.6200E-4	8.7891E-3	3.6855E-1
4.6300E-4	9.7656E-3	3.7485E-1
4.6400E-4	9.5215E-3	3.8813E-1
4.6500E-4	9.5215E-3	4.0654E-1
4.6600E-4	8.5449E-3	4.3042E-1
4.6700E-4	9.5215E-3	4.5742E-1
4.6800E-4	9.5215E-3	4.8496E-1
4.6900E-4	9.5215E-3	5.1587E-1
4.7000E-4	9.5215E-3	5.4683E-1
4.7100E-4	9.2773E-3	5.7480E-1
4.7200E-4	9.5215E-3	5.9375E-1
4.7300E-4	8.5449E-3	5.9629E-1
4.7400E-4	9.2773E-3	5.7671E-1
4.7500E-4	9.5215E-3	5.3276E-1
4.7600E-4	9.2773E-3	4.6919E-1
4.7700E-4	1.0010E-2	3.8892E-1
4.7800E-4	1.0254E-2	3.0127E-1
4.7900E-4	9.5215E-3	2.1323E-1
4.8000E-4	9.2773E-3	1.3101E-1
4.8100E-4	9.0332E-3	5.5664E-2
4.8200E-4	9.2773E-3	-8.1055E-3
4.8300E-4	9.5215E-3	-5.6836E-2
4.8400E-4	9.2773E-3	-8.9453E-2
4.8500E-4	9.2773E-3	-1.0649E-1
4.8600E-4	9.2773E-3	-1.1450E-1
4.8700E-4	8.7891E-3	-1.1440E-1
4.8800E-4	9.0332E-3	-1.1172E-1
4.8900E-4	9.2773E-3	-1.0957E-1
4.9000E-4	9.0332E-3	-1.0898E-1
4.9100E-4	9.5215E-3	-1.0786E-1
4.9200E-4	9.5215E-3	-1.0459E-1
4.9300E-4	1.0254E-2	-9.9561E-2
4.9400E-4	9.7656E-3	-9.2725E-2
4.9500E-4	9.5215E-3	-8.7744E-2
4.9600E-4	9.5215E-3	-8.2568E-2
4.9700E-4	9.5215E-3	-8.0078E-2
4.9800E-4	1.0010E-2	-7.9541E-2
4.9900E-4	1.0254E-2	-8.1104E-2
5.0000E-4	1.0010E-2	-8.0957E-2
5.0100E-4	9.2773E-3	-8.2275E-2
5.0200E-4	9.5215E-3	-8.4570E-2
5.0300E-4	1.0010E-2	-8.8965E-2
5.0400E-4	9.5215E-3	-9.3359E-2
5.0500E-4	9.7656E-3	-9.7852E-2
5.0600E-4	1.0010E-2	-1.0190E-1
5.0700E-4	9.5215E-3	-1.0425E-1
5.0800E-4	9.5215E-3	-1.0015E-1
5.0900E-4	9.5215E-3	-9.1992E-2
5.1000E-4	9.0332E-3	-7.8955E-2
5.1100E-4	9.0332E-3	-5.8545E-2
5.1200E-4	1.0010E-2	-2.9590E-2
5.1300E-4	9.5215E-3	6.1035E-3
5.1400E-4	9.2773E-3	5.0684E-2
5.1500E-4	9.2773E-3	1.0508E-1
5.1600E-4	9.7656E-3	1.7227E-1
5.1700E-4	9.5215E-3	2.5127E-1
5.1800E-4	9.2773E-3	3.4063E-1
5.1900E-4	9.5215E-3	4.3369E-1
5.2000E-4	1.0254E-2	5.2412E-1
5.2100E-4	9.7656E-3	5.9746E-1
5.2200E-4	9.7656E-3	6.4687E-1
5.2300E-4	9.7656E-3	6.6890E-1
5.2400E-4	9.0332E-3	6.6411E-1
5.2500E-4	9.7656E-3	6.3477E-1
5.2600E-4	9.2773E-3	5.9194E-1
5.2700E-4	1.0010E-2	5.4023E-1
5.2800E-4	9.5215E-3	4.8770E-1
5.2900E-4	9.5215E-3	4.3921E-1
5.3000E-4	1.0010E-2	4.0117E-1
5.3100E-4	1.0010E-2	3.7480E-1
5.3200E-4	9.2773E-3	3.6016E-1
5.3300E-4	9.2773E-3	3.5547E-1
5.3400E-4	9.5215E-3	3.6147E-1
5.3500E-4	1.0254E-2	3.7246E-1
5.3600E-4	9.5215E-3	3.8633E-1
5.3700E-4	9.2773E-3	4.0205E-1
5.3800E-4	9.7656E-3	4.2021E-1
5.3900E-4	1.0254E-2	4.3813E-1
5.4000E-4	9.7656E-3	4.5415E-1
5.4100E-4	9.7656E-3	4.6963E-1
5.4200E-4	9.5215E-3	4.8232E-1
5.4300E-4	9.5215E-3	4.8916E-1
5.4400E-4	9.7656E-3	4.9121E-1
5.4500E-4	9.7656E-3	4.9146E-1
5.4600E-4	9.2773E-3	4.8838E-1
5.4700E-4	9.0332E-3	4.8613E-1
5.4800E-4	9.2773E-3	4.8535E-1
5.4900E-4	9.0332E-3	4.8706E-1
5.5000E-4	9.2773E-3	4.9136E-1
5.5100E-4	9.7656E-3	4.9951E-1
5.5200E-4	1.0010E-2	5.1016E-1
5.5300E-4	9.2773E-3	5.2310E-1
5.5400E-4	9.2773E-3	5.3535E-1
5.5500E-4	9.5215E-3	5.4678E-1
5.5600E-4	9.2773E-3	5.5615E-1
5.5700E-4	9.5215E-3	5.6592E-1
5.5800E-4	9.2773E-3	5.7505E-1
5.5900E-4	9.5215E-3	5.8423E-1
5.6000E-4	9.7656E-3	5.9282E-1
5.6100E-4	1.0010E-2	5.9966E-1
5.6200E-4	9.5215E-3	6.0083E-1
5.6300E-4	9.7656E-3	5.9438E-1
5.6400E-4	1.0010E-2	5.8203E-1
5.6500E-4	9.2773E-3	5.6074E-1
5.6600E-4	9.2773E-3	5.3369E-1
5.6700E-4	1.0010E-2	5.0322E-1
5.6800E-4	1.0010E-2	4.7217E-1
5.6900E-4	1.0010E-2	4.4097E-1
5.7000E-4	9.2773E-3	4.1470E-1
5.7100E-4	9.5215E-3	3.9175E-1
5.7200E-4	9.2773E-3	3.7456E-1
5.7300E-4	1.0254E-2	3.6196E-1
5.7400E-4	9.2773E-3	3.5313E-1
5.7500E-4	1.0010E-2	3.4956E-1
5.7600E-4	9.5215E-3	3.5020E-1
5.7700E-4	9.7656E-3	3.5322E-1
5.7800E-4	9.7656E-3	3.6309E-1
5.7900E-4	9.5215E-3	3.7881E-1
5.8000E-4	9.5215E-3	4.0142E-1
5.8100E-4	9.2773E-3	4.3179E-1
5.8200E-4	1.0010E-2	4.6899E-1
5.8300E-4	9.7656E-3	5.0879E-1
5.8400E-4	9.5215E-3	5.4932E-1
5.8500E-4	1.0010E-2	5.8325E-1
5.8600E-4	9.5215E-3	6.0947E-1
5.8700E-4	9.0332E-3	6.2554E-1
5.8800E-4	9.5215E-3	6.3228E-1
5.8900E-4	9.7656E-3	6.2881E-1
5.9000E-4	9.0332E-3	6.1733E-1
5.9100E-4	8.7891E-3	6.0068E-1
5.9200E-4	1.0010E-2	5.7949E-1
5.9300E-4	1.0010E-2	5.5312E-1
5.9400E-4	9.0332E-3	5.2227E-1
5.9500E-4	9.7656E-3	4.8765E-1
5.9600E-4	1.0010E-2	4.4961E-1
5.9700E-4	9.7656E-3	4.1270E-1
5.9800E-4	9.2773E-3	3.7686E-1
5.9900E-4	9.7656E-3	3.4595E-1
6.0000E-4	9.2773E-3	3.2183E-1
6.0100E-4	9.5215E-3	3.0405E-1
6.0200E-4	9.0332E-3	2.9233E-1
6.0300E-4	9.0332E-3	2.8799E-1
6.0400E-4	9.2773E-3	2.9131E-1
6.0500E-4	1.0010E-2	3.0132E-1
6.0600E-4	9.2773E-3	3.2163E-1
6.0700E-4	9.2773E-3	3.5073E-1
6.0800E-4	1.0010E-2	3.8618E-1
6.0900E-4	1.0010E-2	4.2651E-1
6.1000E-4	8.7891E-3	4.7070E-1
6.1100E-4	9.5215E-3	5.1353E-1
6.1200E-4	9.5215E-3	5.5444E-1
6.1300E-4	9.2773E-3	5.9019E-1
6.1400E-4	9.5215E-3	6.1992E-1
6.1500E-4	9.7656E-3	6.3657E-1
6.1600E-4	9.7656E-3	6.3921E-1
6.1700E-4	9.2773E-3	6.2842E-1
6.1800E-4	9.0332E-3	6.0786E-1
6.1900E-4	9.7656E-3	5.7886E-1
6.2000E-4	9.5215E-3	5.4790E-1
6.2100E-4	9.7656E-3	5.1523E-1
6.2200E-4	9.5215E-3	4.7910E-1
6.2300E-4	9.5215E-3	4.4023E-1
6.2400E-4	9.5215E-3	3.9814E-1
6.2500E-4	9.2773E-3	3.5557E-1
6.2600E-4	8.7891E-3	3.1768E-1
6.2700E-4	9.5215E-3	2.8765E-1
6.2800E-4	9.7656E-3	2.6465E-1
6.2900E-4	1.0010E-2	2.5273E-1
6.3000E-4	1.0010E-2	2.4883E-1
6.3100E-4	9.7656E-3	2.5190E-1
6.3200E-4	9.2773E-3	2.5947E-1
6.3300E-4	8.5449E-3	2.7339E-1
6.3400E-4	9.5215E-3	2.9092E-1
6.3500E-4	1.0010E-2	3.1465E-1
6.3600E-4	9.5215E-3	3.4316E-1
6.3700E-4	9.2773E-3	3.7593E-1
6.3800E-4	9.7656E-3	4.1587E-1
6.3900E-4	1.0010E-2	4.6143E-1
6.4000E-4	9.2773E-3	5.0874E-1
6.4100E-4	9.5215E-3	5.5103E-1
6.4200E-4	1.0010E-2	5.8647E-1
6.4300E-4	9.5215E-3	6.0796E-1
6.4400E-4	9.5215E-3	6.1338E-1
6.4500E-4	9.2773E-3	6.0405E-1
6.4600E-4	9.5215E-3	5.8740E-1
6.4700E-4	9.5215E-3	5.6689E-1
6.4800E-4	1.0010E-2	5.4033E-1
6.4900E-4	9.7656E-3	5.1128E-1
6.5000E-4	9.5215E-3	4.8276E-1
6.5100E-4	9.2773E-3	4.4961E-1
6.5200E-4	9.2773E-3	4.1118E-1
6.5300E-4	9.7656E-3	3.7681E-1
6.5400E-4	1.0010E-2	3.4346E-1
6.5500E-4	9.5215E-3	3.1230E-1
6.5600E-4	9.2773E-3	2.8599E-1
6.5700E-4	9.0332E-3	2.6909E-1
6.5800E-4	9.2773E-3	2.5781E-1
6.5900E-4	1.0010E-2	2.5435E-1
6.6000E-4	9.2773E-3	2.5723E-1
6.6100E-4	9.7656E-3	2.6924E-1
6.6200E-4	9.0332E-3	2.8511E-1
6.6300E-4	9.5215E-3	3.0742E-1
6.6400E-4	1.0010E-2	3.3862E-1
6.6500E-4	9.7656E-3	3.7627E-1
6.6600E-4	9.0332E-3	4.1821E-1
6.6700E-4	9.7656E-3	4.6421E-1
6.6800E-4	9.5215E-3	5.0962E-1
6.6900E-4	8.7891E-3	5.4619E-1
6.7000E-4	9.5215E-3	5.7490E-1
6.7100E-4	1.0254E-2	5.9019E-1
6.7200E-4	9.0332E-3	5.9121E-1
6.7300E-4	9.5215E-3	5.8203E-1
6.7400E-4	9.7656E-3	5.7002E-1
6.7500E-4	9.2773E-3	5.5405E-1
6.7600E-4	9.0332E-3	5.3755E-1
6.7700E-4	9.7656E-3	5.1899E-1
6.7800E-4	9.2773E-3	4.9834E-1
6.7900E-4	9.5215E-3	4.7222E-1
6.8000E-4	9.5215E-3	4.3848E-1
6.8100E-4	9.0332E-3	4.0215E-1
6.8200E-4	9.5215E-3	3.6699E-1
6.8300E-4	9.0332E-3	3.3267E-1
6.8400E-4	9.2773E-3	3.0352E-1
6.8500E-4	1.0254E-2	2.8350E-1
6.8600E-4	9.2773E-3	2.7026E-1
6.8700E-4	1.0254E-2	2.6577E-1
6.8800E-4	1.0010E-2	2.7007E-1
6.8900E-4	9.2773E-3	2.8022E-1
6.9000E-4	9.2773E-3	2.9473E-1
6.9100E-4	1.0010E-2	3.1680E-1
6.9200E-4	9.2773E-3	3.4341E-1
6.9300E-4	9.0332E-3	3.7422E-1
6.9400E-4	9.2773E-3	4.0820E-1
6.9500E-4	1.0010E-2	4.4668E-1
6.9600E-4	9.0332E-3	4.8408E-1
6.9700E-4	9.7656E-3	5.1680E-1
6.9800E-4	9.0332E-3	5.4487E-1
6.9900E-4	9.5215E-3	5.6587E-1
7.0000E-4	1.0010E-2	5.7485E-1
7.0100E-4	9.5215E-3	5.7285E-1
7.0200E-4	9.7656E-3	5.6396E-1
7.0300E-4	9.5215E-3	5.4849E-1
7.0400E-4	9.7656E-3	5.3057E-1
7.0500E-4	9.7656E-3	5.1289E-1
7.0600E-4	9.2773E-3	4.9609E-1
7.0700E-4	9.7656E-3	4.8086E-1
7.0800E-4	9.5215E-3	4.6362E-1
7.0900E-4	1.0010E-2	4.4380E-1
7.1000E-4	9.5215E-3	4.2231E-1
7.1100E-4	9.5215E-3	4.0068E-1
7.1200E-4	1.0254E-2	3.7900E-1
7.1300E-4	9.5215E-3	3.5947E-1
7.1400E-4	9.7656E-3	3.4438E-1
7.1500E-4	9.7656E-3	3.3315E-1
7.1600E-4	9.2773E-3	3.2661E-1
7.1700E-4	9.2773E-3	3.2676E-1
7.1800E-4	9.2773E-3	3.3003E-1
7.1900E-4	1.0010E-2	3.3911E-1
7.2000E-4	9.5215E-3	3.5376E-1
7.2100E-4	9.2773E-3	3.7388E-1
7.2200E-4	9.0332E-3	3.9673E-1
7.2300E-4	9.7656E-3	4.2393E-1
7.2400E-4	9.5215E-3	4.5127E-1
7.2500E-4	9.5215E-3	4.7993E-1
7.2600E-4	9.5215E-3	5.0830E-1
7.2700E-4	9.5215E-3	5.3228E-1
7.2800E-4	9.2773E-3	5.5044E-1
7.2900E-4	9.7656E-3	5.6299E-1
7.3000E-4	9.7656E-3	5.6851E-1
7.3100E-4	9.7656E-3	5.6255E-1
7.3200E-4	9.2773E-3	5.5000E-1
7.3300E-4	8.7891E-3	5.3750E-1
7.3400E-4	9.5215E-3	5.2363E-1
7.3500E-4	9.2773E-3	5.0762E-1
7.3600E-4	9.5215E-3	4.9482E-1
7.3700E-4	9.2773E-3	4.8408E-1
7.3800E-4	8.7891E-3	4.7056E-1
7.3900E-4	1.0010E-2	4.5469E-1
7.4000E-4	1.0010E-2	4.3853E-1
7.4100E-4	1.0254E-2	4.1987E-1
7.4200E-4	9.0332E-3	3.9961E-1
7.4300E-4	1.0010E-2	3.8149E-1
7.4400E-4	9.2773E-3	3.6577E-1
7.4500E-4	1.0010E-2	3.5327E-1
7.4600E-4	9.2773E-3	3.4644E-1
7.4700E-4	1.0010E-2	3.4512E-1
7.4800E-4	1.0254E-2	3.4941E-1
7.4900E-4	9.5215E-3	3.5718E-1
7.5000E-4	9.2773E-3	3.6919E-1
7.5100E-4	1.0254E-2	3.8052E-1
7.5200E-4	9.5215E-3	3.9414E-1
7.5300E-4	9.2773E-3	4.0942E-1
7.5400E-4	9.7656E-3	4.2954E-1
7.5500E-4	9.2773E-3	4.5166E-1
7.5600E-4	9.5215E-3	4.7891E-1
7.5700E-4	9.2773E-3	5.0679E-1
7.5800E-4	9.7656E-3	5.2974E-1
7.5900E-4	9.5215E-3	5.4492E-1
7.6000E-4	9.2773E-3	5.5469E-1
7.6100E-4	9.2773E-3	5.5347E-1
7.6200E-4	9.7656E-3	5.4507E-1
7.6300E-4	1.0010E-2	5.3418E-1
7.6400E-4	9.2773E-3	5.2300E-1
7.6500E-4	9.5215E-3	5.0981E-1
7.6600E-4	1.0010E-2	4.9834E-1
7.6700E-4	9.7656E-3	4.8618E-1
7.6800E-4	9.2773E-3	4.7012E-1
7.6900E-4	9.7656E-3	4.5156E-1
7.7000E-4	9.7656E-3	4.3071E-1
7.7100E-4	9.2773E-3	4.0898E-1
7.7200E-4	9.7656E-3	3.8525E-1
7.7300E-4	1.0010E-2	3.6372E-1
7.7400E-4	9.5215E-3	3.4102E-1
7.7500E-4	9.5215E-3	3.1938E-1
7.7600E-4	8.7891E-3	3.0264E-1
7.7700E-4	1.0010E-2	2.9224E-1
7.7800E-4	1.0254E-2	2.8857E-1
7.7900E-4	9.5215E-3	2.9268E-1
7.8000E-4	9.2773E-3	3.0747E-1
7.8100E-4	1.0010E-2	3.2622E-1
7.8200E-4	9.5215E-3	3.5044E-1
7.8300E-4	9.5215E-3	3.7539E-1
7.8400E-4	9.2773E-3	4.0435E-1
7.8500E-4	9.2773E-3	4.3496E-1
7.8600E-4	9.7656E-3	4.6660E-1
7.8700E-4	9.5215E-3	4.9565E-1
7.8800E-4	9.5215E-3	5.2295E-1
7.8900E-4	9.7656E-3	5.4087E-1
7.9000E-4	9.2773E-3	5.4844E-1
7.9100E-4	9.5215E-3	5.4795E-1
7.9200E-4	1.0010E-2	5.3833E-1
7.9300E-4	9.2773E-3	5.2637E-1
7.9400E-4	9.7656E-3	5.1377E-1
7.9500E-4	1.0010E-2	5.0005E-1
7.9600E-4	9.2773E-3	4.8481E-1
7.9700E-4	9.2773E-3	4.6919E-1
7.9800E-4	9.2773E-3	4.4980E-1
7.9900E-4	9.5215E-3	4.2891E-1
8.0000E-4	9.7656E-3	4.0527E-1
8.0100E-4	1.0010E-2	3.8003E-1
8.0200E-4	9.7656E-3	3.5518E-1
8.0300E-4	9.5215E-3	3.3301E-1
8.0400E-4	1.0010E-2	3.1289E-1
8.0500E-4	1.0010E-2	2.9727E-1
8.0600E-4	9.7656E-3	2.8730E-1
8.0700E-4	9.0332E-3	2.8613E-1
8.0800E-4	9.2773E-3	2.8892E-1
8.0900E-4	1.0254E-2	2.9873E-1
8.1000E-4	9.2773E-3	3.1411E-1
8.1100E-4	9.2773E-3	3.3721E-1
8.1200E-4	9.7656E-3	3.6416E-1
8.1300E-4	9.2773E-3	3.9595E-1
8.1400E-4	9.2773E-3	4.3057E-1
8.1500E-4	9.2773E-3	4.6836E-1
8.1600E-4	9.2773E-3	5.0322E-1
8.1700E-4	9.0332E-3	5.3101E-1
8.1800E-4	9.2773E-3	5.4800E-1
8.1900E-4	9.2773E-3	5.5298E-1
8.2000E-4	1.0254E-2	5.4380E-1
8.2100E-4	1.0010E-2	5.2852E-1
8.2200E-4	9.7656E-3	5.1426E-1
8.2300E-4	9.2773E-3	5.0293E-1
8.2400E-4	1.0010E-2	4.9331E-1
8.2500E-4	9.5215E-3	4.8345E-1
8.2600E-4	9.0332E-3	4.6826E-1
8.2700E-4	9.5215E-3	4.4131E-1
8.2800E-4	9.0332E-3	4.0669E-1
8.2900E-4	9.2773E-3	3.6787E-1
8.3000E-4	9.5215E-3	3.3037E-1
8.3100E-4	9.2773E-3	2.9619E-1
8.3200E-4	9.7656E-3	2.6978E-1
8.3300E-4	9.0332E-3	2.5063E-1
8.3400E-4	9.7656E-3	2.3853E-1
8.3500E-4	9.0332E-3	2.3379E-1
8.3600E-4	9.2773E-3	2.3818E-1
8.3700E-4	9.5215E-3	2.4883E-1
8.3800E-4	9.2773E-3	2.6528E-1
8.3900E-4	1.0010E-2	2.8711E-1
8.4000E-4	1.0010E-2	3.1406E-1
8.4100E-4	9.7656E-3	3.4526E-1
8.4200E-4	1.0254E-2	3.8198E-1
8.4300E-4	1.0010E-2	4.2368E-1
8.4400E-4	9.7656E-3	4.7178E-1
8.4500E-4	9.5215E-3	5.2129E-1
8.4600E-4	1.0010E-2	5.5952E-1
8.4700E-4	9.0332E-3	5.8354E-1
8.4800E-4	9.7656E-3	5.8906E-1
8.4900E-4	9.5215E-3	5.7598E-1
8.5000E-4	9.7656E-3	5.5186E-1
8.5100E-4	9.5215E-3	5.2686E-1
8.5200E-4	1.0254E-2	5.0576E-1
8.5300E-4	9.2773E-3	4.8906E-1
8.5400E-4	9.5215E-3	4.7476E-1
8.5500E-4	9.7656E-3	4.5635E-1
8.5600E-4	9.0332E-3	4.3247E-1
8.5700E-4	9.0332E-3	4.0264E-1
8.5800E-4	9.7656E-3	3.7114E-1
8.5900E-4	9.7656E-3	3.3857E-1
8.6000E-4	1.0254E-2	3.0752E-1
8.6100E-4	9.2773E-3	2.7979E-1
8.6200E-4	9.7656E-3	2.5957E-1
8.6300E-4	9.5215E-3	2.4570E-1
8.6400E-4	9.2773E-3	2.4092E-1
8.6500E-4	9.5215E-3	2.4697E-1
8.6600E-4	9.2773E-3	2.6431E-1
8.6700E-4	9.7656E-3	2.8784E-1
8.6800E-4	9.7656E-3	3.2095E-1
8.6900E-4	9.5215E-3	3.5986E-1
8.7000E-4	1.0010E-2	4.0283E-1
8.7100E-4	9.5215E-3	4.4771E-1
8.7200E-4	9.5215E-3	4.9351E-1
8.7300E-4	9.5215E-3	5.3301E-1
8.7400E-4	9.5215E-3	5.6602E-1
8.7500E-4	9.0332E-3	5.8760E-1
8.7600E-4	9.5215E-3	5.9453E-1
8.7700E-4	1.0010E-2	5.9180E-1
8.7800E-4	9.2773E-3	5.8354E-1
8.7900E-4	9.7656E-3	5.6738E-1
8.8000E-4	9.7656E-3	5.4829E-1
8.8100E-4	9.2773E-3	5.2832E-1
8.8200E-4	8.7891E-3	5.0239E-1
8.8300E-4	9.0332E-3	4.6851E-1
8.8400E-4	1.0010E-2	4.2925E-1
8.8500E-4	9.5215E-3	3.8706E-1
8.8600E-4	9.5215E-3	3.4448E-1
8.8700E-4	1.0254E-2	3.0713E-1
8.8800E-4	9.0332E-3	2.7837E-1
8.8900E-4	9.5215E-3	2.5962E-1
8.9000E-4	9.5215E-3	2.4790E-1
8.9100E-4	9.5215E-3	2.4390E-1
8.9200E-4	1.0010E-2	2.4590E-1
8.9300E-4	9.7656E-3	2.5273E-1
8.9400E-4	9.7656E-3	2.6709E-1
8.9500E-4	8.7891E-3	2.9336E-1
8.9600E-4	9.0332E-3	3.2856E-1
8.9700E-4	1.0010E-2	3.7017E-1
8.9800E-4	9.0332E-3	4.1592E-1
8.9900E-4	9.7656E-3	4.6343E-1
9.0000E-4	9.5215E-3	5.0679E-1
9.0100E-4	9.5215E-3	5.4399E-1
9.0200E-4	9.2773E-3	5.7358E-1
9.0300E-4	1.0010E-2	5.9424E-1
9.0400E-4	9.5215E-3	6.0142E-1
9.0500E-4	9.2773E-3	5.9795E-1
9.0600E-4	8.7891E-3	5.8564E-1
9.0700E-4	1.0010E-2	5.6758E-1
9.0800E-4	9.0332E-3	5.4736E-1
9.0900E-4	9.5215E-3	5.2847E-1
9.1000E-4	9.0332E-3	5.0562E-1
9.1100E-4	9.5215E-3	4.8296E-1
9.1200E-4	1.0010E-2	4.5850E-1
9.1300E-4	1.0010E-2	4.3130E-1
9.1400E-4	1.0254E-2	4.0503E-1
9.1500E-4	9.7656E-3	3.8242E-1
9.1600E-4	1.0010E-2	3.6279E-1
9.1700E-4	9.5215E-3	3.5020E-1
9.1800E-4	9.0332E-3	3.4175E-1
9.1900E-4	9.2773E-3	3.3921E-1
9.2000E-4	9.2773E-3	3.4268E-1
9.2100E-4	9.5215E-3	3.5127E-1
9.2200E-4	1.0010E-2	3.6309E-1
9.2300E-4	9.7656E-3	3.8242E-1
9.2400E-4	9.7656E-3	4.0571E-1
9.2500E-4	9.2773E-3	4.3477E-1
9.2600E-4	9.2773E-3	4.6772E-1
9.2700E-4	9.2773E-3	4.9937E-1
9.2800E-4	9.2773E-3	5.2930E-1
9.2900E-4	9.2773E-3	5.5479E-1
9.3000E-4	9.2773E-3	5.7134E-1
9.3100E-4	1.0010E-2	5.8062E-1
9.3200E-4	1.0010E-2	5.8472E-1
9.3300E-4	9.2773E-3	5.7979E-1
9.3400E-4	9.5215E-3	5.6797E-1
9.3500E-4	9.7656E-3	5.5190E-1
9.3600E-4	9.5215E-3	5.2935E-1
9.3700E-4	9.5215E-3	5.0688E-1
9.3800E-4	9.7656E-3	4.8853E-1
9.3900E-4	9.2773E-3	4.7280E-1
9.4000E-4	9.7656E-3	4.5913E-1
9.4100E-4	9.7656E-3	4.5059E-1
9.4200E-4	9.5215E-3	4.4424E-1
9.4300E-4	9.7656E-3	4.3823E-1
9.4400E-4	9.7656E-3	4.3340E-1
9.4500E-4	1.0254E-2	4.3110E-1
9.4600E-4	8.7891E-3	4.3208E-1
9.4700E-4	9.2773E-3	4.3242E-1
9.4800E-4	9.2773E-3	4.3369E-1
9.4900E-4	9.5215E-3	4.3408E-1
9.5000E-4	9.0332E-3	4.3389E-1
9.5100E-4	1.0010E-2	4.3184E-1
9.5200E-4	9.2773E-3	4.2930E-1
9.5300E-4	1.0010E-2	4.2764E-1
9.5400E-4	9.0332E-3	4.2573E-1
9.5500E-4	9.7656E-3	4.2329E-1
9.5600E-4	1.0254E-2	4.2036E-1
9.5700E-4	9.2773E-3	4.1714E-1
9.5800E-4	9.0332E-3	4.1084E-1
9.5900E-4	1.0010E-2	4.0200E-1
9.6000E-4	9.2773E-3	3.9302E-1
9.6100E-4	1.0010E-2	3.8481E-1
9.6200E-4	9.5215E-3	3.8110E-1
9.6300E-4	9.5215E-3	3.8066E-1
9.6400E-4	9.7656E-3	3.8628E-1
9.6500E-4	9.7656E-3	4.0068E-1
9.6600E-4	9.7656E-3	4.2324E-1
9.6700E-4	9.2773E-3	4.5073E-1
9.6800E-4	1.0010E-2	4.8496E-1
9.6900E-4	9.2773E-3	5.2065E-1
9.7000E-4	9.7656E-3	5.5098E-1
9.7100E-4	9.5215E-3	5.7222E-1
9.7200E-4	9.2773E-3	5.7837E-1
9.7300E-4	9.5215E-3	5.6563E-1
9.7400E-4	9.2773E-3	5.3521E-1
9.7500E-4	1.0010E-2	4.8428E-1
9.7600E-4	1.0010E-2	4.1826E-1
9.7700E-4	1.0254E-2	3.4077E-1
9.7800E-4	8.7891E-3	2.5654E-1
9.7900E-4	9.5215E-3	1.7456E-1
9.8000E-4	9.7656E-3	1.0068E-1
9.8100E-4	1.0010E-2	3.3350E-2
9.8200E-4	9.7656E-3	-2.0459E-2
9.8300E-4	9.5215E-3	-5.9131E-2
9.8400E-4	9.5215E-3	-8.8965E-2
9.8500E-4	9.5215E-3	-1.0811E-1
9.8600E-4	9.0332E-3	-1.1611E-1
9.8700E-4	1.0254E-2	-1.1792E-1
9.8800E-4	9.0332E-3	-1.1548E-1
9.8900E-4	9.7656E-3	-1.0825E-1
9.9000E-4	9.2773E-3	-9.9756E-2
9.9100E-4	9.7656E-3	-9.3018E-2
9.9200E-4	9.2773E-3	-8.6816E-2
9.9300E-4	9.5215E-3	-8.1934E-2
9.9400E-4	9.5215E-3	-7.9883E-2
9.9500E-4	9.5215E-3	-8.1641E-2
9.9600E-4	1.0010E-2	-8.3398E-2
9.9700E-4	9.5215E-3	-8.6816E-2
9.9800E-4	9.5215E-3	-8.6816E-2
9.9900E-4	9.7656E-3	-8.6816E-2
