Time [s]	Aux in [V]	Main in [V]
0.0000E+0	9.7656E-3	-4.1064E-2
1.0000E-6	9.5215E-3	-3.7500E-2
2.0000E-6	9.2773E-3	-3.4082E-2
3.0000E-6	9.7656E-3	-3.2129E-2
4.0000E-6	9.5215E-3	-3.2910E-2
5.0000E-6	1.0010E-2	-3.5498E-2
6.0000E-6	9.2773E-3	-3.6719E-2
7.0000E-6	1.0010E-2	-3.8477E-2
8.0000E-6	9.5215E-3	-3.7305E-2
9.0000E-6	9.5215E-3	-3.6963E-2
1.0000E-5	9.2773E-3	-3.6768E-2
1.1000E-5	1.0010E-2	-3.5400E-2
1.2000E-5	9.7656E-3	-3.4033E-2
1.3000E-5	9.5215E-3	-3.1885E-2
1.4000E-5	9.7656E-3	-2.9785E-2
1.5000E-5	9.2773E-3	-2.6855E-2
1.6000E-5	9.7656E-3	-2.6123E-2
1.7000E-5	1.0254E-2	-2.3535E-2
1.8000E-5	9.5215E-3	-2.0020E-2
1.9000E-5	9.5215E-3	-1.2109E-2
2.0000E-5	1.0010E-2	-1.6602E-3
2.1000E-5	9.0332E-3	1.3525E-2
2.2000E-5	9.5215E-3	3.4277E-2
2.3000E-5	1.0254E-2	6.0986E-2
2.4000E-5	1.0010E-2	9.6631E-2
2.5000E-5	9.7656E-3	1.4443E-1
2.6000E-5	9.5215E-3	2.0542E-1
2.7000E-5	1.0010E-2	2.7979E-1
2.8000E-5	1.0254E-2	3.6826E-1
2.9000E-5	9.2773E-3	4.6812E-1
3.0000E-5	1.0010E-2	5.7529E-1
3.1000E-5	1.0010E-2	6.7642E-1
3.2000E-5	9.5215E-3	7.5928E-1
3.3000E-5	9.0332E-3	8.1279E-1
3.4000E-5	9.2773E-3	8.3032E-1
3.5000E-5	9.7656E-3	8.0933E-1
3.6000E-5	1.0010E-2	7.6021E-1
3.7000E-5	9.5215E-3	6.9365E-1
3.8000E-5	1.0010E-2	6.2002E-1
3.9000E-5	9.5215E-3	5.4995E-1
4.0000E-5	1.0010E-2	4.9087E-1
4.1000E-5	9.7656E-3	4.4639E-1
4.2000E-5	1.0254E-2	4.1841E-1
4.3000E-5	9.2773E-3	4.0630E-1
4.4000E-5	1.0010E-2	4.0811E-1
4.5000E-5	9.7656E-3	4.2085E-1
4.6000E-5	9.2773E-3	4.4077E-1
4.7000E-5	9.7656E-3	4.6338E-1
4.8000E-5	9.5215E-3	4.8535E-1
4.9000E-5	1.0010E-2	5.0679E-1
5.0000E-5	9.5215E-3	5.2515E-1
5.1000E-5	9.0332E-3	5.3892E-1
5.2000E-5	9.5215E-3	5.4722E-1
5.3000E-5	9.7656E-3	5.5234E-1
5.4000E-5	1.0010E-2	5.5278E-1
5.5000E-5	9.5215E-3	5.5024E-1
5.6000E-5	9.7656E-3	5.4780E-1
5.7000E-5	9.2773E-3	5.4771E-1
5.8000E-5	9.7656E-3	5.4897E-1
5.9000E-5	9.2773E-3	5.4985E-1
6.0000E-5	9.5215E-3	5.5181E-1
6.1000E-5	9.5215E-3	5.5488E-1
6.2000E-5	9.5215E-3	5.5913E-1
6.3000E-5	9.7656E-3	5.6768E-1
6.4000E-5	9.7656E-3	5.8110E-1
6.5000E-5	1.0010E-2	5.9717E-1
6.6000E-5	1.0010E-2	6.1436E-1
6.7000E-5	9.2773E-3	6.3286E-1
6.8000E-5	9.5215E-3	6.4927E-1
6.9000E-5	9.0332E-3	6.6411E-1
7.0000E-5	9.2773E-3	6.7729E-1
7.1000E-5	9.2773E-3	6.8945E-1
7.2000E-5	9.2773E-3	6.9692E-1
7.3000E-5	9.5215E-3	6.9824E-1
7.4000E-5	1.0010E-2	6.9180E-1
7.5000E-5	9.7656E-3	6.7778E-1
7.6000E-5	1.0010E-2	6.5596E-1
7.7000E-5	9.2773E-3	6.2695E-1
7.8000E-5	9.5215E-3	5.9404E-1
7.9000E-5	9.2773E-3	5.5957E-1
8.0000E-5	9.7656E-3	5.2510E-1
8.1000E-5	9.5215E-3	4.9194E-1
8.2000E-5	1.0010E-2	4.6372E-1
8.3000E-5	1.0254E-2	4.4087E-1
8.4000E-5	9.2773E-3	4.2515E-1
8.5000E-5	9.5215E-3	4.1777E-1
8.6000E-5	9.7656E-3	4.1924E-1
8.7000E-5	9.5215E-3	4.3066E-1
8.8000E-5	9.7656E-3	4.4927E-1
8.9000E-5	1.0254E-2	4.7280E-1
9.0000E-5	9.5215E-3	5.0127E-1
9.1000E-5	9.7656E-3	5.3306E-1
9.2000E-5	9.7656E-3	5.6748E-1
9.3000E-5	9.5215E-3	6.0547E-1
9.4000E-5	9.0332E-3	6.4687E-1
9.5000E-5	9.5215E-3	6.8975E-1
9.6000E-5	9.5215E-3	7.3066E-1
9.7000E-5	9.5215E-3	7.6528E-1
9.8000E-5	1.0010E-2	7.8740E-1
9.9000E-5	9.5215E-3	7.9565E-1
1.0000E-4	9.5215E-3	7.8657E-1
1.0100E-4	1.0010E-2	7.6104E-1
1.0200E-4	9.7656E-3	7.2090E-1
1.0300E-4	9.5215E-3	6.7324E-1
1.0400E-4	9.5215E-3	6.1709E-1
1.0500E-4	9.7656E-3	5.6079E-1
1.0600E-4	9.5215E-3	5.0796E-1
1.0700E-4	1.0010E-2	4.6089E-1
1.0800E-4	9.5215E-3	4.2192E-1
1.0900E-4	9.0332E-3	3.9297E-1
1.1000E-4	9.7656E-3	3.7109E-1
1.1100E-4	9.7656E-3	3.5674E-1
1.1200E-4	9.7656E-3	3.5103E-1
1.1300E-4	9.7656E-3	3.5073E-1
1.1400E-4	9.2773E-3	3.5635E-1
1.1500E-4	9.5215E-3	3.6846E-1
1.1600E-4	9.5215E-3	3.8623E-1
1.1700E-4	1.0254E-2	4.0933E-1
1.1800E-4	9.0332E-3	4.3711E-1
1.1900E-4	9.7656E-3	4.7144E-1
1.2000E-4	9.7656E-3	5.0835E-1
1.2100E-4	8.7891E-3	5.4995E-1
1.2200E-4	9.5215E-3	5.9727E-1
1.2300E-4	9.2773E-3	6.4888E-1
1.2400E-4	9.5215E-3	7.0098E-1
1.2500E-4	9.5215E-3	7.5127E-1
1.2600E-4	9.5215E-3	7.8784E-1
1.2700E-4	1.0010E-2	8.0684E-1
1.2800E-4	9.7656E-3	8.0620E-1
1.2900E-4	1.0010E-2	7.8594E-1
1.3000E-4	9.7656E-3	7.4653E-1
1.3100E-4	9.5215E-3	6.9678E-1
1.3200E-4	9.7656E-3	6.3833E-1
1.3300E-4	9.5215E-3	5.7598E-1
1.3400E-4	9.5215E-3	5.1372E-1
1.3500E-4	9.7656E-3	4.5718E-1
1.3600E-4	9.7656E-3	4.0830E-1
1.3700E-4	1.0010E-2	3.6875E-1
1.3800E-4	9.7656E-3	3.4092E-1
1.3900E-4	9.5215E-3	3.2524E-1
1.4000E-4	9.7656E-3	3.1895E-1
1.4100E-4	9.7656E-3	3.2075E-1
1.4200E-4	9.7656E-3	3.3081E-1
1.4300E-4	9.2773E-3	3.4780E-1
1.4400E-4	9.0332E-3	3.6904E-1
1.4500E-4	1.0010E-2	3.9653E-1
1.4600E-4	9.5215E-3	4.3159E-1
1.4700E-4	9.5215E-3	4.7280E-1
1.4800E-4	9.7656E-3	5.1958E-1
1.4900E-4	9.5215E-3	5.7085E-1
1.5000E-4	9.5215E-3	6.2559E-1
1.5100E-4	9.2773E-3	6.7998E-1
1.5200E-4	9.2773E-3	7.3159E-1
1.5300E-4	9.7656E-3	7.7446E-1
1.5400E-4	9.2773E-3	8.0044E-1
1.5500E-4	9.7656E-3	8.0786E-1
1.5600E-4	9.2773E-3	7.9658E-1
1.5700E-4	9.7656E-3	7.6709E-1
1.5800E-4	9.5215E-3	7.2197E-1
1.5900E-4	1.0254E-2	6.6938E-1
1.6000E-4	9.7656E-3	6.1050E-1
1.6100E-4	9.0332E-3	5.5176E-1
1.6200E-4	9.2773E-3	4.9463E-1
1.6300E-4	9.5215E-3	4.4316E-1
1.6400E-4	1.0010E-2	3.9912E-1
1.6500E-4	9.7656E-3	3.6660E-1
1.6600E-4	9.2773E-3	3.4409E-1
1.6700E-4	9.7656E-3	3.3032E-1
1.6800E-4	9.5215E-3	3.2510E-1
1.6900E-4	1.0254E-2	3.2822E-1
1.7000E-4	9.5215E-3	3.3784E-1
1.7100E-4	9.2773E-3	3.5132E-1
1.7200E-4	1.0010E-2	3.6992E-1
1.7300E-4	9.5215E-3	3.9302E-1
1.7400E-4	9.7656E-3	4.2144E-1
1.7500E-4	9.0332E-3	4.5469E-1
1.7600E-4	9.7656E-3	4.9258E-1
1.7700E-4	9.5215E-3	5.3643E-1
1.7800E-4	9.5215E-3	5.8657E-1
1.7900E-4	1.0010E-2	6.4121E-1
1.8000E-4	1.0010E-2	6.9517E-1
1.8100E-4	9.7656E-3	7.4600E-1
1.8200E-4	9.7656E-3	7.8721E-1
1.8300E-4	9.2773E-3	8.1045E-1
1.8400E-4	9.5215E-3	8.1260E-1
1.8500E-4	1.0010E-2	7.9517E-1
1.8600E-4	9.2773E-3	7.6094E-1
1.8700E-4	9.7656E-3	7.1284E-1
1.8800E-4	9.5215E-3	6.5942E-1
1.8900E-4	9.5215E-3	6.0327E-1
1.9000E-4	1.0010E-2	5.4873E-1
1.9100E-4	9.5215E-3	4.9795E-1
1.9200E-4	9.5215E-3	4.5522E-1
1.9300E-4	9.5215E-3	4.1885E-1
1.9400E-4	1.0254E-2	3.9243E-1
1.9500E-4	9.5215E-3	3.7217E-1
1.9600E-4	9.5215E-3	3.5952E-1
1.9700E-4	9.2773E-3	3.5474E-1
1.9800E-4	1.0010E-2	3.5820E-1
1.9900E-4	1.0010E-2	3.6621E-1
2.0000E-4	9.7656E-3	3.8286E-1
2.0100E-4	9.2773E-3	4.0532E-1
2.0200E-4	9.5215E-3	4.3364E-1
2.0300E-4	9.5215E-3	4.6670E-1
2.0400E-4	9.2773E-3	5.0566E-1
2.0500E-4	9.0332E-3	5.4780E-1
2.0600E-4	9.5215E-3	5.9194E-1
2.0700E-4	9.5215E-3	6.3555E-1
2.0800E-4	8.7891E-3	6.7993E-1
2.0900E-4	9.2773E-3	7.2241E-1
2.1000E-4	9.7656E-3	7.5967E-1
2.1100E-4	9.5215E-3	7.8525E-1
2.1200E-4	1.0010E-2	7.9834E-1
2.1300E-4	9.5215E-3	7.9336E-1
2.1400E-4	9.2773E-3	7.7119E-1
2.1500E-4	9.5215E-3	7.3379E-1
2.1600E-4	9.7656E-3	6.8994E-1
2.1700E-4	9.5215E-3	6.4004E-1
2.1800E-4	9.2773E-3	5.8979E-1
2.1900E-4	9.7656E-3	5.4121E-1
2.2000E-4	9.7656E-3	5.0103E-1
2.2100E-4	9.5215E-3	4.6694E-1
2.2200E-4	9.7656E-3	4.4141E-1
2.2300E-4	9.5215E-3	4.2393E-1
2.2400E-4	9.5215E-3	4.1450E-1
2.2500E-4	9.2773E-3	4.0972E-1
2.2600E-4	9.7656E-3	4.0737E-1
2.2700E-4	9.5215E-3	4.0957E-1
2.2800E-4	9.5215E-3	4.1699E-1
2.2900E-4	9.5215E-3	4.2939E-1
2.3000E-4	9.7656E-3	4.4590E-1
2.3100E-4	9.7656E-3	4.6753E-1
2.3200E-4	9.2773E-3	4.9346E-1
2.3300E-4	9.0332E-3	5.2397E-1
2.3400E-4	9.2773E-3	5.5757E-1
2.3500E-4	9.2773E-3	5.9360E-1
2.3600E-4	9.2773E-3	6.3364E-1
2.3700E-4	9.7656E-3	6.7124E-1
2.3800E-4	9.5215E-3	7.0488E-1
2.3900E-4	9.2773E-3	7.3560E-1
2.4000E-4	9.7656E-3	7.5889E-1
2.4100E-4	9.7656E-3	7.7109E-1
2.4200E-4	9.2773E-3	7.7212E-1
2.4300E-4	9.7656E-3	7.6353E-1
2.4400E-4	9.7656E-3	7.4185E-1
2.4500E-4	8.7891E-3	7.1328E-1
2.4600E-4	9.2773E-3	6.8086E-1
2.4700E-4	9.7656E-3	6.4644E-1
2.4800E-4	9.7656E-3	6.1079E-1
2.4900E-4	9.2773E-3	5.7676E-1
2.5000E-4	9.2773E-3	5.4370E-1
2.5100E-4	9.7656E-3	5.1274E-1
2.5200E-4	1.0010E-2	4.8589E-1
2.5300E-4	9.5215E-3	4.6313E-1
2.5400E-4	9.0332E-3	4.4775E-1
2.5500E-4	9.5215E-3	4.3628E-1
2.5600E-4	9.5215E-3	4.3257E-1
2.5700E-4	9.7656E-3	4.3315E-1
2.5800E-4	1.0010E-2	4.3701E-1
2.5900E-4	9.5215E-3	4.4170E-1
2.6000E-4	9.2773E-3	4.5151E-1
2.6100E-4	9.0332E-3	4.6328E-1
2.6200E-4	9.2773E-3	4.7891E-1
2.6300E-4	9.7656E-3	5.0088E-1
2.6400E-4	9.5215E-3	5.2764E-1
2.6500E-4	9.5215E-3	5.5957E-1
2.6600E-4	9.7656E-3	5.9385E-1
2.6700E-4	9.5215E-3	6.3145E-1
2.6800E-4	1.0010E-2	6.6826E-1
2.6900E-4	9.7656E-3	7.0215E-1
2.7000E-4	9.7656E-3	7.2783E-1
2.7100E-4	9.7656E-3	7.4438E-1
2.7200E-4	1.0254E-2	7.4961E-1
2.7300E-4	9.2773E-3	7.4736E-1
2.7400E-4	9.5215E-3	7.3687E-1
2.7500E-4	9.7656E-3	7.1943E-1
2.7600E-4	9.5215E-3	6.9756E-1
2.7700E-4	9.2773E-3	6.7051E-1
2.7800E-4	9.0332E-3	6.3657E-1
2.7900E-4	9.7656E-3	5.9907E-1
2.8000E-4	9.0332E-3	5.6133E-1
2.8100E-4	9.2773E-3	5.2437E-1
2.8200E-4	9.5215E-3	4.9258E-1
2.8300E-4	1.0010E-2	4.6528E-1
2.8400E-4	1.0010E-2	4.4365E-1
2.8500E-4	1.0498E-2	4.2827E-1
2.8600E-4	9.5215E-3	4.1846E-1
2.8700E-4	9.0332E-3	4.1460E-1
2.8800E-4	1.0254E-2	4.1675E-1
2.8900E-4	9.7656E-3	4.2393E-1
2.9000E-4	1.0010E-2	4.3540E-1
2.9100E-4	1.0010E-2	4.5005E-1
2.9200E-4	1.0010E-2	4.6636E-1
2.9300E-4	9.2773E-3	4.8521E-1
2.9400E-4	9.0332E-3	5.0918E-1
2.9500E-4	8.7891E-3	5.3862E-1
2.9600E-4	9.7656E-3	5.7417E-1
2.9700E-4	9.2773E-3	6.1382E-1
2.9800E-4	1.0010E-2	6.5859E-1
2.9900E-4	9.5215E-3	7.0024E-1
3.0000E-4	9.7656E-3	7.3672E-1
3.0100E-4	9.5215E-3	7.6343E-1
3.0200E-4	9.0332E-3	7.7734E-1
3.0300E-4	1.0498E-2	7.7451E-1
3.0400E-4	9.5215E-3	7.5840E-1
3.0500E-4	9.2773E-3	7.2461E-1
3.0600E-4	9.7656E-3	6.8091E-1
3.0700E-4	9.5215E-3	6.3130E-1
3.0800E-4	9.5215E-3	5.7603E-1
3.0900E-4	1.0010E-2	5.2290E-1
3.1000E-4	9.0332E-3	4.7642E-1
3.1100E-4	9.5215E-3	4.3584E-1
3.1200E-4	9.5215E-3	4.0142E-1
3.1300E-4	9.7656E-3	3.7861E-1
3.1400E-4	9.0332E-3	3.6157E-1
3.1500E-4	9.5215E-3	3.5215E-1
3.1600E-4	9.2773E-3	3.4756E-1
3.1700E-4	9.2773E-3	3.5088E-1
3.1800E-4	9.5215E-3	3.5908E-1
3.1900E-4	9.5215E-3	3.7178E-1
3.2000E-4	1.0254E-2	3.8901E-1
3.2100E-4	9.7656E-3	4.1060E-1
3.2200E-4	9.2773E-3	4.3657E-1
3.2300E-4	9.7656E-3	4.6689E-1
3.2400E-4	1.0010E-2	5.0435E-1
3.2500E-4	9.7656E-3	5.4658E-1
3.2600E-4	9.5215E-3	5.9409E-1
3.2700E-4	9.0332E-3	6.4287E-1
3.2800E-4	9.2773E-3	6.8872E-1
3.2900E-4	9.2773E-3	7.2979E-1
3.3000E-4	9.5215E-3	7.5913E-1
3.3100E-4	9.5215E-3	7.7051E-1
3.3200E-4	9.7656E-3	7.6680E-1
3.3300E-4	9.5215E-3	7.4775E-1
3.3400E-4	9.7656E-3	7.1284E-1
3.3500E-4	9.7656E-3	6.6816E-1
3.3600E-4	1.0010E-2	6.2012E-1
3.3700E-4	9.5215E-3	5.7036E-1
3.3800E-4	9.5215E-3	5.2026E-1
3.3900E-4	9.7656E-3	4.7480E-1
3.4000E-4	9.5215E-3	4.3457E-1
3.4100E-4	9.7656E-3	3.9951E-1
3.4200E-4	9.7656E-3	3.7021E-1
3.4300E-4	9.0332E-3	3.5024E-1
3.4400E-4	9.7656E-3	3.3613E-1
3.4500E-4	9.7656E-3	3.2886E-1
3.4600E-4	9.7656E-3	3.3135E-1
3.4700E-4	9.5215E-3	3.4111E-1
3.4800E-4	9.7656E-3	3.5923E-1
3.4900E-4	9.5215E-3	3.8472E-1
3.5000E-4	1.0010E-2	4.1895E-1
3.5100E-4	1.0010E-2	4.5898E-1
3.5200E-4	9.2773E-3	5.0596E-1
3.5300E-4	9.2773E-3	5.5430E-1
3.5400E-4	9.5215E-3	6.0640E-1
3.5500E-4	9.7656E-3	6.5830E-1
3.5600E-4	9.2773E-3	7.0830E-1
3.5700E-4	9.7656E-3	7.4873E-1
3.5800E-4	1.0010E-2	7.7676E-1
3.5900E-4	9.2773E-3	7.8828E-1
3.6000E-4	9.2773E-3	7.8457E-1
3.6100E-4	9.7656E-3	7.6646E-1
3.6200E-4	1.0010E-2	7.3374E-1
3.6300E-4	1.0010E-2	6.8828E-1
3.6400E-4	1.0010E-2	6.3452E-1
3.6500E-4	1.0010E-2	5.7749E-1
3.6600E-4	9.2773E-3	5.1748E-1
3.6700E-4	1.0010E-2	4.6099E-1
3.6800E-4	9.5215E-3	4.1421E-1
3.6900E-4	9.2773E-3	3.7676E-1
3.7000E-4	9.2773E-3	3.4829E-1
3.7100E-4	9.0332E-3	3.2739E-1
3.7200E-4	9.7656E-3	3.1548E-1
3.7300E-4	1.0010E-2	3.1128E-1
3.7400E-4	9.2773E-3	3.1631E-1
3.7500E-4	9.0332E-3	3.2642E-1
3.7600E-4	9.0332E-3	3.4390E-1
3.7700E-4	9.7656E-3	3.6597E-1
3.7800E-4	9.2773E-3	3.9482E-1
3.7900E-4	9.7656E-3	4.2554E-1
3.8000E-4	9.5215E-3	4.5991E-1
3.8100E-4	9.5215E-3	5.0215E-1
3.8200E-4	9.2773E-3	5.5254E-1
3.8300E-4	9.2773E-3	6.0654E-1
3.8400E-4	9.5215E-3	6.6572E-1
3.8500E-4	1.0010E-2	7.2461E-1
3.8600E-4	1.0010E-2	7.7246E-1
3.8700E-4	1.0010E-2	8.0239E-1
3.8800E-4	1.0010E-2	8.1436E-1
3.8900E-4	9.5215E-3	8.0469E-1
3.9000E-4	9.7656E-3	7.7329E-1
3.9100E-4	9.7656E-3	7.2686E-1
3.9200E-4	1.0254E-2	6.7124E-1
3.9300E-4	1.0986E-2	6.0898E-1
3.9400E-4	1.0010E-2	5.4590E-1
3.9500E-4	1.0010E-2	4.8921E-1
3.9600E-4	9.0332E-3	4.4009E-1
3.9700E-4	9.7656E-3	3.9946E-1
3.9800E-4	9.5215E-3	3.6870E-1
3.9900E-4	9.7656E-3	3.5054E-1
4.0000E-4	9.5215E-3	3.4009E-1
4.0100E-4	1.0254E-2	3.3735E-1
4.0200E-4	9.7656E-3	3.4438E-1
4.0300E-4	9.0332E-3	3.5850E-1
4.0400E-4	9.2773E-3	3.7700E-1
4.0500E-4	9.7656E-3	4.0229E-1
4.0600E-4	9.5215E-3	4.3379E-1
4.0700E-4	9.5215E-3	4.7007E-1
4.0800E-4	1.0010E-2	5.1201E-1
4.0900E-4	9.2773E-3	5.5640E-1
4.1000E-4	9.0332E-3	6.0410E-1
4.1100E-4	9.5215E-3	6.5137E-1
4.1200E-4	9.5215E-3	6.9648E-1
4.1300E-4	9.2773E-3	7.3716E-1
4.1400E-4	1.0010E-2	7.6899E-1
4.1500E-4	9.2773E-3	7.8647E-1
4.1600E-4	1.0010E-2	7.8911E-1
4.1700E-4	9.2773E-3	7.7749E-1
4.1800E-4	9.2773E-3	7.4956E-1
4.1900E-4	9.5215E-3	7.0918E-1
4.2000E-4	9.2773E-3	6.6338E-1
4.2100E-4	9.7656E-3	6.1216E-1
4.2200E-4	1.0254E-2	5.5742E-1
4.2300E-4	9.2773E-3	5.0669E-1
4.2400E-4	9.7656E-3	4.6470E-1
4.2500E-4	9.5215E-3	4.2944E-1
4.2600E-4	9.7656E-3	4.0645E-1
4.2700E-4	1.0254E-2	3.9595E-1
4.2800E-4	1.0254E-2	3.9404E-1
4.2900E-4	9.2773E-3	3.9907E-1
4.3000E-4	9.7656E-3	4.0913E-1
4.3100E-4	9.2773E-3	4.2085E-1
4.3200E-4	9.7656E-3	4.3579E-1
4.3300E-4	9.5215E-3	4.5625E-1
4.3400E-4	9.2773E-3	4.7881E-1
4.3500E-4	9.0332E-3	5.0615E-1
4.3600E-4	9.2773E-3	5.3848E-1
4.3700E-4	9.2773E-3	5.7490E-1
4.3800E-4	9.7656E-3	6.1162E-1
4.3900E-4	9.7656E-3	6.4795E-1
4.4000E-4	1.0010E-2	6.7915E-1
4.4100E-4	9.7656E-3	7.0537E-1
4.4200E-4	9.7656E-3	7.2090E-1
4.4300E-4	9.2773E-3	7.2412E-1
4.4400E-4	9.5215E-3	7.1797E-1
4.4500E-4	9.5215E-3	7.0537E-1
4.4600E-4	9.5215E-3	6.8516E-1
4.4700E-4	9.5215E-3	6.6221E-1
4.4800E-4	1.0010E-2	6.3789E-1
4.4900E-4	9.7656E-3	6.1133E-1
4.5000E-4	9.2773E-3	5.8535E-1
4.5100E-4	9.0332E-3	5.6245E-1
4.5200E-4	9.0332E-3	5.4370E-1
4.5300E-4	9.7656E-3	5.2847E-1
4.5400E-4	1.0254E-2	5.1982E-1
4.5500E-4	9.5215E-3	5.1567E-1
4.5600E-4	9.7656E-3	5.1304E-1
4.5700E-4	9.5215E-3	5.1274E-1
4.5800E-4	9.7656E-3	5.1616E-1
4.5900E-4	9.5215E-3	5.1938E-1
4.6000E-4	9.5215E-3	5.2153E-1
4.6100E-4	9.5215E-3	5.2407E-1
4.6200E-4	9.5215E-3	5.2256E-1
4.6300E-4	1.0010E-2	5.1699E-1
4.6400E-4	9.7656E-3	5.0850E-1
4.6500E-4	1.0254E-2	4.9780E-1
4.6600E-4	9.2773E-3	4.8691E-1
4.6700E-4	1.0498E-2	4.7627E-1
4.6800E-4	9.7656E-3	4.6621E-1
4.6900E-4	9.5215E-3	4.5986E-1
4.7000E-4	9.2773E-3	4.5479E-1
4.7100E-4	9.5215E-3	4.5195E-1
4.7200E-4	1.0010E-2	4.5239E-1
4.7300E-4	9.5215E-3	4.5645E-1
4.7400E-4	9.2773E-3	4.6519E-1
4.7500E-4	1.0010E-2	4.7949E-1
4.7600E-4	1.0010E-2	4.9800E-1
4.7700E-4	8.5449E-3	5.2329E-1
4.7800E-4	9.5215E-3	5.5635E-1
4.7900E-4	9.0332E-3	5.9150E-1
4.8000E-4	9.5215E-3	6.2876E-1
4.8100E-4	9.5215E-3	6.6313E-1
4.8200E-4	1.0010E-2	6.8848E-1
4.8300E-4	1.0010E-2	6.9487E-1
4.8400E-4	9.5215E-3	6.7725E-1
4.8500E-4	9.7656E-3	6.3599E-1
4.8600E-4	9.5215E-3	5.7129E-1
4.8700E-4	1.0010E-2	4.8862E-1
4.8800E-4	9.7656E-3	3.9751E-1
4.8900E-4	9.2773E-3	3.0801E-1
4.9000E-4	9.7656E-3	2.2090E-1
4.9100E-4	9.5215E-3	1.4595E-1
4.9200E-4	1.0742E-2	8.0908E-2
4.9300E-4	9.5215E-3	2.8027E-2
4.9400E-4	9.5215E-3	-1.2988E-2
4.9500E-4	9.7656E-3	-4.0625E-2
4.9600E-4	1.0254E-2	-5.8740E-2
4.9700E-4	9.5215E-3	-6.7432E-2
4.9800E-4	1.0010E-2	-6.9189E-2
4.9900E-4	9.0332E-3	-6.8164E-2
5.0000E-4	9.2773E-3	-6.4551E-2
5.0100E-4	9.5215E-3	-6.0400E-2
5.0200E-4	9.7656E-3	-5.8545E-2
5.0300E-4	1.0254E-2	-5.7178E-2
5.0400E-4	1.0254E-2	-5.3564E-2
5.0500E-4	9.7656E-3	-5.0879E-2
5.0600E-4	1.0010E-2	-4.9561E-2
5.0700E-4	9.5215E-3	-4.7559E-2
5.0800E-4	9.5215E-3	-4.7510E-2
5.0900E-4	1.0254E-2	-5.0146E-2
5.1000E-4	9.5215E-3	-5.2930E-2
5.1100E-4	9.2773E-3	-5.7080E-2
5.1200E-4	9.7656E-3	-6.0352E-2
5.1300E-4	9.5215E-3	-6.0010E-2
5.1400E-4	9.0332E-3	-5.8789E-2
5.1500E-4	1.0010E-2	-5.5908E-2
5.1600E-4	9.0332E-3	-4.7314E-2
5.1700E-4	9.7656E-3	-3.6621E-2
5.1800E-4	9.5215E-3	-2.4072E-2
5.1900E-4	9.7656E-3	-6.5918E-3
5.2000E-4	9.7656E-3	1.3574E-2
5.2100E-4	9.7656E-3	3.5937E-2
5.2200E-4	9.5215E-3	6.4307E-2
5.2300E-4	9.2773E-3	9.9365E-2
5.2400E-4	9.2773E-3	1.3970E-1
5.2500E-4	9.7656E-3	1.8643E-1
5.2600E-4	9.7656E-3	2.4390E-1
5.2700E-4	1.0010E-2	3.1606E-1
5.2800E-4	1.0498E-2	4.0024E-1
5.2900E-4	1.0010E-2	4.9414E-1
5.3000E-4	1.0010E-2	5.9307E-1
5.3100E-4	9.2773E-3	6.8262E-1
5.3200E-4	9.0332E-3	7.5010E-1
5.3300E-4	9.2773E-3	7.8818E-1
5.3400E-4	1.0010E-2	7.9497E-1
5.3500E-4	9.5215E-3	7.7056E-1
5.3600E-4	1.0254E-2	7.2407E-1
5.3700E-4	9.5215E-3	6.6450E-1
5.3800E-4	9.2773E-3	6.0127E-1
5.3900E-4	9.0332E-3	5.4131E-1
5.4000E-4	9.5215E-3	4.9009E-1
5.4100E-4	9.7656E-3	4.5005E-1
5.4200E-4	9.5215E-3	4.2222E-1
5.4300E-4	9.5215E-3	4.0708E-1
5.4400E-4	9.5215E-3	4.0264E-1
5.4500E-4	9.5215E-3	4.1079E-1
5.4600E-4	9.5215E-3	4.2783E-1
5.4700E-4	9.5215E-3	4.4902E-1
5.4800E-4	9.5215E-3	4.7153E-1
5.4900E-4	1.0254E-2	4.9453E-1
5.5000E-4	9.0332E-3	5.1563E-1
5.5100E-4	1.0010E-2	5.3389E-1
5.5200E-4	1.0254E-2	5.4893E-1
5.5300E-4	9.5215E-3	5.6279E-1
5.5400E-4	9.7656E-3	5.7378E-1
5.5500E-4	9.5215E-3	5.8037E-1
5.5600E-4	9.5215E-3	5.8398E-1
5.5700E-4	1.0010E-2	5.8579E-1
5.5800E-4	1.0010E-2	5.8516E-1
5.5900E-4	9.5215E-3	5.8340E-1
5.6000E-4	9.7656E-3	5.8501E-1
5.6100E-4	1.0010E-2	5.8672E-1
5.6200E-4	9.7656E-3	5.9067E-1
5.6300E-4	9.2773E-3	5.9517E-1
5.6400E-4	9.7656E-3	6.0415E-1
5.6500E-4	9.7656E-3	6.1260E-1
5.6600E-4	1.0010E-2	6.2520E-1
5.6700E-4	9.2773E-3	6.4121E-1
5.6800E-4	9.5215E-3	6.6045E-1
5.6900E-4	9.7656E-3	6.7583E-1
5.7000E-4	9.5215E-3	6.8823E-1
5.7100E-4	1.0254E-2	6.9541E-1
5.7200E-4	1.0010E-2	6.9600E-1
5.7300E-4	9.7656E-3	6.8755E-1
5.7400E-4	1.0254E-2	6.7490E-1
5.7500E-4	1.0742E-2	6.5444E-1
5.7600E-4	9.5215E-3	6.2905E-1
5.7700E-4	9.7656E-3	6.0059E-1
5.7800E-4	9.2773E-3	5.7256E-1
5.7900E-4	9.2773E-3	5.4307E-1
5.8000E-4	9.5215E-3	5.1660E-1
5.8100E-4	9.2773E-3	4.9238E-1
5.8200E-4	1.0010E-2	4.7070E-1
5.8300E-4	9.5215E-3	4.5151E-1
5.8400E-4	1.0254E-2	4.3828E-1
5.8500E-4	9.2773E-3	4.3027E-1
5.8600E-4	1.0254E-2	4.2769E-1
5.8700E-4	9.5215E-3	4.2993E-1
5.8800E-4	1.0010E-2	4.3877E-1
5.8900E-4	9.7656E-3	4.5361E-1
5.9000E-4	9.5215E-3	4.7388E-1
5.9100E-4	1.0010E-2	5.0073E-1
5.9200E-4	9.5215E-3	5.3291E-1
5.9300E-4	9.7656E-3	5.7080E-1
5.9400E-4	9.5215E-3	6.1309E-1
5.9500E-4	1.0010E-2	6.6011E-1
5.9600E-4	9.5215E-3	7.0718E-1
5.9700E-4	9.7656E-3	7.5283E-1
5.9800E-4	9.7656E-3	7.8877E-1
5.9900E-4	9.7656E-3	8.0879E-1
6.0000E-4	1.0010E-2	8.1182E-1
6.0100E-4	9.5215E-3	7.9702E-1
6.0200E-4	1.0010E-2	7.6450E-1
6.0300E-4	1.0010E-2	7.2197E-1
6.0400E-4	9.7656E-3	6.7402E-1
6.0500E-4	9.7656E-3	6.2183E-1
6.0600E-4	9.0332E-3	5.6831E-1
6.0700E-4	9.7656E-3	5.1836E-1
6.0800E-4	1.0254E-2	4.7295E-1
6.0900E-4	9.2773E-3	4.3320E-1
6.1000E-4	9.2773E-3	4.0127E-1
6.1100E-4	1.0254E-2	3.7944E-1
6.1200E-4	9.5215E-3	3.6709E-1
6.1300E-4	9.7656E-3	3.6377E-1
6.1400E-4	9.0332E-3	3.7017E-1
6.1500E-4	9.5215E-3	3.8281E-1
6.1600E-4	1.0010E-2	4.0215E-1
6.1700E-4	9.0332E-3	4.2900E-1
6.1800E-4	9.7656E-3	4.6055E-1
6.1900E-4	1.0010E-2	4.9526E-1
6.2000E-4	1.0010E-2	5.3760E-1
6.2100E-4	9.7656E-3	5.8403E-1
6.2200E-4	9.7656E-3	6.3379E-1
6.2300E-4	1.0010E-2	6.8521E-1
6.2400E-4	9.5215E-3	7.3628E-1
6.2500E-4	9.7656E-3	7.7832E-1
6.2600E-4	9.2773E-3	8.0937E-1
6.2700E-4	9.5215E-3	8.2266E-1
6.2800E-4	1.0010E-2	8.1616E-1
6.2900E-4	9.5215E-3	7.8940E-1
6.3000E-4	9.7656E-3	7.4712E-1
6.3100E-4	1.0010E-2	6.9282E-1
6.3200E-4	9.5215E-3	6.2915E-1
6.3300E-4	9.7656E-3	5.6494E-1
6.3400E-4	9.2773E-3	5.0396E-1
6.3500E-4	9.2773E-3	4.5054E-1
6.3600E-4	1.0254E-2	4.0654E-1
6.3700E-4	1.0010E-2	3.7432E-1
6.3800E-4	9.0332E-3	3.5313E-1
6.3900E-4	9.5215E-3	3.4395E-1
6.4000E-4	9.7656E-3	3.4297E-1
6.4100E-4	1.0010E-2	3.4663E-1
6.4200E-4	9.5215E-3	3.5918E-1
6.4300E-4	1.0010E-2	3.7480E-1
6.4400E-4	1.0010E-2	3.9429E-1
6.4500E-4	9.5215E-3	4.1641E-1
6.4600E-4	1.0010E-2	4.4346E-1
6.4700E-4	9.5215E-3	4.7070E-1
6.4800E-4	9.2773E-3	5.0313E-1
6.4900E-4	9.7656E-3	5.4131E-1
6.5000E-4	9.5215E-3	5.8921E-1
6.5100E-4	9.2773E-3	6.4360E-1
6.5200E-4	9.5215E-3	7.0332E-1
6.5300E-4	9.0332E-3	7.6060E-1
6.5400E-4	1.0010E-2	8.0601E-1
6.5500E-4	9.5215E-3	8.3145E-1
6.5600E-4	9.5215E-3	8.3652E-1
6.5700E-4	9.5215E-3	8.1802E-1
6.5800E-4	9.2773E-3	7.7866E-1
6.5900E-4	9.7656E-3	7.2686E-1
6.6000E-4	1.0010E-2	6.6597E-1
6.6100E-4	1.0010E-2	5.9976E-1
6.6200E-4	9.7656E-3	5.3433E-1
6.6300E-4	9.7656E-3	4.7646E-1
6.6400E-4	9.5215E-3	4.2754E-1
6.6500E-4	9.5215E-3	3.9043E-1
6.6600E-4	9.7656E-3	3.6582E-1
6.6700E-4	1.0254E-2	3.5337E-1
6.6800E-4	9.5215E-3	3.4912E-1
6.6900E-4	9.7656E-3	3.5132E-1
6.7000E-4	9.7656E-3	3.5972E-1
6.7100E-4	8.7891E-3	3.7456E-1
6.7200E-4	9.7656E-3	3.9448E-1
6.7300E-4	9.5215E-3	4.1831E-1
6.7400E-4	9.0332E-3	4.4692E-1
6.7500E-4	8.5449E-3	4.7915E-1
6.7600E-4	9.5215E-3	5.1660E-1
6.7700E-4	9.0332E-3	5.6050E-1
6.7800E-4	9.5215E-3	6.1118E-1
6.7900E-4	1.0010E-2	6.6572E-1
6.8000E-4	9.7656E-3	7.2310E-1
6.8100E-4	9.5215E-3	7.7666E-1
6.8200E-4	9.5215E-3	8.1597E-1
6.8300E-4	1.0254E-2	8.3809E-1
6.8400E-4	1.0254E-2	8.3936E-1
6.8500E-4	9.5215E-3	8.2070E-1
6.8600E-4	9.7656E-3	7.8213E-1
6.8700E-4	9.5215E-3	7.3022E-1
6.8800E-4	1.0010E-2	6.7056E-1
6.8900E-4	9.7656E-3	6.1006E-1
6.9000E-4	9.5215E-3	5.4976E-1
6.9100E-4	9.2773E-3	4.9438E-1
6.9200E-4	9.0332E-3	4.4873E-1
6.9300E-4	9.7656E-3	4.1343E-1
6.9400E-4	9.5215E-3	3.8906E-1
6.9500E-4	9.7656E-3	3.7583E-1
6.9600E-4	9.7656E-3	3.7310E-1
6.9700E-4	9.2773E-3	3.7754E-1
6.9800E-4	9.7656E-3	3.8755E-1
6.9900E-4	9.2773E-3	4.0044E-1
7.0000E-4	9.7656E-3	4.1597E-1
7.0100E-4	9.5215E-3	4.3413E-1
7.0200E-4	1.0010E-2	4.5693E-1
7.0300E-4	1.0254E-2	4.8159E-1
7.0400E-4	1.0010E-2	5.1289E-1
7.0500E-4	9.2773E-3	5.4888E-1
7.0600E-4	1.0010E-2	5.9062E-1
7.0700E-4	9.2773E-3	6.3716E-1
7.0800E-4	9.7656E-3	6.8877E-1
7.0900E-4	9.5215E-3	7.3789E-1
7.1000E-4	9.0332E-3	7.8296E-1
7.1100E-4	9.5215E-3	8.1699E-1
7.1200E-4	9.7656E-3	8.3535E-1
7.1300E-4	9.5215E-3	8.3760E-1
7.1400E-4	9.7656E-3	8.2300E-1
7.1500E-4	9.7656E-3	7.9268E-1
7.1600E-4	9.5215E-3	7.5195E-1
7.1700E-4	9.2773E-3	7.0469E-1
7.1800E-4	1.0010E-2	6.5244E-1
7.1900E-4	9.2773E-3	5.9839E-1
7.2000E-4	9.5215E-3	5.4990E-1
7.2100E-4	9.7656E-3	5.0513E-1
7.2200E-4	9.2773E-3	4.6982E-1
7.2300E-4	9.5215E-3	4.4263E-1
7.2400E-4	9.5215E-3	4.2783E-1
7.2500E-4	9.2773E-3	4.2036E-1
7.2600E-4	9.2773E-3	4.2104E-1
7.2700E-4	9.0332E-3	4.2549E-1
7.2800E-4	9.5215E-3	4.3638E-1
7.2900E-4	1.0010E-2	4.4873E-1
7.3000E-4	9.7656E-3	4.6509E-1
7.3100E-4	9.7656E-3	4.8442E-1
7.3200E-4	1.0254E-2	5.0757E-1
7.3300E-4	9.2773E-3	5.3193E-1
7.3400E-4	9.2773E-3	5.6025E-1
7.3500E-4	9.7656E-3	5.8936E-1
7.3600E-4	1.0010E-2	6.2207E-1
7.3700E-4	9.5215E-3	6.5718E-1
7.3800E-4	9.5215E-3	6.9443E-1
7.3900E-4	9.5215E-3	7.2856E-1
7.4000E-4	1.0498E-2	7.5786E-1
7.4100E-4	1.0010E-2	7.7925E-1
7.4200E-4	9.2773E-3	7.8823E-1
7.4300E-4	9.2773E-3	7.8545E-1
7.4400E-4	1.0742E-2	7.7231E-1
7.4500E-4	9.5215E-3	7.4927E-1
7.4600E-4	1.0010E-2	7.1738E-1
7.4700E-4	9.7656E-3	6.7998E-1
7.4800E-4	9.7656E-3	6.4033E-1
7.4900E-4	1.0010E-2	6.0015E-1
7.5000E-4	1.0010E-2	5.6167E-1
7.5100E-4	9.5215E-3	5.2705E-1
7.5200E-4	9.7656E-3	5.0039E-1
7.5300E-4	9.7656E-3	4.8164E-1
7.5400E-4	9.5215E-3	4.6880E-1
7.5500E-4	9.5215E-3	4.6118E-1
7.5600E-4	9.7656E-3	4.5903E-1
7.5700E-4	9.5215E-3	4.6060E-1
7.5800E-4	9.7656E-3	4.6514E-1
7.5900E-4	9.7656E-3	4.7173E-1
7.6000E-4	1.0010E-2	4.8262E-1
7.6100E-4	9.7656E-3	4.9653E-1
7.6200E-4	1.0010E-2	5.1538E-1
7.6300E-4	9.5215E-3	5.3545E-1
7.6400E-4	1.0010E-2	5.5937E-1
7.6500E-4	9.7656E-3	5.8926E-1
7.6600E-4	9.2773E-3	6.2358E-1
7.6700E-4	9.5215E-3	6.5688E-1
7.6800E-4	9.7656E-3	6.9160E-1
7.6900E-4	9.5215E-3	7.2793E-1
7.7000E-4	9.5215E-3	7.5933E-1
7.7100E-4	9.7656E-3	7.8408E-1
7.7200E-4	9.2773E-3	8.0122E-1
7.7300E-4	9.7656E-3	8.0620E-1
7.7400E-4	9.7656E-3	7.9751E-1
7.7500E-4	9.2773E-3	7.7627E-1
7.7600E-4	9.5215E-3	7.4331E-1
7.7700E-4	9.0332E-3	7.0210E-1
7.7800E-4	9.2773E-3	6.5674E-1
7.7900E-4	9.5215E-3	6.0835E-1
7.8000E-4	9.7656E-3	5.6206E-1
7.8100E-4	9.5215E-3	5.2051E-1
7.8200E-4	9.5215E-3	4.8521E-1
7.8300E-4	9.5215E-3	4.5776E-1
7.8400E-4	9.5215E-3	4.4014E-1
7.8500E-4	1.0254E-2	4.2715E-1
7.8600E-4	9.7656E-3	4.1992E-1
7.8700E-4	9.5215E-3	4.1685E-1
7.8800E-4	1.0254E-2	4.1938E-1
7.8900E-4	9.2773E-3	4.2476E-1
7.9000E-4	1.0010E-2	4.3364E-1
7.9100E-4	9.7656E-3	4.4668E-1
7.9200E-4	1.0010E-2	4.6558E-1
7.9300E-4	9.7656E-3	4.8838E-1
7.9400E-4	1.0010E-2	5.1538E-1
7.9500E-4	9.2773E-3	5.4951E-1
7.9600E-4	9.7656E-3	5.8857E-1
7.9700E-4	9.7656E-3	6.3066E-1
7.9800E-4	9.5215E-3	6.7329E-1
7.9900E-4	9.0332E-3	7.1587E-1
8.0000E-4	1.0254E-2	7.5737E-1
8.0100E-4	1.0010E-2	7.8911E-1
8.0200E-4	9.2773E-3	8.0811E-1
8.0300E-4	9.5215E-3	8.1494E-1
8.0400E-4	9.7656E-3	8.0928E-1
8.0500E-4	9.2773E-3	7.8467E-1
8.0600E-4	9.0332E-3	7.4722E-1
8.0700E-4	9.5215E-3	7.0073E-1
8.0800E-4	9.5215E-3	6.4810E-1
8.0900E-4	9.7656E-3	5.8950E-1
8.1000E-4	9.5215E-3	5.3389E-1
8.1100E-4	9.7656E-3	4.8516E-1
8.1200E-4	9.7656E-3	4.4517E-1
8.1300E-4	9.0332E-3	4.1191E-1
8.1400E-4	1.0010E-2	3.9072E-1
8.1500E-4	1.0498E-2	3.7886E-1
8.1600E-4	9.2773E-3	3.7622E-1
8.1700E-4	9.5215E-3	3.7886E-1
8.1800E-4	9.2773E-3	3.8799E-1
8.1900E-4	9.5215E-3	4.0127E-1
8.2000E-4	9.5215E-3	4.1968E-1
8.2100E-4	9.7656E-3	4.4072E-1
8.2200E-4	1.0254E-2	4.6733E-1
8.2300E-4	9.5215E-3	5.0068E-1
8.2400E-4	9.2773E-3	5.3936E-1
8.2500E-4	1.0010E-2	5.8164E-1
8.2600E-4	9.5215E-3	6.3066E-1
8.2700E-4	9.5215E-3	6.8564E-1
8.2800E-4	9.5215E-3	7.3975E-1
8.2900E-4	9.5215E-3	7.8813E-1
8.3000E-4	1.0010E-2	8.2407E-1
8.3100E-4	9.7656E-3	8.4160E-1
8.3200E-4	1.0010E-2	8.3638E-1
8.3300E-4	9.0332E-3	8.0981E-1
8.3400E-4	9.7656E-3	7.6309E-1
8.3500E-4	9.7656E-3	7.0298E-1
8.3600E-4	8.7891E-3	6.3623E-1
8.3700E-4	9.7656E-3	5.6895E-1
8.3800E-4	9.5215E-3	5.0483E-1
8.3900E-4	9.5215E-3	4.4961E-1
8.4000E-4	9.2773E-3	4.0664E-1
8.4100E-4	9.2773E-3	3.7495E-1
8.4200E-4	9.5215E-3	3.5083E-1
8.4300E-4	9.7656E-3	3.3682E-1
8.4400E-4	1.0010E-2	3.3013E-1
8.4500E-4	9.7656E-3	3.2734E-1
8.4600E-4	9.5215E-3	3.3032E-1
8.4700E-4	9.5215E-3	3.4043E-1
8.4800E-4	9.7656E-3	3.5488E-1
8.4900E-4	9.5215E-3	3.7490E-1
8.5000E-4	1.0254E-2	4.0332E-1
8.5100E-4	9.7656E-3	4.3643E-1
8.5200E-4	1.0010E-2	4.7363E-1
8.5300E-4	9.2773E-3	5.1572E-1
8.5400E-4	9.7656E-3	5.6675E-1
8.5500E-4	9.0332E-3	6.2139E-1
8.5600E-4	9.2773E-3	6.8110E-1
8.5700E-4	8.7891E-3	7.4175E-1
8.5800E-4	9.7656E-3	7.9487E-1
8.5900E-4	8.5449E-3	8.3047E-1
8.6000E-4	1.0010E-2	8.4727E-1
8.6100E-4	9.7656E-3	8.3950E-1
8.6200E-4	9.7656E-3	8.0620E-1
8.6300E-4	9.0332E-3	7.5664E-1
8.6400E-4	9.2773E-3	6.9409E-1
8.6500E-4	9.2773E-3	6.2393E-1
8.6600E-4	9.5215E-3	5.5137E-1
8.6700E-4	9.2773E-3	4.8564E-1
8.6800E-4	9.5215E-3	4.2827E-1
8.6900E-4	1.0010E-2	3.8408E-1
8.7000E-4	9.5215E-3	3.5386E-1
8.7100E-4	9.0332E-3	3.3745E-1
8.7200E-4	9.5215E-3	3.3232E-1
8.7300E-4	9.2773E-3	3.3560E-1
8.7400E-4	9.5215E-3	3.4629E-1
8.7500E-4	9.7656E-3	3.6221E-1
8.7600E-4	9.5215E-3	3.8174E-1
8.7700E-4	9.0332E-3	4.0386E-1
8.7800E-4	9.2773E-3	4.3062E-1
8.7900E-4	1.0010E-2	4.5986E-1
8.8000E-4	1.0010E-2	4.9517E-1
8.8100E-4	9.5215E-3	5.3809E-1
8.8200E-4	9.5215E-3	5.8784E-1
8.8300E-4	1.0010E-2	6.4160E-1
8.8400E-4	9.7656E-3	6.9932E-1
8.8500E-4	9.5215E-3	7.5317E-1
8.8600E-4	9.7656E-3	7.9717E-1
8.8700E-4	1.0010E-2	8.2544E-1
8.8800E-4	9.5215E-3	8.3369E-1
8.8900E-4	9.5215E-3	8.1890E-1
8.9000E-4	9.7656E-3	7.8281E-1
8.9100E-4	9.2773E-3	7.2778E-1
8.9200E-4	1.0010E-2	6.6206E-1
8.9300E-4	1.0010E-2	5.9346E-1
8.9400E-4	1.0010E-2	5.2617E-1
8.9500E-4	1.0010E-2	4.6616E-1
8.9600E-4	9.7656E-3	4.1895E-1
8.9700E-4	9.7656E-3	3.8379E-1
8.9800E-4	9.7656E-3	3.5967E-1
8.9900E-4	1.0010E-2	3.4683E-1
9.0000E-4	9.5215E-3	3.4355E-1
9.0100E-4	9.2773E-3	3.4678E-1
9.0200E-4	1.0254E-2	3.5439E-1
9.0300E-4	9.5215E-3	3.6714E-1
9.0400E-4	1.0010E-2	3.8242E-1
9.0500E-4	9.5215E-3	4.0020E-1
9.0600E-4	9.0332E-3	4.2158E-1
9.0700E-4	1.0010E-2	4.5156E-1
9.0800E-4	9.7656E-3	4.8550E-1
9.0900E-4	9.2773E-3	5.2700E-1
9.1000E-4	9.5215E-3	5.7461E-1
9.1100E-4	9.2773E-3	6.2744E-1
9.1200E-4	9.5215E-3	6.8267E-1
9.1300E-4	9.5215E-3	7.3691E-1
9.1400E-4	1.0010E-2	7.8276E-1
9.1500E-4	1.0254E-2	8.1362E-1
9.1600E-4	9.7656E-3	8.2485E-1
9.1700E-4	9.5215E-3	8.1470E-1
9.1800E-4	9.7656E-3	7.8560E-1
9.1900E-4	9.0332E-3	7.4380E-1
9.2000E-4	9.5215E-3	6.9312E-1
9.2100E-4	9.2773E-3	6.3926E-1
9.2200E-4	9.7656E-3	5.8564E-1
9.2300E-4	9.2773E-3	5.3789E-1
9.2400E-4	9.5215E-3	4.9541E-1
9.2500E-4	1.0010E-2	4.6270E-1
9.2600E-4	9.2773E-3	4.3970E-1
9.2700E-4	9.5215E-3	4.2480E-1
9.2800E-4	9.5215E-3	4.1514E-1
9.2900E-4	9.7656E-3	4.1167E-1
9.3000E-4	1.0498E-2	4.1421E-1
9.3100E-4	9.2773E-3	4.2334E-1
9.3200E-4	9.7656E-3	4.3853E-1
9.3300E-4	9.7656E-3	4.6055E-1
9.3400E-4	1.0010E-2	4.8896E-1
9.3500E-4	1.0010E-2	5.2026E-1
9.3600E-4	9.2773E-3	5.5171E-1
9.3700E-4	9.2773E-3	5.8345E-1
9.3800E-4	9.7656E-3	6.1597E-1
9.3900E-4	9.5215E-3	6.4595E-1
9.4000E-4	9.7656E-3	6.7212E-1
9.4100E-4	9.7656E-3	6.9409E-1
9.4200E-4	9.7656E-3	7.0728E-1
9.4300E-4	1.0010E-2	7.1196E-1
9.4400E-4	9.7656E-3	7.0708E-1
9.4500E-4	9.7656E-3	6.9468E-1
9.4600E-4	9.7656E-3	6.7617E-1
9.4700E-4	9.5215E-3	6.5483E-1
9.4800E-4	9.5215E-3	6.2764E-1
9.4900E-4	9.2773E-3	5.9995E-1
9.5000E-4	1.0254E-2	5.7583E-1
9.5100E-4	9.7656E-3	5.5576E-1
9.5200E-4	9.0332E-3	5.3975E-1
9.5300E-4	1.0010E-2	5.2866E-1
9.5400E-4	1.0254E-2	5.2271E-1
9.5500E-4	9.5215E-3	5.1958E-1
9.5600E-4	9.5215E-3	5.1670E-1
9.5700E-4	9.2773E-3	5.1763E-1
9.5800E-4	9.5215E-3	5.2100E-1
9.5900E-4	9.7656E-3	5.2422E-1
9.6000E-4	9.7656E-3	5.2798E-1
9.6100E-4	9.5215E-3	5.3315E-1
9.6200E-4	1.0010E-2	5.3628E-1
9.6300E-4	9.7656E-3	5.3867E-1
9.6400E-4	1.0010E-2	5.4009E-1
9.6500E-4	9.5215E-3	5.3794E-1
9.6600E-4	9.2773E-3	5.3257E-1
9.6700E-4	9.7656E-3	5.2349E-1
9.6800E-4	1.0010E-2	5.1104E-1
9.6900E-4	9.2773E-3	4.9634E-1
9.7000E-4	9.7656E-3	4.8330E-1
9.7100E-4	9.2773E-3	4.7227E-1
9.7200E-4	9.2773E-3	4.6831E-1
9.7300E-4	9.5215E-3	4.7217E-1
9.7400E-4	9.2773E-3	4.8384E-1
9.7500E-4	9.7656E-3	5.0107E-1
9.7600E-4	9.5215E-3	5.2583E-1
9.7700E-4	9.5215E-3	5.5425E-1
9.7800E-4	9.0332E-3	5.8906E-1
9.7900E-4	9.7656E-3	6.2573E-1
9.8000E-4	9.2773E-3	6.6235E-1
9.8100E-4	9.5215E-3	6.9429E-1
9.8200E-4	1.0010E-2	7.1343E-1
9.8300E-4	9.5215E-3	7.0991E-1
9.8400E-4	9.2773E-3	6.8604E-1
9.8500E-4	9.5215E-3	6.3896E-1
9.8600E-4	9.2773E-3	5.6992E-1
9.8700E-4	9.2773E-3	4.8467E-1
9.8800E-4	9.5215E-3	3.9404E-1
9.8900E-4	9.2773E-3	3.0288E-1
9.9000E-4	1.0010E-2	2.1904E-1
9.9100E-4	9.7656E-3	1.4502E-1
9.9200E-4	1.0010E-2	8.5205E-2
9.9300E-4	9.5215E-3	3.8672E-2
9.9400E-4	9.7656E-3	2.8320E-3
9.9500E-4	9.5215E-3	-2.2266E-2
9.9600E-4	9.7656E-3	-3.8379E-2
9.9700E-4	9.5215E-3	-4.5996E-2
9.9800E-4	9.7656E-3	-4.5996E-2
9.9900E-4	9.2773E-3	-4.5996E-2
