Time [s]	Aux in [V]	Main in [V]
0.0000E+0	1.0254E-2	-1.5483E-1
1.0000E-6	9.7656E-3	-1.5801E-1
2.0000E-6	9.2773E-3	-1.6069E-1
3.0000E-6	1.0010E-2	-1.6416E-1
4.0000E-6	1.0010E-2	-1.6548E-1
5.0000E-6	1.0010E-2	-1.6724E-1
6.0000E-6	9.0332E-3	-1.6577E-1
7.0000E-6	9.2773E-3	-1.6274E-1
8.0000E-6	9.5215E-3	-1.5464E-1
9.0000E-6	9.2773E-3	-1.4678E-1
1.0000E-5	9.2773E-3	-1.3472E-1
1.1000E-5	9.7656E-3	-1.1758E-1
1.2000E-5	9.5215E-3	-9.6094E-2
1.3000E-5	9.5215E-3	-7.0508E-2
1.4000E-5	9.5215E-3	-3.7695E-2
1.5000E-5	9.7656E-3	4.9316E-3
1.6000E-5	9.5215E-3	5.5859E-2
1.7000E-5	9.5215E-3	1.2197E-1
1.8000E-5	9.5215E-3	2.0278E-1
1.9000E-5	9.5215E-3	2.9731E-1
2.0000E-5	1.0010E-2	4.0059E-1
2.1000E-5	9.7656E-3	5.0352E-1
2.2000E-5	9.0332E-3	5.9126E-1
2.3000E-5	9.5215E-3	6.5000E-1
2.4000E-5	1.0010E-2	6.7847E-1
2.5000E-5	9.7656E-3	6.7266E-1
2.6000E-5	9.2773E-3	6.3833E-1
2.7000E-5	9.2773E-3	5.8389E-1
2.8000E-5	9.5215E-3	5.2300E-1
2.9000E-5	9.0332E-3	4.5962E-1
3.0000E-5	9.5215E-3	4.0405E-1
3.1000E-5	1.0010E-2	3.6172E-1
3.2000E-5	9.7656E-3	3.3242E-1
3.3000E-5	9.2773E-3	3.1553E-1
3.4000E-5	9.7656E-3	3.1133E-1
3.5000E-5	9.2773E-3	3.1382E-1
3.6000E-5	9.7656E-3	3.1890E-1
3.7000E-5	9.7656E-3	3.2886E-1
3.8000E-5	9.5215E-3	3.4199E-1
3.9000E-5	9.5215E-3	3.5947E-1
4.0000E-5	1.0498E-2	3.7891E-1
4.1000E-5	9.2773E-3	4.0132E-1
4.2000E-5	1.0010E-2	4.2266E-1
4.3000E-5	9.2773E-3	4.4316E-1
4.4000E-5	8.7891E-3	4.5977E-1
4.5000E-5	9.5215E-3	4.7197E-1
4.6000E-5	9.7656E-3	4.7861E-1
4.7000E-5	9.0332E-3	4.8184E-1
4.8000E-5	9.2773E-3	4.8198E-1
4.9000E-5	1.0010E-2	4.7822E-1
5.0000E-5	1.0010E-2	4.7378E-1
5.1000E-5	9.5215E-3	4.7256E-1
5.2000E-5	9.5215E-3	4.7319E-1
5.3000E-5	9.7656E-3	4.7476E-1
5.4000E-5	9.5215E-3	4.7993E-1
5.5000E-5	1.0010E-2	4.8730E-1
5.6000E-5	9.7656E-3	4.9795E-1
5.7000E-5	9.5215E-3	5.1147E-1
5.8000E-5	9.2773E-3	5.2822E-1
5.9000E-5	1.0010E-2	5.4512E-1
6.0000E-5	1.0254E-2	5.6323E-1
6.1000E-5	9.7656E-3	5.7676E-1
6.2000E-5	9.2773E-3	5.8608E-1
6.3000E-5	9.7656E-3	5.8848E-1
6.4000E-5	9.5215E-3	5.8384E-1
6.5000E-5	9.7656E-3	5.6943E-1
6.6000E-5	1.0254E-2	5.4658E-1
6.7000E-5	9.2773E-3	5.1641E-1
6.8000E-5	9.0332E-3	4.8062E-1
6.9000E-5	9.5215E-3	4.4355E-1
7.0000E-5	9.2773E-3	4.0649E-1
7.1000E-5	9.7656E-3	3.7266E-1
7.2000E-5	9.0332E-3	3.4438E-1
7.3000E-5	9.7656E-3	3.2305E-1
7.4000E-5	9.5215E-3	3.0684E-1
7.5000E-5	9.7656E-3	2.9985E-1
7.6000E-5	9.7656E-3	2.9922E-1
7.7000E-5	9.5215E-3	3.0142E-1
7.8000E-5	1.0010E-2	3.0952E-1
7.9000E-5	9.5215E-3	3.2339E-1
8.0000E-5	9.2773E-3	3.4048E-1
8.1000E-5	9.7656E-3	3.6377E-1
8.2000E-5	1.0010E-2	3.9360E-1
8.3000E-5	9.5215E-3	4.3198E-1
8.4000E-5	9.2773E-3	4.7549E-1
8.5000E-5	9.5215E-3	5.2256E-1
8.6000E-5	9.2773E-3	5.6953E-1
8.7000E-5	9.2773E-3	6.1514E-1
8.8000E-5	9.0332E-3	6.5254E-1
8.9000E-5	9.5215E-3	6.7881E-1
9.0000E-5	9.0332E-3	6.8970E-1
9.1000E-5	1.0010E-2	6.8398E-1
9.2000E-5	9.2773E-3	6.6187E-1
9.3000E-5	9.2773E-3	6.2568E-1
9.4000E-5	8.7891E-3	5.7827E-1
9.5000E-5	9.5215E-3	5.2539E-1
9.6000E-5	9.2773E-3	4.7070E-1
9.7000E-5	9.2773E-3	4.1851E-1
9.8000E-5	1.0254E-2	3.6987E-1
9.9000E-5	9.7656E-3	3.2925E-1
1.0000E-4	9.2773E-3	2.9805E-1
1.0100E-4	9.0332E-3	2.7593E-1
1.0200E-4	9.2773E-3	2.6211E-1
1.0300E-4	9.7656E-3	2.5571E-1
1.0400E-4	9.5215E-3	2.5498E-1
1.0500E-4	9.5215E-3	2.5957E-1
1.0600E-4	9.5215E-3	2.7310E-1
1.0700E-4	9.7656E-3	2.9155E-1
1.0800E-4	9.7656E-3	3.1709E-1
1.0900E-4	9.2773E-3	3.5112E-1
1.1000E-4	9.2773E-3	3.9229E-1
1.1100E-4	9.5215E-3	4.3477E-1
1.1200E-4	9.7656E-3	4.8335E-1
1.1300E-4	8.7891E-3	5.3481E-1
1.1400E-4	9.5215E-3	5.8608E-1
1.1500E-4	1.0010E-2	6.3340E-1
1.1600E-4	9.0332E-3	6.7178E-1
1.1700E-4	8.7891E-3	6.9629E-1
1.1800E-4	1.0010E-2	7.0239E-1
1.1900E-4	9.5215E-3	6.8916E-1
1.2000E-4	9.7656E-3	6.5928E-1
1.2100E-4	1.0010E-2	6.1626E-1
1.2200E-4	1.0010E-2	5.6221E-1
1.2300E-4	1.0010E-2	5.0166E-1
1.2400E-4	9.7656E-3	4.3950E-1
1.2500E-4	9.5215E-3	3.7964E-1
1.2600E-4	9.7656E-3	3.2554E-1
1.2700E-4	9.5215E-3	2.7866E-1
1.2800E-4	8.7891E-3	2.4395E-1
1.2900E-4	9.2773E-3	2.2314E-1
1.3000E-4	9.5215E-3	2.1118E-1
1.3100E-4	9.7656E-3	2.0767E-1
1.3200E-4	9.7656E-3	2.1348E-1
1.3300E-4	1.0010E-2	2.2603E-1
1.3400E-4	9.5215E-3	2.3931E-1
1.3500E-4	9.2773E-3	2.5942E-1
1.3600E-4	9.5215E-3	2.8369E-1
1.3700E-4	9.0332E-3	3.1494E-1
1.3800E-4	9.2773E-3	3.4946E-1
1.3900E-4	9.5215E-3	3.9053E-1
1.4000E-4	9.2773E-3	4.3564E-1
1.4100E-4	9.2773E-3	4.8945E-1
1.4200E-4	9.2773E-3	5.4624E-1
1.4300E-4	9.0332E-3	6.0396E-1
1.4400E-4	9.2773E-3	6.5581E-1
1.4500E-4	9.2773E-3	6.9448E-1
1.4600E-4	9.2773E-3	7.1392E-1
1.4700E-4	9.7656E-3	7.1079E-1
1.4800E-4	9.5215E-3	6.8804E-1
1.4900E-4	9.0332E-3	6.4800E-1
1.5000E-4	9.0332E-3	5.9683E-1
1.5100E-4	9.2773E-3	5.4009E-1
1.5200E-4	9.5215E-3	4.8018E-1
1.5300E-4	1.0254E-2	4.2153E-1
1.5400E-4	9.7656E-3	3.6934E-1
1.5500E-4	9.2773E-3	3.2456E-1
1.5600E-4	9.5215E-3	2.8701E-1
1.5700E-4	9.5215E-3	2.6074E-1
1.5800E-4	1.0010E-2	2.4478E-1
1.5900E-4	9.2773E-3	2.3804E-1
1.6000E-4	1.0010E-2	2.3965E-1
1.6100E-4	9.5215E-3	2.4766E-1
1.6200E-4	9.2773E-3	2.6108E-1
1.6300E-4	9.2773E-3	2.8188E-1
1.6400E-4	9.0332E-3	3.0596E-1
1.6500E-4	9.5215E-3	3.3726E-1
1.6600E-4	1.0010E-2	3.7495E-1
1.6700E-4	9.0332E-3	4.1978E-1
1.6800E-4	1.0010E-2	4.6807E-1
1.6900E-4	9.5215E-3	5.2153E-1
1.7000E-4	9.2773E-3	5.7554E-1
1.7100E-4	9.0332E-3	6.2852E-1
1.7200E-4	1.0010E-2	6.7485E-1
1.7300E-4	1.0010E-2	7.0654E-1
1.7400E-4	9.2773E-3	7.2051E-1
1.7500E-4	9.5215E-3	7.1597E-1
1.7600E-4	9.5215E-3	6.9331E-1
1.7700E-4	9.5215E-3	6.5557E-1
1.7800E-4	9.0332E-3	6.0659E-1
1.7900E-4	9.5215E-3	5.5137E-1
1.8000E-4	1.0254E-2	4.9546E-1
1.8100E-4	9.7656E-3	4.3813E-1
1.8200E-4	1.0010E-2	3.8374E-1
1.8300E-4	9.5215E-3	3.3960E-1
1.8400E-4	9.2773E-3	3.0640E-1
1.8500E-4	9.7656E-3	2.8130E-1
1.8600E-4	9.5215E-3	2.6929E-1
1.8700E-4	8.7891E-3	2.6553E-1
1.8800E-4	9.5215E-3	2.6875E-1
1.8900E-4	9.7656E-3	2.7524E-1
1.9000E-4	1.0254E-2	2.8652E-1
1.9100E-4	9.2773E-3	3.0171E-1
1.9200E-4	9.0332E-3	3.2153E-1
1.9300E-4	9.5215E-3	3.4595E-1
1.9400E-4	9.5215E-3	3.7778E-1
1.9500E-4	9.7656E-3	4.1372E-1
1.9600E-4	9.2773E-3	4.5376E-1
1.9700E-4	9.5215E-3	4.9819E-1
1.9800E-4	9.0332E-3	5.4292E-1
1.9900E-4	9.5215E-3	5.9033E-1
2.0000E-4	9.7656E-3	6.3862E-1
2.0100E-4	1.0010E-2	6.8242E-1
2.0200E-4	9.2773E-3	7.1362E-1
2.0300E-4	9.5215E-3	7.3115E-1
2.0400E-4	9.2773E-3	7.2896E-1
2.0500E-4	9.2773E-3	7.0742E-1
2.0600E-4	9.5215E-3	6.7041E-1
2.0700E-4	9.0332E-3	6.2666E-1
2.0800E-4	1.0498E-2	5.7817E-1
2.0900E-4	9.7656E-3	5.2715E-1
2.1000E-4	1.0010E-2	4.7896E-1
2.1100E-4	1.0010E-2	4.3379E-1
2.1200E-4	9.5215E-3	3.9277E-1
2.1300E-4	9.7656E-3	3.5879E-1
2.1400E-4	9.7656E-3	3.3433E-1
2.1500E-4	9.7656E-3	3.1699E-1
2.1600E-4	9.7656E-3	3.0728E-1
2.1700E-4	1.0254E-2	3.0508E-1
2.1800E-4	9.2773E-3	3.0825E-1
2.1900E-4	9.5215E-3	3.1816E-1
2.2000E-4	9.2773E-3	3.3516E-1
2.2100E-4	9.7656E-3	3.5908E-1
2.2200E-4	9.7656E-3	3.8804E-1
2.2300E-4	9.7656E-3	4.1782E-1
2.2400E-4	9.0332E-3	4.4883E-1
2.2500E-4	9.2773E-3	4.8042E-1
2.2600E-4	9.0332E-3	5.1157E-1
2.2700E-4	1.0010E-2	5.4307E-1
2.2800E-4	9.2773E-3	5.8027E-1
2.2900E-4	9.7656E-3	6.1938E-1
2.3000E-4	9.2773E-3	6.5342E-1
2.3100E-4	9.7656E-3	6.8257E-1
2.3200E-4	9.0332E-3	7.0220E-1
2.3300E-4	9.2773E-3	7.0913E-1
2.3400E-4	9.2773E-3	7.0171E-1
2.3500E-4	9.2773E-3	6.8486E-1
2.3600E-4	9.7656E-3	6.5474E-1
2.3700E-4	1.0010E-2	6.1768E-1
2.3800E-4	9.5215E-3	5.7871E-1
2.3900E-4	9.7656E-3	5.3691E-1
2.4000E-4	9.7656E-3	4.9492E-1
2.4100E-4	9.7656E-3	4.5752E-1
2.4200E-4	1.0010E-2	4.2217E-1
2.4300E-4	9.2773E-3	3.9175E-1
2.4400E-4	9.2773E-3	3.6919E-1
2.4500E-4	1.0010E-2	3.5278E-1
2.4600E-4	9.5215E-3	3.4468E-1
2.4700E-4	9.5215E-3	3.4609E-1
2.4800E-4	1.0010E-2	3.5156E-1
2.4900E-4	1.0010E-2	3.5977E-1
2.5000E-4	1.0010E-2	3.7051E-1
2.5100E-4	9.7656E-3	3.8335E-1
2.5200E-4	9.5215E-3	3.9854E-1
2.5300E-4	1.0010E-2	4.1689E-1
2.5400E-4	9.2773E-3	4.3770E-1
2.5500E-4	9.2773E-3	4.6436E-1
2.5600E-4	9.5215E-3	4.9600E-1
2.5700E-4	9.5215E-3	5.3101E-1
2.5800E-4	1.0010E-2	5.6680E-1
2.5900E-4	9.5215E-3	6.0557E-1
2.6000E-4	1.0254E-2	6.4253E-1
2.6100E-4	9.7656E-3	6.7510E-1
2.6200E-4	9.5215E-3	6.9951E-1
2.6300E-4	1.0254E-2	7.1499E-1
2.6400E-4	9.5215E-3	7.2007E-1
2.6500E-4	9.7656E-3	7.1328E-1
2.6600E-4	9.2773E-3	6.9355E-1
2.6700E-4	9.2773E-3	6.6309E-1
2.6800E-4	9.7656E-3	6.2339E-1
2.6900E-4	1.0010E-2	5.7905E-1
2.7000E-4	9.5215E-3	5.3120E-1
2.7100E-4	9.5215E-3	4.8599E-1
2.7200E-4	9.2773E-3	4.4478E-1
2.7300E-4	9.5215E-3	4.1011E-1
2.7400E-4	9.5215E-3	3.8018E-1
2.7500E-4	9.5215E-3	3.5645E-1
2.7600E-4	1.0010E-2	3.3726E-1
2.7700E-4	1.0254E-2	3.2378E-1
2.7800E-4	1.0010E-2	3.1567E-1
2.7900E-4	9.5215E-3	3.1387E-1
2.8000E-4	9.5215E-3	3.1807E-1
2.8100E-4	9.2773E-3	3.2808E-1
2.8200E-4	9.5215E-3	3.4302E-1
2.8300E-4	9.5215E-3	3.6494E-1
2.8400E-4	9.7656E-3	3.8901E-1
2.8500E-4	9.7656E-3	4.1709E-1
2.8600E-4	9.5215E-3	4.4941E-1
2.8700E-4	9.7656E-3	4.8755E-1
2.8800E-4	9.5215E-3	5.2588E-1
2.8900E-4	9.0332E-3	5.6841E-1
2.9000E-4	9.7656E-3	6.1675E-1
2.9100E-4	9.7656E-3	6.6191E-1
2.9200E-4	9.2773E-3	6.9805E-1
2.9300E-4	9.5215E-3	7.2266E-1
2.9400E-4	9.2773E-3	7.3325E-1
2.9500E-4	1.0010E-2	7.2490E-1
2.9600E-4	9.2773E-3	7.0034E-1
2.9700E-4	9.2773E-3	6.6245E-1
2.9800E-4	1.0010E-2	6.1719E-1
2.9900E-4	8.7891E-3	5.6392E-1
3.0000E-4	9.2773E-3	5.0737E-1
3.0100E-4	9.7656E-3	4.5361E-1
3.0200E-4	9.7656E-3	4.0303E-1
3.0300E-4	9.7656E-3	3.5781E-1
3.0400E-4	1.0010E-2	3.2212E-1
3.0500E-4	9.5215E-3	2.9702E-1
3.0600E-4	9.5215E-3	2.8105E-1
3.0700E-4	9.7656E-3	2.7539E-1
3.0800E-4	9.5215E-3	2.7715E-1
3.0900E-4	9.7656E-3	2.8447E-1
3.1000E-4	1.0010E-2	2.9497E-1
3.1100E-4	9.7656E-3	3.1157E-1
3.1200E-4	9.7656E-3	3.3472E-1
3.1300E-4	9.5215E-3	3.6460E-1
3.1400E-4	9.5215E-3	4.0171E-1
3.1500E-4	9.5215E-3	4.4526E-1
3.1600E-4	9.5215E-3	4.9307E-1
3.1700E-4	9.5215E-3	5.4468E-1
3.1800E-4	9.0332E-3	5.9819E-1
3.1900E-4	9.2773E-3	6.5083E-1
3.2000E-4	9.2773E-3	6.9731E-1
3.2100E-4	9.2773E-3	7.2949E-1
3.2200E-4	9.7656E-3	7.4434E-1
3.2300E-4	9.2773E-3	7.3975E-1
3.2400E-4	9.2773E-3	7.1162E-1
3.2500E-4	9.5215E-3	6.6611E-1
3.2600E-4	9.5215E-3	6.0752E-1
3.2700E-4	9.7656E-3	5.4375E-1
3.2800E-4	9.7656E-3	4.7744E-1
3.2900E-4	9.7656E-3	4.1450E-1
3.3000E-4	9.5215E-3	3.5693E-1
3.3100E-4	9.5215E-3	3.0908E-1
3.3200E-4	9.2773E-3	2.6909E-1
3.3300E-4	1.0010E-2	2.4014E-1
3.3400E-4	9.2773E-3	2.2378E-1
3.3500E-4	1.0010E-2	2.1768E-1
3.3600E-4	9.0332E-3	2.2148E-1
3.3700E-4	9.7656E-3	2.3496E-1
3.3800E-4	9.7656E-3	2.5435E-1
3.3900E-4	9.0332E-3	2.7676E-1
3.4000E-4	9.5215E-3	3.0317E-1
3.4100E-4	1.0010E-2	3.3198E-1
3.4200E-4	9.7656E-3	3.5962E-1
3.4300E-4	1.0254E-2	3.9175E-1
3.4400E-4	1.0010E-2	4.3154E-1
3.4500E-4	9.5215E-3	4.7773E-1
3.4600E-4	9.0332E-3	5.3159E-1
3.4700E-4	9.5215E-3	5.9346E-1
3.4800E-4	9.5215E-3	6.5498E-1
3.4900E-4	9.5215E-3	7.0420E-1
3.5000E-4	9.0332E-3	7.3530E-1
3.5100E-4	1.0254E-2	7.4497E-1
3.5200E-4	1.0010E-2	7.2935E-1
3.5300E-4	9.2773E-3	6.9126E-1
3.5400E-4	9.5215E-3	6.3911E-1
3.5500E-4	9.7656E-3	5.7808E-1
3.5600E-4	1.0010E-2	5.1274E-1
3.5700E-4	9.7656E-3	4.4946E-1
3.5800E-4	9.2773E-3	3.9146E-1
3.5900E-4	9.5215E-3	3.4116E-1
3.6000E-4	9.5215E-3	3.0190E-1
3.6100E-4	9.7656E-3	2.7129E-1
3.6200E-4	9.5215E-3	2.5059E-1
3.6300E-4	9.0332E-3	2.3848E-1
3.6400E-4	1.0010E-2	2.3706E-1
3.6500E-4	1.0010E-2	2.4272E-1
3.6600E-4	9.7656E-3	2.5620E-1
3.6700E-4	1.0010E-2	2.7451E-1
3.6800E-4	9.2773E-3	2.9976E-1
3.6900E-4	9.5215E-3	3.2905E-1
3.7000E-4	1.0010E-2	3.6362E-1
3.7100E-4	1.0010E-2	4.0527E-1
3.7200E-4	9.5215E-3	4.5322E-1
3.7300E-4	9.5215E-3	5.0439E-1
3.7400E-4	9.7656E-3	5.5937E-1
3.7500E-4	9.5215E-3	6.1631E-1
3.7600E-4	9.7656E-3	6.6758E-1
3.7700E-4	1.0010E-2	7.0776E-1
3.7800E-4	9.2773E-3	7.3232E-1
3.7900E-4	9.7656E-3	7.3638E-1
3.8000E-4	9.5215E-3	7.1875E-1
3.8100E-4	1.0254E-2	6.8125E-1
3.8200E-4	9.0332E-3	6.2939E-1
3.8300E-4	9.5215E-3	5.6841E-1
3.8400E-4	9.2773E-3	5.0200E-1
3.8500E-4	9.5215E-3	4.3394E-1
3.8600E-4	9.7656E-3	3.7217E-1
3.8700E-4	9.7656E-3	3.1665E-1
3.8800E-4	9.7656E-3	2.6973E-1
3.8900E-4	9.5215E-3	2.3901E-1
3.9000E-4	9.7656E-3	2.2368E-1
3.9100E-4	9.2773E-3	2.1987E-1
3.9200E-4	9.5215E-3	2.2676E-1
3.9300E-4	9.7656E-3	2.4292E-1
3.9400E-4	9.7656E-3	2.6323E-1
3.9500E-4	9.0332E-3	2.8564E-1
3.9600E-4	9.2773E-3	3.1162E-1
3.9700E-4	9.2773E-3	3.4121E-1
3.9800E-4	9.5215E-3	3.7441E-1
3.9900E-4	9.2773E-3	4.0957E-1
4.0000E-4	9.0332E-3	4.4868E-1
4.0100E-4	9.5215E-3	4.9155E-1
4.0200E-4	9.7656E-3	5.3999E-1
4.0300E-4	9.7656E-3	5.9136E-1
4.0400E-4	9.2773E-3	6.4316E-1
4.0500E-4	9.5215E-3	6.8853E-1
4.0600E-4	1.0010E-2	7.2100E-1
4.0700E-4	1.0010E-2	7.3687E-1
4.0800E-4	9.0332E-3	7.3110E-1
4.0900E-4	9.2773E-3	7.0283E-1
4.1000E-4	9.7656E-3	6.5942E-1
4.1100E-4	8.7891E-3	6.0244E-1
4.1200E-4	9.7656E-3	5.4092E-1
4.1300E-4	9.7656E-3	4.8018E-1
4.1400E-4	1.0254E-2	4.2715E-1
4.1500E-4	9.5215E-3	3.8354E-1
4.1600E-4	1.0010E-2	3.5283E-1
4.1700E-4	8.5449E-3	3.3062E-1
4.1800E-4	9.7656E-3	3.2090E-1
4.1900E-4	9.5215E-3	3.1943E-1
4.2000E-4	1.0254E-2	3.2349E-1
4.2100E-4	9.7656E-3	3.3350E-1
4.2200E-4	9.0332E-3	3.4722E-1
4.2300E-4	9.2773E-3	3.6094E-1
4.2400E-4	1.0010E-2	3.7720E-1
4.2500E-4	9.2773E-3	3.9741E-1
4.2600E-4	9.0332E-3	4.2148E-1
4.2700E-4	9.0332E-3	4.4858E-1
4.2800E-4	1.0010E-2	4.8042E-1
4.2900E-4	9.2773E-3	5.1392E-1
4.3000E-4	9.5215E-3	5.4595E-1
4.3100E-4	9.2773E-3	5.7578E-1
4.3200E-4	9.0332E-3	6.0190E-1
4.3300E-4	9.2773E-3	6.1851E-1
4.3400E-4	1.0010E-2	6.2505E-1
4.3500E-4	9.5215E-3	6.2231E-1
4.3600E-4	9.7656E-3	6.0928E-1
4.3700E-4	9.2773E-3	5.8594E-1
4.3800E-4	9.5215E-3	5.5923E-1
4.3900E-4	9.2773E-3	5.2939E-1
4.4000E-4	1.0010E-2	4.9751E-1
4.4100E-4	9.2773E-3	4.6709E-1
4.4200E-4	9.0332E-3	4.4287E-1
4.4300E-4	9.2773E-3	4.2402E-1
4.4400E-4	1.0010E-2	4.1333E-1
4.4500E-4	9.7656E-3	4.1128E-1
4.4600E-4	9.2773E-3	4.1475E-1
4.4700E-4	1.0254E-2	4.2373E-1
4.4800E-4	9.0332E-3	4.3301E-1
4.4900E-4	9.7656E-3	4.4097E-1
4.5000E-4	9.5215E-3	4.4634E-1
4.5100E-4	9.7656E-3	4.4897E-1
4.5200E-4	9.5215E-3	4.4707E-1
4.5300E-4	9.5215E-3	4.4448E-1
4.5400E-4	9.5215E-3	4.3994E-1
4.5500E-4	1.0010E-2	4.3467E-1
4.5600E-4	1.0010E-2	4.2734E-1
4.5700E-4	9.2773E-3	4.1831E-1
4.5800E-4	9.2773E-3	4.0854E-1
4.5900E-4	1.0010E-2	3.9883E-1
4.6000E-4	9.5215E-3	3.8965E-1
4.6100E-4	1.0010E-2	3.8340E-1
4.6200E-4	9.0332E-3	3.7954E-1
4.6300E-4	9.2773E-3	3.7930E-1
4.6400E-4	9.0332E-3	3.8364E-1
4.6500E-4	9.5215E-3	3.9214E-1
4.6600E-4	1.0010E-2	4.0581E-1
4.6700E-4	9.2773E-3	4.2725E-1
4.6800E-4	9.5215E-3	4.5488E-1
4.6900E-4	9.2773E-3	4.8979E-1
4.7000E-4	9.5215E-3	5.3105E-1
4.7100E-4	9.7656E-3	5.7300E-1
4.7200E-4	9.7656E-3	6.0503E-1
4.7300E-4	9.7656E-3	6.2261E-1
4.7400E-4	9.5215E-3	6.1655E-1
4.7500E-4	9.0332E-3	5.8384E-1
4.7600E-4	9.2773E-3	5.2603E-1
4.7700E-4	9.2773E-3	4.4985E-1
4.7800E-4	9.7656E-3	3.6108E-1
4.7900E-4	9.5215E-3	2.6602E-1
4.8000E-4	9.5215E-3	1.7271E-1
4.8100E-4	9.5215E-3	8.6914E-2
4.8200E-4	9.5215E-3	1.2354E-2
4.8300E-4	9.5215E-3	-5.1416E-2
4.8400E-4	9.2773E-3	-1.0083E-1
4.8500E-4	9.2773E-3	-1.3467E-1
4.8600E-4	9.5215E-3	-1.5615E-1
4.8700E-4	1.0010E-2	-1.6733E-1
4.8800E-4	9.7656E-3	-1.6875E-1
4.8900E-4	9.2773E-3	-1.6465E-1
4.9000E-4	9.7656E-3	-1.6021E-1
4.9100E-4	9.7656E-3	-1.5288E-1
4.9200E-4	9.7656E-3	-1.4761E-1
4.9300E-4	9.0332E-3	-1.4399E-1
4.9400E-4	9.2773E-3	-1.4209E-1
4.9500E-4	1.0498E-2	-1.4219E-1
4.9600E-4	9.5215E-3	-1.4668E-1
4.9700E-4	9.5215E-3	-1.5088E-1
4.9800E-4	1.0010E-2	-1.5542E-1
4.9900E-4	1.0010E-2	-1.5825E-1
5.0000E-4	9.7656E-3	-1.5928E-1
5.0100E-4	9.0332E-3	-1.5977E-1
5.0200E-4	9.2773E-3	-1.6084E-1
5.0300E-4	1.0254E-2	-1.6016E-1
5.0400E-4	9.5215E-3	-1.5835E-1
5.0500E-4	9.5215E-3	-1.5596E-1
5.0600E-4	9.5215E-3	-1.5249E-1
5.0700E-4	9.2773E-3	-1.4868E-1
5.0800E-4	1.0010E-2	-1.4438E-1
5.0900E-4	9.7656E-3	-1.3926E-1
5.1000E-4	9.0332E-3	-1.3271E-1
5.1100E-4	9.5215E-3	-1.2075E-1
5.1200E-4	9.2773E-3	-9.9023E-2
5.1300E-4	9.7656E-3	-6.9922E-2
5.1400E-4	9.0332E-3	-3.3691E-2
5.1500E-4	1.0254E-2	1.1670E-2
5.1600E-4	9.5215E-3	6.5527E-2
5.1700E-4	8.7891E-3	1.2749E-1
5.1800E-4	9.7656E-3	2.0327E-1
5.1900E-4	9.5215E-3	2.9438E-1
5.2000E-4	9.0332E-3	3.9790E-1
5.2100E-4	9.2773E-3	5.0620E-1
5.2200E-4	9.7656E-3	6.0532E-1
5.2300E-4	9.5215E-3	6.7925E-1
5.2400E-4	9.7656E-3	7.2051E-1
5.2500E-4	9.2773E-3	7.2358E-1
5.2600E-4	9.5215E-3	6.9048E-1
5.2700E-4	9.5215E-3	6.3442E-1
5.2800E-4	9.5215E-3	5.6709E-1
5.2900E-4	9.2773E-3	4.9810E-1
5.3000E-4	9.7656E-3	4.3706E-1
5.3100E-4	9.5215E-3	3.8936E-1
5.3200E-4	9.2773E-3	3.5391E-1
5.3300E-4	8.7891E-3	3.3369E-1
5.3400E-4	9.2773E-3	3.2471E-1
5.3500E-4	9.2773E-3	3.2544E-1
5.3600E-4	9.5215E-3	3.3257E-1
5.3700E-4	1.0010E-2	3.5063E-1
5.3800E-4	9.5215E-3	3.7061E-1
5.3900E-4	1.0010E-2	3.9238E-1
5.4000E-4	9.5215E-3	4.1558E-1
5.4100E-4	9.2773E-3	4.3613E-1
5.4200E-4	1.0254E-2	4.4956E-1
5.4300E-4	9.0332E-3	4.5815E-1
5.4400E-4	9.2773E-3	4.6318E-1
5.4500E-4	9.7656E-3	4.6216E-1
5.4600E-4	9.0332E-3	4.6016E-1
5.4700E-4	9.5215E-3	4.5703E-1
5.4800E-4	1.0010E-2	4.5337E-1
5.4900E-4	9.0332E-3	4.5039E-1
5.5000E-4	9.2773E-3	4.4717E-1
5.5100E-4	9.7656E-3	4.4390E-1
5.5200E-4	9.7656E-3	4.4331E-1
5.5300E-4	1.0010E-2	4.4697E-1
5.5400E-4	1.0010E-2	4.5552E-1
5.5500E-4	9.5215E-3	4.6909E-1
5.5600E-4	1.0010E-2	4.8755E-1
5.5700E-4	9.2773E-3	5.0811E-1
5.5800E-4	9.5215E-3	5.3213E-1
5.5900E-4	9.5215E-3	5.5513E-1
5.6000E-4	9.7656E-3	5.7700E-1
5.6100E-4	1.0010E-2	5.9663E-1
5.6200E-4	1.0498E-2	6.1294E-1
5.6300E-4	9.2773E-3	6.2163E-1
5.6400E-4	9.2773E-3	6.2036E-1
5.6500E-4	9.7656E-3	6.0947E-1
5.6600E-4	1.0254E-2	5.9014E-1
5.6700E-4	8.7891E-3	5.6172E-1
5.6800E-4	1.0010E-2	5.2769E-1
5.6900E-4	9.2773E-3	4.9194E-1
5.7000E-4	9.5215E-3	4.5679E-1
5.7100E-4	9.5215E-3	4.2397E-1
5.7200E-4	9.5215E-3	3.9624E-1
5.7300E-4	9.0332E-3	3.7261E-1
5.7400E-4	1.0010E-2	3.5459E-1
5.7500E-4	1.0254E-2	3.4180E-1
5.7600E-4	9.0332E-3	3.3413E-1
5.7700E-4	9.2773E-3	3.3267E-1
5.7800E-4	9.7656E-3	3.3940E-1
5.7900E-4	9.7656E-3	3.5391E-1
5.8000E-4	9.7656E-3	3.7710E-1
5.8100E-4	1.0010E-2	4.0630E-1
5.8200E-4	9.5215E-3	4.4077E-1
5.8300E-4	9.5215E-3	4.7612E-1
5.8400E-4	9.2773E-3	5.1455E-1
5.8500E-4	9.7656E-3	5.5459E-1
5.8600E-4	9.5215E-3	5.9453E-1
5.8700E-4	9.7656E-3	6.2954E-1
5.8800E-4	9.2773E-3	6.5952E-1
5.8900E-4	9.2773E-3	6.7866E-1
5.9000E-4	9.7656E-3	6.8296E-1
5.9100E-4	1.0010E-2	6.7354E-1
5.9200E-4	9.5215E-3	6.5083E-1
5.9300E-4	9.2773E-3	6.1611E-1
5.9400E-4	9.7656E-3	5.7031E-1
5.9500E-4	9.7656E-3	5.1797E-1
5.9600E-4	9.7656E-3	4.6313E-1
5.9700E-4	9.7656E-3	4.0981E-1
5.9800E-4	9.5215E-3	3.6030E-1
5.9900E-4	9.2773E-3	3.1792E-1
6.0000E-4	9.5215E-3	2.8389E-1
6.0100E-4	9.5215E-3	2.5830E-1
6.0200E-4	9.7656E-3	2.4243E-1
6.0300E-4	9.2773E-3	2.3525E-1
6.0400E-4	9.5215E-3	2.3462E-1
6.0500E-4	9.5215E-3	2.4263E-1
6.0600E-4	9.2773E-3	2.5728E-1
6.0700E-4	9.2773E-3	2.7583E-1
6.0800E-4	9.7656E-3	3.0005E-1
6.0900E-4	9.5215E-3	3.3140E-1
6.1000E-4	1.0010E-2	3.6602E-1
6.1100E-4	1.0254E-2	4.0610E-1
6.1200E-4	9.5215E-3	4.5264E-1
6.1300E-4	1.0254E-2	5.0313E-1
6.1400E-4	9.5215E-3	5.5898E-1
6.1500E-4	9.5215E-3	6.1675E-1
6.1600E-4	9.5215E-3	6.6558E-1
6.1700E-4	1.0254E-2	6.9878E-1
6.1800E-4	9.7656E-3	7.1606E-1
6.1900E-4	1.0010E-2	7.1147E-1
6.2000E-4	9.5215E-3	6.8706E-1
6.2100E-4	9.5215E-3	6.4712E-1
6.2200E-4	9.5215E-3	5.9604E-1
6.2300E-4	9.5215E-3	5.3682E-1
6.2400E-4	9.2773E-3	4.7476E-1
6.2500E-4	9.2773E-3	4.1187E-1
6.2600E-4	9.2773E-3	3.5454E-1
6.2700E-4	9.7656E-3	3.0698E-1
6.2800E-4	9.0332E-3	2.6953E-1
6.2900E-4	9.7656E-3	2.3994E-1
6.3000E-4	1.0010E-2	2.2373E-1
6.3100E-4	8.7891E-3	2.1738E-1
6.3200E-4	9.2773E-3	2.2041E-1
6.3300E-4	9.2773E-3	2.3105E-1
6.3400E-4	9.2773E-3	2.4976E-1
6.3500E-4	9.5215E-3	2.7271E-1
6.3600E-4	9.2773E-3	2.9976E-1
6.3700E-4	9.2773E-3	3.3135E-1
6.3800E-4	9.2773E-3	3.6855E-1
6.3900E-4	1.0254E-2	4.1245E-1
6.4000E-4	9.7656E-3	4.6060E-1
6.4100E-4	9.0332E-3	5.1694E-1
6.4200E-4	9.5215E-3	5.7539E-1
6.4300E-4	9.0332E-3	6.3262E-1
6.4400E-4	9.0332E-3	6.7720E-1
6.4500E-4	9.7656E-3	7.0649E-1
6.4600E-4	9.2773E-3	7.1099E-1
6.4700E-4	9.7656E-3	6.9536E-1
6.4800E-4	9.7656E-3	6.5859E-1
6.4900E-4	9.7656E-3	6.1270E-1
6.5000E-4	9.0332E-3	5.5649E-1
6.5100E-4	9.5215E-3	4.9722E-1
6.5200E-4	9.7656E-3	4.3457E-1
6.5300E-4	9.5215E-3	3.7559E-1
6.5400E-4	9.2773E-3	3.1875E-1
6.5500E-4	9.7656E-3	2.7163E-1
6.5600E-4	9.0332E-3	2.3843E-1
6.5700E-4	9.5215E-3	2.1772E-1
6.5800E-4	9.7656E-3	2.0674E-1
6.5900E-4	9.5215E-3	2.0732E-1
6.6000E-4	9.0332E-3	2.1631E-1
6.6100E-4	9.5215E-3	2.2632E-1
6.6200E-4	9.7656E-3	2.4131E-1
6.6300E-4	9.2773E-3	2.6094E-1
6.6400E-4	9.0332E-3	2.8281E-1
6.6500E-4	1.0010E-2	3.1001E-1
6.6600E-4	1.0010E-2	3.4604E-1
6.6700E-4	9.2773E-3	3.8721E-1
6.6800E-4	9.2773E-3	4.3418E-1
6.6900E-4	9.7656E-3	4.8877E-1
6.7000E-4	9.5215E-3	5.4604E-1
6.7100E-4	9.5215E-3	5.9990E-1
6.7200E-4	9.0332E-3	6.4609E-1
6.7300E-4	1.0010E-2	6.7998E-1
6.7400E-4	1.0010E-2	6.9351E-1
6.7500E-4	9.5215E-3	6.8774E-1
6.7600E-4	9.5215E-3	6.6587E-1
6.7700E-4	9.0332E-3	6.2900E-1
6.7800E-4	9.2773E-3	5.8008E-1
6.7900E-4	9.5215E-3	5.2695E-1
6.8000E-4	9.5215E-3	4.6890E-1
6.8100E-4	9.0332E-3	4.1362E-1
6.8200E-4	9.7656E-3	3.6519E-1
6.8300E-4	9.2773E-3	3.2725E-1
6.8400E-4	9.7656E-3	2.9863E-1
6.8500E-4	9.5215E-3	2.7998E-1
6.8600E-4	9.5215E-3	2.6592E-1
6.8700E-4	9.0332E-3	2.5903E-1
6.8800E-4	9.2773E-3	2.5503E-1
6.8900E-4	9.5215E-3	2.5601E-1
6.9000E-4	1.0254E-2	2.6460E-1
6.9100E-4	1.0010E-2	2.7949E-1
6.9200E-4	1.0010E-2	2.9790E-1
6.9300E-4	9.5215E-3	3.2422E-1
6.9400E-4	9.2773E-3	3.5605E-1
6.9500E-4	9.7656E-3	3.9136E-1
6.9600E-4	9.2773E-3	4.3164E-1
6.9700E-4	1.0010E-2	4.7817E-1
6.9800E-4	9.7656E-3	5.2241E-1
6.9900E-4	9.5215E-3	5.6680E-1
7.0000E-4	9.5215E-3	6.0664E-1
7.0100E-4	9.5215E-3	6.3862E-1
7.0200E-4	9.2773E-3	6.5425E-1
7.0300E-4	9.2773E-3	6.5659E-1
7.0400E-4	1.0010E-2	6.4507E-1
7.0500E-4	1.0254E-2	6.2227E-1
7.0600E-4	9.5215E-3	5.8975E-1
7.0700E-4	9.2773E-3	5.5386E-1
7.0800E-4	1.0010E-2	5.1699E-1
7.0900E-4	9.7656E-3	4.7822E-1
7.1000E-4	9.7656E-3	4.3979E-1
7.1100E-4	9.2773E-3	4.0347E-1
7.1200E-4	9.7656E-3	3.7051E-1
7.1300E-4	9.5215E-3	3.4209E-1
7.1400E-4	9.2773E-3	3.2046E-1
7.1500E-4	9.2773E-3	3.0488E-1
7.1600E-4	1.0010E-2	2.9443E-1
7.1700E-4	1.0254E-2	2.9180E-1
7.1800E-4	1.0010E-2	2.9478E-1
7.1900E-4	9.5215E-3	3.0332E-1
7.2000E-4	9.0332E-3	3.1582E-1
7.2100E-4	9.7656E-3	3.3530E-1
7.2200E-4	9.7656E-3	3.5742E-1
7.2300E-4	9.2773E-3	3.8516E-1
7.2400E-4	9.7656E-3	4.1714E-1
7.2500E-4	1.0254E-2	4.5171E-1
7.2600E-4	9.5215E-3	4.8589E-1
7.2700E-4	9.5215E-3	5.2080E-1
7.2800E-4	1.0010E-2	5.5103E-1
7.2900E-4	9.2773E-3	5.7671E-1
7.3000E-4	9.0332E-3	5.9854E-1
7.3100E-4	1.0010E-2	6.1592E-1
7.3200E-4	9.5215E-3	6.2632E-1
7.3300E-4	9.0332E-3	6.3149E-1
7.3400E-4	1.0010E-2	6.2729E-1
7.3500E-4	9.2773E-3	6.1436E-1
7.3600E-4	9.5215E-3	5.9346E-1
7.3700E-4	1.0010E-2	5.6470E-1
7.3800E-4	8.7891E-3	5.2754E-1
7.3900E-4	9.2773E-3	4.8755E-1
7.4000E-4	9.2773E-3	4.4824E-1
7.4100E-4	1.0010E-2	4.1143E-1
7.4200E-4	9.5215E-3	3.7754E-1
7.4300E-4	9.5215E-3	3.5215E-1
7.4400E-4	9.2773E-3	3.3188E-1
7.4500E-4	9.5215E-3	3.1860E-1
7.4600E-4	1.0010E-2	3.0952E-1
7.4700E-4	9.2773E-3	3.0742E-1
7.4800E-4	9.7656E-3	3.0728E-1
7.4900E-4	9.5215E-3	3.1240E-1
7.5000E-4	9.2773E-3	3.2061E-1
7.5100E-4	1.0010E-2	3.3306E-1
7.5200E-4	9.5215E-3	3.4912E-1
7.5300E-4	9.5215E-3	3.7065E-1
7.5400E-4	9.2773E-3	3.9438E-1
7.5500E-4	9.5215E-3	4.2007E-1
7.5600E-4	9.2773E-3	4.4902E-1
7.5700E-4	9.7656E-3	4.8120E-1
7.5800E-4	9.5215E-3	5.1279E-1
7.5900E-4	9.5215E-3	5.4380E-1
7.6000E-4	9.2773E-3	5.7163E-1
7.6100E-4	9.0332E-3	5.9604E-1
7.6200E-4	9.5215E-3	6.1025E-1
7.6300E-4	9.2773E-3	6.1738E-1
7.6400E-4	1.0010E-2	6.1807E-1
7.6500E-4	9.7656E-3	6.0967E-1
7.6600E-4	9.7656E-3	5.9009E-1
7.6700E-4	9.2773E-3	5.6582E-1
7.6800E-4	9.2773E-3	5.3750E-1
7.6900E-4	9.5215E-3	5.0459E-1
7.7000E-4	9.5215E-3	4.7031E-1
7.7100E-4	9.0332E-3	4.3525E-1
7.7200E-4	9.7656E-3	4.0137E-1
7.7300E-4	9.5215E-3	3.7002E-1
7.7400E-4	9.2773E-3	3.4106E-1
7.7500E-4	9.7656E-3	3.1748E-1
7.7600E-4	9.0332E-3	3.0195E-1
7.7700E-4	1.0254E-2	2.9458E-1
7.7800E-4	9.5215E-3	2.9243E-1
7.7900E-4	9.2773E-3	2.9814E-1
7.8000E-4	9.2773E-3	3.1069E-1
7.8100E-4	1.0010E-2	3.2944E-1
7.8200E-4	1.0010E-2	3.5093E-1
7.8300E-4	9.7656E-3	3.7627E-1
7.8400E-4	9.0332E-3	4.0459E-1
7.8500E-4	1.0010E-2	4.3359E-1
7.8600E-4	9.2773E-3	4.6255E-1
7.8700E-4	9.7656E-3	4.9619E-1
7.8800E-4	1.0498E-2	5.3223E-1
7.8900E-4	9.0332E-3	5.6558E-1
7.9000E-4	9.5215E-3	5.9717E-1
7.9100E-4	9.2773E-3	6.2275E-1
7.9200E-4	1.0010E-2	6.3350E-1
7.9300E-4	9.2773E-3	6.3262E-1
7.9400E-4	9.7656E-3	6.2397E-1
7.9500E-4	9.0332E-3	6.0366E-1
7.9600E-4	9.5215E-3	5.7456E-1
7.9700E-4	9.2773E-3	5.3984E-1
7.9800E-4	9.7656E-3	4.9854E-1
7.9900E-4	9.7656E-3	4.5205E-1
8.0000E-4	9.2773E-3	4.0547E-1
8.0100E-4	9.0332E-3	3.5962E-1
8.0200E-4	1.0010E-2	3.2231E-1
8.0300E-4	9.7656E-3	2.9097E-1
8.0400E-4	9.5215E-3	2.6504E-1
8.0500E-4	9.7656E-3	2.4658E-1
8.0600E-4	9.5215E-3	2.3760E-1
8.0700E-4	9.0332E-3	2.3379E-1
8.0800E-4	9.7656E-3	2.3755E-1
8.0900E-4	1.0010E-2	2.4858E-1
8.1000E-4	9.7656E-3	2.6519E-1
8.1100E-4	9.5215E-3	2.8550E-1
8.1200E-4	9.5215E-3	3.0942E-1
8.1300E-4	1.0254E-2	3.3794E-1
8.1400E-4	9.5215E-3	3.7080E-1
8.1500E-4	9.7656E-3	4.0664E-1
8.1600E-4	9.5215E-3	4.4609E-1
8.1700E-4	9.0332E-3	4.8691E-1
8.1800E-4	9.2773E-3	5.2900E-1
8.1900E-4	1.0010E-2	5.6987E-1
8.2000E-4	9.5215E-3	6.0776E-1
8.2100E-4	9.5215E-3	6.3682E-1
8.2200E-4	9.0332E-3	6.5449E-1
8.2300E-4	9.7656E-3	6.5708E-1
8.2400E-4	9.5215E-3	6.4419E-1
8.2500E-4	9.0332E-3	6.1465E-1
8.2600E-4	9.7656E-3	5.7212E-1
8.2700E-4	9.7656E-3	5.1953E-1
8.2800E-4	9.7656E-3	4.5947E-1
8.2900E-4	9.7656E-3	3.9863E-1
8.3000E-4	9.7656E-3	3.4150E-1
8.3100E-4	9.5215E-3	2.9365E-1
8.3200E-4	9.0332E-3	2.5742E-1
8.3300E-4	1.0010E-2	2.3418E-1
8.3400E-4	9.2773E-3	2.2046E-1
8.3500E-4	9.2773E-3	2.1782E-1
8.3600E-4	1.0010E-2	2.2085E-1
8.3700E-4	9.2773E-3	2.2891E-1
8.3800E-4	9.5215E-3	2.4224E-1
8.3900E-4	9.7656E-3	2.6011E-1
8.4000E-4	9.7656E-3	2.8003E-1
8.4100E-4	1.0742E-2	3.0435E-1
8.4200E-4	9.7656E-3	3.3354E-1
8.4300E-4	1.0254E-2	3.6743E-1
8.4400E-4	9.7656E-3	4.0728E-1
8.4500E-4	9.7656E-3	4.5615E-1
8.4600E-4	9.5215E-3	5.0796E-1
8.4700E-4	9.5215E-3	5.5967E-1
8.4800E-4	1.0254E-2	6.0522E-1
8.4900E-4	9.7656E-3	6.3623E-1
8.5000E-4	9.7656E-3	6.5000E-1
8.5100E-4	1.0254E-2	6.4683E-1
8.5200E-4	9.5215E-3	6.2456E-1
8.5300E-4	1.0010E-2	5.8799E-1
8.5400E-4	9.5215E-3	5.4219E-1
8.5500E-4	9.2773E-3	4.8618E-1
8.5600E-4	9.2773E-3	4.2734E-1
8.5700E-4	9.0332E-3	3.7173E-1
8.5800E-4	1.0010E-2	3.2061E-1
8.5900E-4	9.0332E-3	2.7910E-1
8.6000E-4	9.2773E-3	2.4751E-1
8.6100E-4	9.7656E-3	2.2349E-1
8.6200E-4	9.5215E-3	2.0713E-1
8.6300E-4	1.0010E-2	1.9741E-1
8.6400E-4	9.5215E-3	1.9116E-1
8.6500E-4	9.5215E-3	1.9419E-1
8.6600E-4	9.0332E-3	2.0430E-1
8.6700E-4	9.0332E-3	2.1968E-1
8.6800E-4	9.2773E-3	2.4126E-1
8.6900E-4	9.2773E-3	2.7251E-1
8.7000E-4	9.2773E-3	3.0767E-1
8.7100E-4	9.2773E-3	3.5151E-1
8.7200E-4	9.0332E-3	4.0161E-1
8.7300E-4	9.5215E-3	4.5542E-1
8.7400E-4	9.2773E-3	5.0972E-1
8.7500E-4	1.0010E-2	5.6182E-1
8.7600E-4	9.0332E-3	6.0488E-1
8.7700E-4	9.7656E-3	6.3584E-1
8.7800E-4	9.5215E-3	6.4990E-1
8.7900E-4	9.7656E-3	6.4731E-1
8.8000E-4	9.2773E-3	6.2959E-1
8.8100E-4	9.5215E-3	5.9854E-1
8.8200E-4	9.2773E-3	5.5801E-1
8.8300E-4	1.0010E-2	5.1357E-1
8.8400E-4	9.5215E-3	4.6865E-1
8.8500E-4	9.5215E-3	4.2178E-1
8.8600E-4	9.2773E-3	3.7681E-1
8.8700E-4	9.2773E-3	3.3569E-1
8.8800E-4	9.5215E-3	2.9990E-1
8.8900E-4	9.5215E-3	2.6875E-1
8.9000E-4	9.2773E-3	2.4873E-1
8.9100E-4	9.5215E-3	2.3618E-1
8.9200E-4	9.5215E-3	2.3228E-1
8.9300E-4	9.5215E-3	2.3911E-1
8.9400E-4	9.2773E-3	2.5312E-1
8.9500E-4	9.7656E-3	2.7046E-1
8.9600E-4	9.7656E-3	2.9365E-1
8.9700E-4	9.5215E-3	3.2446E-1
8.9800E-4	9.7656E-3	3.5938E-1
8.9900E-4	9.0332E-3	4.0063E-1
9.0000E-4	1.0010E-2	4.4668E-1
9.0100E-4	1.0010E-2	4.9712E-1
9.0200E-4	9.5215E-3	5.4683E-1
9.0300E-4	9.5215E-3	5.9326E-1
9.0400E-4	9.5215E-3	6.3145E-1
9.0500E-4	1.0010E-2	6.6016E-1
9.0600E-4	9.5215E-3	6.7354E-1
9.0700E-4	9.7656E-3	6.6914E-1
9.0800E-4	9.2773E-3	6.4980E-1
9.0900E-4	9.7656E-3	6.1729E-1
9.1000E-4	9.2773E-3	5.7427E-1
9.1100E-4	9.5215E-3	5.2686E-1
9.1200E-4	9.2773E-3	4.7554E-1
9.1300E-4	9.7656E-3	4.2471E-1
9.1400E-4	9.7656E-3	3.7729E-1
9.1500E-4	1.0254E-2	3.3765E-1
9.1600E-4	8.7891E-3	3.0547E-1
9.1700E-4	9.7656E-3	2.8687E-1
9.1800E-4	9.7656E-3	2.7764E-1
9.1900E-4	9.7656E-3	2.7900E-1
9.2000E-4	1.0010E-2	2.8618E-1
9.2100E-4	9.5215E-3	2.9736E-1
9.2200E-4	9.5215E-3	3.1157E-1
9.2300E-4	9.7656E-3	3.2871E-1
9.2400E-4	9.7656E-3	3.4785E-1
9.2500E-4	9.5215E-3	3.7095E-1
9.2600E-4	1.0010E-2	3.9839E-1
9.2700E-4	9.5215E-3	4.2871E-1
9.2800E-4	9.2773E-3	4.6226E-1
9.2900E-4	1.0010E-2	4.9648E-1
9.3000E-4	9.5215E-3	5.2681E-1
9.3100E-4	1.0498E-2	5.5400E-1
9.3200E-4	9.7656E-3	5.7754E-1
9.3300E-4	9.2773E-3	5.9570E-1
9.3400E-4	9.2773E-3	6.0508E-1
9.3500E-4	9.5215E-3	6.0674E-1
9.3600E-4	9.7656E-3	5.9873E-1
9.3700E-4	9.5215E-3	5.8223E-1
9.3800E-4	1.0010E-2	5.5513E-1
9.3900E-4	9.5215E-3	5.2559E-1
9.4000E-4	9.5215E-3	4.9551E-1
9.4100E-4	9.5215E-3	4.6831E-1
9.4200E-4	1.0742E-2	4.4458E-1
9.4300E-4	1.0254E-2	4.2603E-1
9.4400E-4	9.7656E-3	4.1030E-1
9.4500E-4	9.7656E-3	3.9990E-1
9.4600E-4	9.2773E-3	3.9321E-1
9.4700E-4	1.0010E-2	3.8960E-1
9.4800E-4	1.0254E-2	3.9160E-1
9.4900E-4	9.5215E-3	3.9644E-1
9.5000E-4	9.5215E-3	4.0195E-1
9.5100E-4	1.0010E-2	4.0791E-1
9.5200E-4	9.7656E-3	4.1206E-1
9.5300E-4	9.5215E-3	4.1240E-1
9.5400E-4	9.2773E-3	4.0972E-1
9.5500E-4	9.2773E-3	4.0420E-1
9.5600E-4	1.0010E-2	3.9502E-1
9.5700E-4	1.0010E-2	3.8335E-1
9.5800E-4	1.0254E-2	3.6729E-1
9.5900E-4	9.7656E-3	3.5225E-1
9.6000E-4	9.5215E-3	3.3682E-1
9.6100E-4	9.2773E-3	3.2393E-1
9.6200E-4	9.5215E-3	3.1694E-1
9.6300E-4	9.5215E-3	3.1807E-1
9.6400E-4	9.2773E-3	3.2271E-1
9.6500E-4	9.0332E-3	3.3286E-1
9.6600E-4	1.0254E-2	3.4976E-1
9.6700E-4	9.7656E-3	3.7007E-1
9.6800E-4	1.0010E-2	3.9766E-1
9.6900E-4	1.0254E-2	4.3379E-1
9.7000E-4	9.2773E-3	4.7593E-1
9.7100E-4	1.0254E-2	5.1953E-1
9.7200E-4	9.7656E-3	5.5757E-1
9.7300E-4	1.0010E-2	5.8242E-1
9.7400E-4	9.7656E-3	5.8716E-1
9.7500E-4	9.2773E-3	5.6787E-1
9.7600E-4	9.7656E-3	5.2202E-1
9.7700E-4	1.0010E-2	4.5449E-1
9.7800E-4	9.7656E-3	3.7036E-1
9.7900E-4	1.0254E-2	2.7520E-1
9.8000E-4	9.7656E-3	1.7915E-1
9.8100E-4	1.0254E-2	8.9160E-2
9.8200E-4	9.7656E-3	9.8633E-3
9.8300E-4	9.5215E-3	-5.6787E-2
9.8400E-4	9.5215E-3	-1.0786E-1
9.8500E-4	1.0010E-2	-1.4600E-1
9.8600E-4	9.7656E-3	-1.7114E-1
9.8700E-4	1.0010E-2	-1.8315E-1
9.8800E-4	1.0010E-2	-1.8638E-1
9.8900E-4	9.2773E-3	-1.8418E-1
9.9000E-4	1.0010E-2	-1.7627E-1
9.9100E-4	9.5215E-3	-1.6807E-1
9.9200E-4	9.2773E-3	-1.6069E-1
9.9300E-4	1.0010E-2	-1.5190E-1
9.9400E-4	9.2773E-3	-1.4639E-1
9.9500E-4	9.7656E-3	-1.4365E-1
9.9600E-4	9.7656E-3	-1.4175E-1
9.9700E-4	9.2773E-3	-1.4312E-1
9.9800E-4	9.2773E-3	-1.4312E-1
9.9900E-4	9.7656E-3	-1.4312E-1
