Time [s]	Aux in [V]	Main in [V]
0.0000E+0	9.7656E-3	-1.0688E-1
1.0000E-6	1.0254E-2	-1.0498E-1
2.0000E-6	9.0332E-3	-1.0220E-1
3.0000E-6	1.0010E-2	-9.8291E-2
4.0000E-6	1.0010E-2	-9.0918E-2
5.0000E-6	9.2773E-3	-8.3496E-2
6.0000E-6	1.0010E-2	-7.8760E-2
7.0000E-6	1.0010E-2	-7.5146E-2
8.0000E-6	1.0010E-2	-7.2363E-2
9.0000E-6	1.0010E-2	-6.9824E-2
1.0000E-5	9.7656E-3	-6.8115E-2
1.1000E-5	9.7656E-3	-6.5869E-2
1.2000E-5	9.5215E-3	-6.3916E-2
1.3000E-5	9.2773E-3	-6.0156E-2
1.4000E-5	1.0010E-2	-5.7471E-2
1.5000E-5	9.7656E-3	-5.3271E-2
1.6000E-5	9.7656E-3	-4.5801E-2
1.7000E-5	9.5215E-3	-3.4424E-2
1.8000E-5	9.7656E-3	-1.7383E-2
1.9000E-5	9.7656E-3	5.5664E-3
2.0000E-5	1.0254E-2	3.6035E-2
2.1000E-5	1.0254E-2	7.6416E-2
2.2000E-5	9.5215E-3	1.2812E-1
2.3000E-5	9.5215E-3	1.9248E-1
2.4000E-5	1.0254E-2	2.7388E-1
2.5000E-5	1.0010E-2	3.6504E-1
2.6000E-5	9.7656E-3	4.5596E-1
2.7000E-5	1.0010E-2	5.4150E-1
2.8000E-5	1.0254E-2	6.1172E-1
2.9000E-5	9.5215E-3	6.5640E-1
3.0000E-5	9.2773E-3	6.7715E-1
3.1000E-5	9.2773E-3	6.7495E-1
3.2000E-5	9.0332E-3	6.5234E-1
3.3000E-5	1.0010E-2	6.1270E-1
3.4000E-5	9.7656E-3	5.6104E-1
3.5000E-5	1.0010E-2	5.0527E-1
3.6000E-5	9.7656E-3	4.5020E-1
3.7000E-5	9.2773E-3	4.0273E-1
3.8000E-5	1.0010E-2	3.6616E-1
3.9000E-5	9.5215E-3	3.4521E-1
4.0000E-5	9.5215E-3	3.3672E-1
4.1000E-5	9.5215E-3	3.3882E-1
4.2000E-5	9.2773E-3	3.4951E-1
4.3000E-5	9.5215E-3	3.6587E-1
4.4000E-5	9.0332E-3	3.8296E-1
4.5000E-5	9.7656E-3	4.0088E-1
4.6000E-5	9.5215E-3	4.1953E-1
4.7000E-5	9.7656E-3	4.3687E-1
4.8000E-5	1.0010E-2	4.5342E-1
4.9000E-5	9.2773E-3	4.6899E-1
5.0000E-5	9.5215E-3	4.8018E-1
5.1000E-5	9.5215E-3	4.8691E-1
5.2000E-5	9.5215E-3	4.9146E-1
5.3000E-5	9.5215E-3	4.9248E-1
5.4000E-5	9.7656E-3	4.9087E-1
5.5000E-5	9.5215E-3	4.9077E-1
5.6000E-5	9.5215E-3	4.9194E-1
5.7000E-5	9.2773E-3	4.9263E-1
5.8000E-5	8.5449E-3	4.9429E-1
5.9000E-5	9.5215E-3	4.9814E-1
6.0000E-5	9.7656E-3	5.0361E-1
6.1000E-5	9.2773E-3	5.1431E-1
6.2000E-5	9.2773E-3	5.2676E-1
6.3000E-5	1.0010E-2	5.4170E-1
6.4000E-5	1.0254E-2	5.5762E-1
6.5000E-5	9.7656E-3	5.7339E-1
6.6000E-5	9.5215E-3	5.8643E-1
6.7000E-5	9.2773E-3	5.9824E-1
6.8000E-5	9.7656E-3	6.0557E-1
6.9000E-5	9.5215E-3	6.0698E-1
7.0000E-5	9.5215E-3	6.0088E-1
7.1000E-5	9.7656E-3	5.8711E-1
7.2000E-5	1.0010E-2	5.6616E-1
7.3000E-5	9.7656E-3	5.3843E-1
7.4000E-5	9.7656E-3	5.0615E-1
7.5000E-5	9.5215E-3	4.7412E-1
7.6000E-5	9.2773E-3	4.4229E-1
7.7000E-5	9.0332E-3	4.1196E-1
7.8000E-5	9.2773E-3	3.8677E-1
7.9000E-5	9.5215E-3	3.6880E-1
8.0000E-5	9.7656E-3	3.5693E-1
8.1000E-5	9.7656E-3	3.5098E-1
8.2000E-5	9.5215E-3	3.4980E-1
8.3000E-5	9.2773E-3	3.5288E-1
8.4000E-5	1.0010E-2	3.6074E-1
8.5000E-5	9.5215E-3	3.7329E-1
8.6000E-5	9.7656E-3	3.8818E-1
8.7000E-5	9.5215E-3	4.0522E-1
8.8000E-5	9.5215E-3	4.2573E-1
8.9000E-5	9.5215E-3	4.4805E-1
9.0000E-5	1.0010E-2	4.7197E-1
9.1000E-5	1.0010E-2	5.0210E-1
9.2000E-5	9.5215E-3	5.3794E-1
9.3000E-5	1.0010E-2	5.7617E-1
9.4000E-5	9.5215E-3	6.1172E-1
9.5000E-5	9.5215E-3	6.3955E-1
9.6000E-5	9.7656E-3	6.5781E-1
9.7000E-5	1.0254E-2	6.6499E-1
9.8000E-5	9.2773E-3	6.5703E-1
9.9000E-5	9.5215E-3	6.3755E-1
1.0000E-4	1.0010E-2	6.0884E-1
1.0100E-4	9.2773E-3	5.7095E-1
1.0200E-4	9.7656E-3	5.2749E-1
1.0300E-4	9.2773E-3	4.8271E-1
1.0400E-4	9.2773E-3	4.3765E-1
1.0500E-4	1.0010E-2	3.9648E-1
1.0600E-4	9.5215E-3	3.6284E-1
1.0700E-4	9.5215E-3	3.3667E-1
1.0800E-4	9.5215E-3	3.1978E-1
1.0900E-4	9.7656E-3	3.1343E-1
1.1000E-4	9.0332E-3	3.1553E-1
1.1100E-4	9.5215E-3	3.2305E-1
1.1200E-4	9.7656E-3	3.3403E-1
1.1300E-4	9.2773E-3	3.4810E-1
1.1400E-4	9.5215E-3	3.6494E-1
1.1500E-4	9.5215E-3	3.8398E-1
1.1600E-4	9.7656E-3	4.0903E-1
1.1700E-4	9.5215E-3	4.3921E-1
1.1800E-4	9.7656E-3	4.7637E-1
1.1900E-4	1.0010E-2	5.2085E-1
1.2000E-4	9.5215E-3	5.7021E-1
1.2100E-4	9.7656E-3	6.2085E-1
1.2200E-4	9.0332E-3	6.6650E-1
1.2300E-4	9.2773E-3	6.9800E-1
1.2400E-4	9.2773E-3	7.1265E-1
1.2500E-4	9.5215E-3	7.1025E-1
1.2600E-4	1.0010E-2	6.8809E-1
1.2700E-4	9.0332E-3	6.4990E-1
1.2800E-4	9.5215E-3	6.0200E-1
1.2900E-4	9.2773E-3	5.4897E-1
1.3000E-4	9.0332E-3	4.9312E-1
1.3100E-4	8.3008E-3	4.3921E-1
1.3200E-4	9.7656E-3	3.9277E-1
1.3300E-4	9.5215E-3	3.5396E-1
1.3400E-4	9.0332E-3	3.2046E-1
1.3500E-4	1.0010E-2	2.9531E-1
1.3600E-4	9.0332E-3	2.7847E-1
1.3700E-4	1.0498E-2	2.6816E-1
1.3800E-4	9.7656E-3	2.6592E-1
1.3900E-4	9.5215E-3	2.7363E-1
1.4000E-4	9.2773E-3	2.8804E-1
1.4100E-4	9.5215E-3	3.0527E-1
1.4200E-4	9.7656E-3	3.2842E-1
1.4300E-4	9.2773E-3	3.5669E-1
1.4400E-4	9.7656E-3	3.8701E-1
1.4500E-4	1.0498E-2	4.2163E-1
1.4600E-4	9.5215E-3	4.6260E-1
1.4700E-4	9.2773E-3	5.0830E-1
1.4800E-4	9.7656E-3	5.5566E-1
1.4900E-4	1.0254E-2	6.0811E-1
1.5000E-4	9.5215E-3	6.5962E-1
1.5100E-4	9.7656E-3	7.0054E-1
1.5200E-4	9.7656E-3	7.2642E-1
1.5300E-4	9.2773E-3	7.3735E-1
1.5400E-4	9.2773E-3	7.2397E-1
1.5500E-4	1.0010E-2	6.9272E-1
1.5600E-4	1.0010E-2	6.4927E-1
1.5700E-4	9.7656E-3	5.9565E-1
1.5800E-4	9.7656E-3	5.3540E-1
1.5900E-4	1.0010E-2	4.7583E-1
1.6000E-4	9.5215E-3	4.1909E-1
1.6100E-4	9.5215E-3	3.7227E-1
1.6200E-4	9.0332E-3	3.3643E-1
1.6300E-4	9.7656E-3	3.1323E-1
1.6400E-4	1.0498E-2	3.0142E-1
1.6500E-4	9.5215E-3	2.9766E-1
1.6600E-4	9.7656E-3	2.9780E-1
1.6700E-4	9.2773E-3	3.0342E-1
1.6800E-4	9.5215E-3	3.1396E-1
1.6900E-4	9.2773E-3	3.2944E-1
1.7000E-4	9.2773E-3	3.4736E-1
1.7100E-4	9.7656E-3	3.6890E-1
1.7200E-4	9.7656E-3	3.9463E-1
1.7300E-4	9.5215E-3	4.2393E-1
1.7400E-4	1.0010E-2	4.5864E-1
1.7500E-4	9.7656E-3	5.0181E-1
1.7600E-4	9.5215E-3	5.5205E-1
1.7700E-4	9.7656E-3	6.0620E-1
1.7800E-4	9.2773E-3	6.5713E-1
1.7900E-4	9.2773E-3	7.0059E-1
1.8000E-4	9.2773E-3	7.2896E-1
1.8100E-4	9.0332E-3	7.3945E-1
1.8200E-4	9.5215E-3	7.3218E-1
1.8300E-4	9.2773E-3	7.0854E-1
1.8400E-4	9.2773E-3	6.6875E-1
1.8500E-4	9.2773E-3	6.1782E-1
1.8600E-4	9.0332E-3	5.6030E-1
1.8700E-4	9.5215E-3	4.9814E-1
1.8800E-4	9.7656E-3	4.3965E-1
1.8900E-4	9.7656E-3	3.9058E-1
1.9000E-4	9.0332E-3	3.5249E-1
1.9100E-4	1.0254E-2	3.2451E-1
1.9200E-4	1.0010E-2	3.0791E-1
1.9300E-4	1.0010E-2	2.9893E-1
1.9400E-4	9.5215E-3	2.9727E-1
1.9500E-4	9.2773E-3	3.0356E-1
1.9600E-4	9.2773E-3	3.1826E-1
1.9700E-4	9.5215E-3	3.3789E-1
1.9800E-4	9.2773E-3	3.6392E-1
1.9900E-4	9.5215E-3	3.9092E-1
2.0000E-4	9.7656E-3	4.2056E-1
2.0100E-4	9.2773E-3	4.5171E-1
2.0200E-4	9.5215E-3	4.8467E-1
2.0300E-4	9.5215E-3	5.2017E-1
2.0400E-4	1.0010E-2	5.6133E-1
2.0500E-4	1.0010E-2	6.0420E-1
2.0600E-4	9.2773E-3	6.4883E-1
2.0700E-4	9.5215E-3	6.9116E-1
2.0800E-4	1.0254E-2	7.2510E-1
2.0900E-4	1.0010E-2	7.4482E-1
2.1000E-4	9.5215E-3	7.4712E-1
2.1100E-4	9.5215E-3	7.3208E-1
2.1200E-4	9.5215E-3	7.0386E-1
2.1300E-4	9.0332E-3	6.6343E-1
2.1400E-4	9.2773E-3	6.1660E-1
2.1500E-4	9.7656E-3	5.6836E-1
2.1600E-4	1.0010E-2	5.1836E-1
2.1700E-4	1.0254E-2	4.7109E-1
2.1800E-4	9.2773E-3	4.2930E-1
2.1900E-4	1.0010E-2	3.9365E-1
2.2000E-4	9.7656E-3	3.6738E-1
2.2100E-4	9.7656E-3	3.5093E-1
2.2200E-4	9.5215E-3	3.4302E-1
2.2300E-4	1.0498E-2	3.4292E-1
2.2400E-4	1.0254E-2	3.5059E-1
2.2500E-4	9.2773E-3	3.6274E-1
2.2600E-4	1.0498E-2	3.7744E-1
2.2700E-4	9.2773E-3	3.9307E-1
2.2800E-4	9.5215E-3	4.1050E-1
2.2900E-4	9.0332E-3	4.3032E-1
2.3000E-4	9.2773E-3	4.5132E-1
2.3100E-4	1.0010E-2	4.7495E-1
2.3200E-4	1.0010E-2	5.0347E-1
2.3300E-4	9.7656E-3	5.3555E-1
2.3400E-4	9.2773E-3	5.6943E-1
2.3500E-4	9.2773E-3	6.0503E-1
2.3600E-4	1.0010E-2	6.4307E-1
2.3700E-4	9.2773E-3	6.7632E-1
2.3800E-4	9.2773E-3	7.0210E-1
2.3900E-4	9.2773E-3	7.2007E-1
2.4000E-4	9.2773E-3	7.2627E-1
2.4100E-4	9.2773E-3	7.1846E-1
2.4200E-4	9.0332E-3	6.9937E-1
2.4300E-4	9.7656E-3	6.7266E-1
2.4400E-4	1.0254E-2	6.3584E-1
2.4500E-4	9.5215E-3	5.9160E-1
2.4600E-4	9.5215E-3	5.4497E-1
2.4700E-4	9.5215E-3	5.0000E-1
2.4800E-4	9.2773E-3	4.5786E-1
2.4900E-4	9.7656E-3	4.2344E-1
2.5000E-4	9.7656E-3	3.9814E-1
2.5100E-4	9.2773E-3	3.8271E-1
2.5200E-4	9.0332E-3	3.7368E-1
2.5300E-4	9.5215E-3	3.7183E-1
2.5400E-4	9.5215E-3	3.7637E-1
2.5500E-4	9.5215E-3	3.8657E-1
2.5600E-4	1.0254E-2	4.0176E-1
2.5700E-4	9.5215E-3	4.1890E-1
2.5800E-4	9.5215E-3	4.3813E-1
2.5900E-4	9.0332E-3	4.5718E-1
2.6000E-4	1.0010E-2	4.7725E-1
2.6100E-4	9.5215E-3	4.9771E-1
2.6200E-4	8.7891E-3	5.2236E-1
2.6300E-4	9.0332E-3	5.4927E-1
2.6400E-4	9.2773E-3	5.8027E-1
2.6500E-4	9.7656E-3	6.1494E-1
2.6600E-4	9.5215E-3	6.5005E-1
2.6700E-4	9.2773E-3	6.8379E-1
2.6800E-4	9.5215E-3	7.1128E-1
2.6900E-4	9.2773E-3	7.3130E-1
2.7000E-4	9.5215E-3	7.3735E-1
2.7100E-4	9.5215E-3	7.3076E-1
2.7200E-4	9.5215E-3	7.1201E-1
2.7300E-4	9.7656E-3	6.8237E-1
2.7400E-4	9.2773E-3	6.3955E-1
2.7500E-4	1.0010E-2	5.9258E-1
2.7600E-4	9.7656E-3	5.4365E-1
2.7700E-4	9.2773E-3	4.9531E-1
2.7800E-4	9.2773E-3	4.5356E-1
2.7900E-4	9.2773E-3	4.2061E-1
2.8000E-4	1.0254E-2	3.9678E-1
2.8100E-4	9.5215E-3	3.8018E-1
2.8200E-4	9.5215E-3	3.7090E-1
2.8300E-4	9.0332E-3	3.6597E-1
2.8400E-4	1.0498E-2	3.6289E-1
2.8500E-4	1.0010E-2	3.6230E-1
2.8600E-4	1.0010E-2	3.6318E-1
2.8700E-4	1.0010E-2	3.6543E-1
2.8800E-4	9.2773E-3	3.7300E-1
2.8900E-4	1.0010E-2	3.8735E-1
2.9000E-4	1.0010E-2	4.0962E-1
2.9100E-4	9.2773E-3	4.3828E-1
2.9200E-4	9.5215E-3	4.7280E-1
2.9300E-4	1.0010E-2	5.0947E-1
2.9400E-4	9.0332E-3	5.4995E-1
2.9500E-4	9.5215E-3	5.9038E-1
2.9600E-4	1.0254E-2	6.3208E-1
2.9700E-4	9.2773E-3	6.7500E-1
2.9800E-4	9.2773E-3	7.1313E-1
2.9900E-4	9.7656E-3	7.4111E-1
3.0000E-4	1.0010E-2	7.5591E-1
3.0100E-4	9.2773E-3	7.5469E-1
3.0200E-4	1.0010E-2	7.3535E-1
3.0300E-4	9.2773E-3	7.0078E-1
3.0400E-4	1.0010E-2	6.5469E-1
3.0500E-4	9.7656E-3	6.0142E-1
3.0600E-4	9.2773E-3	5.4707E-1
3.0700E-4	9.7656E-3	4.9077E-1
3.0800E-4	1.0010E-2	4.3843E-1
3.0900E-4	1.0254E-2	3.9434E-1
3.1000E-4	1.0254E-2	3.5889E-1
3.1100E-4	9.5215E-3	3.3184E-1
3.1200E-4	9.2773E-3	3.1621E-1
3.1300E-4	1.0254E-2	3.1108E-1
3.1400E-4	9.2773E-3	3.1357E-1
3.1500E-4	1.0010E-2	3.2310E-1
3.1600E-4	9.5215E-3	3.3643E-1
3.1700E-4	9.7656E-3	3.5508E-1
3.1800E-4	9.5215E-3	3.7695E-1
3.1900E-4	9.0332E-3	4.0381E-1
3.2000E-4	9.5215E-3	4.3477E-1
3.2100E-4	9.7656E-3	4.7090E-1
3.2200E-4	9.2773E-3	5.0898E-1
3.2300E-4	9.2773E-3	5.5259E-1
3.2400E-4	9.7656E-3	5.9907E-1
3.2500E-4	1.0010E-2	6.4600E-1
3.2600E-4	9.5215E-3	6.8999E-1
3.2700E-4	9.5215E-3	7.2622E-1
3.2800E-4	1.0254E-2	7.4658E-1
3.2900E-4	9.5215E-3	7.4849E-1
3.3000E-4	9.7656E-3	7.3286E-1
3.3100E-4	9.0332E-3	6.9746E-1
3.3200E-4	9.0332E-3	6.4673E-1
3.3300E-4	9.7656E-3	5.8979E-1
3.3400E-4	9.5215E-3	5.2925E-1
3.3500E-4	9.7656E-3	4.6665E-1
3.3600E-4	9.5215E-3	4.0977E-1
3.3700E-4	9.7656E-3	3.6284E-1
3.3800E-4	9.0332E-3	3.2285E-1
3.3900E-4	9.5215E-3	2.9380E-1
3.4000E-4	9.5215E-3	2.7861E-1
3.4100E-4	9.7656E-3	2.7285E-1
3.4200E-4	1.0498E-2	2.7334E-1
3.4300E-4	9.7656E-3	2.8071E-1
3.4400E-4	9.2773E-3	2.9116E-1
3.4500E-4	9.5215E-3	3.0205E-1
3.4600E-4	9.2773E-3	3.1909E-1
3.4700E-4	1.0254E-2	3.4063E-1
3.4800E-4	9.7656E-3	3.6812E-1
3.4900E-4	1.0010E-2	4.0107E-1
3.5000E-4	9.2773E-3	4.4297E-1
3.5100E-4	9.2773E-3	4.8872E-1
3.5200E-4	9.2773E-3	5.4165E-1
3.5300E-4	1.0010E-2	5.9932E-1
3.5400E-4	9.5215E-3	6.5967E-1
3.5500E-4	1.0010E-2	7.1040E-1
3.5600E-4	1.0254E-2	7.4673E-1
3.5700E-4	9.7656E-3	7.6367E-1
3.5800E-4	8.7891E-3	7.5693E-1
3.5900E-4	9.0332E-3	7.2803E-1
3.6000E-4	1.0254E-2	6.7983E-1
3.6100E-4	1.0010E-2	6.1963E-1
3.6200E-4	9.7656E-3	5.5410E-1
3.6300E-4	9.5215E-3	4.8838E-1
3.6400E-4	9.5215E-3	4.2705E-1
3.6500E-4	9.5215E-3	3.7700E-1
3.6600E-4	9.0332E-3	3.3809E-1
3.6700E-4	1.0010E-2	3.1045E-1
3.6800E-4	9.5215E-3	2.9302E-1
3.6900E-4	8.7891E-3	2.8252E-1
3.7000E-4	9.5215E-3	2.7983E-1
3.7100E-4	1.0010E-2	2.8413E-1
3.7200E-4	9.0332E-3	2.9346E-1
3.7300E-4	9.5215E-3	3.0767E-1
3.7400E-4	9.5215E-3	3.2891E-1
3.7500E-4	9.5215E-3	3.5361E-1
3.7600E-4	9.7656E-3	3.8374E-1
3.7700E-4	9.7656E-3	4.1802E-1
3.7800E-4	9.2773E-3	4.5859E-1
3.7900E-4	9.5215E-3	5.0625E-1
3.8000E-4	8.7891E-3	5.5898E-1
3.8100E-4	9.2773E-3	6.1538E-1
3.8200E-4	9.7656E-3	6.7158E-1
3.8300E-4	9.5215E-3	7.1890E-1
3.8400E-4	9.7656E-3	7.4927E-1
3.8500E-4	9.5215E-3	7.6245E-1
3.8600E-4	9.2773E-3	7.5298E-1
3.8700E-4	9.0332E-3	7.2271E-1
3.8800E-4	9.7656E-3	6.7524E-1
3.8900E-4	1.0010E-2	6.1685E-1
3.9000E-4	9.5215E-3	5.5020E-1
3.9100E-4	1.0010E-2	4.8384E-1
3.9200E-4	9.7656E-3	4.2324E-1
3.9300E-4	9.7656E-3	3.7183E-1
3.9400E-4	1.0010E-2	3.3237E-1
3.9500E-4	9.7656E-3	3.0654E-1
3.9600E-4	1.0010E-2	2.9233E-1
3.9700E-4	9.2773E-3	2.8818E-1
3.9800E-4	9.5215E-3	2.9224E-1
3.9900E-4	9.0332E-3	3.0210E-1
4.0000E-4	1.0010E-2	3.1694E-1
4.0100E-4	1.0010E-2	3.3442E-1
4.0200E-4	9.5215E-3	3.5273E-1
4.0300E-4	9.5215E-3	3.7402E-1
4.0400E-4	9.2773E-3	3.9790E-1
4.0500E-4	9.2773E-3	4.2588E-1
4.0600E-4	9.5215E-3	4.5903E-1
4.0700E-4	9.7656E-3	4.9795E-1
4.0800E-4	1.0010E-2	5.4043E-1
4.0900E-4	9.5215E-3	5.8809E-1
4.1000E-4	9.7656E-3	6.3530E-1
4.1100E-4	9.5215E-3	6.7695E-1
4.1200E-4	8.7891E-3	7.0679E-1
4.1300E-4	9.7656E-3	7.2441E-1
4.1400E-4	1.0254E-2	7.2368E-1
4.1500E-4	9.7656E-3	7.0742E-1
4.1600E-4	9.7656E-3	6.7671E-1
4.1700E-4	9.5215E-3	6.3535E-1
4.1800E-4	9.5215E-3	5.8550E-1
4.1900E-4	9.7656E-3	5.3462E-1
4.2000E-4	1.0010E-2	4.8379E-1
4.2100E-4	9.7656E-3	4.3911E-1
4.2200E-4	1.0010E-2	4.0488E-1
4.2300E-4	9.7656E-3	3.7871E-1
4.2400E-4	9.5215E-3	3.5845E-1
4.2500E-4	9.0332E-3	3.4683E-1
4.2600E-4	9.0332E-3	3.4321E-1
4.2700E-4	9.5215E-3	3.4556E-1
4.2800E-4	1.0010E-2	3.5557E-1
4.2900E-4	9.5215E-3	3.7407E-1
4.3000E-4	9.5215E-3	3.9595E-1
4.3100E-4	9.7656E-3	4.1870E-1
4.3200E-4	9.5215E-3	4.4272E-1
4.3300E-4	1.0010E-2	4.6880E-1
4.3400E-4	9.7656E-3	4.9517E-1
4.3500E-4	1.0498E-2	5.2192E-1
4.3600E-4	1.0254E-2	5.4980E-1
4.3700E-4	1.0254E-2	5.7700E-1
4.3800E-4	9.5215E-3	5.9912E-1
4.3900E-4	9.7656E-3	6.1406E-1
4.4000E-4	9.5215E-3	6.2222E-1
4.4100E-4	9.7656E-3	6.2310E-1
4.4200E-4	9.0332E-3	6.1572E-1
4.4300E-4	1.0010E-2	6.0024E-1
4.4400E-4	9.7656E-3	5.7959E-1
4.4500E-4	9.7656E-3	5.5781E-1
4.4600E-4	9.7656E-3	5.3472E-1
4.4700E-4	1.0254E-2	5.1060E-1
4.4800E-4	1.0254E-2	4.9214E-1
4.4900E-4	9.2773E-3	4.7705E-1
4.5000E-4	9.0332E-3	4.6416E-1
4.5100E-4	9.7656E-3	4.5522E-1
4.5200E-4	9.0332E-3	4.5039E-1
4.5300E-4	9.2773E-3	4.4790E-1
4.5400E-4	9.7656E-3	4.4844E-1
4.5500E-4	9.0332E-3	4.5117E-1
4.5600E-4	9.5215E-3	4.5068E-1
4.5700E-4	1.0254E-2	4.5166E-1
4.5800E-4	1.0010E-2	4.5195E-1
4.5900E-4	9.7656E-3	4.5234E-1
4.6000E-4	9.7656E-3	4.5176E-1
4.6100E-4	1.0010E-2	4.5293E-1
4.6200E-4	9.0332E-3	4.5347E-1
4.6300E-4	9.5215E-3	4.4976E-1
4.6400E-4	9.7656E-3	4.4224E-1
4.6500E-4	9.7656E-3	4.3252E-1
4.6600E-4	9.5215E-3	4.2227E-1
4.6700E-4	9.7656E-3	4.1147E-1
4.6800E-4	9.2773E-3	4.0342E-1
4.6900E-4	1.0254E-2	3.9893E-1
4.7000E-4	9.5215E-3	3.9990E-1
4.7100E-4	9.5215E-3	4.0571E-1
4.7200E-4	1.0254E-2	4.1694E-1
4.7300E-4	1.0498E-2	4.3506E-1
4.7400E-4	1.0254E-2	4.5972E-1
4.7500E-4	1.0010E-2	4.8911E-1
4.7600E-4	9.7656E-3	5.2329E-1
4.7700E-4	9.5215E-3	5.5854E-1
4.7800E-4	9.0332E-3	5.8955E-1
4.7900E-4	1.0010E-2	6.0962E-1
4.8000E-4	1.0254E-2	6.1177E-1
4.8100E-4	9.2773E-3	5.9312E-1
4.8200E-4	8.7891E-3	5.5234E-1
4.8300E-4	9.5215E-3	4.9258E-1
4.8400E-4	9.2773E-3	4.2056E-1
4.8500E-4	8.5449E-3	3.4004E-1
4.8600E-4	9.2773E-3	2.5923E-1
4.8700E-4	9.7656E-3	1.8354E-1
4.8800E-4	9.7656E-3	1.1577E-1
4.8900E-4	9.5215E-3	5.7324E-2
4.9000E-4	9.5215E-3	1.0986E-2
4.9100E-4	1.0010E-2	-2.5000E-2
4.9200E-4	9.7656E-3	-5.2148E-2
4.9300E-4	1.0010E-2	-7.1338E-2
4.9400E-4	9.7656E-3	-8.2959E-2
4.9500E-4	1.0010E-2	-8.8379E-2
4.9600E-4	9.2773E-3	-9.2773E-2
4.9700E-4	1.0010E-2	-9.4727E-2
4.9800E-4	9.5215E-3	-9.3506E-2
4.9900E-4	9.7656E-3	-9.3164E-2
5.0000E-4	1.0010E-2	-9.4775E-2
5.0100E-4	9.7656E-3	-9.6240E-2
5.0200E-4	9.7656E-3	-9.8389E-2
5.0300E-4	1.0010E-2	-1.0161E-1
5.0400E-4	9.2773E-3	-1.0693E-1
5.0500E-4	9.7656E-3	-1.1206E-1
5.0600E-4	1.0254E-2	-1.1499E-1
5.0700E-4	9.7656E-3	-1.1421E-1
5.0800E-4	9.7656E-3	-1.1289E-1
5.0900E-4	1.0010E-2	-1.0884E-1
5.1000E-4	9.2773E-3	-1.0444E-1
5.1100E-4	9.5215E-3	-9.9365E-2
5.1200E-4	1.0254E-2	-9.6240E-2
5.1300E-4	9.7656E-3	-9.0771E-2
5.1400E-4	9.2773E-3	-8.3643E-2
5.1500E-4	9.2773E-3	-7.1875E-2
5.1600E-4	9.7656E-3	-5.8008E-2
5.1700E-4	1.0010E-2	-4.0381E-2
5.1800E-4	8.7891E-3	-1.9824E-2
5.1900E-4	9.7656E-3	3.9062E-3
5.2000E-4	1.0498E-2	3.0273E-2
5.2100E-4	9.5215E-3	6.5186E-2
5.2200E-4	1.0254E-2	1.1113E-1
5.2300E-4	9.2773E-3	1.7305E-1
5.2400E-4	9.2773E-3	2.5396E-1
5.2500E-4	9.7656E-3	3.5024E-1
5.2600E-4	9.2773E-3	4.5303E-1
5.2700E-4	9.2773E-3	5.5269E-1
5.2800E-4	9.7656E-3	6.3545E-1
5.2900E-4	9.7656E-3	6.9146E-1
5.3000E-4	9.7656E-3	7.2026E-1
5.3100E-4	9.2773E-3	7.2134E-1
5.3200E-4	9.5215E-3	6.9785E-1
5.3300E-4	9.7656E-3	6.5522E-1
5.3400E-4	9.2773E-3	6.0313E-1
5.3500E-4	9.5215E-3	5.4727E-1
5.3600E-4	8.7891E-3	4.9229E-1
5.3700E-4	9.0332E-3	4.4297E-1
5.3800E-4	9.5215E-3	4.0386E-1
5.3900E-4	9.5215E-3	3.7642E-1
5.4000E-4	1.0742E-2	3.5928E-1
5.4100E-4	9.5215E-3	3.5386E-1
5.4200E-4	9.2773E-3	3.5942E-1
5.4300E-4	9.2773E-3	3.7402E-1
5.4400E-4	9.2773E-3	3.8970E-1
5.4500E-4	1.0010E-2	4.0806E-1
5.4600E-4	1.0010E-2	4.2637E-1
5.4700E-4	1.0010E-2	4.4067E-1
5.4800E-4	1.0254E-2	4.5088E-1
5.4900E-4	1.0010E-2	4.6133E-1
5.5000E-4	9.0332E-3	4.6807E-1
5.5100E-4	9.2773E-3	4.7314E-1
5.5200E-4	1.0254E-2	4.7529E-1
5.5300E-4	9.5215E-3	4.7700E-1
5.5400E-4	9.2773E-3	4.7803E-1
5.5500E-4	9.7656E-3	4.7827E-1
5.5600E-4	1.0254E-2	4.7656E-1
5.5700E-4	9.2773E-3	4.7681E-1
5.5800E-4	9.5215E-3	4.7588E-1
5.5900E-4	9.2773E-3	4.7739E-1
5.6000E-4	9.0332E-3	4.7979E-1
5.6100E-4	9.5215E-3	4.8564E-1
5.6200E-4	9.5215E-3	4.9556E-1
5.6300E-4	9.7656E-3	5.1196E-1
5.6400E-4	9.5215E-3	5.2798E-1
5.6500E-4	1.0010E-2	5.4819E-1
5.6600E-4	9.2773E-3	5.6763E-1
5.6700E-4	9.7656E-3	5.8555E-1
5.6800E-4	9.5215E-3	5.9951E-1
5.6900E-4	9.7656E-3	6.0977E-1
5.7000E-4	1.0010E-2	6.1357E-1
5.7100E-4	9.5215E-3	6.1069E-1
5.7200E-4	9.7656E-3	5.9780E-1
5.7300E-4	9.5215E-3	5.7695E-1
5.7400E-4	9.2773E-3	5.4941E-1
5.7500E-4	9.7656E-3	5.1938E-1
5.7600E-4	9.5215E-3	4.8760E-1
5.7700E-4	1.0254E-2	4.5776E-1
5.7800E-4	1.0254E-2	4.2900E-1
5.7900E-4	9.7656E-3	4.0513E-1
5.8000E-4	9.5215E-3	3.8438E-1
5.8100E-4	9.5215E-3	3.6914E-1
5.8200E-4	9.2773E-3	3.6113E-1
5.8300E-4	9.5215E-3	3.6201E-1
5.8400E-4	9.5215E-3	3.6948E-1
5.8500E-4	9.7656E-3	3.8433E-1
5.8600E-4	9.7656E-3	4.0474E-1
5.8700E-4	9.5215E-3	4.2876E-1
5.8800E-4	9.7656E-3	4.5503E-1
5.8900E-4	9.2773E-3	4.8608E-1
5.9000E-4	9.0332E-3	5.1899E-1
5.9100E-4	1.0010E-2	5.5391E-1
5.9200E-4	1.0254E-2	5.9004E-1
5.9300E-4	9.7656E-3	6.2451E-1
5.9400E-4	9.5215E-3	6.5391E-1
5.9500E-4	9.5215E-3	6.7485E-1
5.9600E-4	9.5215E-3	6.8613E-1
5.9700E-4	9.7656E-3	6.8369E-1
5.9800E-4	9.2773E-3	6.6870E-1
5.9900E-4	1.0010E-2	6.3975E-1
6.0000E-4	9.7656E-3	6.0063E-1
6.0100E-4	9.0332E-3	5.5444E-1
6.0200E-4	9.7656E-3	5.0566E-1
6.0300E-4	9.2773E-3	4.5688E-1
6.0400E-4	9.5215E-3	4.0991E-1
6.0500E-4	1.0010E-2	3.6948E-1
6.0600E-4	9.0332E-3	3.3701E-1
6.0700E-4	9.7656E-3	3.1255E-1
6.0800E-4	9.5215E-3	2.9688E-1
6.0900E-4	9.5215E-3	2.9341E-1
6.1000E-4	9.2773E-3	2.9731E-1
6.1100E-4	9.5215E-3	3.0522E-1
6.1200E-4	1.0010E-2	3.1895E-1
6.1300E-4	9.7656E-3	3.3530E-1
6.1400E-4	9.2773E-3	3.5342E-1
6.1500E-4	1.0010E-2	3.7490E-1
6.1600E-4	9.2773E-3	4.0376E-1
6.1700E-4	1.0254E-2	4.3525E-1
6.1800E-4	9.2773E-3	4.7090E-1
6.1900E-4	9.2773E-3	5.1089E-1
6.2000E-4	9.5215E-3	5.5430E-1
6.2100E-4	9.5215E-3	5.9722E-1
6.2200E-4	9.5215E-3	6.3843E-1
6.2300E-4	9.7656E-3	6.7041E-1
6.2400E-4	1.0010E-2	6.8877E-1
6.2500E-4	9.7656E-3	6.9263E-1
6.2600E-4	9.2773E-3	6.8062E-1
6.2700E-4	9.7656E-3	6.5420E-1
6.2800E-4	1.0254E-2	6.1992E-1
6.2900E-4	9.2773E-3	5.7666E-1
6.3000E-4	9.7656E-3	5.2686E-1
6.3100E-4	1.0010E-2	4.7397E-1
6.3200E-4	9.2773E-3	4.2393E-1
6.3300E-4	1.0010E-2	3.7573E-1
6.3400E-4	9.7656E-3	3.3887E-1
6.3500E-4	9.2773E-3	3.1182E-1
6.3600E-4	9.5215E-3	2.9556E-1
6.3700E-4	1.0010E-2	2.8594E-1
6.3800E-4	9.5215E-3	2.8618E-1
6.3900E-4	9.2773E-3	2.9180E-1
6.4000E-4	9.5215E-3	3.0112E-1
6.4100E-4	9.5215E-3	3.1641E-1
6.4200E-4	9.2773E-3	3.3677E-1
6.4300E-4	9.2773E-3	3.6172E-1
6.4400E-4	9.7656E-3	3.9150E-1
6.4500E-4	9.5215E-3	4.2720E-1
6.4600E-4	9.2773E-3	4.6392E-1
6.4700E-4	9.5215E-3	5.0513E-1
6.4800E-4	9.5215E-3	5.5176E-1
6.4900E-4	9.7656E-3	6.0068E-1
6.5000E-4	9.7656E-3	6.4609E-1
6.5100E-4	1.0010E-2	6.8525E-1
6.5200E-4	9.5215E-3	7.0967E-1
6.5300E-4	1.0010E-2	7.1421E-1
6.5400E-4	9.2773E-3	6.9741E-1
6.5500E-4	1.0498E-2	6.6396E-1
6.5600E-4	9.5215E-3	6.1567E-1
6.5700E-4	9.7656E-3	5.5972E-1
6.5800E-4	1.0010E-2	5.0039E-1
6.5900E-4	9.2773E-3	4.4253E-1
6.6000E-4	9.5215E-3	3.9092E-1
6.6100E-4	9.7656E-3	3.4697E-1
6.6200E-4	9.0332E-3	3.1230E-1
6.6300E-4	9.2773E-3	2.8784E-1
6.6400E-4	9.7656E-3	2.7246E-1
6.6500E-4	9.7656E-3	2.6675E-1
6.6600E-4	9.2773E-3	2.6953E-1
6.6700E-4	9.7656E-3	2.7905E-1
6.6800E-4	9.5215E-3	2.9424E-1
6.6900E-4	1.0254E-2	3.1528E-1
6.7000E-4	1.0010E-2	3.3882E-1
6.7100E-4	9.2773E-3	3.6641E-1
6.7200E-4	9.7656E-3	3.9595E-1
6.7300E-4	9.7656E-3	4.2739E-1
6.7400E-4	9.7656E-3	4.6108E-1
6.7500E-4	9.5215E-3	4.9873E-1
6.7600E-4	9.7656E-3	5.3818E-1
6.7700E-4	9.7656E-3	5.8135E-1
6.7800E-4	9.7656E-3	6.2275E-1
6.7900E-4	9.2773E-3	6.5830E-1
6.8000E-4	9.7656E-3	6.7896E-1
6.8100E-4	9.2773E-3	6.8779E-1
6.8200E-4	9.5215E-3	6.8135E-1
6.8300E-4	1.0010E-2	6.6211E-1
6.8400E-4	1.0498E-2	6.3003E-1
6.8500E-4	1.0010E-2	5.9229E-1
6.8600E-4	9.5215E-3	5.4600E-1
6.8700E-4	9.5215E-3	4.9746E-1
6.8800E-4	9.7656E-3	4.5073E-1
6.8900E-4	9.5215E-3	4.0952E-1
6.9000E-4	9.2773E-3	3.7393E-1
6.9100E-4	9.5215E-3	3.4800E-1
6.9200E-4	1.0010E-2	3.3066E-1
6.9300E-4	9.7656E-3	3.2046E-1
6.9400E-4	9.5215E-3	3.1543E-1
6.9500E-4	9.2773E-3	3.1768E-1
6.9600E-4	9.5215E-3	3.2271E-1
6.9700E-4	9.2773E-3	3.3184E-1
6.9800E-4	8.5449E-3	3.4346E-1
6.9900E-4	9.2773E-3	3.5933E-1
7.0000E-4	9.2773E-3	3.7749E-1
7.0100E-4	9.7656E-3	4.0322E-1
7.0200E-4	9.7656E-3	4.3320E-1
7.0300E-4	9.2773E-3	4.6929E-1
7.0400E-4	1.0254E-2	5.1172E-1
7.0500E-4	9.2773E-3	5.5601E-1
7.0600E-4	9.5215E-3	5.9692E-1
7.0700E-4	9.0332E-3	6.3174E-1
7.0800E-4	9.2773E-3	6.5581E-1
7.0900E-4	9.7656E-3	6.6748E-1
7.1000E-4	9.7656E-3	6.6733E-1
7.1100E-4	1.0254E-2	6.5742E-1
7.1200E-4	9.7656E-3	6.3828E-1
7.1300E-4	9.2773E-3	6.1152E-1
7.1400E-4	1.0010E-2	5.7695E-1
7.1500E-4	9.5215E-3	5.4004E-1
7.1600E-4	1.0254E-2	4.9966E-1
7.1700E-4	9.5215E-3	4.5884E-1
7.1800E-4	9.0332E-3	4.1982E-1
7.1900E-4	1.0010E-2	3.8862E-1
7.2000E-4	9.5215E-3	3.6206E-1
7.2100E-4	9.5215E-3	3.4360E-1
7.2200E-4	1.0010E-2	3.3467E-1
7.2300E-4	9.7656E-3	3.3574E-1
7.2400E-4	9.7656E-3	3.4258E-1
7.2500E-4	1.0254E-2	3.5493E-1
7.2600E-4	1.0010E-2	3.6973E-1
7.2700E-4	9.2773E-3	3.8594E-1
7.2800E-4	1.0254E-2	4.0146E-1
7.2900E-4	1.0010E-2	4.1797E-1
7.3000E-4	9.2773E-3	4.3726E-1
7.3100E-4	9.5215E-3	4.6177E-1
7.3200E-4	9.7656E-3	4.8970E-1
7.3300E-4	1.0498E-2	5.2231E-1
7.3400E-4	8.7891E-3	5.5654E-1
7.3500E-4	9.7656E-3	5.8838E-1
7.3600E-4	1.0010E-2	6.1646E-1
7.3700E-4	9.7656E-3	6.4063E-1
7.3800E-4	1.0010E-2	6.5796E-1
7.3900E-4	9.5215E-3	6.6465E-1
7.4000E-4	9.2773E-3	6.6250E-1
7.4100E-4	9.5215E-3	6.5308E-1
7.4200E-4	9.2773E-3	6.3442E-1
7.4300E-4	9.5215E-3	6.0938E-1
7.4400E-4	1.0010E-2	5.8081E-1
7.4500E-4	1.0010E-2	5.5054E-1
7.4600E-4	1.0010E-2	5.1743E-1
7.4700E-4	9.7656E-3	4.8496E-1
7.4800E-4	9.7656E-3	4.5498E-1
7.4900E-4	1.0010E-2	4.2910E-1
7.5000E-4	9.7656E-3	4.0654E-1
7.5100E-4	1.0010E-2	3.8984E-1
7.5200E-4	9.5215E-3	3.7798E-1
7.5300E-4	1.0010E-2	3.6924E-1
7.5400E-4	9.2773E-3	3.6641E-1
7.5500E-4	1.0010E-2	3.6846E-1
7.5600E-4	9.7656E-3	3.7285E-1
7.5700E-4	9.2773E-3	3.8096E-1
7.5800E-4	9.5215E-3	3.9341E-1
7.5900E-4	1.0010E-2	4.0669E-1
7.6000E-4	9.7656E-3	4.2329E-1
7.6100E-4	9.7656E-3	4.4321E-1
7.6200E-4	9.5215E-3	4.6455E-1
7.6300E-4	9.2773E-3	4.8989E-1
7.6400E-4	9.0332E-3	5.1768E-1
7.6500E-4	1.0254E-2	5.4556E-1
7.6600E-4	9.2773E-3	5.7422E-1
7.6700E-4	9.7656E-3	6.0327E-1
7.6800E-4	1.0254E-2	6.2798E-1
7.6900E-4	9.2773E-3	6.4795E-1
7.7000E-4	9.2773E-3	6.6196E-1
7.7100E-4	9.5215E-3	6.6689E-1
7.7200E-4	9.7656E-3	6.6182E-1
7.7300E-4	1.0010E-2	6.4771E-1
7.7400E-4	9.7656E-3	6.2285E-1
7.7500E-4	9.5215E-3	5.8989E-1
7.7600E-4	1.0254E-2	5.5435E-1
7.7700E-4	9.7656E-3	5.1504E-1
7.7800E-4	1.0010E-2	4.7427E-1
7.7900E-4	9.7656E-3	4.3750E-1
7.8000E-4	9.7656E-3	4.0835E-1
7.8100E-4	9.5215E-3	3.8340E-1
7.8200E-4	9.7656E-3	3.6572E-1
7.8300E-4	1.0254E-2	3.5557E-1
7.8400E-4	9.5215E-3	3.5439E-1
7.8500E-4	9.5215E-3	3.5708E-1
7.8600E-4	9.5215E-3	3.6270E-1
7.8700E-4	1.0010E-2	3.7285E-1
7.8800E-4	1.0254E-2	3.8564E-1
7.8900E-4	9.7656E-3	3.9785E-1
7.9000E-4	9.5215E-3	4.1396E-1
7.9100E-4	9.2773E-3	4.3350E-1
7.9200E-4	9.5215E-3	4.5615E-1
7.9300E-4	9.5215E-3	4.8525E-1
7.9400E-4	1.0010E-2	5.1963E-1
7.9500E-4	1.0254E-2	5.5786E-1
7.9600E-4	1.0254E-2	5.9688E-1
7.9700E-4	9.2773E-3	6.3179E-1
7.9800E-4	9.5215E-3	6.5938E-1
7.9900E-4	9.0332E-3	6.7583E-1
8.0000E-4	9.0332E-3	6.7812E-1
8.0100E-4	9.2773E-3	6.7168E-1
8.0200E-4	9.0332E-3	6.5664E-1
8.0300E-4	9.7656E-3	6.3076E-1
8.0400E-4	9.7656E-3	5.9888E-1
8.0500E-4	1.0010E-2	5.6104E-1
8.0600E-4	9.0332E-3	5.1641E-1
8.0700E-4	9.2773E-3	4.6831E-1
8.0800E-4	9.2773E-3	4.2271E-1
8.0900E-4	9.5215E-3	3.8193E-1
8.1000E-4	9.2773E-3	3.4980E-1
8.1100E-4	9.5215E-3	3.2402E-1
8.1200E-4	9.2773E-3	3.0918E-1
8.1300E-4	1.0010E-2	3.0303E-1
8.1400E-4	9.5215E-3	3.0332E-1
8.1500E-4	9.5215E-3	3.0835E-1
8.1600E-4	9.5215E-3	3.2173E-1
8.1700E-4	9.5215E-3	3.3667E-1
8.1800E-4	9.5215E-3	3.5342E-1
8.1900E-4	9.5215E-3	3.7441E-1
8.2000E-4	9.2773E-3	3.9966E-1
8.2100E-4	1.0010E-2	4.3032E-1
8.2200E-4	1.0010E-2	4.6738E-1
8.2300E-4	1.0010E-2	5.0918E-1
8.2400E-4	9.2773E-3	5.5312E-1
8.2500E-4	9.5215E-3	5.9946E-1
8.2600E-4	9.0332E-3	6.4116E-1
8.2700E-4	9.7656E-3	6.7368E-1
8.2800E-4	9.5215E-3	6.9487E-1
8.2900E-4	9.5215E-3	7.0464E-1
8.3000E-4	9.7656E-3	6.9814E-1
8.3100E-4	9.5215E-3	6.7568E-1
8.3200E-4	9.5215E-3	6.4214E-1
8.3300E-4	9.5215E-3	5.9673E-1
8.3400E-4	9.2773E-3	5.4292E-1
8.3500E-4	9.5215E-3	4.8765E-1
8.3600E-4	1.0010E-2	4.3315E-1
8.3700E-4	1.0010E-2	3.8652E-1
8.3800E-4	1.0010E-2	3.4985E-1
8.3900E-4	9.2773E-3	3.2280E-1
8.4000E-4	9.2773E-3	3.0562E-1
8.4100E-4	1.0010E-2	2.9839E-1
8.4200E-4	1.0010E-2	2.9712E-1
8.4300E-4	9.2773E-3	3.0215E-1
8.4400E-4	9.2773E-3	3.1294E-1
8.4500E-4	9.7656E-3	3.2554E-1
8.4600E-4	9.0332E-3	3.4263E-1
8.4700E-4	9.5215E-3	3.6089E-1
8.4800E-4	1.0010E-2	3.8223E-1
8.4900E-4	9.7656E-3	4.0684E-1
8.5000E-4	9.7656E-3	4.3755E-1
8.5100E-4	1.0254E-2	4.7476E-1
8.5200E-4	1.0010E-2	5.2139E-1
8.5300E-4	9.5215E-3	5.7349E-1
8.5400E-4	9.2773E-3	6.2749E-1
8.5500E-4	9.0332E-3	6.7139E-1
8.5600E-4	9.7656E-3	6.9961E-1
8.5700E-4	9.7656E-3	7.0674E-1
8.5800E-4	9.7656E-3	6.9497E-1
8.5900E-4	9.7656E-3	6.6187E-1
8.6000E-4	9.7656E-3	6.1821E-1
8.6100E-4	9.2773E-3	5.6655E-1
8.6200E-4	9.2773E-3	5.1157E-1
8.6300E-4	1.0254E-2	4.5669E-1
8.6400E-4	9.7656E-3	4.0630E-1
8.6500E-4	9.0332E-3	3.6089E-1
8.6600E-4	9.7656E-3	3.2500E-1
8.6700E-4	1.0254E-2	2.9775E-1
8.6800E-4	9.7656E-3	2.7734E-1
8.6900E-4	9.2773E-3	2.6719E-1
8.7000E-4	9.0332E-3	2.6685E-1
8.7100E-4	9.2773E-3	2.7163E-1
8.7200E-4	9.2773E-3	2.8296E-1
8.7300E-4	1.0254E-2	2.9844E-1
8.7400E-4	9.2773E-3	3.1733E-1
8.7500E-4	9.7656E-3	3.3848E-1
8.7600E-4	9.5215E-3	3.6255E-1
8.7700E-4	9.5215E-3	3.9165E-1
8.7800E-4	1.0010E-2	4.2539E-1
8.7900E-4	9.2773E-3	4.6538E-1
8.8000E-4	1.0010E-2	5.1416E-1
8.8100E-4	9.5215E-3	5.6875E-1
8.8200E-4	9.0332E-3	6.2490E-1
8.8300E-4	9.5215E-3	6.7588E-1
8.8400E-4	9.5215E-3	7.1147E-1
8.8500E-4	9.5215E-3	7.2891E-1
8.8600E-4	9.2773E-3	7.2734E-1
8.8700E-4	8.3008E-3	7.0449E-1
8.8800E-4	9.5215E-3	6.6650E-1
8.8900E-4	1.0010E-2	6.1714E-1
8.9000E-4	1.0010E-2	5.5776E-1
8.9100E-4	1.0254E-2	4.9678E-1
8.9200E-4	9.5215E-3	4.3892E-1
8.9300E-4	9.5215E-3	3.8711E-1
8.9400E-4	1.0010E-2	3.4751E-1
8.9500E-4	1.0010E-2	3.2124E-1
8.9600E-4	9.2773E-3	3.0547E-1
8.9700E-4	1.0010E-2	2.9922E-1
8.9800E-4	9.5215E-3	3.0146E-1
8.9900E-4	9.5215E-3	3.0894E-1
9.0000E-4	9.5215E-3	3.2188E-1
9.0100E-4	1.0010E-2	3.3696E-1
9.0200E-4	9.2773E-3	3.5571E-1
9.0300E-4	1.0010E-2	3.7798E-1
9.0400E-4	9.2773E-3	4.0161E-1
9.0500E-4	9.5215E-3	4.2769E-1
9.0600E-4	8.7891E-3	4.6084E-1
9.0700E-4	9.5215E-3	4.9683E-1
9.0800E-4	1.0254E-2	5.3535E-1
9.0900E-4	9.5215E-3	5.7837E-1
9.1000E-4	9.5215E-3	6.1646E-1
9.1100E-4	9.7656E-3	6.4687E-1
9.1200E-4	9.7656E-3	6.6846E-1
9.1300E-4	9.2773E-3	6.7705E-1
9.1400E-4	9.7656E-3	6.7119E-1
9.1500E-4	9.2773E-3	6.5381E-1
9.1600E-4	9.7656E-3	6.2495E-1
9.1700E-4	9.0332E-3	5.8501E-1
9.1800E-4	9.5215E-3	5.4082E-1
9.1900E-4	9.5215E-3	4.9370E-1
9.2000E-4	1.0254E-2	4.4834E-1
9.2100E-4	9.7656E-3	4.0918E-1
9.2200E-4	9.5215E-3	3.7837E-1
9.2300E-4	1.0010E-2	3.5537E-1
9.2400E-4	1.0254E-2	3.4141E-1
9.2500E-4	9.7656E-3	3.3560E-1
9.2600E-4	9.2773E-3	3.3516E-1
9.2700E-4	8.7891E-3	3.4199E-1
9.2800E-4	1.0010E-2	3.5449E-1
9.2900E-4	1.0010E-2	3.6973E-1
9.3000E-4	9.5215E-3	3.8989E-1
9.3100E-4	9.2773E-3	4.1118E-1
9.3200E-4	9.5215E-3	4.3174E-1
9.3300E-4	1.0254E-2	4.5449E-1
9.3400E-4	9.0332E-3	4.7998E-1
9.3500E-4	9.2773E-3	5.0498E-1
9.3600E-4	9.5215E-3	5.3101E-1
9.3700E-4	9.7656E-3	5.5771E-1
9.3800E-4	9.7656E-3	5.8057E-1
9.3900E-4	1.0010E-2	5.9800E-1
9.4000E-4	9.5215E-3	6.0918E-1
9.4100E-4	9.5215E-3	6.1455E-1
9.4200E-4	9.2773E-3	6.1177E-1
9.4300E-4	9.5215E-3	6.0327E-1
9.4400E-4	9.5215E-3	5.8892E-1
9.4500E-4	9.7656E-3	5.6997E-1
9.4600E-4	9.7656E-3	5.4756E-1
9.4700E-4	9.2773E-3	5.2510E-1
9.4800E-4	9.7656E-3	5.0269E-1
9.4900E-4	9.5215E-3	4.8394E-1
9.5000E-4	9.5215E-3	4.6802E-1
9.5100E-4	9.5215E-3	4.5522E-1
9.5200E-4	9.5215E-3	4.4478E-1
9.5300E-4	9.5215E-3	4.3774E-1
9.5400E-4	9.5215E-3	4.3330E-1
9.5500E-4	9.7656E-3	4.3296E-1
9.5600E-4	9.7656E-3	4.3506E-1
9.5700E-4	9.2773E-3	4.4023E-1
9.5800E-4	9.2773E-3	4.4492E-1
9.5900E-4	1.0254E-2	4.4673E-1
9.6000E-4	9.5215E-3	4.4561E-1
9.6100E-4	9.5215E-3	4.4282E-1
9.6200E-4	9.2773E-3	4.3691E-1
9.6300E-4	9.5215E-3	4.2998E-1
9.6400E-4	9.2773E-3	4.2349E-1
9.6500E-4	9.7656E-3	4.1323E-1
9.6600E-4	1.0010E-2	4.0171E-1
9.6700E-4	9.5215E-3	3.9282E-1
9.6800E-4	9.5215E-3	3.8564E-1
9.6900E-4	1.0254E-2	3.8013E-1
9.7000E-4	1.0010E-2	3.8188E-1
9.7100E-4	9.5215E-3	3.8926E-1
9.7200E-4	9.2773E-3	3.9990E-1
9.7300E-4	9.2773E-3	4.1338E-1
9.7400E-4	9.5215E-3	4.3232E-1
9.7500E-4	1.0010E-2	4.5522E-1
9.7600E-4	9.5215E-3	4.8271E-1
9.7700E-4	9.5215E-3	5.1514E-1
9.7800E-4	1.0010E-2	5.4980E-1
9.7900E-4	1.0010E-2	5.7710E-1
9.8000E-4	9.5215E-3	5.9248E-1
9.8100E-4	9.5215E-3	5.8662E-1
9.8200E-4	9.5215E-3	5.5591E-1
9.8300E-4	9.7656E-3	5.0405E-1
9.8400E-4	1.0010E-2	4.3555E-1
9.8500E-4	1.0254E-2	3.5781E-1
9.8600E-4	9.5215E-3	2.7847E-1
9.8700E-4	9.7656E-3	2.0181E-1
9.8800E-4	9.5215E-3	1.2959E-1
9.8900E-4	9.5215E-3	6.8994E-2
9.9000E-4	9.2773E-3	1.8115E-2
9.9100E-4	9.2773E-3	-2.2900E-2
9.9200E-4	9.7656E-3	-5.3711E-2
9.9300E-4	9.2773E-3	-7.4316E-2
9.9400E-4	9.2773E-3	-8.8428E-2
9.9500E-4	9.7656E-3	-9.5850E-2
9.9600E-4	1.0010E-2	-9.8584E-2
9.9700E-4	1.0010E-2	-9.7754E-2
9.9800E-4	9.7656E-3	-9.7754E-2
9.9900E-4	1.0010E-2	-9.7754E-2
