Time [s]	Aux in [V]	Main in [V]
0.0000E+0	1.0254E-2	-2.1484E-2
1.0000E-6	9.0332E-3	-1.6064E-2
2.0000E-6	9.7656E-3	-6.8848E-3
3.0000E-6	9.5215E-3	4.8340E-3
4.0000E-6	9.7656E-3	1.9873E-2
5.0000E-6	1.0254E-2	3.6523E-2
6.0000E-6	1.0254E-2	5.9033E-2
7.0000E-6	9.2773E-3	8.7744E-2
8.0000E-6	9.7656E-3	1.3096E-1
9.0000E-6	9.5215E-3	1.8892E-1
1.0000E-5	9.7656E-3	2.6748E-1
1.1000E-5	9.5215E-3	3.6768E-1
1.2000E-5	9.5215E-3	4.8965E-1
1.3000E-5	9.5215E-3	6.2085E-1
1.4000E-5	9.7656E-3	7.4526E-1
1.5000E-5	9.7656E-3	8.4258E-1
1.6000E-5	9.5215E-3	9.0151E-1
1.7000E-5	8.7891E-3	9.1191E-1
1.8000E-5	1.0254E-2	8.7227E-1
1.9000E-5	1.0254E-2	7.9429E-1
2.0000E-5	9.7656E-3	6.9702E-1
2.1000E-5	9.7656E-3	5.9351E-1
2.2000E-5	9.5215E-3	4.9258E-1
2.3000E-5	9.5215E-3	4.0947E-1
2.4000E-5	1.0010E-2	3.4985E-1
2.5000E-5	9.5215E-3	3.1392E-1
2.6000E-5	9.5215E-3	2.9741E-1
2.7000E-5	1.0010E-2	3.0303E-1
2.8000E-5	1.0010E-2	3.2207E-1
2.9000E-5	9.5215E-3	3.5352E-1
3.0000E-5	1.0010E-2	3.9219E-1
3.1000E-5	1.0010E-2	4.3862E-1
3.2000E-5	9.7656E-3	4.8857E-1
3.3000E-5	9.5215E-3	5.4141E-1
3.4000E-5	1.0254E-2	5.9766E-1
3.5000E-5	1.0010E-2	6.5796E-1
3.6000E-5	9.7656E-3	7.1807E-1
3.7000E-5	9.2773E-3	7.7427E-1
3.8000E-5	9.7656E-3	8.1787E-1
3.9000E-5	9.5215E-3	8.4468E-1
4.0000E-5	9.2773E-3	8.5010E-1
4.1000E-5	9.2773E-3	8.3530E-1
4.2000E-5	9.5215E-3	8.0664E-1
4.3000E-5	9.0332E-3	7.7446E-1
4.4000E-5	1.0254E-2	7.4077E-1
4.5000E-5	9.7656E-3	7.0522E-1
4.6000E-5	9.5215E-3	6.7095E-1
4.7000E-5	9.5215E-3	6.3696E-1
4.8000E-5	9.2773E-3	6.0391E-1
4.9000E-5	9.7656E-3	5.7090E-1
5.0000E-5	9.5215E-3	5.4590E-1
5.1000E-5	9.5215E-3	5.2783E-1
5.2000E-5	9.7656E-3	5.1577E-1
5.3000E-5	1.0010E-2	5.1274E-1
5.4000E-5	1.0254E-2	5.1963E-1
5.5000E-5	9.7656E-3	5.3589E-1
5.6000E-5	9.7656E-3	5.6172E-1
5.7000E-5	1.0010E-2	5.9673E-1
5.8000E-5	1.0010E-2	6.3848E-1
5.9000E-5	9.5215E-3	6.8359E-1
6.0000E-5	9.2773E-3	7.2803E-1
6.1000E-5	9.7656E-3	7.6816E-1
6.2000E-5	1.0010E-2	7.9971E-1
6.3000E-5	9.5215E-3	8.1797E-1
6.4000E-5	9.7656E-3	8.2612E-1
6.5000E-5	9.2773E-3	8.2324E-1
6.6000E-5	9.5215E-3	8.1265E-1
6.7000E-5	1.0254E-2	7.9736E-1
6.8000E-5	9.7656E-3	7.8213E-1
6.9000E-5	9.0332E-3	7.6289E-1
7.0000E-5	9.5215E-3	7.4336E-1
7.1000E-5	9.2773E-3	7.2490E-1
7.2000E-5	9.7656E-3	7.0820E-1
7.3000E-5	9.2773E-3	6.8984E-1
7.4000E-5	9.5215E-3	6.7520E-1
7.5000E-5	9.5215E-3	6.6396E-1
7.6000E-5	9.0332E-3	6.5415E-1
7.7000E-5	9.2773E-3	6.4980E-1
7.8000E-5	9.7656E-3	6.5225E-1
7.9000E-5	9.5215E-3	6.6123E-1
8.0000E-5	1.0254E-2	6.7383E-1
8.1000E-5	9.5215E-3	6.9121E-1
8.2000E-5	9.7656E-3	7.0957E-1
8.3000E-5	1.0010E-2	7.3003E-1
8.4000E-5	9.5215E-3	7.4805E-1
8.5000E-5	9.7656E-3	7.6514E-1
8.6000E-5	9.5215E-3	7.8086E-1
8.7000E-5	9.5215E-3	7.9229E-1
8.8000E-5	1.0010E-2	7.9673E-1
8.9000E-5	1.0010E-2	7.9810E-1
9.0000E-5	1.0010E-2	7.9375E-1
9.1000E-5	9.5215E-3	7.8394E-1
9.2000E-5	9.7656E-3	7.6978E-1
9.3000E-5	9.5215E-3	7.5503E-1
9.4000E-5	9.2773E-3	7.3911E-1
9.5000E-5	9.2773E-3	7.2563E-1
9.6000E-5	9.7656E-3	7.1221E-1
9.7000E-5	9.7656E-3	7.0249E-1
9.8000E-5	9.0332E-3	6.9375E-1
9.9000E-5	9.2773E-3	6.8496E-1
1.0000E-4	9.2773E-3	6.7539E-1
1.0100E-4	9.5215E-3	6.6748E-1
1.0200E-4	1.0254E-2	6.6211E-1
1.0300E-4	9.5215E-3	6.5933E-1
1.0400E-4	9.7656E-3	6.6167E-1
1.0500E-4	9.5215E-3	6.7168E-1
1.0600E-4	9.7656E-3	6.8545E-1
1.0700E-4	9.5215E-3	7.0244E-1
1.0800E-4	9.7656E-3	7.2148E-1
1.0900E-4	9.2773E-3	7.4136E-1
1.1000E-4	9.5215E-3	7.5732E-1
1.1100E-4	9.7656E-3	7.7075E-1
1.1200E-4	1.0010E-2	7.7974E-1
1.1300E-4	9.5215E-3	7.8535E-1
1.1400E-4	9.5215E-3	7.8594E-1
1.1500E-4	9.5215E-3	7.8228E-1
1.1600E-4	9.5215E-3	7.7837E-1
1.1700E-4	9.7656E-3	7.7305E-1
1.1800E-4	9.0332E-3	7.6792E-1
1.1900E-4	9.2773E-3	7.6299E-1
1.2000E-4	9.7656E-3	7.5801E-1
1.2100E-4	9.2773E-3	7.5273E-1
1.2200E-4	1.0010E-2	7.4619E-1
1.2300E-4	9.7656E-3	7.3799E-1
1.2400E-4	9.5215E-3	7.2871E-1
1.2500E-4	9.5215E-3	7.1963E-1
1.2600E-4	9.5215E-3	7.0981E-1
1.2700E-4	9.2773E-3	7.0156E-1
1.2800E-4	9.5215E-3	6.9648E-1
1.2900E-4	9.7656E-3	6.9688E-1
1.3000E-4	9.2773E-3	7.0181E-1
1.3100E-4	9.0332E-3	7.0889E-1
1.3200E-4	9.2773E-3	7.1870E-1
1.3300E-4	9.5215E-3	7.2793E-1
1.3400E-4	9.0332E-3	7.3594E-1
1.3500E-4	1.0254E-2	7.4443E-1
1.3600E-4	9.5215E-3	7.5195E-1
1.3700E-4	9.5215E-3	7.5908E-1
1.3800E-4	1.0010E-2	7.6768E-1
1.3900E-4	1.0010E-2	7.7427E-1
1.4000E-4	9.2773E-3	7.7871E-1
1.4100E-4	9.5215E-3	7.8203E-1
1.4200E-4	9.5215E-3	7.8218E-1
1.4300E-4	1.0498E-2	7.7949E-1
1.4400E-4	1.0010E-2	7.7412E-1
1.4500E-4	9.2773E-3	7.6387E-1
1.4600E-4	9.0332E-3	7.5098E-1
1.4700E-4	9.5215E-3	7.3843E-1
1.4800E-4	1.0498E-2	7.2339E-1
1.4900E-4	9.2773E-3	7.0952E-1
1.5000E-4	9.7656E-3	7.0000E-1
1.5100E-4	1.0010E-2	6.9468E-1
1.5200E-4	9.7656E-3	6.9004E-1
1.5300E-4	9.5215E-3	6.9102E-1
1.5400E-4	9.7656E-3	6.9375E-1
1.5500E-4	9.7656E-3	6.9897E-1
1.5600E-4	9.5215E-3	7.0820E-1
1.5700E-4	1.0498E-2	7.2017E-1
1.5800E-4	1.0254E-2	7.3149E-1
1.5900E-4	9.7656E-3	7.4277E-1
1.6000E-4	9.5215E-3	7.5415E-1
1.6100E-4	9.0332E-3	7.6323E-1
1.6200E-4	9.7656E-3	7.7158E-1
1.6300E-4	9.7656E-3	7.8022E-1
1.6400E-4	9.7656E-3	7.8901E-1
1.6500E-4	9.5215E-3	7.9575E-1
1.6600E-4	9.5215E-3	7.9985E-1
1.6700E-4	9.7656E-3	8.0117E-1
1.6800E-4	9.7656E-3	7.9883E-1
1.6900E-4	9.2773E-3	7.9507E-1
1.7000E-4	9.5215E-3	7.8774E-1
1.7100E-4	9.2773E-3	7.7905E-1
1.7200E-4	9.5215E-3	7.6948E-1
1.7300E-4	9.5215E-3	7.6094E-1
1.7400E-4	9.0332E-3	7.5137E-1
1.7500E-4	9.2773E-3	7.4131E-1
1.7600E-4	9.5215E-3	7.2983E-1
1.7700E-4	9.2773E-3	7.1992E-1
1.7800E-4	1.0254E-2	7.1118E-1
1.7900E-4	9.0332E-3	7.0605E-1
1.8000E-4	1.0010E-2	7.0522E-1
1.8100E-4	9.7656E-3	7.0903E-1
1.8200E-4	9.2773E-3	7.1572E-1
1.8300E-4	9.2773E-3	7.2432E-1
1.8400E-4	9.0332E-3	7.3301E-1
1.8500E-4	9.5215E-3	7.4385E-1
1.8600E-4	9.7656E-3	7.5454E-1
1.8700E-4	9.5215E-3	7.6543E-1
1.8800E-4	1.0010E-2	7.7422E-1
1.8900E-4	9.5215E-3	7.8208E-1
1.9000E-4	9.2773E-3	7.8799E-1
1.9100E-4	1.0254E-2	7.9268E-1
1.9200E-4	9.5215E-3	7.9287E-1
1.9300E-4	9.5215E-3	7.9082E-1
1.9400E-4	9.5215E-3	7.8687E-1
1.9500E-4	9.7656E-3	7.8091E-1
1.9600E-4	9.7656E-3	7.7168E-1
1.9700E-4	1.0254E-2	7.6069E-1
1.9800E-4	9.5215E-3	7.4810E-1
1.9900E-4	9.5215E-3	7.3296E-1
2.0000E-4	1.0010E-2	7.1616E-1
2.0100E-4	9.5215E-3	7.0259E-1
2.0200E-4	1.0010E-2	6.9204E-1
2.0300E-4	9.5215E-3	6.8647E-1
2.0400E-4	1.0254E-2	6.8545E-1
2.0500E-4	9.7656E-3	6.8975E-1
2.0600E-4	9.7656E-3	6.9653E-1
2.0700E-4	9.5215E-3	7.0518E-1
2.0800E-4	9.5215E-3	7.1387E-1
2.0900E-4	9.5215E-3	7.2446E-1
2.1000E-4	9.7656E-3	7.3652E-1
2.1100E-4	9.7656E-3	7.4976E-1
2.1200E-4	9.5215E-3	7.6650E-1
2.1300E-4	1.0010E-2	7.8291E-1
2.1400E-4	1.0254E-2	7.9766E-1
2.1500E-4	9.7656E-3	8.0591E-1
2.1600E-4	1.0010E-2	8.0967E-1
2.1700E-4	9.5215E-3	8.0747E-1
2.1800E-4	9.7656E-3	8.0186E-1
2.1900E-4	9.5215E-3	7.9302E-1
2.2000E-4	9.0332E-3	7.8657E-1
2.2100E-4	1.0010E-2	7.7856E-1
2.2200E-4	1.0010E-2	7.7178E-1
2.2300E-4	9.5215E-3	7.6597E-1
2.2400E-4	1.0254E-2	7.5820E-1
2.2500E-4	1.0010E-2	7.4785E-1
2.2600E-4	1.0010E-2	7.3965E-1
2.2700E-4	9.0332E-3	7.2993E-1
2.2800E-4	9.5215E-3	7.1914E-1
2.2900E-4	9.5215E-3	7.1157E-1
2.3000E-4	9.7656E-3	7.0630E-1
2.3100E-4	9.7656E-3	7.0283E-1
2.3200E-4	1.0010E-2	7.0288E-1
2.3300E-4	9.7656E-3	7.0894E-1
2.3400E-4	1.0010E-2	7.1919E-1
2.3500E-4	9.5215E-3	7.3276E-1
2.3600E-4	9.7656E-3	7.4834E-1
2.3700E-4	9.2773E-3	7.6572E-1
2.3800E-4	1.0010E-2	7.7915E-1
2.3900E-4	9.2773E-3	7.8945E-1
2.4000E-4	1.0010E-2	7.9604E-1
2.4100E-4	1.0010E-2	7.9712E-1
2.4200E-4	9.7656E-3	7.9180E-1
2.4300E-4	9.5215E-3	7.8511E-1
2.4400E-4	9.7656E-3	7.7510E-1
2.4500E-4	9.7656E-3	7.6450E-1
2.4600E-4	1.0010E-2	7.5400E-1
2.4700E-4	9.5215E-3	7.4355E-1
2.4800E-4	9.5215E-3	7.3472E-1
2.4900E-4	1.0010E-2	7.2700E-1
2.5000E-4	9.0332E-3	7.1919E-1
2.5100E-4	1.0254E-2	7.1294E-1
2.5200E-4	1.0254E-2	7.0859E-1
2.5300E-4	9.7656E-3	7.0229E-1
2.5400E-4	9.7656E-3	6.9561E-1
2.5500E-4	9.5215E-3	6.9014E-1
2.5600E-4	9.7656E-3	6.8599E-1
2.5700E-4	1.0010E-2	6.8662E-1
2.5800E-4	9.2773E-3	6.9199E-1
2.5900E-4	9.5215E-3	7.0117E-1
2.6000E-4	1.0742E-2	7.1162E-1
2.6100E-4	9.7656E-3	7.2334E-1
2.6200E-4	9.5215E-3	7.3218E-1
2.6300E-4	9.7656E-3	7.4297E-1
2.6400E-4	9.2773E-3	7.5439E-1
2.6500E-4	1.0254E-2	7.6665E-1
2.6600E-4	1.0254E-2	7.7822E-1
2.6700E-4	9.7656E-3	7.8940E-1
2.6800E-4	9.5215E-3	7.9478E-1
2.6900E-4	9.2773E-3	7.9614E-1
2.7000E-4	1.0010E-2	7.9351E-1
2.7100E-4	9.0332E-3	7.8960E-1
2.7200E-4	1.0010E-2	7.8232E-1
2.7300E-4	9.5215E-3	7.7349E-1
2.7400E-4	9.7656E-3	7.6514E-1
2.7500E-4	9.7656E-3	7.5669E-1
2.7600E-4	1.0010E-2	7.4551E-1
2.7700E-4	1.0254E-2	7.3262E-1
2.7800E-4	1.0010E-2	7.2080E-1
2.7900E-4	9.2773E-3	7.1147E-1
2.8000E-4	9.5215E-3	7.0664E-1
2.8100E-4	9.7656E-3	7.0615E-1
2.8200E-4	1.0010E-2	7.1050E-1
2.8300E-4	9.2773E-3	7.1758E-1
2.8400E-4	9.2773E-3	7.2524E-1
2.8500E-4	1.0254E-2	7.3105E-1
2.8600E-4	9.5215E-3	7.3677E-1
2.8700E-4	1.0010E-2	7.4585E-1
2.8800E-4	9.2773E-3	7.5435E-1
2.8900E-4	9.5215E-3	7.6372E-1
2.9000E-4	9.7656E-3	7.7227E-1
2.9100E-4	9.2773E-3	7.8013E-1
2.9200E-4	1.0010E-2	7.8457E-1
2.9300E-4	9.2773E-3	7.8774E-1
2.9400E-4	9.5215E-3	7.8779E-1
2.9500E-4	1.0010E-2	7.8662E-1
2.9600E-4	9.5215E-3	7.8223E-1
2.9700E-4	9.5215E-3	7.7563E-1
2.9800E-4	9.7656E-3	7.6724E-1
2.9900E-4	9.0332E-3	7.5596E-1
3.0000E-4	9.7656E-3	7.4204E-1
3.0100E-4	1.0010E-2	7.2803E-1
3.0200E-4	9.5215E-3	7.1426E-1
3.0300E-4	9.5215E-3	7.0225E-1
3.0400E-4	9.2773E-3	6.9063E-1
3.0500E-4	9.5215E-3	6.8335E-1
3.0600E-4	9.5215E-3	6.7759E-1
3.0700E-4	9.2773E-3	6.7427E-1
3.0800E-4	9.0332E-3	6.7471E-1
3.0900E-4	1.0010E-2	6.8052E-1
3.1000E-4	1.0010E-2	6.9082E-1
3.1100E-4	9.5215E-3	7.0557E-1
3.1200E-4	9.7656E-3	7.2305E-1
3.1300E-4	9.5215E-3	7.4077E-1
3.1400E-4	9.7656E-3	7.6035E-1
3.1500E-4	9.7656E-3	7.7725E-1
3.1600E-4	1.0010E-2	7.9106E-1
3.1700E-4	1.0010E-2	8.0239E-1
3.1800E-4	1.0010E-2	8.1035E-1
3.1900E-4	9.2773E-3	8.1548E-1
3.2000E-4	1.0498E-2	8.1709E-1
3.2100E-4	1.0010E-2	8.1431E-1
3.2200E-4	1.0254E-2	8.0703E-1
3.2300E-4	9.5215E-3	7.9585E-1
3.2400E-4	9.7656E-3	7.7974E-1
3.2500E-4	9.0332E-3	7.6191E-1
3.2600E-4	9.5215E-3	7.4546E-1
3.2700E-4	9.5215E-3	7.3013E-1
3.2800E-4	9.7656E-3	7.1758E-1
3.2900E-4	9.2773E-3	7.0879E-1
3.3000E-4	9.5215E-3	7.0200E-1
3.3100E-4	1.0254E-2	6.9814E-1
3.3200E-4	9.2773E-3	6.9761E-1
3.3300E-4	9.2773E-3	6.9844E-1
3.3400E-4	9.7656E-3	7.0132E-1
3.3500E-4	9.5215E-3	7.0850E-1
3.3600E-4	9.7656E-3	7.2070E-1
3.3700E-4	9.5215E-3	7.3584E-1
3.3800E-4	1.0010E-2	7.5107E-1
3.3900E-4	1.0010E-2	7.6631E-1
3.4000E-4	9.7656E-3	7.8149E-1
3.4100E-4	9.7656E-3	7.9414E-1
3.4200E-4	9.7656E-3	8.0283E-1
3.4300E-4	1.0010E-2	8.1030E-1
3.4400E-4	9.2773E-3	8.1533E-1
3.4500E-4	9.0332E-3	8.1406E-1
3.4600E-4	9.7656E-3	8.0952E-1
3.4700E-4	1.0010E-2	8.0034E-1
3.4800E-4	1.0254E-2	7.8662E-1
3.4900E-4	1.0010E-2	7.6982E-1
3.5000E-4	9.5215E-3	7.5171E-1
3.5100E-4	9.2773E-3	7.3257E-1
3.5200E-4	9.5215E-3	7.1641E-1
3.5300E-4	9.5215E-3	7.0317E-1
3.5400E-4	9.2773E-3	6.8960E-1
3.5500E-4	1.0010E-2	6.7979E-1
3.5600E-4	9.7656E-3	6.6992E-1
3.5700E-4	9.7656E-3	6.6313E-1
3.5800E-4	9.2773E-3	6.5962E-1
3.5900E-4	9.2773E-3	6.6172E-1
3.6000E-4	1.0010E-2	6.6709E-1
3.6100E-4	9.5215E-3	6.7778E-1
3.6200E-4	9.5215E-3	6.9287E-1
3.6300E-4	9.7656E-3	7.1113E-1
3.6400E-4	1.0010E-2	7.3154E-1
3.6500E-4	9.7656E-3	7.5366E-1
3.6600E-4	1.0498E-2	7.7505E-1
3.6700E-4	9.2773E-3	7.9170E-1
3.6800E-4	9.7656E-3	8.0479E-1
3.6900E-4	1.0254E-2	8.1401E-1
3.7000E-4	9.5215E-3	8.1924E-1
3.7100E-4	9.2773E-3	8.2046E-1
3.7200E-4	9.5215E-3	8.1743E-1
3.7300E-4	9.5215E-3	8.1162E-1
3.7400E-4	9.7656E-3	8.0132E-1
3.7500E-4	9.5215E-3	7.8516E-1
3.7600E-4	9.5215E-3	7.6582E-1
3.7700E-4	9.0332E-3	7.4355E-1
3.7800E-4	9.2773E-3	7.1978E-1
3.7900E-4	9.5215E-3	6.9932E-1
3.8000E-4	1.0010E-2	6.8428E-1
3.8100E-4	9.2773E-3	6.7222E-1
3.8200E-4	9.0332E-3	6.6655E-1
3.8300E-4	9.5215E-3	6.6592E-1
3.8400E-4	9.5215E-3	6.7056E-1
3.8500E-4	1.0010E-2	6.7749E-1
3.8600E-4	9.7656E-3	6.8896E-1
3.8700E-4	1.0010E-2	7.0532E-1
3.8800E-4	1.0010E-2	7.2485E-1
3.8900E-4	9.2773E-3	7.4463E-1
3.9000E-4	9.5215E-3	7.6616E-1
3.9100E-4	9.5215E-3	7.8682E-1
3.9200E-4	9.0332E-3	8.0117E-1
3.9300E-4	9.5215E-3	8.1133E-1
3.9400E-4	9.7656E-3	8.1753E-1
3.9500E-4	9.7656E-3	8.1753E-1
3.9600E-4	9.7656E-3	8.1167E-1
3.9700E-4	9.2773E-3	8.0659E-1
3.9800E-4	1.0010E-2	7.9658E-1
3.9900E-4	9.7656E-3	7.8149E-1
4.0000E-4	9.2773E-3	7.6372E-1
4.0100E-4	9.2773E-3	7.4468E-1
4.0200E-4	9.5215E-3	7.1875E-1
4.0300E-4	9.2773E-3	6.9243E-1
4.0400E-4	9.0332E-3	6.6704E-1
4.0500E-4	1.0254E-2	6.4409E-1
4.0600E-4	8.7891E-3	6.2520E-1
4.0700E-4	9.2773E-3	6.1094E-1
4.0800E-4	1.0254E-2	6.0244E-1
4.0900E-4	9.5215E-3	6.0308E-1
4.1000E-4	9.0332E-3	6.0996E-1
4.1100E-4	1.0010E-2	6.2041E-1
4.1200E-4	9.0332E-3	6.3965E-1
4.1300E-4	1.0010E-2	6.6714E-1
4.1400E-4	9.2773E-3	6.9629E-1
4.1500E-4	9.7656E-3	7.2871E-1
4.1600E-4	9.5215E-3	7.6099E-1
4.1700E-4	9.0332E-3	7.9175E-1
4.1800E-4	9.2773E-3	8.1567E-1
4.1900E-4	1.0254E-2	8.3408E-1
4.2000E-4	9.5215E-3	8.4312E-1
4.2100E-4	1.0010E-2	8.4702E-1
4.2200E-4	1.0010E-2	8.4199E-1
4.2300E-4	9.2773E-3	8.2964E-1
4.2400E-4	9.2773E-3	8.0991E-1
4.2500E-4	9.7656E-3	7.8438E-1
4.2600E-4	9.7656E-3	7.5269E-1
4.2700E-4	9.5215E-3	7.1660E-1
4.2800E-4	1.0010E-2	6.7900E-1
4.2900E-4	9.2773E-3	6.4175E-1
4.3000E-4	9.5215E-3	6.0767E-1
4.3100E-4	9.2773E-3	5.7876E-1
4.3200E-4	9.7656E-3	5.5454E-1
4.3300E-4	9.5215E-3	5.3726E-1
4.3400E-4	9.5215E-3	5.2754E-1
4.3500E-4	9.2773E-3	5.2783E-1
4.3600E-4	9.5215E-3	5.3711E-1
4.3700E-4	9.2773E-3	5.5991E-1
4.3800E-4	9.5215E-3	5.9146E-1
4.3900E-4	1.0010E-2	6.3218E-1
4.4000E-4	9.2773E-3	6.7896E-1
4.4100E-4	9.7656E-3	7.3008E-1
4.4200E-4	9.5215E-3	7.7896E-1
4.4300E-4	1.0010E-2	8.2236E-1
4.4400E-4	9.2773E-3	8.5400E-1
4.4500E-4	9.5215E-3	8.7168E-1
4.4600E-4	1.0010E-2	8.7388E-1
4.4700E-4	9.2773E-3	8.5718E-1
4.4800E-4	9.0332E-3	8.2368E-1
4.4900E-4	9.2773E-3	7.7632E-1
4.5000E-4	1.0254E-2	7.1875E-1
4.5100E-4	9.5215E-3	6.5396E-1
4.5200E-4	9.7656E-3	5.8809E-1
4.5300E-4	9.7656E-3	5.2466E-1
4.5400E-4	1.0254E-2	4.6646E-1
4.5500E-4	9.5215E-3	4.1841E-1
4.5600E-4	9.5215E-3	3.8096E-1
4.5700E-4	9.7656E-3	3.5605E-1
4.5800E-4	1.0010E-2	3.4526E-1
4.5900E-4	1.0498E-2	3.4829E-1
4.6000E-4	9.7656E-3	3.5869E-1
4.6100E-4	9.7656E-3	3.7944E-1
4.6200E-4	1.0010E-2	4.0815E-1
4.6300E-4	1.0254E-2	4.4609E-1
4.6400E-4	9.7656E-3	4.9272E-1
4.6500E-4	9.5215E-3	5.5039E-1
4.6600E-4	9.7656E-3	6.2134E-1
4.6700E-4	9.7656E-3	7.0439E-1
4.6800E-4	9.7656E-3	7.8433E-1
4.6900E-4	9.5215E-3	8.4648E-1
4.7000E-4	1.0010E-2	8.8057E-1
4.7100E-4	1.0010E-2	8.7080E-1
4.7200E-4	9.5215E-3	8.1172E-1
4.7300E-4	9.7656E-3	7.1123E-1
4.7400E-4	1.0010E-2	5.8340E-1
4.7500E-4	9.2773E-3	4.4409E-1
4.7600E-4	1.0010E-2	3.0698E-1
4.7700E-4	1.0010E-2	1.8774E-1
4.7800E-4	9.7656E-3	9.2383E-2
4.7900E-4	1.0254E-2	2.4316E-2
4.8000E-4	9.5215E-3	-1.9482E-2
4.8100E-4	9.5215E-3	-4.2188E-2
4.8200E-4	9.5215E-3	-4.9951E-2
4.8300E-4	9.5215E-3	-4.5020E-2
4.8400E-4	9.2773E-3	-3.3594E-2
4.8500E-4	9.2773E-3	-2.0605E-2
4.8600E-4	9.5215E-3	-9.8633E-3
4.8700E-4	9.5215E-3	-2.1973E-3
4.8800E-4	9.2773E-3	5.8594E-4
4.8900E-4	1.0010E-2	-9.7656E-5
4.9000E-4	9.2773E-3	-2.6855E-3
4.9100E-4	1.0010E-2	-7.0801E-3
4.9200E-4	9.5215E-3	-1.2793E-2
4.9300E-4	1.0010E-2	-1.7188E-2
4.9400E-4	9.7656E-3	-2.0996E-2
4.9500E-4	9.5215E-3	-2.5781E-2
4.9600E-4	9.7656E-3	-2.5391E-2
4.9700E-4	9.7656E-3	-2.2803E-2
4.9800E-4	1.0254E-2	-1.9482E-2
4.9900E-4	9.0332E-3	-1.6357E-2
5.0000E-4	9.5215E-3	-1.1914E-2
5.0100E-4	9.5215E-3	-8.9844E-3
5.0200E-4	9.5215E-3	-5.1758E-3
5.0300E-4	1.0010E-2	5.8594E-4
5.0400E-4	9.7656E-3	9.5215E-3
5.0500E-4	9.2773E-3	2.4561E-2
5.0600E-4	9.7656E-3	4.8047E-2
5.0700E-4	9.2773E-3	8.0127E-2
5.0800E-4	9.5215E-3	1.2485E-1
5.0900E-4	9.7656E-3	1.8730E-1
5.1000E-4	9.7656E-3	2.6992E-1
5.1100E-4	9.5215E-3	3.7852E-1
5.1200E-4	9.7656E-3	5.1226E-1
5.1300E-4	9.5215E-3	6.5620E-1
5.1400E-4	1.0010E-2	7.8989E-1
5.1500E-4	9.7656E-3	8.9448E-1
5.1600E-4	1.0010E-2	9.4824E-1
5.1700E-4	9.2773E-3	9.4268E-1
5.1800E-4	9.5215E-3	8.8335E-1
5.1900E-4	1.0010E-2	7.8809E-1
5.2000E-4	9.5215E-3	6.7305E-1
5.2100E-4	1.0010E-2	5.5610E-1
5.2200E-4	9.7656E-3	4.5063E-1
5.2300E-4	9.5215E-3	3.6714E-1
5.2400E-4	1.0010E-2	3.1079E-1
5.2500E-4	9.2773E-3	2.7939E-1
5.2600E-4	9.5215E-3	2.7080E-1
5.2700E-4	9.7656E-3	2.8213E-1
5.2800E-4	1.0254E-2	3.0815E-1
5.2900E-4	9.5215E-3	3.4316E-1
5.3000E-4	1.0010E-2	3.8755E-1
5.3100E-4	9.0332E-3	4.3755E-1
5.3200E-4	1.0498E-2	4.9248E-1
5.3300E-4	9.5215E-3	5.5244E-1
5.3400E-4	1.0010E-2	6.1509E-1
5.3500E-4	1.0254E-2	6.7783E-1
5.3600E-4	9.5215E-3	7.4165E-1
5.3700E-4	1.0010E-2	8.0034E-1
5.3800E-4	9.7656E-3	8.4780E-1
5.3900E-4	8.5449E-3	8.8311E-1
5.4000E-4	9.7656E-3	8.9946E-1
5.4100E-4	1.0254E-2	8.9419E-1
5.4200E-4	9.5215E-3	8.6812E-1
5.4300E-4	9.2773E-3	8.2817E-1
5.4400E-4	9.2773E-3	7.7559E-1
5.4500E-4	9.2773E-3	7.2017E-1
5.4600E-4	1.0254E-2	6.6299E-1
5.4700E-4	9.5215E-3	6.1245E-1
5.4800E-4	1.0254E-2	5.6680E-1
5.4900E-4	9.5215E-3	5.3149E-1
5.5000E-4	9.7656E-3	5.0527E-1
5.5100E-4	9.2773E-3	4.9146E-1
5.5200E-4	9.7656E-3	4.8643E-1
5.5300E-4	9.2773E-3	4.9155E-1
5.5400E-4	1.0254E-2	5.0186E-1
5.5500E-4	9.5215E-3	5.2368E-1
5.5600E-4	1.0254E-2	5.5493E-1
5.5700E-4	9.7656E-3	5.9424E-1
5.5800E-4	9.7656E-3	6.4063E-1
5.5900E-4	9.2773E-3	6.9370E-1
5.6000E-4	1.0010E-2	7.4453E-1
5.6100E-4	1.0010E-2	7.9033E-1
5.6200E-4	9.5215E-3	8.2861E-1
5.6300E-4	1.0254E-2	8.5332E-1
5.6400E-4	9.7656E-3	8.6763E-1
5.6500E-4	9.5215E-3	8.6714E-1
5.6600E-4	1.0010E-2	8.5347E-1
5.6700E-4	1.0010E-2	8.2905E-1
5.6800E-4	9.7656E-3	8.0034E-1
5.6900E-4	1.0010E-2	7.6392E-1
5.7000E-4	9.0332E-3	7.2632E-1
5.7100E-4	1.0254E-2	6.9014E-1
5.7200E-4	9.5215E-3	6.5630E-1
5.7300E-4	9.7656E-3	6.2612E-1
5.7400E-4	9.5215E-3	5.9937E-1
5.7500E-4	9.7656E-3	5.7983E-1
5.7600E-4	9.5215E-3	5.6719E-1
5.7700E-4	9.7656E-3	5.6040E-1
5.7800E-4	1.0498E-2	5.6025E-1
5.7900E-4	9.2773E-3	5.6978E-1
5.8000E-4	9.5215E-3	5.8604E-1
5.8100E-4	9.7656E-3	6.0967E-1
5.8200E-4	9.7656E-3	6.3872E-1
5.8300E-4	9.2773E-3	6.7124E-1
5.8400E-4	1.0010E-2	7.0708E-1
5.8500E-4	9.5215E-3	7.4380E-1
5.8600E-4	9.2773E-3	7.7871E-1
5.8700E-4	9.5215E-3	8.1108E-1
5.8800E-4	9.5215E-3	8.3828E-1
5.8900E-4	9.7656E-3	8.5381E-1
5.9000E-4	9.2773E-3	8.5732E-1
5.9100E-4	1.0010E-2	8.5083E-1
5.9200E-4	9.2773E-3	8.3491E-1
5.9300E-4	9.2773E-3	8.1060E-1
5.9400E-4	9.7656E-3	7.8428E-1
5.9500E-4	9.5215E-3	7.5723E-1
5.9600E-4	9.7656E-3	7.3018E-1
5.9700E-4	9.5215E-3	7.0347E-1
5.9800E-4	9.2773E-3	6.8140E-1
5.9900E-4	9.2773E-3	6.6230E-1
6.0000E-4	9.5215E-3	6.4775E-1
6.0100E-4	9.7656E-3	6.3711E-1
6.0200E-4	1.0254E-2	6.3237E-1
6.0300E-4	9.5215E-3	6.3145E-1
6.0400E-4	9.7656E-3	6.3228E-1
6.0500E-4	9.5215E-3	6.4028E-1
6.0600E-4	9.7656E-3	6.5376E-1
6.0700E-4	9.5215E-3	6.7109E-1
6.0800E-4	9.2773E-3	6.9082E-1
6.0900E-4	9.5215E-3	7.1479E-1
6.1000E-4	1.0010E-2	7.3540E-1
6.1100E-4	1.0010E-2	7.5371E-1
6.1200E-4	9.7656E-3	7.6963E-1
6.1300E-4	9.5215E-3	7.8081E-1
6.1400E-4	9.5215E-3	7.8906E-1
6.1500E-4	9.5215E-3	7.9331E-1
6.1600E-4	1.0010E-2	7.9185E-1
6.1700E-4	9.5215E-3	7.8579E-1
6.1800E-4	1.0010E-2	7.7368E-1
6.1900E-4	9.2773E-3	7.5728E-1
6.2000E-4	9.7656E-3	7.3271E-1
6.2100E-4	9.5215E-3	7.1074E-1
6.2200E-4	9.2773E-3	6.8833E-1
6.2300E-4	9.0332E-3	6.6582E-1
6.2400E-4	1.0010E-2	6.4326E-1
6.2500E-4	9.7656E-3	6.2930E-1
6.2600E-4	1.0010E-2	6.1416E-1
6.2700E-4	9.7656E-3	6.0215E-1
6.2800E-4	9.2773E-3	6.0166E-1
6.2900E-4	9.2773E-3	6.0728E-1
6.3000E-4	9.2773E-3	6.1689E-1
6.3100E-4	1.0010E-2	6.3057E-1
6.3200E-4	1.0254E-2	6.4731E-1
6.3300E-4	9.7656E-3	6.6450E-1
6.3400E-4	9.7656E-3	6.8262E-1
6.3500E-4	9.5215E-3	7.0552E-1
6.3600E-4	9.2773E-3	7.3081E-1
6.3700E-4	9.0332E-3	7.5562E-1
6.3800E-4	1.0254E-2	7.7666E-1
6.3900E-4	9.7656E-3	7.9307E-1
6.4000E-4	9.7656E-3	7.9727E-1
6.4100E-4	9.5215E-3	7.9346E-1
6.4200E-4	9.7656E-3	7.8354E-1
6.4300E-4	9.5215E-3	7.6846E-1
6.4400E-4	9.5215E-3	7.5142E-1
6.4500E-4	9.5215E-3	7.3496E-1
6.4600E-4	8.7891E-3	7.1841E-1
6.4700E-4	9.5215E-3	7.0278E-1
6.4800E-4	1.0010E-2	6.8564E-1
6.4900E-4	9.5215E-3	6.6748E-1
6.5000E-4	1.0010E-2	6.5190E-1
6.5100E-4	9.5215E-3	6.3921E-1
6.5200E-4	9.7656E-3	6.3174E-1
6.5300E-4	9.7656E-3	6.3062E-1
6.5400E-4	9.5215E-3	6.3652E-1
6.5500E-4	9.5215E-3	6.4531E-1
6.5600E-4	9.7656E-3	6.5469E-1
6.5700E-4	9.2773E-3	6.6357E-1
6.5800E-4	1.0010E-2	6.7461E-1
6.5900E-4	9.5215E-3	6.8569E-1
6.6000E-4	9.5215E-3	6.9653E-1
6.6100E-4	1.0254E-2	7.0967E-1
6.6200E-4	1.0010E-2	7.2417E-1
6.6300E-4	9.5215E-3	7.3750E-1
6.6400E-4	9.7656E-3	7.4941E-1
6.6500E-4	9.2773E-3	7.5786E-1
6.6600E-4	9.7656E-3	7.6377E-1
6.6700E-4	9.5215E-3	7.6411E-1
6.6800E-4	1.0010E-2	7.5674E-1
6.6900E-4	9.2773E-3	7.4341E-1
6.7000E-4	9.5215E-3	7.2720E-1
6.7100E-4	9.7656E-3	7.0684E-1
6.7200E-4	9.7656E-3	6.8340E-1
6.7300E-4	9.5215E-3	6.6201E-1
6.7400E-4	9.5215E-3	6.4248E-1
6.7500E-4	9.5215E-3	6.2695E-1
6.7600E-4	9.7656E-3	6.1401E-1
6.7700E-4	9.7656E-3	6.0791E-1
6.7800E-4	1.0010E-2	6.0522E-1
6.7900E-4	1.0254E-2	6.0938E-1
6.8000E-4	9.5215E-3	6.1631E-1
6.8100E-4	9.2773E-3	6.2847E-1
6.8200E-4	1.0254E-2	6.4102E-1
6.8300E-4	9.5215E-3	6.5562E-1
6.8400E-4	9.5215E-3	6.6782E-1
6.8500E-4	9.7656E-3	6.8330E-1
6.8600E-4	1.0010E-2	6.9893E-1
6.8700E-4	1.0254E-2	7.1543E-1
6.8800E-4	1.0010E-2	7.3086E-1
6.8900E-4	9.7656E-3	7.4604E-1
6.9000E-4	9.5215E-3	7.5444E-1
6.9100E-4	1.0254E-2	7.5669E-1
6.9200E-4	9.7656E-3	7.5610E-1
6.9300E-4	9.2773E-3	7.5391E-1
6.9400E-4	9.5215E-3	7.4746E-1
6.9500E-4	1.0254E-2	7.3970E-1
6.9600E-4	9.5215E-3	7.2910E-1
6.9700E-4	1.0010E-2	7.1299E-1
6.9800E-4	9.5215E-3	6.9341E-1
6.9900E-4	1.0010E-2	6.7295E-1
7.0000E-4	1.0254E-2	6.5215E-1
7.0100E-4	9.5215E-3	6.3315E-1
7.0200E-4	1.0010E-2	6.2158E-1
7.0300E-4	1.0010E-2	6.1621E-1
7.0400E-4	9.7656E-3	6.1729E-1
7.0500E-4	1.0010E-2	6.2324E-1
7.0600E-4	9.7656E-3	6.3423E-1
7.0700E-4	9.2773E-3	6.4507E-1
7.0800E-4	9.7656E-3	6.5640E-1
7.0900E-4	9.7656E-3	6.6851E-1
7.1000E-4	9.7656E-3	6.7979E-1
7.1100E-4	9.2773E-3	6.9199E-1
7.1200E-4	9.2773E-3	7.0220E-1
7.1300E-4	9.7656E-3	7.1055E-1
7.1400E-4	9.7656E-3	7.1567E-1
7.1500E-4	9.2773E-3	7.2197E-1
7.1600E-4	9.5215E-3	7.2437E-1
7.1700E-4	9.2773E-3	7.2832E-1
7.1800E-4	9.7656E-3	7.2896E-1
7.1900E-4	1.0010E-2	7.2686E-1
7.2000E-4	9.7656E-3	7.1895E-1
7.2100E-4	9.7656E-3	7.0708E-1
7.2200E-4	9.2773E-3	6.9180E-1
7.2300E-4	9.7656E-3	6.7437E-1
7.2400E-4	9.5215E-3	6.5479E-1
7.2500E-4	9.5215E-3	6.3745E-1
7.2600E-4	9.7656E-3	6.2368E-1
7.2700E-4	9.7656E-3	6.1289E-1
7.2800E-4	9.5215E-3	6.0576E-1
7.2900E-4	9.7656E-3	6.0488E-1
7.3000E-4	9.5215E-3	6.0562E-1
7.3100E-4	9.5215E-3	6.0815E-1
7.3200E-4	9.2773E-3	6.1377E-1
7.3300E-4	1.0254E-2	6.2227E-1
7.3400E-4	1.0010E-2	6.3198E-1
7.3500E-4	1.0498E-2	6.4424E-1
7.3600E-4	9.5215E-3	6.6001E-1
7.3700E-4	1.0254E-2	6.7671E-1
7.3800E-4	9.7656E-3	6.9688E-1
7.3900E-4	9.5215E-3	7.1812E-1
7.4000E-4	9.7656E-3	7.3701E-1
7.4100E-4	9.5215E-3	7.5083E-1
7.4200E-4	9.2773E-3	7.6060E-1
7.4300E-4	9.7656E-3	7.6279E-1
7.4400E-4	9.5215E-3	7.5835E-1
7.4500E-4	9.5215E-3	7.5068E-1
7.4600E-4	9.7656E-3	7.3979E-1
7.4700E-4	9.7656E-3	7.2446E-1
7.4800E-4	9.5215E-3	7.0762E-1
7.4900E-4	1.0010E-2	6.8960E-1
7.5000E-4	1.0254E-2	6.7329E-1
7.5100E-4	9.5215E-3	6.5747E-1
7.5200E-4	9.7656E-3	6.4570E-1
7.5300E-4	1.0010E-2	6.3755E-1
7.5400E-4	1.0254E-2	6.3369E-1
7.5500E-4	9.2773E-3	6.3223E-1
7.5600E-4	9.7656E-3	6.3530E-1
7.5700E-4	9.7656E-3	6.4063E-1
7.5800E-4	9.2773E-3	6.4834E-1
7.5900E-4	9.5215E-3	6.5742E-1
7.6000E-4	9.7656E-3	6.6782E-1
7.6100E-4	9.5215E-3	6.8140E-1
7.6200E-4	9.7656E-3	6.9263E-1
7.6300E-4	1.0010E-2	7.0454E-1
7.6400E-4	9.2773E-3	7.1719E-1
7.6500E-4	8.7891E-3	7.2959E-1
7.6600E-4	8.7891E-3	7.4043E-1
7.6700E-4	9.5215E-3	7.5049E-1
7.6800E-4	9.5215E-3	7.5576E-1
7.6900E-4	9.2773E-3	7.5615E-1
7.7000E-4	1.0010E-2	7.4946E-1
7.7100E-4	9.5215E-3	7.3628E-1
7.7200E-4	9.7656E-3	7.1899E-1
7.7300E-4	9.5215E-3	6.9844E-1
7.7400E-4	9.5215E-3	6.7612E-1
7.7500E-4	9.0332E-3	6.5698E-1
7.7600E-4	9.7656E-3	6.4224E-1
7.7700E-4	9.2773E-3	6.3101E-1
7.7800E-4	9.2773E-3	6.2261E-1
7.7900E-4	9.5215E-3	6.1875E-1
7.8000E-4	1.0010E-2	6.1587E-1
7.8100E-4	9.5215E-3	6.1440E-1
7.8200E-4	8.7891E-3	6.1582E-1
7.8300E-4	9.2773E-3	6.2026E-1
7.8400E-4	9.2773E-3	6.2690E-1
7.8500E-4	1.0010E-2	6.3716E-1
7.8600E-4	1.0010E-2	6.4941E-1
7.8700E-4	9.7656E-3	6.6538E-1
7.8800E-4	1.0010E-2	6.8442E-1
7.8900E-4	9.5215E-3	7.0532E-1
7.9000E-4	9.5215E-3	7.2822E-1
7.9100E-4	9.5215E-3	7.4751E-1
7.9200E-4	9.2773E-3	7.6172E-1
7.9300E-4	9.5215E-3	7.7119E-1
7.9400E-4	9.5215E-3	7.7524E-1
7.9500E-4	9.5215E-3	7.7280E-1
7.9600E-4	9.5215E-3	7.6763E-1
7.9700E-4	9.5215E-3	7.5972E-1
7.9800E-4	9.7656E-3	7.4653E-1
7.9900E-4	9.5215E-3	7.2998E-1
8.0000E-4	9.7656E-3	7.1152E-1
8.0100E-4	1.0010E-2	6.9209E-1
8.0200E-4	9.7656E-3	6.7188E-1
8.0300E-4	9.7656E-3	6.5576E-1
8.0400E-4	1.0254E-2	6.4053E-1
8.0500E-4	9.7656E-3	6.2793E-1
8.0600E-4	9.5215E-3	6.2256E-1
8.0700E-4	9.5215E-3	6.2256E-1
8.0800E-4	1.0010E-2	6.2852E-1
8.0900E-4	9.2773E-3	6.4194E-1
8.1000E-4	9.7656E-3	6.5762E-1
8.1100E-4	9.2773E-3	6.7329E-1
8.1200E-4	9.5215E-3	6.9009E-1
8.1300E-4	1.0010E-2	7.0591E-1
8.1400E-4	1.0010E-2	7.2246E-1
8.1500E-4	9.5215E-3	7.3906E-1
8.1600E-4	9.7656E-3	7.5200E-1
8.1700E-4	9.2773E-3	7.6089E-1
8.1800E-4	9.7656E-3	7.6582E-1
8.1900E-4	9.2773E-3	7.6382E-1
8.2000E-4	1.0254E-2	7.5796E-1
8.2100E-4	8.7891E-3	7.4868E-1
8.2200E-4	9.7656E-3	7.3848E-1
8.2300E-4	9.0332E-3	7.2559E-1
8.2400E-4	9.5215E-3	7.1021E-1
8.2500E-4	9.7656E-3	6.9390E-1
8.2600E-4	9.5215E-3	6.7715E-1
8.2700E-4	1.0254E-2	6.5928E-1
8.2800E-4	9.5215E-3	6.4268E-1
8.2900E-4	9.7656E-3	6.2896E-1
8.3000E-4	9.0332E-3	6.1650E-1
8.3100E-4	1.0254E-2	6.0664E-1
8.3200E-4	9.5215E-3	6.0293E-1
8.3300E-4	9.0332E-3	6.0474E-1
8.3400E-4	9.2773E-3	6.1021E-1
8.3500E-4	1.0498E-2	6.2231E-1
8.3600E-4	1.0010E-2	6.3921E-1
8.3700E-4	9.5215E-3	6.5557E-1
8.3800E-4	9.7656E-3	6.7373E-1
8.3900E-4	9.5215E-3	6.9458E-1
8.4000E-4	9.7656E-3	7.1626E-1
8.4100E-4	1.0010E-2	7.4131E-1
8.4200E-4	9.7656E-3	7.6611E-1
8.4300E-4	1.0010E-2	7.8716E-1
8.4400E-4	9.0332E-3	8.0542E-1
8.4500E-4	9.5215E-3	8.1577E-1
8.4600E-4	1.0010E-2	8.1699E-1
8.4700E-4	9.7656E-3	8.1035E-1
8.4800E-4	9.2773E-3	7.9697E-1
8.4900E-4	1.0254E-2	7.7642E-1
8.5000E-4	9.5215E-3	7.5259E-1
8.5100E-4	9.7656E-3	7.2456E-1
8.5200E-4	9.2773E-3	6.9893E-1
8.5300E-4	9.7656E-3	6.7632E-1
8.5400E-4	9.7656E-3	6.5918E-1
8.5500E-4	9.7656E-3	6.4619E-1
8.5600E-4	9.5215E-3	6.3901E-1
8.5700E-4	9.2773E-3	6.3521E-1
8.5800E-4	1.0010E-2	6.3447E-1
8.5900E-4	1.0010E-2	6.4009E-1
8.6000E-4	1.0254E-2	6.5176E-1
8.6100E-4	9.2773E-3	6.6660E-1
8.6200E-4	1.0010E-2	6.8389E-1
8.6300E-4	9.2773E-3	7.0479E-1
8.6400E-4	1.0254E-2	7.2349E-1
8.6500E-4	1.0010E-2	7.4336E-1
8.6600E-4	1.0010E-2	7.6406E-1
8.6700E-4	9.7656E-3	7.8330E-1
8.6800E-4	1.0010E-2	7.9912E-1
8.6900E-4	1.0010E-2	8.1309E-1
8.7000E-4	1.0010E-2	8.1865E-1
8.7100E-4	9.7656E-3	8.1963E-1
8.7200E-4	9.5215E-3	8.1323E-1
8.7300E-4	9.0332E-3	8.0103E-1
8.7400E-4	9.5215E-3	7.7988E-1
8.7500E-4	9.7656E-3	7.5566E-1
8.7600E-4	1.0010E-2	7.2793E-1
8.7700E-4	9.5215E-3	7.0151E-1
8.7800E-4	9.5215E-3	6.7617E-1
8.7900E-4	9.5215E-3	6.5322E-1
8.8000E-4	9.0332E-3	6.3369E-1
8.8100E-4	9.5215E-3	6.1899E-1
8.8200E-4	1.0010E-2	6.1011E-1
8.8300E-4	9.5215E-3	6.0640E-1
8.8400E-4	1.0254E-2	6.0869E-1
8.8500E-4	9.5215E-3	6.1636E-1
8.8600E-4	9.2773E-3	6.2852E-1
8.8700E-4	9.7656E-3	6.4565E-1
8.8800E-4	9.5215E-3	6.6772E-1
8.8900E-4	9.7656E-3	6.9331E-1
8.9000E-4	9.5215E-3	7.2393E-1
8.9100E-4	9.7656E-3	7.5684E-1
8.9200E-4	9.7656E-3	7.8525E-1
8.9300E-4	9.2773E-3	8.0850E-1
8.9400E-4	1.0498E-2	8.2656E-1
8.9500E-4	9.7656E-3	8.3682E-1
8.9600E-4	1.0498E-2	8.3696E-1
8.9700E-4	1.0254E-2	8.3022E-1
8.9800E-4	9.5215E-3	8.1826E-1
8.9900E-4	9.0332E-3	8.0054E-1
9.0000E-4	9.2773E-3	7.7788E-1
9.0100E-4	9.5215E-3	7.5386E-1
9.0200E-4	9.7656E-3	7.3042E-1
9.0300E-4	9.5215E-3	7.0913E-1
9.0400E-4	9.2773E-3	6.9023E-1
9.0500E-4	9.5215E-3	6.7173E-1
9.0600E-4	1.0010E-2	6.5737E-1
9.0700E-4	9.5215E-3	6.4722E-1
9.0800E-4	1.0254E-2	6.4141E-1
9.0900E-4	9.2773E-3	6.3911E-1
9.1000E-4	9.2773E-3	6.4434E-1
9.1100E-4	1.0010E-2	6.5337E-1
9.1200E-4	1.0010E-2	6.6904E-1
9.1300E-4	9.7656E-3	6.8789E-1
9.1400E-4	1.0010E-2	7.1060E-1
9.1500E-4	9.2773E-3	7.3657E-1
9.1600E-4	9.7656E-3	7.6387E-1
9.1700E-4	1.0010E-2	7.8911E-1
9.1800E-4	9.5215E-3	8.0854E-1
9.1900E-4	9.2773E-3	8.2275E-1
9.2000E-4	9.2773E-3	8.2832E-1
9.2100E-4	9.7656E-3	8.2856E-1
9.2200E-4	9.2773E-3	8.1997E-1
9.2300E-4	9.2773E-3	8.0581E-1
9.2400E-4	9.2773E-3	7.8682E-1
9.2500E-4	9.5215E-3	7.6230E-1
9.2600E-4	9.7656E-3	7.3135E-1
9.2700E-4	9.7656E-3	6.9629E-1
9.2800E-4	9.5215E-3	6.6245E-1
9.2900E-4	9.2773E-3	6.3071E-1
9.3000E-4	9.2773E-3	6.0293E-1
9.3100E-4	9.5215E-3	5.8125E-1
9.3200E-4	9.5215E-3	5.6753E-1
9.3300E-4	9.7656E-3	5.6011E-1
9.3400E-4	9.7656E-3	5.5957E-1
9.3500E-4	9.2773E-3	5.6597E-1
9.3600E-4	9.5215E-3	5.7778E-1
9.3700E-4	9.7656E-3	5.9775E-1
9.3800E-4	9.5215E-3	6.2310E-1
9.3900E-4	9.7656E-3	6.5386E-1
9.4000E-4	9.2773E-3	6.8809E-1
9.4100E-4	9.2773E-3	7.2524E-1
9.4200E-4	9.7656E-3	7.5972E-1
9.4300E-4	9.2773E-3	7.9087E-1
9.4400E-4	9.2773E-3	8.1450E-1
9.4500E-4	9.5215E-3	8.3037E-1
9.4600E-4	1.0010E-2	8.3403E-1
9.4700E-4	9.2773E-3	8.2656E-1
9.4800E-4	1.0254E-2	8.0864E-1
9.4900E-4	9.7656E-3	7.7847E-1
9.5000E-4	9.5215E-3	7.4219E-1
9.5100E-4	9.7656E-3	7.0093E-1
9.5200E-4	9.5215E-3	6.5312E-1
9.5300E-4	9.5215E-3	6.0181E-1
9.5400E-4	1.0010E-2	5.5151E-1
9.5500E-4	8.7891E-3	5.0137E-1
9.5600E-4	9.7656E-3	4.5903E-1
9.5700E-4	9.5215E-3	4.2783E-1
9.5800E-4	9.7656E-3	4.0791E-1
9.5900E-4	1.0010E-2	4.0132E-1
9.6000E-4	9.7656E-3	4.0596E-1
9.6100E-4	9.5215E-3	4.1953E-1
9.6200E-4	1.0010E-2	4.4375E-1
9.6300E-4	9.5215E-3	4.7793E-1
9.6400E-4	9.5215E-3	5.2085E-1
9.6500E-4	9.2773E-3	5.7490E-1
9.6600E-4	9.2773E-3	6.3633E-1
9.6700E-4	1.0010E-2	6.9556E-1
9.6800E-4	1.0498E-2	7.4531E-1
9.6900E-4	9.7656E-3	7.8169E-1
9.7000E-4	1.0010E-2	7.9712E-1
9.7100E-4	9.7656E-3	7.8335E-1
9.7200E-4	9.5215E-3	7.4248E-1
9.7300E-4	9.5215E-3	6.7412E-1
9.7400E-4	9.5215E-3	5.8179E-1
9.7500E-4	9.7656E-3	4.7192E-1
9.7600E-4	9.5215E-3	3.5767E-1
9.7700E-4	9.2773E-3	2.5000E-1
9.7800E-4	9.7656E-3	1.5874E-1
9.7900E-4	1.0254E-2	8.8037E-2
9.8000E-4	9.2773E-3	3.9355E-2
9.8100E-4	1.0498E-2	9.5703E-3
9.8200E-4	9.7656E-3	-3.6621E-3
9.8300E-4	9.7656E-3	-4.7852E-3
9.8400E-4	1.0010E-2	1.3672E-3
9.8500E-4	9.5215E-3	1.0205E-2
9.8600E-4	9.5215E-3	2.0313E-2
9.8700E-4	9.2773E-3	2.6904E-2
9.8800E-4	9.5215E-3	3.1348E-2
9.8900E-4	9.5215E-3	3.2471E-2
9.9000E-4	9.7656E-3	3.0957E-2
9.9100E-4	9.0332E-3	2.9053E-2
9.9200E-4	9.5215E-3	2.6123E-2
9.9300E-4	9.7656E-3	2.1631E-2
9.9400E-4	1.0010E-2	1.8359E-2
9.9500E-4	9.5215E-3	1.6602E-2
9.9600E-4	9.2773E-3	1.4648E-2
9.9700E-4	9.5215E-3	1.3867E-2
9.9800E-4	9.7656E-3	1.3867E-2
9.9900E-4	1.0010E-2	1.3867E-2
