Time [s]	Aux in [V]	Main in [V]
0.0000E+0	9.7656E-3	7.8809E-2
1.0000E-6	9.7656E-3	8.0322E-2
2.0000E-6	1.0010E-2	8.2275E-2
3.0000E-6	1.0254E-2	8.3545E-2
4.0000E-6	9.7656E-3	8.2373E-2
5.0000E-6	9.7656E-3	7.9395E-2
6.0000E-6	9.7656E-3	7.6611E-2
7.0000E-6	9.5215E-3	7.3584E-2
8.0000E-6	9.7656E-3	7.1484E-2
9.0000E-6	9.0332E-3	7.0459E-2
1.0000E-5	9.7656E-3	7.0508E-2
1.1000E-5	9.2773E-3	7.1582E-2
1.2000E-5	9.0332E-3	7.1875E-2
1.3000E-5	9.5215E-3	7.4072E-2
1.4000E-5	9.7656E-3	7.8809E-2
1.5000E-5	9.7656E-3	8.5059E-2
1.6000E-5	9.7656E-3	9.3115E-2
1.7000E-5	1.0010E-2	1.0469E-1
1.8000E-5	1.0010E-2	1.1924E-1
1.9000E-5	1.0010E-2	1.3545E-1
2.0000E-5	9.5215E-3	1.5581E-1
2.1000E-5	9.2773E-3	1.8296E-1
2.2000E-5	9.5215E-3	2.2080E-1
2.3000E-5	1.0254E-2	2.7402E-1
2.4000E-5	9.2773E-3	3.4697E-1
2.5000E-5	9.2773E-3	4.4414E-1
2.6000E-5	9.5215E-3	5.6187E-1
2.7000E-5	9.2773E-3	6.8662E-1
2.8000E-5	9.2773E-3	7.9868E-1
2.9000E-5	9.2773E-3	8.8535E-1
3.0000E-5	1.0010E-2	9.3037E-1
3.1000E-5	9.2773E-3	9.2695E-1
3.2000E-5	9.7656E-3	8.8193E-1
3.3000E-5	9.2773E-3	8.0664E-1
3.4000E-5	9.5215E-3	7.1289E-1
3.5000E-5	9.5215E-3	6.1357E-1
3.6000E-5	9.2773E-3	5.2134E-1
3.7000E-5	9.5215E-3	4.4434E-1
3.8000E-5	9.7656E-3	3.8857E-1
3.9000E-5	9.5215E-3	3.5425E-1
4.0000E-5	1.0498E-2	3.4180E-1
4.1000E-5	9.0332E-3	3.4687E-1
4.2000E-5	1.0010E-2	3.6650E-1
4.3000E-5	9.2773E-3	3.9644E-1
4.4000E-5	9.2773E-3	4.3623E-1
4.5000E-5	9.2773E-3	4.8379E-1
4.6000E-5	9.7656E-3	5.3560E-1
4.7000E-5	1.0254E-2	5.8955E-1
4.8000E-5	9.5215E-3	6.4575E-1
4.9000E-5	9.5215E-3	7.0503E-1
5.0000E-5	9.5215E-3	7.6143E-1
5.1000E-5	9.5215E-3	8.1367E-1
5.2000E-5	9.2773E-3	8.5859E-1
5.3000E-5	9.7656E-3	8.8940E-1
5.4000E-5	1.0498E-2	8.9941E-1
5.5000E-5	9.5215E-3	8.9233E-1
5.6000E-5	9.7656E-3	8.7251E-1
5.7000E-5	1.0010E-2	8.4272E-1
5.8000E-5	9.5215E-3	8.0884E-1
5.9000E-5	1.0010E-2	7.7461E-1
6.0000E-5	9.5215E-3	7.4121E-1
6.1000E-5	9.5215E-3	7.0815E-1
6.2000E-5	9.5215E-3	6.7358E-1
6.3000E-5	9.7656E-3	6.4209E-1
6.4000E-5	9.2773E-3	6.1558E-1
6.5000E-5	9.7656E-3	5.9497E-1
6.6000E-5	1.0010E-2	5.8462E-1
6.7000E-5	9.7656E-3	5.8652E-1
6.8000E-5	9.2773E-3	5.9771E-1
6.9000E-5	9.0332E-3	6.1675E-1
7.0000E-5	9.5215E-3	6.4697E-1
7.1000E-5	9.7656E-3	6.8174E-1
7.2000E-5	9.7656E-3	7.2217E-1
7.3000E-5	9.7656E-3	7.6255E-1
7.4000E-5	9.5215E-3	8.0083E-1
7.5000E-5	1.0010E-2	8.2988E-1
7.6000E-5	1.0010E-2	8.5171E-1
7.7000E-5	9.7656E-3	8.6084E-1
7.8000E-5	9.7656E-3	8.6245E-1
7.9000E-5	9.2773E-3	8.5693E-1
8.0000E-5	1.0010E-2	8.4619E-1
8.1000E-5	9.5215E-3	8.3081E-1
8.2000E-5	9.5215E-3	8.1436E-1
8.3000E-5	9.7656E-3	7.9570E-1
8.4000E-5	9.2773E-3	7.7534E-1
8.5000E-5	9.2773E-3	7.5649E-1
8.6000E-5	9.5215E-3	7.3936E-1
8.7000E-5	9.5215E-3	7.2422E-1
8.8000E-5	9.2773E-3	7.1079E-1
8.9000E-5	9.0332E-3	7.0039E-1
9.0000E-5	9.2773E-3	6.9453E-1
9.1000E-5	9.2773E-3	6.9380E-1
9.2000E-5	9.7656E-3	6.9590E-1
9.3000E-5	9.5215E-3	7.0532E-1
9.4000E-5	9.7656E-3	7.2012E-1
9.5000E-5	9.5215E-3	7.3882E-1
9.6000E-5	9.2773E-3	7.5801E-1
9.7000E-5	9.7656E-3	7.8032E-1
9.8000E-5	9.5215E-3	8.0278E-1
9.9000E-5	9.5215E-3	8.2734E-1
1.0000E-4	9.5215E-3	8.4629E-1
1.0100E-4	9.0332E-3	8.6167E-1
1.0200E-4	9.5215E-3	8.7168E-1
1.0300E-4	9.7656E-3	8.7480E-1
1.0400E-4	9.5215E-3	8.6943E-1
1.0500E-4	9.2773E-3	8.6143E-1
1.0600E-4	9.7656E-3	8.5327E-1
1.0700E-4	9.5215E-3	8.4292E-1
1.0800E-4	9.2773E-3	8.3252E-1
1.0900E-4	9.5215E-3	8.2231E-1
1.1000E-4	9.5215E-3	8.1167E-1
1.1100E-4	9.2773E-3	7.9858E-1
1.1200E-4	9.5215E-3	7.8691E-1
1.1300E-4	9.2773E-3	7.7373E-1
1.1400E-4	1.0010E-2	7.6040E-1
1.1500E-4	9.5215E-3	7.4902E-1
1.1600E-4	9.7656E-3	7.4097E-1
1.1700E-4	9.5215E-3	7.3779E-1
1.1800E-4	9.7656E-3	7.4004E-1
1.1900E-4	9.7656E-3	7.4731E-1
1.2000E-4	9.7656E-3	7.5898E-1
1.2100E-4	9.0332E-3	7.7305E-1
1.2200E-4	9.7656E-3	7.8521E-1
1.2300E-4	9.5215E-3	7.9868E-1
1.2400E-4	9.7656E-3	8.1172E-1
1.2500E-4	9.7656E-3	8.2417E-1
1.2600E-4	9.5215E-3	8.3530E-1
1.2700E-4	9.7656E-3	8.4448E-1
1.2800E-4	9.2773E-3	8.4814E-1
1.2900E-4	9.5215E-3	8.4854E-1
1.3000E-4	9.7656E-3	8.4561E-1
1.3100E-4	8.7891E-3	8.3735E-1
1.3200E-4	1.0254E-2	8.2681E-1
1.3300E-4	9.5215E-3	8.1479E-1
1.3400E-4	9.7656E-3	8.0103E-1
1.3500E-4	9.5215E-3	7.8755E-1
1.3600E-4	9.7656E-3	7.7656E-1
1.3700E-4	1.0254E-2	7.6704E-1
1.3800E-4	1.0254E-2	7.5894E-1
1.3900E-4	1.0498E-2	7.5161E-1
1.4000E-4	9.7656E-3	7.4575E-1
1.4100E-4	9.7656E-3	7.4165E-1
1.4200E-4	9.2773E-3	7.3892E-1
1.4300E-4	9.5215E-3	7.3970E-1
1.4400E-4	1.0010E-2	7.4473E-1
1.4500E-4	9.2773E-3	7.5303E-1
1.4600E-4	1.0498E-2	7.6323E-1
1.4700E-4	9.7656E-3	7.7524E-1
1.4800E-4	1.0254E-2	7.8735E-1
1.4900E-4	9.2773E-3	8.0112E-1
1.5000E-4	9.0332E-3	8.1333E-1
1.5100E-4	9.2773E-3	8.2168E-1
1.5200E-4	9.2773E-3	8.2939E-1
1.5300E-4	8.7891E-3	8.3560E-1
1.5400E-4	9.5215E-3	8.3564E-1
1.5500E-4	9.7656E-3	8.3247E-1
1.5600E-4	9.2773E-3	8.2837E-1
1.5700E-4	9.0332E-3	8.2056E-1
1.5800E-4	9.5215E-3	8.1548E-1
1.5900E-4	1.0010E-2	8.1157E-1
1.6000E-4	9.5215E-3	8.0532E-1
1.6100E-4	1.0010E-2	7.9844E-1
1.6200E-4	9.2773E-3	7.9331E-1
1.6300E-4	9.7656E-3	7.8379E-1
1.6400E-4	9.7656E-3	7.7383E-1
1.6500E-4	1.0254E-2	7.6523E-1
1.6600E-4	9.5215E-3	7.6006E-1
1.6700E-4	1.0010E-2	7.5615E-1
1.6800E-4	1.0254E-2	7.5439E-1
1.6900E-4	1.0010E-2	7.5508E-1
1.7000E-4	1.0010E-2	7.5835E-1
1.7100E-4	9.7656E-3	7.6201E-1
1.7200E-4	9.2773E-3	7.6602E-1
1.7300E-4	9.5215E-3	7.6973E-1
1.7400E-4	9.7656E-3	7.7358E-1
1.7500E-4	9.5215E-3	7.7676E-1
1.7600E-4	9.7656E-3	7.7891E-1
1.7700E-4	9.5215E-3	7.8164E-1
1.7800E-4	1.0254E-2	7.8525E-1
1.7900E-4	9.2773E-3	7.8945E-1
1.8000E-4	9.5215E-3	7.9067E-1
1.8100E-4	9.2773E-3	7.8911E-1
1.8200E-4	9.2773E-3	7.8389E-1
1.8300E-4	9.5215E-3	7.7915E-1
1.8400E-4	9.5215E-3	7.7344E-1
1.8500E-4	1.0254E-2	7.6943E-1
1.8600E-4	1.0010E-2	7.6924E-1
1.8700E-4	9.7656E-3	7.7056E-1
1.8800E-4	9.7656E-3	7.6821E-1
1.8900E-4	9.7656E-3	7.6260E-1
1.9000E-4	9.5215E-3	7.5645E-1
1.9100E-4	9.5215E-3	7.5015E-1
1.9200E-4	1.0010E-2	7.4492E-1
1.9300E-4	1.0254E-2	7.4268E-1
1.9400E-4	1.0010E-2	7.4399E-1
1.9500E-4	1.0010E-2	7.4897E-1
1.9600E-4	9.5215E-3	7.5396E-1
1.9700E-4	9.0332E-3	7.6084E-1
1.9800E-4	9.5215E-3	7.6812E-1
1.9900E-4	9.5215E-3	7.7529E-1
2.0000E-4	1.0010E-2	7.8447E-1
2.0100E-4	9.7656E-3	7.9307E-1
2.0200E-4	9.2773E-3	8.0254E-1
2.0300E-4	9.7656E-3	8.0835E-1
2.0400E-4	9.7656E-3	8.1069E-1
2.0500E-4	1.0254E-2	8.0757E-1
2.0600E-4	9.0332E-3	8.0469E-1
2.0700E-4	9.5215E-3	7.9507E-1
2.0800E-4	9.7656E-3	7.8560E-1
2.0900E-4	9.7656E-3	7.7676E-1
2.1000E-4	9.7656E-3	7.6890E-1
2.1100E-4	1.0254E-2	7.6050E-1
2.1200E-4	9.5215E-3	7.5610E-1
2.1300E-4	9.7656E-3	7.5239E-1
2.1400E-4	9.7656E-3	7.4897E-1
2.1500E-4	1.0254E-2	7.4751E-1
2.1600E-4	9.2773E-3	7.4624E-1
2.1700E-4	1.0254E-2	7.4351E-1
2.1800E-4	9.5215E-3	7.4282E-1
2.1900E-4	9.7656E-3	7.4448E-1
2.2000E-4	1.0254E-2	7.4595E-1
2.2100E-4	9.5215E-3	7.4902E-1
2.2200E-4	1.0010E-2	7.5400E-1
2.2300E-4	1.0010E-2	7.6064E-1
2.2400E-4	9.2773E-3	7.6919E-1
2.2500E-4	9.2773E-3	7.7607E-1
2.2600E-4	9.5215E-3	7.7891E-1
2.2700E-4	9.2773E-3	7.8052E-1
2.2800E-4	9.5215E-3	7.7852E-1
2.2900E-4	1.0010E-2	7.7637E-1
2.3000E-4	1.0010E-2	7.7285E-1
2.3100E-4	9.2773E-3	7.7124E-1
2.3200E-4	1.0010E-2	7.7197E-1
2.3300E-4	9.0332E-3	7.7104E-1
2.3400E-4	9.7656E-3	7.6729E-1
2.3500E-4	9.5215E-3	7.6372E-1
2.3600E-4	9.5215E-3	7.5879E-1
2.3700E-4	1.0010E-2	7.5132E-1
2.3800E-4	1.0010E-2	7.4619E-1
2.3900E-4	1.0010E-2	7.4121E-1
2.4000E-4	1.0254E-2	7.3486E-1
2.4100E-4	9.2773E-3	7.2900E-1
2.4200E-4	9.5215E-3	7.2495E-1
2.4300E-4	9.7656E-3	7.2075E-1
2.4400E-4	9.5215E-3	7.1895E-1
2.4500E-4	8.7891E-3	7.2271E-1
2.4600E-4	9.5215E-3	7.2915E-1
2.4700E-4	1.0010E-2	7.3667E-1
2.4800E-4	9.5215E-3	7.4829E-1
2.4900E-4	9.5215E-3	7.5913E-1
2.5000E-4	9.7656E-3	7.6548E-1
2.5100E-4	8.7891E-3	7.7046E-1
2.5200E-4	1.0254E-2	7.7524E-1
2.5300E-4	9.5215E-3	7.7778E-1
2.5400E-4	9.5215E-3	7.8071E-1
2.5500E-4	9.5215E-3	7.8579E-1
2.5600E-4	9.7656E-3	7.8926E-1
2.5700E-4	9.7656E-3	7.9023E-1
2.5800E-4	9.5215E-3	7.9014E-1
2.5900E-4	9.7656E-3	7.8774E-1
2.6000E-4	9.2773E-3	7.8423E-1
2.6100E-4	9.2773E-3	7.8281E-1
2.6200E-4	9.7656E-3	7.8213E-1
2.6300E-4	9.7656E-3	7.7993E-1
2.6400E-4	9.0332E-3	7.7515E-1
2.6500E-4	9.5215E-3	7.6812E-1
2.6600E-4	1.0010E-2	7.6143E-1
2.6700E-4	9.5215E-3	7.5508E-1
2.6800E-4	9.5215E-3	7.4990E-1
2.6900E-4	9.5215E-3	7.4873E-1
2.7000E-4	9.2773E-3	7.5215E-1
2.7100E-4	9.5215E-3	7.5508E-1
2.7200E-4	9.5215E-3	7.6074E-1
2.7300E-4	1.0010E-2	7.6821E-1
2.7400E-4	9.0332E-3	7.7607E-1
2.7500E-4	1.0010E-2	7.8223E-1
2.7600E-4	9.2773E-3	7.8931E-1
2.7700E-4	9.5215E-3	7.9365E-1
2.7800E-4	9.0332E-3	7.9585E-1
2.7900E-4	9.2773E-3	7.9604E-1
2.8000E-4	9.5215E-3	7.9644E-1
2.8100E-4	9.2773E-3	7.9399E-1
2.8200E-4	9.7656E-3	7.9414E-1
2.8300E-4	9.5215E-3	7.9497E-1
2.8400E-4	9.2773E-3	7.9487E-1
2.8500E-4	9.5215E-3	7.9150E-1
2.8600E-4	9.2773E-3	7.8867E-1
2.8700E-4	9.5215E-3	7.8174E-1
2.8800E-4	9.7656E-3	7.7314E-1
2.8900E-4	1.0010E-2	7.6563E-1
2.9000E-4	1.0010E-2	7.6089E-1
2.9100E-4	9.7656E-3	7.5688E-1
2.9200E-4	1.0010E-2	7.5405E-1
2.9300E-4	1.0010E-2	7.5244E-1
2.9400E-4	9.7656E-3	7.5093E-1
2.9500E-4	1.0010E-2	7.4927E-1
2.9600E-4	1.0010E-2	7.5044E-1
2.9700E-4	9.7656E-3	7.5278E-1
2.9800E-4	9.2773E-3	7.6006E-1
2.9900E-4	9.7656E-3	7.6997E-1
3.0000E-4	1.0254E-2	7.8428E-1
3.0100E-4	9.0332E-3	7.9780E-1
3.0200E-4	1.0010E-2	8.1113E-1
3.0300E-4	1.0010E-2	8.1997E-1
3.0400E-4	9.5215E-3	8.2705E-1
3.0500E-4	1.0010E-2	8.2988E-1
3.0600E-4	1.0010E-2	8.2935E-1
3.0700E-4	9.7656E-3	8.2598E-1
3.0800E-4	9.5215E-3	8.2241E-1
3.0900E-4	1.0010E-2	8.1909E-1
3.1000E-4	1.0010E-2	8.1563E-1
3.1100E-4	1.0010E-2	8.1299E-1
3.1200E-4	1.0010E-2	8.1147E-1
3.1300E-4	9.7656E-3	8.0811E-1
3.1400E-4	9.2773E-3	8.0156E-1
3.1500E-4	9.5215E-3	7.9160E-1
3.1600E-4	9.2773E-3	7.8115E-1
3.1700E-4	9.7656E-3	7.7212E-1
3.1800E-4	1.0254E-2	7.6567E-1
3.1900E-4	9.5215E-3	7.6221E-1
3.2000E-4	9.2773E-3	7.6343E-1
3.2100E-4	9.0332E-3	7.6528E-1
3.2200E-4	1.0010E-2	7.6797E-1
3.2300E-4	9.5215E-3	7.7373E-1
3.2400E-4	1.0010E-2	7.8179E-1
3.2500E-4	1.0010E-2	7.9141E-1
3.2600E-4	1.0010E-2	8.0249E-1
3.2700E-4	9.5215E-3	8.1377E-1
3.2800E-4	9.7656E-3	8.2363E-1
3.2900E-4	9.5215E-3	8.3159E-1
3.3000E-4	1.0010E-2	8.3711E-1
3.3100E-4	9.7656E-3	8.4097E-1
3.3200E-4	9.7656E-3	8.4116E-1
3.3300E-4	9.5215E-3	8.3779E-1
3.3400E-4	9.7656E-3	8.3198E-1
3.3500E-4	9.2773E-3	8.2378E-1
3.3600E-4	9.2773E-3	8.1274E-1
3.3700E-4	9.5215E-3	8.0337E-1
3.3800E-4	9.5215E-3	7.9404E-1
3.3900E-4	1.0254E-2	7.8540E-1
3.4000E-4	9.2773E-3	7.7778E-1
3.4100E-4	9.5215E-3	7.7192E-1
3.4200E-4	9.5215E-3	7.6680E-1
3.4300E-4	9.0332E-3	7.6099E-1
3.4400E-4	9.5215E-3	7.5562E-1
3.4500E-4	9.2773E-3	7.5063E-1
3.4600E-4	9.0332E-3	7.4634E-1
3.4700E-4	9.2773E-3	7.4307E-1
3.4800E-4	1.0010E-2	7.4609E-1
3.4900E-4	9.7656E-3	7.5327E-1
3.5000E-4	1.0010E-2	7.6211E-1
3.5100E-4	9.5215E-3	7.7529E-1
3.5200E-4	1.0254E-2	7.8779E-1
3.5300E-4	1.0010E-2	8.0200E-1
3.5400E-4	1.0254E-2	8.1514E-1
3.5500E-4	9.7656E-3	8.3169E-1
3.5600E-4	9.5215E-3	8.4648E-1
3.5700E-4	1.0010E-2	8.6099E-1
3.5800E-4	1.0254E-2	8.6934E-1
3.5900E-4	9.2773E-3	8.7148E-1
3.6000E-4	9.7656E-3	8.6826E-1
3.6100E-4	9.7656E-3	8.6143E-1
3.6200E-4	9.7656E-3	8.5146E-1
3.6300E-4	1.0010E-2	8.3853E-1
3.6400E-4	9.5215E-3	8.2729E-1
3.6500E-4	9.7656E-3	8.1470E-1
3.6600E-4	9.5215E-3	8.0156E-1
3.6700E-4	9.5215E-3	7.8867E-1
3.6800E-4	8.7891E-3	7.7661E-1
3.6900E-4	9.0332E-3	7.6641E-1
3.7000E-4	9.2773E-3	7.5884E-1
3.7100E-4	9.2773E-3	7.5474E-1
3.7200E-4	9.0332E-3	7.5386E-1
3.7300E-4	9.2773E-3	7.5649E-1
3.7400E-4	9.5215E-3	7.6187E-1
3.7500E-4	9.5215E-3	7.7100E-1
3.7600E-4	9.5215E-3	7.8257E-1
3.7700E-4	9.0332E-3	7.9814E-1
3.7800E-4	9.7656E-3	8.1572E-1
3.7900E-4	1.0254E-2	8.3188E-1
3.8000E-4	9.0332E-3	8.4478E-1
3.8100E-4	9.5215E-3	8.5464E-1
3.8200E-4	1.0498E-2	8.5977E-1
3.8300E-4	9.7656E-3	8.6040E-1
3.8400E-4	9.7656E-3	8.5723E-1
3.8500E-4	9.5215E-3	8.5195E-1
3.8600E-4	9.7656E-3	8.4395E-1
3.8700E-4	1.0254E-2	8.3276E-1
3.8800E-4	9.2773E-3	8.2085E-1
3.8900E-4	9.2773E-3	8.0767E-1
3.9000E-4	9.5215E-3	7.9272E-1
3.9100E-4	1.0254E-2	7.7690E-1
3.9200E-4	9.2773E-3	7.6025E-1
3.9300E-4	9.5215E-3	7.4307E-1
3.9400E-4	1.0254E-2	7.2793E-1
3.9500E-4	9.7656E-3	7.1538E-1
3.9600E-4	9.2773E-3	7.0615E-1
3.9700E-4	9.5215E-3	6.9980E-1
3.9800E-4	1.0010E-2	6.9971E-1
3.9900E-4	9.0332E-3	7.0474E-1
4.0000E-4	1.0254E-2	7.1689E-1
4.0100E-4	9.2773E-3	7.3589E-1
4.0200E-4	1.0010E-2	7.6284E-1
4.0300E-4	9.2773E-3	7.9126E-1
4.0400E-4	9.2773E-3	8.2012E-1
4.0500E-4	9.5215E-3	8.4526E-1
4.0600E-4	1.0010E-2	8.6675E-1
4.0700E-4	9.2773E-3	8.8047E-1
4.0800E-4	8.7891E-3	8.8921E-1
4.0900E-4	1.0010E-2	8.9277E-1
4.1000E-4	9.2773E-3	8.9180E-1
4.1100E-4	9.7656E-3	8.8652E-1
4.1200E-4	9.5215E-3	8.7729E-1
4.1300E-4	9.7656E-3	8.6226E-1
4.1400E-4	9.5215E-3	8.4326E-1
4.1500E-4	9.2773E-3	8.2041E-1
4.1600E-4	1.0010E-2	7.9370E-1
4.1700E-4	9.5215E-3	7.6777E-1
4.1800E-4	9.5215E-3	7.4629E-1
4.1900E-4	9.0332E-3	7.2798E-1
4.2000E-4	9.7656E-3	7.1602E-1
4.2100E-4	9.7656E-3	7.0996E-1
4.2200E-4	1.0010E-2	7.0879E-1
4.2300E-4	8.7891E-3	7.0840E-1
4.2400E-4	1.0010E-2	7.1274E-1
4.2500E-4	9.5215E-3	7.2007E-1
4.2600E-4	9.7656E-3	7.3271E-1
4.2700E-4	9.0332E-3	7.5112E-1
4.2800E-4	9.5215E-3	7.7617E-1
4.2900E-4	1.0010E-2	8.0430E-1
4.3000E-4	1.0010E-2	8.3506E-1
4.3100E-4	9.5215E-3	8.6143E-1
4.3200E-4	9.7656E-3	8.8262E-1
4.3300E-4	9.2773E-3	8.9834E-1
4.3400E-4	9.7656E-3	9.0483E-1
4.3500E-4	1.0010E-2	9.0078E-1
4.3600E-4	9.7656E-3	8.8813E-1
4.3700E-4	9.7656E-3	8.6904E-1
4.3800E-4	1.0254E-2	8.4243E-1
4.3900E-4	9.5215E-3	8.1196E-1
4.4000E-4	9.7656E-3	7.7642E-1
4.4100E-4	9.7656E-3	7.4028E-1
4.4200E-4	9.5215E-3	7.0347E-1
4.4300E-4	9.2773E-3	6.6768E-1
4.4400E-4	9.2773E-3	6.3647E-1
4.4500E-4	9.7656E-3	6.1387E-1
4.4600E-4	9.5215E-3	5.9990E-1
4.4700E-4	9.5215E-3	5.9214E-1
4.4800E-4	1.0254E-2	5.9512E-1
4.4900E-4	9.2773E-3	6.0439E-1
4.5000E-4	9.2773E-3	6.1938E-1
4.5100E-4	1.0010E-2	6.3872E-1
4.5200E-4	1.0010E-2	6.6572E-1
4.5300E-4	9.5215E-3	6.9780E-1
4.5400E-4	9.0332E-3	7.3750E-1
4.5500E-4	1.0010E-2	7.8057E-1
4.5600E-4	9.7656E-3	8.2593E-1
4.5700E-4	9.2773E-3	8.6821E-1
4.5800E-4	9.7656E-3	9.0332E-1
4.5900E-4	1.0010E-2	9.2451E-1
4.6000E-4	9.7656E-3	9.3149E-1
4.6100E-4	9.0332E-3	9.2305E-1
4.6200E-4	9.5215E-3	8.9800E-1
4.6300E-4	9.7656E-3	8.5947E-1
4.6400E-4	1.0010E-2	8.1123E-1
4.6500E-4	9.2773E-3	7.5620E-1
4.6600E-4	9.2773E-3	6.9746E-1
4.6700E-4	9.0332E-3	6.3892E-1
4.6800E-4	9.5215E-3	5.8345E-1
4.6900E-4	9.5215E-3	5.3433E-1
4.7000E-4	9.5215E-3	4.9609E-1
4.7100E-4	9.5215E-3	4.6758E-1
4.7200E-4	9.7656E-3	4.5015E-1
4.7300E-4	9.2773E-3	4.4253E-1
4.7400E-4	1.0498E-2	4.4683E-1
4.7500E-4	9.5215E-3	4.5918E-1
4.7600E-4	9.2773E-3	4.8340E-1
4.7700E-4	9.5215E-3	5.2090E-1
4.7800E-4	9.7656E-3	5.7349E-1
4.7900E-4	9.7656E-3	6.3911E-1
4.8000E-4	1.0010E-2	7.2070E-1
4.8100E-4	9.7656E-3	8.0430E-1
4.8200E-4	9.2773E-3	8.7871E-1
4.8300E-4	9.0332E-3	9.3008E-1
4.8400E-4	9.2773E-3	9.4741E-1
4.8500E-4	9.2773E-3	9.1851E-1
4.8600E-4	1.0254E-2	8.4951E-1
4.8700E-4	9.7656E-3	7.4585E-1
4.8800E-4	9.2773E-3	6.2031E-1
4.8900E-4	9.0332E-3	4.8818E-1
4.9000E-4	9.5215E-3	3.6118E-1
4.9100E-4	9.2773E-3	2.5112E-1
4.9200E-4	9.7656E-3	1.6470E-1
4.9300E-4	1.0010E-2	1.0220E-1
4.9400E-4	9.5215E-3	6.1670E-2
4.9500E-4	9.2773E-3	4.1748E-2
4.9600E-4	9.7656E-3	3.4570E-2
4.9700E-4	1.0010E-2	3.7109E-2
4.9800E-4	9.5215E-3	4.5703E-2
4.9900E-4	9.5215E-3	5.6885E-2
5.0000E-4	9.7656E-3	6.3477E-2
5.0100E-4	9.5215E-3	6.7139E-2
5.0200E-4	8.7891E-3	6.7480E-2
5.0300E-4	9.5215E-3	6.6309E-2
5.0400E-4	9.7656E-3	6.0742E-2
5.0500E-4	1.0010E-2	5.5469E-2
5.0600E-4	9.5215E-3	4.9756E-2
5.0700E-4	9.0332E-3	4.4971E-2
5.0800E-4	1.0254E-2	4.1064E-2
5.0900E-4	9.5215E-3	3.6914E-2
5.1000E-4	9.0332E-3	3.5986E-2
5.1100E-4	9.5215E-3	3.5645E-2
5.1200E-4	1.0010E-2	3.6084E-2
5.1300E-4	1.0010E-2	3.6328E-2
5.1400E-4	1.0010E-2	4.0137E-2
5.1500E-4	9.5215E-3	4.4775E-2
5.1600E-4	9.7656E-3	5.2686E-2
5.1700E-4	9.2773E-3	6.3818E-2
5.1800E-4	9.5215E-3	7.7441E-2
5.1900E-4	9.7656E-3	9.5410E-2
5.2000E-4	9.5215E-3	1.1914E-1
5.2100E-4	9.0332E-3	1.5093E-1
5.2200E-4	9.5215E-3	1.9473E-1
5.2300E-4	9.5215E-3	2.5498E-1
5.2400E-4	9.0332E-3	3.3608E-1
5.2500E-4	9.2773E-3	4.4453E-1
5.2600E-4	9.5215E-3	5.7637E-1
5.2700E-4	9.7656E-3	7.1694E-1
5.2800E-4	9.5215E-3	8.4912E-1
5.2900E-4	9.5215E-3	9.5444E-1
5.3000E-4	9.5215E-3	1.0115E+0
5.3100E-4	9.0332E-3	1.0119E+0
5.3200E-4	1.0010E-2	9.6206E-1
5.3300E-4	9.2773E-3	8.7310E-1
5.3400E-4	1.0010E-2	7.6079E-1
5.3500E-4	9.7656E-3	6.4463E-1
5.3600E-4	9.7656E-3	5.4028E-1
5.3700E-4	9.2773E-3	4.5532E-1
5.3800E-4	9.0332E-3	3.9692E-1
5.3900E-4	9.5215E-3	3.6489E-1
5.4000E-4	9.5215E-3	3.5757E-1
5.4100E-4	9.7656E-3	3.6777E-1
5.4200E-4	9.5215E-3	3.9282E-1
5.4300E-4	9.7656E-3	4.3022E-1
5.4400E-4	9.7656E-3	4.7471E-1
5.4500E-4	9.7656E-3	5.2329E-1
5.4600E-4	9.0332E-3	5.7588E-1
5.4700E-4	9.5215E-3	6.2974E-1
5.4800E-4	1.0498E-2	6.8335E-1
5.4900E-4	9.2773E-3	7.3823E-1
5.5000E-4	9.5215E-3	7.9082E-1
5.5100E-4	9.7656E-3	8.3828E-1
5.5200E-4	1.0254E-2	8.7817E-1
5.5300E-4	8.7891E-3	9.0273E-1
5.5400E-4	9.7656E-3	9.1040E-1
5.5500E-4	1.0254E-2	9.0156E-1
5.5600E-4	9.0332E-3	8.7949E-1
5.5700E-4	9.2773E-3	8.4717E-1
5.5800E-4	9.7656E-3	8.1011E-1
5.5900E-4	9.5215E-3	7.6948E-1
5.6000E-4	9.5215E-3	7.2920E-1
5.6100E-4	9.5215E-3	6.8721E-1
5.6200E-4	9.7656E-3	6.4687E-1
5.6300E-4	9.7656E-3	6.1338E-1
5.6400E-4	1.0010E-2	5.8921E-1
5.6500E-4	9.5215E-3	5.7158E-1
5.6600E-4	9.2773E-3	5.6460E-1
5.6700E-4	9.5215E-3	5.6768E-1
5.6800E-4	9.5215E-3	5.7861E-1
5.6900E-4	1.0010E-2	5.9746E-1
5.7000E-4	9.2773E-3	6.2515E-1
5.7100E-4	9.5215E-3	6.6123E-1
5.7200E-4	9.7656E-3	7.0215E-1
5.7300E-4	9.2773E-3	7.4707E-1
5.7400E-4	9.0332E-3	7.9116E-1
5.7500E-4	9.7656E-3	8.3350E-1
5.7600E-4	9.7656E-3	8.6973E-1
5.7700E-4	8.7891E-3	8.9663E-1
5.7800E-4	1.0254E-2	9.1313E-1
5.7900E-4	9.5215E-3	9.1704E-1
5.8000E-4	9.7656E-3	9.1133E-1
5.8100E-4	9.7656E-3	8.9658E-1
5.8200E-4	9.2773E-3	8.7632E-1
5.8300E-4	1.0010E-2	8.5078E-1
5.8400E-4	9.7656E-3	8.2622E-1
5.8500E-4	9.5215E-3	8.0122E-1
5.8600E-4	9.2773E-3	7.7861E-1
5.8700E-4	9.0332E-3	7.5791E-1
5.8800E-4	9.2773E-3	7.4106E-1
5.8900E-4	9.7656E-3	7.2837E-1
5.9000E-4	9.5215E-3	7.1855E-1
5.9100E-4	9.7656E-3	7.1182E-1
5.9200E-4	1.0254E-2	7.0913E-1
5.9300E-4	9.7656E-3	7.0981E-1
5.9400E-4	9.2773E-3	7.1455E-1
5.9500E-4	9.7656E-3	7.2417E-1
5.9600E-4	9.0332E-3	7.4048E-1
5.9700E-4	9.0332E-3	7.6563E-1
5.9800E-4	9.7656E-3	7.9668E-1
5.9900E-4	8.7891E-3	8.2827E-1
6.0000E-4	1.0010E-2	8.5635E-1
6.0100E-4	9.5215E-3	8.7876E-1
6.0200E-4	1.0010E-2	8.9136E-1
6.0300E-4	9.7656E-3	8.9414E-1
6.0400E-4	1.0010E-2	8.8999E-1
6.0500E-4	9.5215E-3	8.8003E-1
6.0600E-4	1.0010E-2	8.6543E-1
6.0700E-4	9.2773E-3	8.4800E-1
6.0800E-4	9.7656E-3	8.2832E-1
6.0900E-4	9.5215E-3	8.0698E-1
6.1000E-4	9.2773E-3	7.8921E-1
6.1100E-4	1.0010E-2	7.7261E-1
6.1200E-4	9.5215E-3	7.5781E-1
6.1300E-4	9.7656E-3	7.4458E-1
6.1400E-4	9.5215E-3	7.3633E-1
6.1500E-4	9.5215E-3	7.2900E-1
6.1600E-4	9.5215E-3	7.2720E-1
6.1700E-4	9.5215E-3	7.2861E-1
6.1800E-4	9.5215E-3	7.3618E-1
6.1900E-4	9.5215E-3	7.4443E-1
6.2000E-4	9.2773E-3	7.5820E-1
6.2100E-4	1.0010E-2	7.7324E-1
6.2200E-4	9.5215E-3	7.9009E-1
6.2300E-4	1.0010E-2	8.0986E-1
6.2400E-4	1.0010E-2	8.2935E-1
6.2500E-4	9.2773E-3	8.4766E-1
6.2600E-4	9.2773E-3	8.6172E-1
6.2700E-4	9.7656E-3	8.7363E-1
6.2800E-4	9.7656E-3	8.7715E-1
6.2900E-4	9.2773E-3	8.7832E-1
6.3000E-4	9.5215E-3	8.7563E-1
6.3100E-4	9.7656E-3	8.7090E-1
6.3200E-4	9.7656E-3	8.6299E-1
6.3300E-4	9.5215E-3	8.5503E-1
6.3400E-4	1.0010E-2	8.4521E-1
6.3500E-4	9.5215E-3	8.3169E-1
6.3600E-4	9.7656E-3	8.1626E-1
6.3700E-4	9.5215E-3	7.9980E-1
6.3800E-4	9.5215E-3	7.8340E-1
6.3900E-4	9.5215E-3	7.6904E-1
6.4000E-4	1.0010E-2	7.6006E-1
6.4100E-4	1.0010E-2	7.5381E-1
6.4200E-4	9.7656E-3	7.5078E-1
6.4300E-4	9.2773E-3	7.5137E-1
6.4400E-4	1.0010E-2	7.5718E-1
6.4500E-4	9.5215E-3	7.6465E-1
6.4600E-4	1.0254E-2	7.7749E-1
6.4700E-4	9.7656E-3	7.9316E-1
6.4800E-4	1.0010E-2	8.0986E-1
6.4900E-4	9.5215E-3	8.2373E-1
6.5000E-4	1.0010E-2	8.3594E-1
6.5100E-4	9.7656E-3	8.4468E-1
6.5200E-4	9.7656E-3	8.5132E-1
6.5300E-4	9.7656E-3	8.5752E-1
6.5400E-4	1.0010E-2	8.6045E-1
6.5500E-4	9.7656E-3	8.6138E-1
6.5600E-4	8.7891E-3	8.5928E-1
6.5700E-4	9.2773E-3	8.5254E-1
6.5800E-4	9.5215E-3	8.4062E-1
6.5900E-4	1.0010E-2	8.2837E-1
6.6000E-4	9.5215E-3	8.1436E-1
6.6100E-4	1.0254E-2	7.9995E-1
6.6200E-4	9.5215E-3	7.8672E-1
6.6300E-4	9.5215E-3	7.7432E-1
6.6400E-4	1.0010E-2	7.6411E-1
6.6500E-4	9.7656E-3	7.5659E-1
6.6600E-4	9.7656E-3	7.5273E-1
6.6700E-4	1.0254E-2	7.5269E-1
6.6800E-4	1.0010E-2	7.5581E-1
6.6900E-4	9.5215E-3	7.5928E-1
6.7000E-4	9.2773E-3	7.6475E-1
6.7100E-4	9.2773E-3	7.7212E-1
6.7200E-4	1.0010E-2	7.8149E-1
6.7300E-4	9.5215E-3	7.9375E-1
6.7400E-4	9.7656E-3	8.0854E-1
6.7500E-4	9.7656E-3	8.2236E-1
6.7600E-4	9.5215E-3	8.3403E-1
6.7700E-4	1.0010E-2	8.4517E-1
6.7800E-4	9.5215E-3	8.5327E-1
6.7900E-4	9.7656E-3	8.5796E-1
6.8000E-4	9.2773E-3	8.6069E-1
6.8100E-4	1.0010E-2	8.6133E-1
6.8200E-4	9.7656E-3	8.5732E-1
6.8300E-4	9.2773E-3	8.4946E-1
6.8400E-4	1.0254E-2	8.3892E-1
6.8500E-4	9.2773E-3	8.2764E-1
6.8600E-4	9.2773E-3	8.1787E-1
6.8700E-4	9.0332E-3	8.0791E-1
6.8800E-4	9.5215E-3	8.0093E-1
6.8900E-4	9.7656E-3	7.9565E-1
6.9000E-4	1.0010E-2	7.9170E-1
6.9100E-4	1.0010E-2	7.8740E-1
6.9200E-4	9.7656E-3	7.8447E-1
6.9300E-4	9.2773E-3	7.8218E-1
6.9400E-4	9.5215E-3	7.8003E-1
6.9500E-4	9.5215E-3	7.8071E-1
6.9600E-4	9.7656E-3	7.8389E-1
6.9700E-4	1.0010E-2	7.9004E-1
6.9800E-4	9.2773E-3	7.9834E-1
6.9900E-4	9.2773E-3	8.0967E-1
7.0000E-4	9.2773E-3	8.2031E-1
7.0100E-4	9.2773E-3	8.2964E-1
7.0200E-4	9.7656E-3	8.3657E-1
7.0300E-4	9.2773E-3	8.4224E-1
7.0400E-4	9.5215E-3	8.4512E-1
7.0500E-4	1.0254E-2	8.4526E-1
7.0600E-4	9.5215E-3	8.4458E-1
7.0700E-4	9.5215E-3	8.4243E-1
7.0800E-4	9.7656E-3	8.3604E-1
7.0900E-4	9.7656E-3	8.2998E-1
7.1000E-4	9.5215E-3	8.2231E-1
7.1100E-4	9.5215E-3	8.1274E-1
7.1200E-4	9.5215E-3	8.0288E-1
7.1300E-4	9.7656E-3	7.9541E-1
7.1400E-4	9.7656E-3	7.8916E-1
7.1500E-4	9.5215E-3	7.8276E-1
7.1600E-4	9.7656E-3	7.7627E-1
7.1700E-4	9.7656E-3	7.7334E-1
7.1800E-4	9.7656E-3	7.7114E-1
7.1900E-4	9.0332E-3	7.6929E-1
7.2000E-4	9.7656E-3	7.7139E-1
7.2100E-4	9.7656E-3	7.7773E-1
7.2200E-4	9.5215E-3	7.8662E-1
7.2300E-4	1.0010E-2	7.9746E-1
7.2400E-4	9.5215E-3	8.0869E-1
7.2500E-4	1.0254E-2	8.2031E-1
7.2600E-4	9.5215E-3	8.3135E-1
7.2700E-4	9.5215E-3	8.4043E-1
7.2800E-4	9.2773E-3	8.4785E-1
7.2900E-4	1.0010E-2	8.5381E-1
7.3000E-4	1.0254E-2	8.5669E-1
7.3100E-4	1.0498E-2	8.5620E-1
7.3200E-4	9.7656E-3	8.5098E-1
7.3300E-4	9.7656E-3	8.4351E-1
7.3400E-4	9.5215E-3	8.3437E-1
7.3500E-4	9.2773E-3	8.2666E-1
7.3600E-4	9.2773E-3	8.1943E-1
7.3700E-4	9.2773E-3	8.1050E-1
7.3800E-4	9.5215E-3	8.0205E-1
7.3900E-4	9.5215E-3	7.9678E-1
7.4000E-4	9.5215E-3	7.8872E-1
7.4100E-4	1.0010E-2	7.7954E-1
7.4200E-4	1.0010E-2	7.7358E-1
7.4300E-4	1.0010E-2	7.7041E-1
7.4400E-4	9.0332E-3	7.6909E-1
7.4500E-4	9.5215E-3	7.7163E-1
7.4600E-4	9.7656E-3	7.7622E-1
7.4700E-4	9.2773E-3	7.8525E-1
7.4800E-4	9.2773E-3	7.9536E-1
7.4900E-4	1.0010E-2	8.0474E-1
7.5000E-4	9.5215E-3	8.1304E-1
7.5100E-4	9.5215E-3	8.2437E-1
7.5200E-4	9.7656E-3	8.3320E-1
7.5300E-4	8.7891E-3	8.4165E-1
7.5400E-4	1.0010E-2	8.4868E-1
7.5500E-4	1.0010E-2	8.5513E-1
7.5600E-4	9.7656E-3	8.5708E-1
7.5700E-4	1.0010E-2	8.5503E-1
7.5800E-4	9.5215E-3	8.4990E-1
7.5900E-4	1.0010E-2	8.4136E-1
7.6000E-4	9.5215E-3	8.3081E-1
7.6100E-4	9.2773E-3	8.2114E-1
7.6200E-4	9.2773E-3	8.1348E-1
7.6300E-4	9.0332E-3	8.0488E-1
7.6400E-4	9.5215E-3	7.9707E-1
7.6500E-4	9.2773E-3	7.8979E-1
7.6600E-4	9.2773E-3	7.7998E-1
7.6700E-4	9.2773E-3	7.6973E-1
7.6800E-4	1.0010E-2	7.6362E-1
7.6900E-4	9.2773E-3	7.5859E-1
7.7000E-4	1.0010E-2	7.5767E-1
7.7100E-4	9.7656E-3	7.6191E-1
7.7200E-4	9.7656E-3	7.6763E-1
7.7300E-4	9.5215E-3	7.7480E-1
7.7400E-4	9.5215E-3	7.8569E-1
7.7500E-4	9.0332E-3	7.9761E-1
7.7600E-4	1.0010E-2	8.1050E-1
7.7700E-4	9.5215E-3	8.2578E-1
7.7800E-4	9.2773E-3	8.3857E-1
7.7900E-4	9.5215E-3	8.4883E-1
7.8000E-4	8.7891E-3	8.5864E-1
7.8100E-4	9.2773E-3	8.6660E-1
7.8200E-4	9.5215E-3	8.7080E-1
7.8300E-4	9.5215E-3	8.7236E-1
7.8400E-4	1.0498E-2	8.7114E-1
7.8500E-4	9.5215E-3	8.6348E-1
7.8600E-4	9.2773E-3	8.5181E-1
7.8700E-4	1.0498E-2	8.4023E-1
7.8800E-4	9.7656E-3	8.2725E-1
7.8900E-4	9.5215E-3	8.1553E-1
7.9000E-4	9.5215E-3	8.0488E-1
7.9100E-4	9.5215E-3	7.9692E-1
7.9200E-4	1.0010E-2	7.8887E-1
7.9300E-4	9.5215E-3	7.8408E-1
7.9400E-4	9.0332E-3	7.8027E-1
7.9500E-4	1.0254E-2	7.7842E-1
7.9600E-4	9.2773E-3	7.7881E-1
7.9700E-4	9.2773E-3	7.8359E-1
7.9800E-4	9.7656E-3	7.9165E-1
7.9900E-4	9.5215E-3	8.0171E-1
8.0000E-4	1.0010E-2	8.1377E-1
8.0100E-4	1.0010E-2	8.2671E-1
8.0200E-4	9.5215E-3	8.3687E-1
8.0300E-4	1.0010E-2	8.4512E-1
8.0400E-4	9.7656E-3	8.5288E-1
8.0500E-4	9.7656E-3	8.5874E-1
8.0600E-4	9.0332E-3	8.5918E-1
8.0700E-4	9.5215E-3	8.5908E-1
8.0800E-4	9.7656E-3	8.5649E-1
8.0900E-4	9.5215E-3	8.5112E-1
8.1000E-4	9.5215E-3	8.4424E-1
8.1100E-4	9.5215E-3	8.3818E-1
8.1200E-4	9.5215E-3	8.2949E-1
8.1300E-4	9.5215E-3	8.1655E-1
8.1400E-4	9.5215E-3	8.0186E-1
8.1500E-4	9.7656E-3	7.8550E-1
8.1600E-4	1.0498E-2	7.7017E-1
8.1700E-4	9.2773E-3	7.5654E-1
8.1800E-4	8.7891E-3	7.4668E-1
8.1900E-4	9.5215E-3	7.4038E-1
8.2000E-4	9.7656E-3	7.3853E-1
8.2100E-4	1.0010E-2	7.3740E-1
8.2200E-4	1.0010E-2	7.4272E-1
8.2300E-4	9.5215E-3	7.5127E-1
8.2400E-4	9.7656E-3	7.6416E-1
8.2500E-4	9.7656E-3	7.7954E-1
8.2600E-4	9.7656E-3	7.9751E-1
8.2700E-4	9.0332E-3	8.1328E-1
8.2800E-4	9.5215E-3	8.2876E-1
8.2900E-4	9.2773E-3	8.4214E-1
8.3000E-4	1.0010E-2	8.5205E-1
8.3100E-4	1.0010E-2	8.5894E-1
8.3200E-4	9.5215E-3	8.6372E-1
8.3300E-4	9.7656E-3	8.6719E-1
8.3400E-4	1.0010E-2	8.6675E-1
8.3500E-4	1.0498E-2	8.6445E-1
8.3600E-4	9.7656E-3	8.5933E-1
8.3700E-4	9.7656E-3	8.5122E-1
8.3800E-4	9.5215E-3	8.4092E-1
8.3900E-4	9.5215E-3	8.2749E-1
8.4000E-4	9.5215E-3	8.1279E-1
8.4100E-4	1.0498E-2	7.9883E-1
8.4200E-4	1.0254E-2	7.8442E-1
8.4300E-4	9.5215E-3	7.7065E-1
8.4400E-4	9.5215E-3	7.5938E-1
8.4500E-4	1.0010E-2	7.5337E-1
8.4600E-4	9.5215E-3	7.5103E-1
8.4700E-4	9.2773E-3	7.5566E-1
8.4800E-4	9.5215E-3	7.6479E-1
8.4900E-4	9.2773E-3	7.7827E-1
8.5000E-4	9.7656E-3	7.9219E-1
8.5100E-4	9.7656E-3	8.0723E-1
8.5200E-4	9.5215E-3	8.2046E-1
8.5300E-4	9.7656E-3	8.3281E-1
8.5400E-4	1.0010E-2	8.4351E-1
8.5500E-4	9.7656E-3	8.5190E-1
8.5600E-4	1.0254E-2	8.5874E-1
8.5700E-4	1.0010E-2	8.6323E-1
8.5800E-4	9.5215E-3	8.6294E-1
8.5900E-4	9.5215E-3	8.5913E-1
8.6000E-4	1.0010E-2	8.5469E-1
8.6100E-4	9.5215E-3	8.4897E-1
8.6200E-4	9.2773E-3	8.3828E-1
8.6300E-4	9.5215E-3	8.2480E-1
8.6400E-4	9.7656E-3	8.0879E-1
8.6500E-4	9.7656E-3	7.9019E-1
8.6600E-4	9.5215E-3	7.6836E-1
8.6700E-4	9.7656E-3	7.5078E-1
8.6800E-4	1.0010E-2	7.3652E-1
8.6900E-4	9.7656E-3	7.2671E-1
8.7000E-4	9.5215E-3	7.1826E-1
8.7100E-4	9.7656E-3	7.1436E-1
8.7200E-4	9.7656E-3	7.1260E-1
8.7300E-4	9.7656E-3	7.1631E-1
8.7400E-4	9.5215E-3	7.2354E-1
8.7500E-4	9.7656E-3	7.3530E-1
8.7600E-4	9.7656E-3	7.5176E-1
8.7700E-4	9.7656E-3	7.7417E-1
8.7800E-4	9.7656E-3	7.9751E-1
8.7900E-4	1.0010E-2	8.2314E-1
8.8000E-4	9.5215E-3	8.4849E-1
8.8100E-4	9.5215E-3	8.7041E-1
8.8200E-4	8.7891E-3	8.8408E-1
8.8300E-4	9.7656E-3	8.9287E-1
8.8400E-4	9.5215E-3	8.9438E-1
8.8500E-4	1.0010E-2	8.8887E-1
8.8600E-4	9.7656E-3	8.7559E-1
8.8700E-4	9.7656E-3	8.5957E-1
8.8800E-4	9.7656E-3	8.3945E-1
8.8900E-4	9.7656E-3	8.1719E-1
8.9000E-4	1.0010E-2	7.9883E-1
8.9100E-4	9.5215E-3	7.8447E-1
8.9200E-4	9.5215E-3	7.7109E-1
8.9300E-4	1.0010E-2	7.5952E-1
8.9400E-4	9.5215E-3	7.5054E-1
8.9500E-4	9.5215E-3	7.4248E-1
8.9600E-4	1.0254E-2	7.3706E-1
8.9700E-4	9.5215E-3	7.3599E-1
8.9800E-4	9.7656E-3	7.4067E-1
8.9900E-4	9.5215E-3	7.5010E-1
9.0000E-4	1.0010E-2	7.6167E-1
9.0100E-4	9.5215E-3	7.7544E-1
9.0200E-4	9.5215E-3	7.9204E-1
9.0300E-4	1.0010E-2	8.0879E-1
9.0400E-4	1.0010E-2	8.2500E-1
9.0500E-4	9.2773E-3	8.4160E-1
9.0600E-4	9.2773E-3	8.5791E-1
9.0700E-4	9.2773E-3	8.7100E-1
9.0800E-4	9.2773E-3	8.7803E-1
9.0900E-4	9.5215E-3	8.7920E-1
9.1000E-4	1.0010E-2	8.7554E-1
9.1100E-4	9.2773E-3	8.6729E-1
9.1200E-4	8.7891E-3	8.5552E-1
9.1300E-4	9.5215E-3	8.3911E-1
9.1400E-4	9.2773E-3	8.2144E-1
9.1500E-4	1.0254E-2	8.0029E-1
9.1600E-4	1.0254E-2	7.7490E-1
9.1700E-4	9.2773E-3	7.4702E-1
9.1800E-4	9.7656E-3	7.2363E-1
9.1900E-4	9.2773E-3	7.0161E-1
9.2000E-4	9.7656E-3	6.8477E-1
9.2100E-4	1.0010E-2	6.7285E-1
9.2200E-4	9.0332E-3	6.6440E-1
9.2300E-4	1.0254E-2	6.6250E-1
9.2400E-4	9.5215E-3	6.6592E-1
9.2500E-4	1.0010E-2	6.7686E-1
9.2600E-4	9.7656E-3	6.9585E-1
9.2700E-4	9.0332E-3	7.2271E-1
9.2800E-4	9.7656E-3	7.5313E-1
9.2900E-4	9.2773E-3	7.8677E-1
9.3000E-4	1.0010E-2	8.1890E-1
9.3100E-4	1.0010E-2	8.4907E-1
9.3200E-4	1.0254E-2	8.7417E-1
9.3300E-4	9.5215E-3	8.9526E-1
9.3400E-4	9.2773E-3	9.0825E-1
9.3500E-4	1.0010E-2	9.1221E-1
9.3600E-4	1.0010E-2	9.0596E-1
9.3700E-4	9.2773E-3	8.9150E-1
9.3800E-4	9.5215E-3	8.6699E-1
9.3900E-4	9.5215E-3	8.3774E-1
9.4000E-4	9.7656E-3	8.0396E-1
9.4100E-4	9.7656E-3	7.6812E-1
9.4200E-4	9.7656E-3	7.3457E-1
9.4300E-4	1.0010E-2	7.0293E-1
9.4400E-4	9.5215E-3	6.7573E-1
9.4500E-4	9.7656E-3	6.5435E-1
9.4600E-4	9.5215E-3	6.4121E-1
9.4700E-4	9.5215E-3	6.3232E-1
9.4800E-4	1.0254E-2	6.3164E-1
9.4900E-4	1.0254E-2	6.3550E-1
9.5000E-4	9.5215E-3	6.4834E-1
9.5100E-4	1.0498E-2	6.6704E-1
9.5200E-4	9.7656E-3	6.9370E-1
9.5300E-4	9.7656E-3	7.2622E-1
9.5400E-4	1.0254E-2	7.6597E-1
9.5500E-4	9.2773E-3	8.0698E-1
9.5600E-4	9.2773E-3	8.4653E-1
9.5700E-4	1.0254E-2	8.8027E-1
9.5800E-4	1.0010E-2	9.0459E-1
9.5900E-4	9.2773E-3	9.1802E-1
9.6000E-4	9.7656E-3	9.1724E-1
9.6100E-4	9.5215E-3	9.0103E-1
9.6200E-4	9.5215E-3	8.7222E-1
9.6300E-4	9.5215E-3	8.3101E-1
9.6400E-4	9.5215E-3	7.7930E-1
9.6500E-4	9.0332E-3	7.2192E-1
9.6600E-4	9.7656E-3	6.6216E-1
9.6700E-4	1.0254E-2	6.0273E-1
9.6800E-4	9.5215E-3	5.4858E-1
9.6900E-4	9.2773E-3	5.0396E-1
9.7000E-4	9.5215E-3	4.7021E-1
9.7100E-4	1.0010E-2	4.4824E-1
9.7200E-4	9.7656E-3	4.3525E-1
9.7300E-4	8.5449E-3	4.3423E-1
9.7400E-4	9.7656E-3	4.4180E-1
9.7500E-4	1.0010E-2	4.5649E-1
9.7600E-4	9.7656E-3	4.7837E-1
9.7700E-4	1.0010E-2	5.1216E-1
9.7800E-4	9.2773E-3	5.5728E-1
9.7900E-4	1.0254E-2	6.1396E-1
9.8000E-4	1.0010E-2	6.8486E-1
9.8100E-4	9.7656E-3	7.6621E-1
9.8200E-4	9.0332E-3	8.4385E-1
9.8300E-4	9.7656E-3	9.0469E-1
9.8400E-4	9.0332E-3	9.3901E-1
9.8500E-4	1.0010E-2	9.2910E-1
9.8600E-4	9.7656E-3	8.7275E-1
9.8700E-4	9.5215E-3	7.7769E-1
9.8800E-4	9.7656E-3	6.5366E-1
9.8900E-4	8.7891E-3	5.1343E-1
9.9000E-4	9.5215E-3	3.7749E-1
9.9100E-4	9.0332E-3	2.5835E-1
9.9200E-4	9.0332E-3	1.6240E-1
9.9300E-4	8.7891E-3	9.2480E-2
9.9400E-4	9.5215E-3	4.8779E-2
9.9500E-4	9.7656E-3	2.6123E-2
9.9600E-4	9.7656E-3	2.1289E-2
9.9700E-4	9.2773E-3	2.5977E-2
9.9800E-4	9.7656E-3	2.5977E-2
9.9900E-4	1.0010E-2	2.5977E-2
