Time [s]	Aux in [V]	Main in [V]
0.0000E+0	9.7656E-3	8.9648E-2
1.0000E-6	9.5215E-3	9.0186E-2
2.0000E-6	9.5215E-3	8.6523E-2
3.0000E-6	1.0010E-2	8.3740E-2
4.0000E-6	9.5215E-3	7.9248E-2
5.0000E-6	1.0254E-2	7.3584E-2
6.0000E-6	9.7656E-3	6.8408E-2
7.0000E-6	9.7656E-3	6.9971E-2
8.0000E-6	9.5215E-3	7.3145E-2
9.0000E-6	9.2773E-3	7.8271E-2
1.0000E-5	1.0254E-2	8.7305E-2
1.1000E-5	1.0010E-2	1.0083E-1
1.2000E-5	9.7656E-3	1.1509E-1
1.3000E-5	9.5215E-3	1.3301E-1
1.4000E-5	9.2773E-3	1.6084E-1
1.5000E-5	9.5215E-3	1.9702E-1
1.6000E-5	1.0254E-2	2.4761E-1
1.7000E-5	9.2773E-3	3.2319E-1
1.8000E-5	9.2773E-3	4.2505E-1
1.9000E-5	9.5215E-3	5.5288E-1
2.0000E-5	9.5215E-3	7.0073E-1
2.1000E-5	9.7656E-3	8.4502E-1
2.2000E-5	9.7656E-3	9.5933E-1
2.3000E-5	9.0332E-3	1.0254E+0
2.4000E-5	1.0010E-2	1.0335E+0
2.5000E-5	9.7656E-3	9.8315E-1
2.6000E-5	9.2773E-3	8.9165E-1
2.7000E-5	9.0332E-3	7.8101E-1
2.8000E-5	9.5215E-3	6.6816E-1
2.9000E-5	1.0010E-2	5.6382E-1
3.0000E-5	9.7656E-3	4.7710E-1
3.1000E-5	9.2773E-3	4.1479E-1
3.2000E-5	9.2773E-3	3.7686E-1
3.3000E-5	9.5215E-3	3.6357E-1
3.4000E-5	9.7656E-3	3.7173E-1
3.5000E-5	1.0010E-2	4.0024E-1
3.6000E-5	8.7891E-3	4.3979E-1
3.7000E-5	9.5215E-3	4.8633E-1
3.8000E-5	9.7656E-3	5.3750E-1
3.9000E-5	9.5215E-3	5.9204E-1
4.0000E-5	9.5215E-3	6.4800E-1
4.1000E-5	9.2773E-3	7.0898E-1
4.2000E-5	9.7656E-3	7.7144E-1
4.3000E-5	9.2773E-3	8.3301E-1
4.4000E-5	1.0010E-2	8.8892E-1
4.5000E-5	9.7656E-3	9.3247E-1
4.6000E-5	9.5215E-3	9.5688E-1
4.7000E-5	9.5215E-3	9.5986E-1
4.8000E-5	9.0332E-3	9.4160E-1
4.9000E-5	1.0254E-2	9.0435E-1
5.0000E-5	9.5215E-3	8.5342E-1
5.1000E-5	9.5215E-3	7.9375E-1
5.2000E-5	9.5215E-3	7.3398E-1
5.3000E-5	9.2773E-3	6.7808E-1
5.4000E-5	1.0010E-2	6.3022E-1
5.5000E-5	9.2773E-3	5.9399E-1
5.6000E-5	9.7656E-3	5.7031E-1
5.7000E-5	9.5215E-3	5.5771E-1
5.8000E-5	9.5215E-3	5.5337E-1
5.9000E-5	1.0254E-2	5.5762E-1
6.0000E-5	1.0254E-2	5.7080E-1
6.1000E-5	1.0010E-2	5.9141E-1
6.2000E-5	9.0332E-3	6.1714E-1
6.3000E-5	1.0010E-2	6.4829E-1
6.4000E-5	1.0010E-2	6.8174E-1
6.5000E-5	9.5215E-3	7.1675E-1
6.6000E-5	9.7656E-3	7.5498E-1
6.7000E-5	1.0010E-2	7.9858E-1
6.8000E-5	9.7656E-3	8.4370E-1
6.9000E-5	9.7656E-3	8.8804E-1
7.0000E-5	9.7656E-3	9.2681E-1
7.1000E-5	9.2773E-3	9.5586E-1
7.2000E-5	9.5215E-3	9.7012E-1
7.3000E-5	1.0010E-2	9.6787E-1
7.4000E-5	9.7656E-3	9.5161E-1
7.5000E-5	1.0498E-2	9.2627E-1
7.6000E-5	9.7656E-3	8.9043E-1
7.7000E-5	9.2773E-3	8.4746E-1
7.8000E-5	9.7656E-3	8.0649E-1
7.9000E-5	9.7656E-3	7.6738E-1
8.0000E-5	9.7656E-3	7.3135E-1
8.1000E-5	1.0010E-2	7.0562E-1
8.2000E-5	9.5215E-3	6.8950E-1
8.3000E-5	9.7656E-3	6.7935E-1
8.4000E-5	9.2773E-3	6.7686E-1
8.5000E-5	9.7656E-3	6.8174E-1
8.6000E-5	1.0010E-2	6.9238E-1
8.7000E-5	9.7656E-3	7.0825E-1
8.8000E-5	9.2773E-3	7.3008E-1
8.9000E-5	9.0332E-3	7.5532E-1
9.0000E-5	1.0254E-2	7.8281E-1
9.1000E-5	9.2773E-3	8.1157E-1
9.2000E-5	9.2773E-3	8.4248E-1
9.3000E-5	1.0010E-2	8.7114E-1
9.4000E-5	1.0010E-2	8.9697E-1
9.5000E-5	9.0332E-3	9.1855E-1
9.6000E-5	9.7656E-3	9.3042E-1
9.7000E-5	9.5215E-3	9.3267E-1
9.8000E-5	1.0254E-2	9.2739E-1
9.9000E-5	1.0010E-2	9.1338E-1
1.0000E-4	1.0010E-2	8.9214E-1
1.0100E-4	9.7656E-3	8.6899E-1
1.0200E-4	9.5215E-3	8.4419E-1
1.0300E-4	9.5215E-3	8.1851E-1
1.0400E-4	9.5215E-3	7.9429E-1
1.0500E-4	9.5215E-3	7.7124E-1
1.0600E-4	9.7656E-3	7.4961E-1
1.0700E-4	9.2773E-3	7.3135E-1
1.0800E-4	9.7656E-3	7.2036E-1
1.0900E-4	9.2773E-3	7.1465E-1
1.1000E-4	1.0010E-2	7.1470E-1
1.1100E-4	9.7656E-3	7.2188E-1
1.1200E-4	1.0010E-2	7.3525E-1
1.1300E-4	9.0332E-3	7.5020E-1
1.1400E-4	1.0010E-2	7.7065E-1
1.1500E-4	9.0332E-3	7.9487E-1
1.1600E-4	9.5215E-3	8.2065E-1
1.1700E-4	9.5215E-3	8.4507E-1
1.1800E-4	9.7656E-3	8.7061E-1
1.1900E-4	1.0010E-2	8.9224E-1
1.2000E-4	9.2773E-3	9.1113E-1
1.2100E-4	1.0498E-2	9.2578E-1
1.2200E-4	9.2773E-3	9.3452E-1
1.2300E-4	1.0010E-2	9.3657E-1
1.2400E-4	9.5215E-3	9.3428E-1
1.2500E-4	9.2773E-3	9.2617E-1
1.2600E-4	9.2773E-3	9.1226E-1
1.2700E-4	9.2773E-3	8.9604E-1
1.2800E-4	1.0010E-2	8.7778E-1
1.2900E-4	1.0010E-2	8.5693E-1
1.3000E-4	9.2773E-3	8.3589E-1
1.3100E-4	9.5215E-3	8.1631E-1
1.3200E-4	9.5215E-3	8.0127E-1
1.3300E-4	8.5449E-3	7.9087E-1
1.3400E-4	9.0332E-3	7.8560E-1
1.3500E-4	1.0498E-2	7.8486E-1
1.3600E-4	9.5215E-3	7.8989E-1
1.3700E-4	9.5215E-3	7.9814E-1
1.3800E-4	1.0010E-2	8.0801E-1
1.3900E-4	9.2773E-3	8.1992E-1
1.4000E-4	9.0332E-3	8.3306E-1
1.4100E-4	9.5215E-3	8.4727E-1
1.4200E-4	9.5215E-3	8.6196E-1
1.4300E-4	9.2773E-3	8.7690E-1
1.4400E-4	1.0254E-2	8.8965E-1
1.4500E-4	9.2773E-3	8.9961E-1
1.4600E-4	9.5215E-3	9.0737E-1
1.4700E-4	1.0010E-2	9.1069E-1
1.4800E-4	9.7656E-3	9.0996E-1
1.4900E-4	9.7656E-3	9.0615E-1
1.5000E-4	9.0332E-3	9.0005E-1
1.5100E-4	1.0010E-2	8.8896E-1
1.5200E-4	9.5215E-3	8.7358E-1
1.5300E-4	9.7656E-3	8.5845E-1
1.5400E-4	9.2773E-3	8.4219E-1
1.5500E-4	9.5215E-3	8.2764E-1
1.5600E-4	9.7656E-3	8.1729E-1
1.5700E-4	9.5215E-3	8.1104E-1
1.5800E-4	9.7656E-3	8.0435E-1
1.5900E-4	9.2773E-3	8.0103E-1
1.6000E-4	9.0332E-3	7.9990E-1
1.6100E-4	9.0332E-3	8.0034E-1
1.6200E-4	9.2773E-3	8.0259E-1
1.6300E-4	9.5215E-3	8.0898E-1
1.6400E-4	1.0254E-2	8.1572E-1
1.6500E-4	1.0010E-2	8.2524E-1
1.6600E-4	9.2773E-3	8.3613E-1
1.6700E-4	9.7656E-3	8.4907E-1
1.6800E-4	9.2773E-3	8.6309E-1
1.6900E-4	9.5215E-3	8.7798E-1
1.7000E-4	8.7891E-3	8.8955E-1
1.7100E-4	9.2773E-3	8.9819E-1
1.7200E-4	1.0010E-2	9.0396E-1
1.7300E-4	9.5215E-3	9.0571E-1
1.7400E-4	9.5215E-3	9.0591E-1
1.7500E-4	9.7656E-3	9.0249E-1
1.7600E-4	1.0010E-2	8.9644E-1
1.7700E-4	9.2773E-3	8.8735E-1
1.7800E-4	1.0010E-2	8.7593E-1
1.7900E-4	1.0010E-2	8.6206E-1
1.8000E-4	1.0010E-2	8.4824E-1
1.8100E-4	9.7656E-3	8.3638E-1
1.8200E-4	1.0010E-2	8.2749E-1
1.8300E-4	9.5215E-3	8.2163E-1
1.8400E-4	9.7656E-3	8.1724E-1
1.8500E-4	9.0332E-3	8.1563E-1
1.8600E-4	1.0010E-2	8.1392E-1
1.8700E-4	9.5215E-3	8.1450E-1
1.8800E-4	1.0010E-2	8.1401E-1
1.8900E-4	9.5215E-3	8.1851E-1
1.9000E-4	1.0010E-2	8.2476E-1
1.9100E-4	8.7891E-3	8.3242E-1
1.9200E-4	9.2773E-3	8.3833E-1
1.9300E-4	1.0498E-2	8.4370E-1
1.9400E-4	9.5215E-3	8.4629E-1
1.9500E-4	9.5215E-3	8.4951E-1
1.9600E-4	9.5215E-3	8.5371E-1
1.9700E-4	9.5215E-3	8.5654E-1
1.9800E-4	1.0010E-2	8.6318E-1
1.9900E-4	9.7656E-3	8.7007E-1
2.0000E-4	9.7656E-3	8.7227E-1
2.0100E-4	9.2773E-3	8.7285E-1
2.0200E-4	1.0010E-2	8.6948E-1
2.0300E-4	1.0010E-2	8.6152E-1
2.0400E-4	9.2773E-3	8.5127E-1
2.0500E-4	9.5215E-3	8.4077E-1
2.0600E-4	9.2773E-3	8.2793E-1
2.0700E-4	9.7656E-3	8.1714E-1
2.0800E-4	9.2773E-3	8.0806E-1
2.0900E-4	9.7656E-3	8.0073E-1
2.1000E-4	9.5215E-3	7.9702E-1
2.1100E-4	9.5215E-3	7.9482E-1
2.1200E-4	9.7656E-3	7.9546E-1
2.1300E-4	9.2773E-3	7.9761E-1
2.1400E-4	1.0010E-2	8.0303E-1
2.1500E-4	9.5215E-3	8.0791E-1
2.1600E-4	1.0254E-2	8.1699E-1
2.1700E-4	9.5215E-3	8.2944E-1
2.1800E-4	1.0010E-2	8.4204E-1
2.1900E-4	9.7656E-3	8.5278E-1
2.2000E-4	1.0010E-2	8.6255E-1
2.2100E-4	9.7656E-3	8.6865E-1
2.2200E-4	9.5215E-3	8.7349E-1
2.2300E-4	9.2773E-3	8.7813E-1
2.2400E-4	1.0010E-2	8.8193E-1
2.2500E-4	9.2773E-3	8.8457E-1
2.2600E-4	9.7656E-3	8.8584E-1
2.2700E-4	9.2773E-3	8.8218E-1
2.2800E-4	9.0332E-3	8.7612E-1
2.2900E-4	1.0010E-2	8.6782E-1
2.3000E-4	9.7656E-3	8.5918E-1
2.3100E-4	9.5215E-3	8.5029E-1
2.3200E-4	9.5215E-3	8.4282E-1
2.3300E-4	9.0332E-3	8.3457E-1
2.3400E-4	9.7656E-3	8.2813E-1
2.3500E-4	9.5215E-3	8.2266E-1
2.3600E-4	1.0010E-2	8.2007E-1
2.3700E-4	1.0254E-2	8.1709E-1
2.3800E-4	9.7656E-3	8.1704E-1
2.3900E-4	9.7656E-3	8.2002E-1
2.4000E-4	9.5215E-3	8.2520E-1
2.4100E-4	1.0010E-2	8.3252E-1
2.4200E-4	9.7656E-3	8.4277E-1
2.4300E-4	9.7656E-3	8.5454E-1
2.4400E-4	9.2773E-3	8.6484E-1
2.4500E-4	1.0010E-2	8.7383E-1
2.4600E-4	9.7656E-3	8.7944E-1
2.4700E-4	1.0010E-2	8.8330E-1
2.4800E-4	1.0010E-2	8.8525E-1
2.4900E-4	1.0010E-2	8.8613E-1
2.5000E-4	1.0010E-2	8.8721E-1
2.5100E-4	9.5215E-3	8.8701E-1
2.5200E-4	9.5215E-3	8.8545E-1
2.5300E-4	9.2773E-3	8.7939E-1
2.5400E-4	1.0010E-2	8.6953E-1
2.5500E-4	9.5215E-3	8.5718E-1
2.5600E-4	9.7656E-3	8.4360E-1
2.5700E-4	9.2773E-3	8.2959E-1
2.5800E-4	9.5215E-3	8.1890E-1
2.5900E-4	9.2773E-3	8.1201E-1
2.6000E-4	9.7656E-3	8.0479E-1
2.6100E-4	1.0010E-2	7.9873E-1
2.6200E-4	1.0010E-2	7.9487E-1
2.6300E-4	9.7656E-3	7.9214E-1
2.6400E-4	9.2773E-3	7.9175E-1
2.6500E-4	1.0010E-2	7.9795E-1
2.6600E-4	1.0254E-2	8.0850E-1
2.6700E-4	9.2773E-3	8.2285E-1
2.6800E-4	1.0010E-2	8.3965E-1
2.6900E-4	9.2773E-3	8.5601E-1
2.7000E-4	9.5215E-3	8.6982E-1
2.7100E-4	1.0010E-2	8.8281E-1
2.7200E-4	9.7656E-3	8.9346E-1
2.7300E-4	9.2773E-3	9.0151E-1
2.7400E-4	9.7656E-3	9.0679E-1
2.7500E-4	9.7656E-3	9.1089E-1
2.7600E-4	1.0254E-2	9.0967E-1
2.7700E-4	9.5215E-3	9.0493E-1
2.7800E-4	1.0010E-2	8.9702E-1
2.7900E-4	9.7656E-3	8.8643E-1
2.8000E-4	9.2773E-3	8.7271E-1
2.8100E-4	8.7891E-3	8.6089E-1
2.8200E-4	9.7656E-3	8.5005E-1
2.8300E-4	1.0010E-2	8.4136E-1
2.8400E-4	9.2773E-3	8.3584E-1
2.8500E-4	9.7656E-3	8.3066E-1
2.8600E-4	9.2773E-3	8.2490E-1
2.8700E-4	1.0010E-2	8.1895E-1
2.8800E-4	1.0010E-2	8.1479E-1
2.8900E-4	9.7656E-3	8.1323E-1
2.9000E-4	9.5215E-3	8.1538E-1
2.9100E-4	9.7656E-3	8.2358E-1
2.9200E-4	9.5215E-3	8.3408E-1
2.9300E-4	9.5215E-3	8.4727E-1
2.9400E-4	1.0254E-2	8.6030E-1
2.9500E-4	9.7656E-3	8.7681E-1
2.9600E-4	9.5215E-3	8.9082E-1
2.9700E-4	9.5215E-3	9.0239E-1
2.9800E-4	1.0010E-2	9.1021E-1
2.9900E-4	1.0010E-2	9.1338E-1
3.0000E-4	9.7656E-3	9.0938E-1
3.0100E-4	8.7891E-3	9.0449E-1
3.0200E-4	9.2773E-3	8.9897E-1
3.0300E-4	9.7656E-3	8.8936E-1
3.0400E-4	9.5215E-3	8.7979E-1
3.0500E-4	9.2773E-3	8.6714E-1
3.0600E-4	9.7656E-3	8.4868E-1
3.0700E-4	1.0254E-2	8.2935E-1
3.0800E-4	9.5215E-3	8.1157E-1
3.0900E-4	1.0010E-2	7.9561E-1
3.1000E-4	1.0010E-2	7.8496E-1
3.1100E-4	9.7656E-3	7.7861E-1
3.1200E-4	9.2773E-3	7.7515E-1
3.1300E-4	9.5215E-3	7.7412E-1
3.1400E-4	9.7656E-3	7.7451E-1
3.1500E-4	1.0010E-2	7.7754E-1
3.1600E-4	9.7656E-3	7.8350E-1
3.1700E-4	9.5215E-3	7.9326E-1
3.1800E-4	9.5215E-3	8.0605E-1
3.1900E-4	9.5215E-3	8.2012E-1
3.2000E-4	1.0010E-2	8.3696E-1
3.2100E-4	9.5215E-3	8.5376E-1
3.2200E-4	1.0254E-2	8.6978E-1
3.2300E-4	9.2773E-3	8.8486E-1
3.2400E-4	1.0010E-2	8.9932E-1
3.2500E-4	1.0010E-2	9.0859E-1
3.2600E-4	1.0010E-2	9.1777E-1
3.2700E-4	9.7656E-3	9.2285E-1
3.2800E-4	9.7656E-3	9.2295E-1
3.2900E-4	9.5215E-3	9.1563E-1
3.3000E-4	9.5215E-3	9.0562E-1
3.3100E-4	9.7656E-3	8.9082E-1
3.3200E-4	9.7656E-3	8.7363E-1
3.3300E-4	9.7656E-3	8.5454E-1
3.3400E-4	9.2773E-3	8.3887E-1
3.3500E-4	9.5215E-3	8.2324E-1
3.3600E-4	9.5215E-3	8.0903E-1
3.3700E-4	9.7656E-3	7.9541E-1
3.3800E-4	9.5215E-3	7.8608E-1
3.3900E-4	9.0332E-3	7.7783E-1
3.4000E-4	9.5215E-3	7.7383E-1
3.4100E-4	9.5215E-3	7.7300E-1
3.4200E-4	1.0010E-2	7.7920E-1
3.4300E-4	9.2773E-3	7.8999E-1
3.4400E-4	9.2773E-3	8.0679E-1
3.4500E-4	9.2773E-3	8.2578E-1
3.4600E-4	9.5215E-3	8.4624E-1
3.4700E-4	9.7656E-3	8.6357E-1
3.4800E-4	1.0010E-2	8.7798E-1
3.4900E-4	9.5215E-3	8.8809E-1
3.5000E-4	9.5215E-3	8.9355E-1
3.5100E-4	1.0254E-2	8.9351E-1
3.5200E-4	9.7656E-3	8.9082E-1
3.5300E-4	9.7656E-3	8.8413E-1
3.5400E-4	9.7656E-3	8.7363E-1
3.5500E-4	9.5215E-3	8.5825E-1
3.5600E-4	9.5215E-3	8.3896E-1
3.5700E-4	1.0254E-2	8.1816E-1
3.5800E-4	9.7656E-3	7.9663E-1
3.5900E-4	9.5215E-3	7.7461E-1
3.6000E-4	9.7656E-3	7.5386E-1
3.6100E-4	1.0010E-2	7.3779E-1
3.6200E-4	9.5215E-3	7.2432E-1
3.6300E-4	8.7891E-3	7.1377E-1
3.6400E-4	9.7656E-3	7.0840E-1
3.6500E-4	9.2773E-3	7.0581E-1
3.6600E-4	9.5215E-3	7.0571E-1
3.6700E-4	9.5215E-3	7.1025E-1
3.6800E-4	1.0010E-2	7.1899E-1
3.6900E-4	9.2773E-3	7.3027E-1
3.7000E-4	9.7656E-3	7.4902E-1
3.7100E-4	1.0254E-2	7.7285E-1
3.7200E-4	9.5215E-3	7.9819E-1
3.7300E-4	9.7656E-3	8.2617E-1
3.7400E-4	9.5215E-3	8.5288E-1
3.7500E-4	9.5215E-3	8.7397E-1
3.7600E-4	1.0010E-2	8.8706E-1
3.7700E-4	9.7656E-3	8.9102E-1
3.7800E-4	1.0254E-2	8.8530E-1
3.7900E-4	9.5215E-3	8.7275E-1
3.8000E-4	9.7656E-3	8.5405E-1
3.8100E-4	9.5215E-3	8.2993E-1
3.8200E-4	9.5215E-3	8.0381E-1
3.8300E-4	9.7656E-3	7.7544E-1
3.8400E-4	1.0254E-2	7.4556E-1
3.8500E-4	9.5215E-3	7.1909E-1
3.8600E-4	9.5215E-3	6.9771E-1
3.8700E-4	9.5215E-3	6.8076E-1
3.8800E-4	9.2773E-3	6.7080E-1
3.8900E-4	9.5215E-3	6.6675E-1
3.9000E-4	9.5215E-3	6.6904E-1
3.9100E-4	1.0010E-2	6.7754E-1
3.9200E-4	1.0254E-2	6.9043E-1
3.9300E-4	9.7656E-3	7.0850E-1
3.9400E-4	9.5215E-3	7.3208E-1
3.9500E-4	9.0332E-3	7.5581E-1
3.9600E-4	1.0010E-2	7.7964E-1
3.9700E-4	9.2773E-3	8.0337E-1
3.9800E-4	1.0010E-2	8.2402E-1
3.9900E-4	9.7656E-3	8.4048E-1
4.0000E-4	9.7656E-3	8.5171E-1
4.0100E-4	9.5215E-3	8.5659E-1
4.0200E-4	9.7656E-3	8.5488E-1
4.0300E-4	9.7656E-3	8.4775E-1
4.0400E-4	9.0332E-3	8.3369E-1
4.0500E-4	9.7656E-3	8.1421E-1
4.0600E-4	1.0010E-2	7.9253E-1
4.0700E-4	1.0010E-2	7.6973E-1
4.0800E-4	9.7656E-3	7.4263E-1
4.0900E-4	9.5215E-3	7.1548E-1
4.1000E-4	9.7656E-3	6.8755E-1
4.1100E-4	9.5215E-3	6.6157E-1
4.1200E-4	9.7656E-3	6.3931E-1
4.1300E-4	9.7656E-3	6.2295E-1
4.1400E-4	9.7656E-3	6.1270E-1
4.1500E-4	9.2773E-3	6.1191E-1
4.1600E-4	9.2773E-3	6.1494E-1
4.1700E-4	9.5215E-3	6.1958E-1
4.1800E-4	9.5215E-3	6.2925E-1
4.1900E-4	1.0010E-2	6.4473E-1
4.2000E-4	9.2773E-3	6.6392E-1
4.2100E-4	9.7656E-3	6.8765E-1
4.2200E-4	9.5215E-3	7.1616E-1
4.2300E-4	1.0498E-2	7.4512E-1
4.2400E-4	1.0254E-2	7.7192E-1
4.2500E-4	9.2773E-3	7.9653E-1
4.2600E-4	9.2773E-3	8.1821E-1
4.2700E-4	1.0010E-2	8.3354E-1
4.2800E-4	1.0254E-2	8.4248E-1
4.2900E-4	9.7656E-3	8.4316E-1
4.3000E-4	9.0332E-3	8.3174E-1
4.3100E-4	9.7656E-3	8.0923E-1
4.3200E-4	9.5215E-3	7.7705E-1
4.3300E-4	1.0010E-2	7.3809E-1
4.3400E-4	9.7656E-3	6.9810E-1
4.3500E-4	9.7656E-3	6.5928E-1
4.3600E-4	9.5215E-3	6.2324E-1
4.3700E-4	9.0332E-3	5.9478E-1
4.3800E-4	1.0254E-2	5.7173E-1
4.3900E-4	9.2773E-3	5.5396E-1
4.4000E-4	1.0010E-2	5.4331E-1
4.4100E-4	9.5215E-3	5.4248E-1
4.4200E-4	9.2773E-3	5.4907E-1
4.4300E-4	9.5215E-3	5.6646E-1
4.4400E-4	9.7656E-3	5.9106E-1
4.4500E-4	9.2773E-3	6.2515E-1
4.4600E-4	9.2773E-3	6.6152E-1
4.4700E-4	9.0332E-3	7.0522E-1
4.4800E-4	9.7656E-3	7.4756E-1
4.4900E-4	9.2773E-3	7.9072E-1
4.5000E-4	9.5215E-3	8.3027E-1
4.5100E-4	1.0010E-2	8.6509E-1
4.5200E-4	9.5215E-3	8.8223E-1
4.5300E-4	9.7656E-3	8.8335E-1
4.5400E-4	9.7656E-3	8.6230E-1
4.5500E-4	9.2773E-3	8.2446E-1
4.5600E-4	1.0254E-2	7.6924E-1
4.5700E-4	9.7656E-3	7.0601E-1
4.5800E-4	9.5215E-3	6.3921E-1
4.5900E-4	1.0010E-2	5.7627E-1
4.6000E-4	1.0254E-2	5.1724E-1
4.6100E-4	1.0254E-2	4.6812E-1
4.6200E-4	9.5215E-3	4.2974E-1
4.6300E-4	9.5215E-3	4.0366E-1
4.6400E-4	9.2773E-3	3.8740E-1
4.6500E-4	9.5215E-3	3.7939E-1
4.6600E-4	1.0010E-2	3.8076E-1
4.6700E-4	9.2773E-3	3.9175E-1
4.6800E-4	9.7656E-3	4.1074E-1
4.6900E-4	9.7656E-3	4.3940E-1
4.7000E-4	9.0332E-3	4.7876E-1
4.7100E-4	9.5215E-3	5.2949E-1
4.7200E-4	9.7656E-3	5.9062E-1
4.7300E-4	1.0010E-2	6.6499E-1
4.7400E-4	9.5215E-3	7.4346E-1
4.7500E-4	9.0332E-3	8.1699E-1
4.7600E-4	1.0010E-2	8.7271E-1
4.7700E-4	9.0332E-3	8.9658E-1
4.7800E-4	9.7656E-3	8.7695E-1
4.7900E-4	9.7656E-3	8.1616E-1
4.8000E-4	9.7656E-3	7.1978E-1
4.8100E-4	9.5215E-3	5.9692E-1
4.8200E-4	9.7656E-3	4.6660E-1
4.8300E-4	9.5215E-3	3.4014E-1
4.8400E-4	9.5215E-3	2.2891E-1
4.8500E-4	9.5215E-3	1.4038E-1
4.8600E-4	1.0010E-2	7.9395E-2
4.8700E-4	9.5215E-3	3.9062E-2
4.8800E-4	9.5215E-3	1.9775E-2
4.8900E-4	9.7656E-3	1.5771E-2
4.9000E-4	9.5215E-3	2.1582E-2
4.9100E-4	9.5215E-3	3.3154E-2
4.9200E-4	1.0010E-2	4.7607E-2
4.9300E-4	9.5215E-3	6.1084E-2
4.9400E-4	9.5215E-3	7.2998E-2
4.9500E-4	1.0254E-2	8.0566E-2
4.9600E-4	9.5215E-3	8.2812E-2
4.9700E-4	9.7656E-3	8.2275E-2
4.9800E-4	9.2773E-3	7.7539E-2
4.9900E-4	9.0332E-3	7.0410E-2
5.0000E-4	1.0254E-2	6.3232E-2
5.0100E-4	1.0010E-2	5.7861E-2
5.0200E-4	9.2773E-3	5.4785E-2
5.0300E-4	9.5215E-3	5.4102E-2
5.0400E-4	1.0498E-2	5.5713E-2
5.0500E-4	1.0010E-2	5.9521E-2
5.0600E-4	9.5215E-3	6.1572E-2
5.0700E-4	9.2773E-3	6.3135E-2
5.0800E-4	9.5215E-3	6.5967E-2
5.0900E-4	9.5215E-3	7.0068E-2
5.1000E-4	9.7656E-3	7.7148E-2
5.1100E-4	9.2773E-3	8.8916E-2
5.1200E-4	1.0010E-2	1.0596E-1
5.1300E-4	9.2773E-3	1.2954E-1
5.1400E-4	1.0254E-2	1.6016E-1
5.1500E-4	1.0010E-2	1.9839E-1
5.1600E-4	1.0010E-2	2.5181E-1
5.1700E-4	1.0254E-2	3.2466E-1
5.1800E-4	8.7891E-3	4.2197E-1
5.1900E-4	9.7656E-3	5.4253E-1
5.2000E-4	9.7656E-3	6.7588E-1
5.2100E-4	9.0332E-3	7.9995E-1
5.2200E-4	9.5215E-3	8.9771E-1
5.2300E-4	1.0010E-2	9.5127E-1
5.2400E-4	9.5215E-3	9.5073E-1
5.2500E-4	9.2773E-3	9.0312E-1
5.2600E-4	1.0010E-2	8.2397E-1
5.2700E-4	9.2773E-3	7.2437E-1
5.2800E-4	9.0332E-3	6.2139E-1
5.2900E-4	9.5215E-3	5.2573E-1
5.3000E-4	9.5215E-3	4.4551E-1
5.3100E-4	9.5215E-3	3.8315E-1
5.3200E-4	9.5215E-3	3.4434E-1
5.3300E-4	9.7656E-3	3.2832E-1
5.3400E-4	9.2773E-3	3.3472E-1
5.3500E-4	1.0010E-2	3.5591E-1
5.3600E-4	1.0254E-2	3.9160E-1
5.3700E-4	9.5215E-3	4.3647E-1
5.3800E-4	1.0010E-2	4.8574E-1
5.3900E-4	9.5215E-3	5.3818E-1
5.4000E-4	9.5215E-3	5.9453E-1
5.4100E-4	1.0010E-2	6.5400E-1
5.4200E-4	9.5215E-3	7.1636E-1
5.4300E-4	1.0010E-2	7.7842E-1
5.4400E-4	9.5215E-3	8.3384E-1
5.4500E-4	1.0010E-2	8.8062E-1
5.4600E-4	1.0010E-2	9.1011E-1
5.4700E-4	9.5215E-3	9.1743E-1
5.4800E-4	9.5215E-3	9.0503E-1
5.4900E-4	9.2773E-3	8.7646E-1
5.5000E-4	1.0498E-2	8.3423E-1
5.5100E-4	9.7656E-3	7.8623E-1
5.5200E-4	1.0010E-2	7.3623E-1
5.5300E-4	9.2773E-3	6.8652E-1
5.5400E-4	1.0010E-2	6.4155E-1
5.5500E-4	9.7656E-3	6.0303E-1
5.5600E-4	9.0332E-3	5.7197E-1
5.5700E-4	9.5215E-3	5.5078E-1
5.5800E-4	9.5215E-3	5.3984E-1
5.5900E-4	9.2773E-3	5.3940E-1
5.6000E-4	1.0010E-2	5.4829E-1
5.6100E-4	9.5215E-3	5.6548E-1
5.6200E-4	1.0498E-2	5.9028E-1
5.6300E-4	9.2773E-3	6.2109E-1
5.6400E-4	1.0010E-2	6.5615E-1
5.6500E-4	9.5215E-3	6.9277E-1
5.6600E-4	9.2773E-3	7.2744E-1
5.6700E-4	1.0010E-2	7.6167E-1
5.6800E-4	9.5215E-3	7.9443E-1
5.6900E-4	1.0010E-2	8.2051E-1
5.7000E-4	1.0010E-2	8.3970E-1
5.7100E-4	9.5215E-3	8.5073E-1
5.7200E-4	9.0332E-3	8.4863E-1
5.7300E-4	9.5215E-3	8.3564E-1
5.7400E-4	1.0010E-2	8.1421E-1
5.7500E-4	1.0010E-2	7.8364E-1
5.7600E-4	9.2773E-3	7.5054E-1
5.7700E-4	9.2773E-3	7.1641E-1
5.7800E-4	9.5215E-3	6.8291E-1
5.7900E-4	9.5215E-3	6.5249E-1
5.8000E-4	1.0010E-2	6.2808E-1
5.8100E-4	1.0254E-2	6.0928E-1
5.8200E-4	9.2773E-3	5.9707E-1
5.8300E-4	9.5215E-3	5.9111E-1
5.8400E-4	9.7656E-3	5.9229E-1
5.8500E-4	9.5215E-3	6.0063E-1
5.8600E-4	1.0010E-2	6.1362E-1
5.8700E-4	9.5215E-3	6.3335E-1
5.8800E-4	9.2773E-3	6.5605E-1
5.8900E-4	9.2773E-3	6.7837E-1
5.9000E-4	9.7656E-3	7.0347E-1
5.9100E-4	9.2773E-3	7.3188E-1
5.9200E-4	9.7656E-3	7.5913E-1
5.9300E-4	1.0010E-2	7.8374E-1
5.9400E-4	9.7656E-3	8.0952E-1
5.9500E-4	9.5215E-3	8.2866E-1
5.9600E-4	9.5215E-3	8.3940E-1
5.9700E-4	9.2773E-3	8.4160E-1
5.9800E-4	1.0254E-2	8.3706E-1
5.9900E-4	1.0254E-2	8.2563E-1
6.0000E-4	9.2773E-3	8.1021E-1
6.0100E-4	8.7891E-3	7.9219E-1
6.0200E-4	9.5215E-3	7.7285E-1
6.0300E-4	9.5215E-3	7.5483E-1
6.0400E-4	9.2773E-3	7.3257E-1
6.0500E-4	9.7656E-3	7.0864E-1
6.0600E-4	1.0010E-2	6.8462E-1
6.0700E-4	9.7656E-3	6.6655E-1
6.0800E-4	1.0010E-2	6.5186E-1
6.0900E-4	9.5215E-3	6.4644E-1
6.1000E-4	9.7656E-3	6.4907E-1
6.1100E-4	9.7656E-3	6.6025E-1
6.1200E-4	1.0010E-2	6.7373E-1
6.1300E-4	9.5215E-3	6.9033E-1
6.1400E-4	9.2773E-3	7.0601E-1
6.1500E-4	9.5215E-3	7.2285E-1
6.1600E-4	1.0010E-2	7.3691E-1
6.1700E-4	9.2773E-3	7.5181E-1
6.1800E-4	9.7656E-3	7.6890E-1
6.1900E-4	9.5215E-3	7.8672E-1
6.2000E-4	9.2773E-3	8.0249E-1
6.2100E-4	9.5215E-3	8.1621E-1
6.2200E-4	9.2773E-3	8.2544E-1
6.2300E-4	1.0010E-2	8.2617E-1
6.2400E-4	9.7656E-3	8.2275E-1
6.2500E-4	9.2773E-3	8.1367E-1
6.2600E-4	9.2773E-3	8.0195E-1
6.2700E-4	9.7656E-3	7.8564E-1
6.2800E-4	9.2773E-3	7.6743E-1
6.2900E-4	9.2773E-3	7.4575E-1
6.3000E-4	9.5215E-3	7.2358E-1
6.3100E-4	9.2773E-3	7.0220E-1
6.3200E-4	9.5215E-3	6.8550E-1
6.3300E-4	1.0254E-2	6.7344E-1
6.3400E-4	9.7656E-3	6.6558E-1
6.3500E-4	1.0010E-2	6.6377E-1
6.3600E-4	9.7656E-3	6.6680E-1
6.3700E-4	9.7656E-3	6.7495E-1
6.3800E-4	9.2773E-3	6.8535E-1
6.3900E-4	9.5215E-3	7.0259E-1
6.4000E-4	9.7656E-3	7.2231E-1
6.4100E-4	9.5215E-3	7.4365E-1
6.4200E-4	9.7656E-3	7.6675E-1
6.4300E-4	9.7656E-3	7.9180E-1
6.4400E-4	9.5215E-3	8.1436E-1
6.4500E-4	9.2773E-3	8.3618E-1
6.4600E-4	9.5215E-3	8.5542E-1
6.4700E-4	9.7656E-3	8.6826E-1
6.4800E-4	9.0332E-3	8.7412E-1
6.4900E-4	9.7656E-3	8.7441E-1
6.5000E-4	9.5215E-3	8.6777E-1
6.5100E-4	9.2773E-3	8.5278E-1
6.5200E-4	9.5215E-3	8.3164E-1
6.5300E-4	1.0254E-2	8.0742E-1
6.5400E-4	9.2773E-3	7.8291E-1
6.5500E-4	9.2773E-3	7.5835E-1
6.5600E-4	9.2773E-3	7.3774E-1
6.5700E-4	9.7656E-3	7.2056E-1
6.5800E-4	9.2773E-3	7.0879E-1
6.5900E-4	9.2773E-3	6.9946E-1
6.6000E-4	9.5215E-3	6.9370E-1
6.6100E-4	1.0010E-2	6.9219E-1
6.6200E-4	9.2773E-3	6.9673E-1
6.6300E-4	1.0254E-2	7.0576E-1
6.6400E-4	9.7656E-3	7.1826E-1
6.6500E-4	1.0010E-2	7.3262E-1
6.6600E-4	9.2773E-3	7.4985E-1
6.6700E-4	9.2773E-3	7.6812E-1
6.6800E-4	9.5215E-3	7.8477E-1
6.6900E-4	1.0498E-2	8.0005E-1
6.7000E-4	9.7656E-3	8.1353E-1
6.7100E-4	9.7656E-3	8.2466E-1
6.7200E-4	1.0010E-2	8.2954E-1
6.7300E-4	1.0254E-2	8.2979E-1
6.7400E-4	9.7656E-3	8.2852E-1
6.7500E-4	9.5215E-3	8.2773E-1
6.7600E-4	9.5215E-3	8.2114E-1
6.7700E-4	9.5215E-3	8.1177E-1
6.7800E-4	1.0498E-2	7.9946E-1
6.7900E-4	1.0254E-2	7.8359E-1
6.8000E-4	1.0498E-2	7.6382E-1
6.8100E-4	1.0254E-2	7.4360E-1
6.8200E-4	1.0010E-2	7.2451E-1
6.8300E-4	9.7656E-3	7.0898E-1
6.8400E-4	1.0254E-2	6.9619E-1
6.8500E-4	9.2773E-3	6.8823E-1
6.8600E-4	9.0332E-3	6.8613E-1
6.8700E-4	9.7656E-3	6.9106E-1
6.8800E-4	9.5215E-3	7.0122E-1
6.8900E-4	9.5215E-3	7.1436E-1
6.9000E-4	9.7656E-3	7.2783E-1
6.9100E-4	9.5215E-3	7.4434E-1
6.9200E-4	1.0010E-2	7.6250E-1
6.9300E-4	1.0010E-2	7.8203E-1
6.9400E-4	1.0498E-2	8.0249E-1
6.9500E-4	1.0010E-2	8.2563E-1
6.9600E-4	9.5215E-3	8.4478E-1
6.9700E-4	9.2773E-3	8.6230E-1
6.9800E-4	1.0498E-2	8.7515E-1
6.9900E-4	1.0010E-2	8.8340E-1
7.0000E-4	1.0010E-2	8.8438E-1
7.0100E-4	9.7656E-3	8.8120E-1
7.0200E-4	1.0010E-2	8.6929E-1
7.0300E-4	9.5215E-3	8.5117E-1
7.0400E-4	1.0010E-2	8.3081E-1
7.0500E-4	1.0010E-2	8.1040E-1
7.0600E-4	1.0254E-2	7.9155E-1
7.0700E-4	9.5215E-3	7.7485E-1
7.0800E-4	1.0254E-2	7.6162E-1
7.0900E-4	9.7656E-3	7.5239E-1
7.1000E-4	1.0010E-2	7.4326E-1
7.1100E-4	1.0010E-2	7.3838E-1
7.1200E-4	9.7656E-3	7.3906E-1
7.1300E-4	1.0010E-2	7.4390E-1
7.1400E-4	9.5215E-3	7.5073E-1
7.1500E-4	9.7656E-3	7.6108E-1
7.1600E-4	9.5215E-3	7.7197E-1
7.1700E-4	9.2773E-3	7.8550E-1
7.1800E-4	9.5215E-3	7.9888E-1
7.1900E-4	9.2773E-3	8.1055E-1
7.2000E-4	1.0010E-2	8.2500E-1
7.2100E-4	9.5215E-3	8.3979E-1
7.2200E-4	9.5215E-3	8.4844E-1
7.2300E-4	9.5215E-3	8.5503E-1
7.2400E-4	9.5215E-3	8.6006E-1
7.2500E-4	1.0010E-2	8.5815E-1
7.2600E-4	9.5215E-3	8.4746E-1
7.2700E-4	9.5215E-3	8.3433E-1
7.2800E-4	1.0010E-2	8.1948E-1
7.2900E-4	1.0010E-2	8.0361E-1
7.3000E-4	1.0254E-2	7.8765E-1
7.3100E-4	9.7656E-3	7.7397E-1
7.3200E-4	1.0010E-2	7.6084E-1
7.3300E-4	1.0010E-2	7.4741E-1
7.3400E-4	9.7656E-3	7.3447E-1
7.3500E-4	1.0010E-2	7.2051E-1
7.3600E-4	9.5215E-3	7.1011E-1
7.3700E-4	1.0498E-2	7.0410E-1
7.3800E-4	1.0254E-2	7.0127E-1
7.3900E-4	9.7656E-3	7.0347E-1
7.4000E-4	9.2773E-3	7.1333E-1
7.4100E-4	9.5215E-3	7.2954E-1
7.4200E-4	1.0010E-2	7.4951E-1
7.4300E-4	9.7656E-3	7.7466E-1
7.4400E-4	1.0010E-2	7.9971E-1
7.4500E-4	1.0010E-2	8.2695E-1
7.4600E-4	9.7656E-3	8.4990E-1
7.4700E-4	9.7656E-3	8.6729E-1
7.4800E-4	9.2773E-3	8.7871E-1
7.4900E-4	1.0010E-2	8.8472E-1
7.5000E-4	9.0332E-3	8.8340E-1
7.5100E-4	9.7656E-3	8.7661E-1
7.5200E-4	1.0010E-2	8.6562E-1
7.5300E-4	9.7656E-3	8.5142E-1
7.5400E-4	9.2773E-3	8.3574E-1
7.5500E-4	9.5215E-3	8.1914E-1
7.5600E-4	9.2773E-3	8.0088E-1
7.5700E-4	9.7656E-3	7.8506E-1
7.5800E-4	1.0010E-2	7.7100E-1
7.5900E-4	9.7656E-3	7.5757E-1
7.6000E-4	9.2773E-3	7.4775E-1
7.6100E-4	9.0332E-3	7.4224E-1
7.6200E-4	9.2773E-3	7.4277E-1
7.6300E-4	1.0010E-2	7.4570E-1
7.6400E-4	9.2773E-3	7.5176E-1
7.6500E-4	9.5215E-3	7.6079E-1
7.6600E-4	1.0010E-2	7.7368E-1
7.6700E-4	9.2773E-3	7.8311E-1
7.6800E-4	9.5215E-3	7.9307E-1
7.6900E-4	9.2773E-3	8.0420E-1
7.7000E-4	9.2773E-3	8.1416E-1
7.7100E-4	9.5215E-3	8.2163E-1
7.7200E-4	1.0010E-2	8.2876E-1
7.7300E-4	9.5215E-3	8.3530E-1
7.7400E-4	1.0010E-2	8.4023E-1
7.7500E-4	9.5215E-3	8.4219E-1
7.7600E-4	9.7656E-3	8.4111E-1
7.7700E-4	9.0332E-3	8.3828E-1
7.7800E-4	9.7656E-3	8.2920E-1
7.7900E-4	9.2773E-3	8.1587E-1
7.8000E-4	9.2773E-3	7.9775E-1
7.8100E-4	9.7656E-3	7.7988E-1
7.8200E-4	1.0010E-2	7.6064E-1
7.8300E-4	9.2773E-3	7.4482E-1
7.8400E-4	9.5215E-3	7.3042E-1
7.8500E-4	9.5215E-3	7.2085E-1
7.8600E-4	9.2773E-3	7.1426E-1
7.8700E-4	9.7656E-3	7.1113E-1
7.8800E-4	9.7656E-3	7.1055E-1
7.8900E-4	9.5215E-3	7.1143E-1
7.9000E-4	1.0010E-2	7.1567E-1
7.9100E-4	9.5215E-3	7.2197E-1
7.9200E-4	9.5215E-3	7.3271E-1
7.9300E-4	9.7656E-3	7.4692E-1
7.9400E-4	1.0498E-2	7.6626E-1
7.9500E-4	9.2773E-3	7.8389E-1
7.9600E-4	1.0254E-2	8.0186E-1
7.9700E-4	1.0010E-2	8.1714E-1
7.9800E-4	9.0332E-3	8.3013E-1
7.9900E-4	9.5215E-3	8.4097E-1
8.0000E-4	9.7656E-3	8.5293E-1
8.0100E-4	9.2773E-3	8.6196E-1
8.0200E-4	1.0010E-2	8.6904E-1
8.0300E-4	9.2773E-3	8.7070E-1
8.0400E-4	9.2773E-3	8.6587E-1
8.0500E-4	9.7656E-3	8.5415E-1
8.0600E-4	9.2773E-3	8.3916E-1
8.0700E-4	9.5215E-3	8.2217E-1
8.0800E-4	9.5215E-3	8.0801E-1
8.0900E-4	9.7656E-3	7.9487E-1
8.1000E-4	9.7656E-3	7.8315E-1
8.1100E-4	9.2773E-3	7.7236E-1
8.1200E-4	1.0010E-2	7.6099E-1
8.1300E-4	1.0010E-2	7.5078E-1
8.1400E-4	1.0010E-2	7.4302E-1
8.1500E-4	9.5215E-3	7.3955E-1
8.1600E-4	1.0010E-2	7.3955E-1
8.1700E-4	9.7656E-3	7.4536E-1
8.1800E-4	1.0010E-2	7.5479E-1
8.1900E-4	9.5215E-3	7.7168E-1
8.2000E-4	9.7656E-3	7.9116E-1
8.2100E-4	1.0010E-2	8.1055E-1
8.2200E-4	9.5215E-3	8.2891E-1
8.2300E-4	9.7656E-3	8.4624E-1
8.2400E-4	1.0010E-2	8.5869E-1
8.2500E-4	9.5215E-3	8.6562E-1
8.2600E-4	9.5215E-3	8.7202E-1
8.2700E-4	1.0010E-2	8.7261E-1
8.2800E-4	9.5215E-3	8.6475E-1
8.2900E-4	9.2773E-3	8.5190E-1
8.3000E-4	9.5215E-3	8.3662E-1
8.3100E-4	1.0254E-2	8.1563E-1
8.3200E-4	1.0498E-2	7.9272E-1
8.3300E-4	9.7656E-3	7.7217E-1
8.3400E-4	9.7656E-3	7.5244E-1
8.3500E-4	1.0010E-2	7.3403E-1
8.3600E-4	9.5215E-3	7.1851E-1
8.3700E-4	9.2773E-3	7.0952E-1
8.3800E-4	9.2773E-3	7.0493E-1
8.3900E-4	1.0010E-2	7.0361E-1
8.4000E-4	1.0010E-2	7.0684E-1
8.4100E-4	1.0010E-2	7.1558E-1
8.4200E-4	9.7656E-3	7.2773E-1
8.4300E-4	1.0254E-2	7.4253E-1
8.4400E-4	9.7656E-3	7.6123E-1
8.4500E-4	1.0010E-2	7.8237E-1
8.4600E-4	9.2773E-3	8.0444E-1
8.4700E-4	9.5215E-3	8.2749E-1
8.4800E-4	9.5215E-3	8.5044E-1
8.4900E-4	9.5215E-3	8.7256E-1
8.5000E-4	9.2773E-3	8.9053E-1
8.5100E-4	9.5215E-3	9.0386E-1
8.5200E-4	1.0010E-2	9.1040E-1
8.5300E-4	9.5215E-3	9.1006E-1
8.5400E-4	9.7656E-3	9.0244E-1
8.5500E-4	1.0254E-2	8.8916E-1
8.5600E-4	9.7656E-3	8.7124E-1
8.5700E-4	9.7656E-3	8.5020E-1
8.5800E-4	1.0010E-2	8.2837E-1
8.5900E-4	9.5215E-3	8.0527E-1
8.6000E-4	1.0254E-2	7.8452E-1
8.6100E-4	9.0332E-3	7.6538E-1
8.6200E-4	1.0010E-2	7.4951E-1
8.6300E-4	9.2773E-3	7.3750E-1
8.6400E-4	9.5215E-3	7.3242E-1
8.6500E-4	9.7656E-3	7.3296E-1
8.6600E-4	9.5215E-3	7.3667E-1
8.6700E-4	9.2773E-3	7.4434E-1
8.6800E-4	1.0010E-2	7.5386E-1
8.6900E-4	9.5215E-3	7.6738E-1
8.7000E-4	9.5215E-3	7.8188E-1
8.7100E-4	1.0010E-2	7.9956E-1
8.7200E-4	1.0010E-2	8.1885E-1
8.7300E-4	9.5215E-3	8.3994E-1
8.7400E-4	9.7656E-3	8.5757E-1
8.7500E-4	9.2773E-3	8.7300E-1
8.7600E-4	1.0010E-2	8.8242E-1
8.7700E-4	1.0010E-2	8.8447E-1
8.7800E-4	9.7656E-3	8.8267E-1
8.7900E-4	9.2773E-3	8.7393E-1
8.8000E-4	9.7656E-3	8.6055E-1
8.8100E-4	9.7656E-3	8.4556E-1
8.8200E-4	9.2773E-3	8.2813E-1
8.8300E-4	1.0010E-2	8.0669E-1
8.8400E-4	9.5215E-3	7.8408E-1
8.8500E-4	1.0010E-2	7.5947E-1
8.8600E-4	1.0498E-2	7.3291E-1
8.8700E-4	9.2773E-3	7.0801E-1
8.8800E-4	9.2773E-3	6.8804E-1
8.8900E-4	9.2773E-3	6.7373E-1
8.9000E-4	1.0254E-2	6.6646E-1
8.9100E-4	1.0010E-2	6.6650E-1
8.9200E-4	9.5215E-3	6.7358E-1
8.9300E-4	9.5215E-3	6.8511E-1
8.9400E-4	9.7656E-3	7.0195E-1
8.9500E-4	9.5215E-3	7.2246E-1
8.9600E-4	9.5215E-3	7.4922E-1
8.9700E-4	1.0010E-2	7.7944E-1
8.9800E-4	1.0010E-2	8.1035E-1
8.9900E-4	1.0010E-2	8.4141E-1
9.0000E-4	9.2773E-3	8.7026E-1
9.0100E-4	9.7656E-3	8.9072E-1
9.0200E-4	9.7656E-3	9.0571E-1
9.0300E-4	9.0332E-3	9.1602E-1
9.0400E-4	1.0254E-2	9.1533E-1
9.0500E-4	9.0332E-3	9.0703E-1
9.0600E-4	1.0010E-2	8.9077E-1
9.0700E-4	9.0332E-3	8.6738E-1
9.0800E-4	9.7656E-3	8.3687E-1
9.0900E-4	9.5215E-3	8.0342E-1
9.1000E-4	9.7656E-3	7.6885E-1
9.1100E-4	9.5215E-3	7.3774E-1
9.1200E-4	1.0254E-2	7.0830E-1
9.1300E-4	9.5215E-3	6.8262E-1
9.1400E-4	1.0010E-2	6.6353E-1
9.1500E-4	9.5215E-3	6.5005E-1
9.1600E-4	1.0010E-2	6.4531E-1
9.1700E-4	9.5215E-3	6.4883E-1
9.1800E-4	9.7656E-3	6.6030E-1
9.1900E-4	9.7656E-3	6.8003E-1
9.2000E-4	9.7656E-3	7.0718E-1
9.2100E-4	9.5215E-3	7.3818E-1
9.2200E-4	9.2773E-3	7.7222E-1
9.2300E-4	9.2773E-3	8.0757E-1
9.2400E-4	9.5215E-3	8.4199E-1
9.2500E-4	9.7656E-3	8.7305E-1
9.2600E-4	1.0254E-2	8.9722E-1
9.2700E-4	9.7656E-3	9.1021E-1
9.2800E-4	1.0254E-2	9.1147E-1
9.2900E-4	1.0010E-2	9.0044E-1
9.3000E-4	1.0010E-2	8.7451E-1
9.3100E-4	9.7656E-3	8.3906E-1
9.3200E-4	1.0010E-2	7.9800E-1
9.3300E-4	9.2773E-3	7.5327E-1
9.3400E-4	9.7656E-3	7.0928E-1
9.3500E-4	9.7656E-3	6.6821E-1
9.3600E-4	9.7656E-3	6.3213E-1
9.3700E-4	9.5215E-3	6.0415E-1
9.3800E-4	1.0010E-2	5.8203E-1
9.3900E-4	9.7656E-3	5.6714E-1
9.4000E-4	1.0010E-2	5.6230E-1
9.4100E-4	9.2773E-3	5.6401E-1
9.4200E-4	1.0010E-2	5.7231E-1
9.4300E-4	9.5215E-3	5.8813E-1
9.4400E-4	9.2773E-3	6.0952E-1
9.4500E-4	9.5215E-3	6.3511E-1
9.4600E-4	1.0010E-2	6.6807E-1
9.4700E-4	9.7656E-3	7.0410E-1
9.4800E-4	1.0010E-2	7.4751E-1
9.4900E-4	1.0010E-2	7.9536E-1
9.5000E-4	9.2773E-3	8.4663E-1
9.5100E-4	9.2773E-3	8.8989E-1
9.5200E-4	9.5215E-3	9.2051E-1
9.5300E-4	9.5215E-3	9.3325E-1
9.5400E-4	9.7656E-3	9.2363E-1
9.5500E-4	1.0010E-2	8.9116E-1
9.5600E-4	9.5215E-3	8.4067E-1
9.5700E-4	9.5215E-3	7.7866E-1
9.5800E-4	9.7656E-3	7.0859E-1
9.5900E-4	9.7656E-3	6.3853E-1
9.6000E-4	9.5215E-3	5.7305E-1
9.6100E-4	9.7656E-3	5.1836E-1
9.6200E-4	1.0010E-2	4.7593E-1
9.6300E-4	9.7656E-3	4.4512E-1
9.6400E-4	9.5215E-3	4.2627E-1
9.6500E-4	9.5215E-3	4.1802E-1
9.6600E-4	1.0010E-2	4.1919E-1
9.6700E-4	9.7656E-3	4.2798E-1
9.6800E-4	9.5215E-3	4.4727E-1
9.6900E-4	9.2773E-3	4.7363E-1
9.7000E-4	9.5215E-3	5.0972E-1
9.7100E-4	9.0332E-3	5.5581E-1
9.7200E-4	9.2773E-3	6.1646E-1
9.7300E-4	9.2773E-3	6.8882E-1
9.7400E-4	9.7656E-3	7.6982E-1
9.7500E-4	9.0332E-3	8.4619E-1
9.7600E-4	8.7891E-3	9.0405E-1
9.7700E-4	1.0010E-2	9.3076E-1
9.7800E-4	1.0254E-2	9.1196E-1
9.7900E-4	9.2773E-3	8.4839E-1
9.8000E-4	1.0010E-2	7.4868E-1
9.8100E-4	1.0010E-2	6.2515E-1
9.8200E-4	9.7656E-3	4.8911E-1
9.8300E-4	1.0254E-2	3.6074E-1
9.8400E-4	9.7656E-3	2.4883E-1
9.8500E-4	9.7656E-3	1.5977E-1
9.8600E-4	9.7656E-3	9.6338E-2
9.8700E-4	9.5215E-3	5.7715E-2
9.8800E-4	9.5215E-3	3.8330E-2
9.8900E-4	9.7656E-3	3.3984E-2
9.9000E-4	1.0254E-2	3.8623E-2
9.9100E-4	9.5215E-3	4.8145E-2
9.9200E-4	9.5215E-3	5.9863E-2
9.9300E-4	1.0254E-2	6.9873E-2
9.9400E-4	1.0254E-2	7.6367E-2
9.9500E-4	9.5215E-3	8.0225E-2
9.9600E-4	1.0254E-2	8.3447E-2
9.9700E-4	9.5215E-3	8.3643E-2
9.9800E-4	1.0010E-2	8.3643E-2
9.9900E-4	1.0254E-2	8.3643E-2
