Time [s]	Aux in [V]	Main in [V]
0.0000E+0	9.2773E-3	1.2080E-1
1.0000E-6	1.0254E-2	1.3101E-1
2.0000E-6	9.5215E-3	1.4429E-1
3.0000E-6	9.0332E-3	1.5898E-1
4.0000E-6	1.0254E-2	1.7378E-1
5.0000E-6	9.5215E-3	1.9072E-1
6.0000E-6	9.7656E-3	2.0762E-1
7.0000E-6	1.0010E-2	2.2837E-1
8.0000E-6	9.2773E-3	2.6025E-1
9.0000E-6	1.0254E-2	3.0728E-1
1.0000E-5	9.7656E-3	3.7808E-1
1.1000E-5	1.0010E-2	4.7622E-1
1.2000E-5	9.5215E-3	6.0000E-1
1.3000E-5	9.7656E-3	7.3853E-1
1.4000E-5	1.0254E-2	8.7256E-1
1.5000E-5	1.0010E-2	9.8179E-1
1.6000E-5	9.2773E-3	1.0469E+0
1.7000E-5	1.0010E-2	1.0606E+0
1.8000E-5	8.7891E-3	1.0222E+0
1.9000E-5	9.2773E-3	9.4399E-1
2.0000E-5	9.5215E-3	8.3926E-1
2.1000E-5	1.0010E-2	7.2798E-1
2.2000E-5	9.7656E-3	6.2227E-1
2.3000E-5	9.7656E-3	5.3428E-1
2.4000E-5	9.7656E-3	4.7007E-1
2.5000E-5	9.2773E-3	4.3208E-1
2.6000E-5	1.0010E-2	4.1733E-1
2.7000E-5	9.5215E-3	4.2188E-1
2.8000E-5	1.0010E-2	4.4180E-1
2.9000E-5	9.5215E-3	4.7256E-1
3.0000E-5	1.0254E-2	5.1079E-1
3.1000E-5	1.0010E-2	5.5347E-1
3.2000E-5	9.5215E-3	6.0361E-1
3.3000E-5	9.7656E-3	6.5850E-1
3.4000E-5	9.5215E-3	7.1831E-1
3.5000E-5	9.2773E-3	7.8203E-1
3.6000E-5	9.5215E-3	8.4678E-1
3.7000E-5	9.5215E-3	9.0435E-1
3.8000E-5	9.2773E-3	9.4937E-1
3.9000E-5	1.0010E-2	9.7656E-1
4.0000E-5	1.0010E-2	9.8389E-1
4.1000E-5	9.0332E-3	9.7217E-1
4.2000E-5	1.0010E-2	9.4546E-1
4.3000E-5	9.7656E-3	9.0669E-1
4.4000E-5	1.0010E-2	8.5923E-1
4.5000E-5	9.2773E-3	8.0649E-1
4.6000E-5	9.5215E-3	7.5293E-1
4.7000E-5	9.2773E-3	7.0127E-1
4.8000E-5	9.7656E-3	6.5771E-1
4.9000E-5	1.0254E-2	6.2495E-1
5.0000E-5	9.7656E-3	6.0342E-1
5.1000E-5	9.5215E-3	5.9287E-1
5.2000E-5	1.0010E-2	5.9229E-1
5.3000E-5	9.7656E-3	6.0044E-1
5.4000E-5	9.2773E-3	6.1758E-1
5.5000E-5	9.7656E-3	6.4077E-1
5.6000E-5	9.2773E-3	6.7124E-1
5.7000E-5	9.5215E-3	7.0645E-1
5.8000E-5	9.7656E-3	7.4629E-1
5.9000E-5	9.5215E-3	7.8794E-1
6.0000E-5	1.0254E-2	8.3174E-1
6.1000E-5	1.0010E-2	8.7236E-1
6.2000E-5	9.2773E-3	9.0728E-1
6.3000E-5	9.7656E-3	9.3589E-1
6.4000E-5	9.5215E-3	9.5361E-1
6.5000E-5	9.5215E-3	9.6143E-1
6.6000E-5	1.0254E-2	9.5996E-1
6.7000E-5	9.7656E-3	9.5063E-1
6.8000E-5	9.5215E-3	9.2969E-1
6.9000E-5	9.7656E-3	9.0303E-1
7.0000E-5	9.2773E-3	8.7246E-1
7.1000E-5	1.0254E-2	8.4131E-1
7.2000E-5	1.0498E-2	8.1392E-1
7.3000E-5	9.2773E-3	7.8989E-1
7.4000E-5	9.7656E-3	7.6938E-1
7.5000E-5	1.0010E-2	7.5176E-1
7.6000E-5	9.5215E-3	7.3994E-1
7.7000E-5	9.7656E-3	7.2915E-1
7.8000E-5	9.2773E-3	7.2476E-1
7.9000E-5	1.0254E-2	7.2793E-1
8.0000E-5	1.0254E-2	7.3726E-1
8.1000E-5	9.5215E-3	7.5376E-1
8.2000E-5	9.7656E-3	7.7676E-1
8.3000E-5	9.7656E-3	8.0264E-1
8.4000E-5	8.7891E-3	8.3242E-1
8.5000E-5	9.7656E-3	8.6372E-1
8.6000E-5	9.7656E-3	8.9131E-1
8.7000E-5	9.7656E-3	9.1577E-1
8.8000E-5	1.0010E-2	9.3711E-1
8.9000E-5	9.7656E-3	9.5083E-1
9.0000E-5	1.0010E-2	9.5830E-1
9.1000E-5	1.0010E-2	9.5596E-1
9.2000E-5	1.0254E-2	9.4600E-1
9.3000E-5	9.2773E-3	9.2832E-1
9.4000E-5	9.2773E-3	9.0483E-1
9.5000E-5	9.2773E-3	8.7915E-1
9.6000E-5	1.0010E-2	8.5288E-1
9.7000E-5	9.5215E-3	8.2759E-1
9.8000E-5	9.7656E-3	8.0664E-1
9.9000E-5	1.0010E-2	7.8892E-1
1.0000E-4	9.7656E-3	7.7383E-1
1.0100E-4	9.7656E-3	7.6440E-1
1.0200E-4	9.2773E-3	7.5820E-1
1.0300E-4	9.7656E-3	7.5200E-1
1.0400E-4	9.2773E-3	7.5059E-1
1.0500E-4	1.0254E-2	7.5479E-1
1.0600E-4	9.0332E-3	7.6309E-1
1.0700E-4	1.0254E-2	7.7817E-1
1.0800E-4	9.5215E-3	8.0127E-1
1.0900E-4	9.5215E-3	8.2827E-1
1.1000E-4	9.5215E-3	8.5469E-1
1.1100E-4	9.5215E-3	8.8115E-1
1.1200E-4	9.7656E-3	9.0669E-1
1.1300E-4	9.7656E-3	9.2729E-1
1.1400E-4	1.0254E-2	9.4082E-1
1.1500E-4	9.5215E-3	9.5029E-1
1.1600E-4	9.7656E-3	9.5308E-1
1.1700E-4	9.7656E-3	9.4790E-1
1.1800E-4	9.5215E-3	9.3965E-1
1.1900E-4	9.7656E-3	9.3071E-1
1.2000E-4	1.0010E-2	9.1597E-1
1.2100E-4	9.5215E-3	9.0049E-1
1.2200E-4	9.5215E-3	8.8525E-1
1.2300E-4	9.5215E-3	8.6831E-1
1.2400E-4	1.0010E-2	8.4883E-1
1.2500E-4	9.5215E-3	8.3389E-1
1.2600E-4	1.0010E-2	8.2051E-1
1.2700E-4	1.0010E-2	8.1069E-1
1.2800E-4	9.2773E-3	8.0518E-1
1.2900E-4	1.0010E-2	8.0518E-1
1.3000E-4	1.0010E-2	8.0796E-1
1.3100E-4	1.0498E-2	8.1714E-1
1.3200E-4	9.5215E-3	8.3076E-1
1.3300E-4	9.5215E-3	8.4775E-1
1.3400E-4	9.5215E-3	8.6611E-1
1.3500E-4	1.0010E-2	8.8633E-1
1.3600E-4	9.7656E-3	9.0405E-1
1.3700E-4	9.5215E-3	9.1763E-1
1.3800E-4	9.7656E-3	9.2559E-1
1.3900E-4	1.0010E-2	9.3267E-1
1.4000E-4	9.5215E-3	9.3657E-1
1.4100E-4	1.0010E-2	9.3521E-1
1.4200E-4	1.0010E-2	9.3027E-1
1.4300E-4	1.0010E-2	9.2500E-1
1.4400E-4	9.7656E-3	9.1377E-1
1.4500E-4	1.0010E-2	8.9722E-1
1.4600E-4	1.0498E-2	8.8140E-1
1.4700E-4	9.7656E-3	8.6211E-1
1.4800E-4	1.0010E-2	8.4121E-1
1.4900E-4	9.5215E-3	8.2153E-1
1.5000E-4	1.0254E-2	8.0376E-1
1.5100E-4	9.5215E-3	7.8755E-1
1.5200E-4	9.7656E-3	7.7871E-1
1.5300E-4	9.7656E-3	7.7461E-1
1.5400E-4	1.0010E-2	7.7612E-1
1.5500E-4	9.7656E-3	7.8594E-1
1.5600E-4	1.0010E-2	8.0010E-1
1.5700E-4	9.2773E-3	8.1587E-1
1.5800E-4	1.0254E-2	8.3384E-1
1.5900E-4	1.0254E-2	8.5298E-1
1.6000E-4	1.0010E-2	8.7046E-1
1.6100E-4	9.7656E-3	8.8564E-1
1.6200E-4	8.7891E-3	9.0161E-1
1.6300E-4	1.0254E-2	9.1519E-1
1.6400E-4	9.7656E-3	9.2544E-1
1.6500E-4	9.5215E-3	9.3154E-1
1.6600E-4	9.5215E-3	9.3364E-1
1.6700E-4	9.5215E-3	9.3247E-1
1.6800E-4	1.0010E-2	9.3018E-1
1.6900E-4	1.0254E-2	9.2466E-1
1.7000E-4	9.7656E-3	9.1611E-1
1.7100E-4	9.0332E-3	9.0708E-1
1.7200E-4	9.5215E-3	8.9521E-1
1.7300E-4	9.7656E-3	8.7896E-1
1.7400E-4	9.5215E-3	8.6206E-1
1.7500E-4	9.2773E-3	8.4600E-1
1.7600E-4	9.2773E-3	8.3179E-1
1.7700E-4	9.7656E-3	8.2109E-1
1.7800E-4	9.7656E-3	8.1675E-1
1.7900E-4	9.7656E-3	8.1758E-1
1.8000E-4	9.7656E-3	8.2280E-1
1.8100E-4	9.5215E-3	8.3247E-1
1.8200E-4	1.0010E-2	8.4111E-1
1.8300E-4	9.5215E-3	8.4941E-1
1.8400E-4	1.0010E-2	8.5708E-1
1.8500E-4	9.2773E-3	8.6641E-1
1.8600E-4	9.2773E-3	8.7476E-1
1.8700E-4	1.0254E-2	8.8491E-1
1.8800E-4	9.5215E-3	8.9482E-1
1.8900E-4	9.7656E-3	9.0332E-1
1.9000E-4	9.5215E-3	9.0977E-1
1.9100E-4	1.0010E-2	9.1343E-1
1.9200E-4	9.2773E-3	9.1343E-1
1.9300E-4	1.0010E-2	9.1167E-1
1.9400E-4	1.0010E-2	9.0771E-1
1.9500E-4	9.5215E-3	9.0034E-1
1.9600E-4	9.7656E-3	8.9199E-1
1.9700E-4	1.0010E-2	8.8315E-1
1.9800E-4	9.7656E-3	8.6987E-1
1.9900E-4	9.7656E-3	8.5537E-1
2.0000E-4	9.5215E-3	8.4121E-1
2.0100E-4	9.5215E-3	8.2852E-1
2.0200E-4	9.7656E-3	8.1738E-1
2.0300E-4	1.0254E-2	8.1187E-1
2.0400E-4	9.5215E-3	8.1011E-1
2.0500E-4	1.0010E-2	8.0986E-1
2.0600E-4	9.5215E-3	8.1196E-1
2.0700E-4	9.5215E-3	8.1831E-1
2.0800E-4	9.5215E-3	8.2729E-1
2.0900E-4	1.0010E-2	8.3931E-1
2.1000E-4	1.0010E-2	8.5356E-1
2.1100E-4	9.5215E-3	8.6660E-1
2.1200E-4	1.0498E-2	8.7983E-1
2.1300E-4	9.5215E-3	8.9229E-1
2.1400E-4	9.7656E-3	9.0537E-1
2.1500E-4	1.0010E-2	9.1689E-1
2.1600E-4	9.5215E-3	9.2632E-1
2.1700E-4	9.2773E-3	9.3125E-1
2.1800E-4	9.5215E-3	9.3276E-1
2.1900E-4	9.7656E-3	9.2822E-1
2.2000E-4	9.5215E-3	9.2168E-1
2.2100E-4	8.7891E-3	9.1250E-1
2.2200E-4	9.5215E-3	8.9917E-1
2.2300E-4	9.2773E-3	8.8486E-1
2.2400E-4	9.7656E-3	8.6904E-1
2.2500E-4	9.0332E-3	8.5313E-1
2.2600E-4	9.5215E-3	8.3926E-1
2.2700E-4	9.2773E-3	8.2964E-1
2.2800E-4	9.5215E-3	8.2173E-1
2.2900E-4	9.7656E-3	8.2002E-1
2.3000E-4	9.2773E-3	8.2192E-1
2.3100E-4	1.0010E-2	8.2852E-1
2.3200E-4	1.0254E-2	8.3760E-1
2.3300E-4	9.7656E-3	8.4912E-1
2.3400E-4	9.7656E-3	8.6128E-1
2.3500E-4	1.0010E-2	8.7271E-1
2.3600E-4	9.5215E-3	8.8296E-1
2.3700E-4	9.5215E-3	8.9268E-1
2.3800E-4	9.2773E-3	9.0146E-1
2.3900E-4	1.0010E-2	9.0698E-1
2.4000E-4	9.0332E-3	9.1265E-1
2.4100E-4	9.2773E-3	9.1714E-1
2.4200E-4	9.7656E-3	9.1948E-1
2.4300E-4	9.5215E-3	9.1865E-1
2.4400E-4	9.5215E-3	9.1597E-1
2.4500E-4	9.5215E-3	9.0806E-1
2.4600E-4	9.0332E-3	8.9683E-1
2.4700E-4	9.2773E-3	8.8179E-1
2.4800E-4	1.0254E-2	8.6680E-1
2.4900E-4	9.5215E-3	8.5249E-1
2.5000E-4	9.7656E-3	8.3999E-1
2.5100E-4	9.5215E-3	8.2900E-1
2.5200E-4	9.5215E-3	8.2080E-1
2.5300E-4	9.5215E-3	8.1582E-1
2.5400E-4	9.2773E-3	8.1313E-1
2.5500E-4	9.5215E-3	8.1211E-1
2.5600E-4	9.7656E-3	8.1396E-1
2.5700E-4	1.0010E-2	8.1890E-1
2.5800E-4	1.0010E-2	8.2329E-1
2.5900E-4	9.7656E-3	8.3032E-1
2.6000E-4	1.0010E-2	8.4067E-1
2.6100E-4	9.7656E-3	8.5337E-1
2.6200E-4	9.5215E-3	8.6655E-1
2.6300E-4	9.7656E-3	8.8037E-1
2.6400E-4	1.0254E-2	8.9048E-1
2.6500E-4	9.5215E-3	8.9941E-1
2.6600E-4	1.0010E-2	9.0508E-1
2.6700E-4	9.7656E-3	9.0830E-1
2.6800E-4	9.5215E-3	9.0952E-1
2.6900E-4	9.7656E-3	9.0859E-1
2.7000E-4	9.0332E-3	9.0439E-1
2.7100E-4	1.0010E-2	9.0000E-1
2.7200E-4	9.7656E-3	8.9585E-1
2.7300E-4	9.5215E-3	8.9004E-1
2.7400E-4	9.5215E-3	8.8374E-1
2.7500E-4	9.7656E-3	8.7666E-1
2.7600E-4	9.7656E-3	8.6816E-1
2.7700E-4	1.0010E-2	8.5654E-1
2.7800E-4	9.2773E-3	8.4487E-1
2.7900E-4	9.5215E-3	8.3477E-1
2.8000E-4	8.7891E-3	8.2656E-1
2.8100E-4	1.0010E-2	8.1953E-1
2.8200E-4	9.5215E-3	8.1870E-1
2.8300E-4	9.2773E-3	8.2168E-1
2.8400E-4	9.5215E-3	8.2749E-1
2.8500E-4	9.0332E-3	8.3687E-1
2.8600E-4	9.7656E-3	8.4692E-1
2.8700E-4	9.5215E-3	8.5835E-1
2.8800E-4	9.0332E-3	8.7173E-1
2.8900E-4	9.7656E-3	8.8418E-1
2.9000E-4	9.7656E-3	8.9351E-1
2.9100E-4	9.5215E-3	9.0117E-1
2.9200E-4	9.7656E-3	9.0449E-1
2.9300E-4	9.2773E-3	9.0366E-1
2.9400E-4	1.0010E-2	9.0205E-1
2.9500E-4	9.2773E-3	8.9692E-1
2.9600E-4	9.5215E-3	8.9033E-1
2.9700E-4	9.7656E-3	8.8213E-1
2.9800E-4	1.0254E-2	8.7168E-1
2.9900E-4	9.5215E-3	8.5669E-1
3.0000E-4	9.5215E-3	8.4443E-1
3.0100E-4	9.7656E-3	8.3228E-1
3.0200E-4	1.0254E-2	8.2046E-1
3.0300E-4	9.7656E-3	8.1157E-1
3.0400E-4	9.5215E-3	8.0649E-1
3.0500E-4	9.2773E-3	8.0112E-1
3.0600E-4	9.2773E-3	7.9912E-1
3.0700E-4	1.0254E-2	7.9878E-1
3.0800E-4	9.0332E-3	7.9829E-1
3.0900E-4	1.0010E-2	8.0161E-1
3.1000E-4	1.0010E-2	8.1074E-1
3.1100E-4	1.0010E-2	8.2031E-1
3.1200E-4	9.5215E-3	8.3188E-1
3.1300E-4	9.2773E-3	8.4600E-1
3.1400E-4	9.2773E-3	8.6055E-1
3.1500E-4	9.5215E-3	8.7036E-1
3.1600E-4	9.5215E-3	8.8223E-1
3.1700E-4	9.7656E-3	8.9121E-1
3.1800E-4	9.7656E-3	8.9741E-1
3.1900E-4	9.2773E-3	9.0127E-1
3.2000E-4	9.5215E-3	9.0659E-1
3.2100E-4	9.5215E-3	9.0742E-1
3.2200E-4	9.5215E-3	9.0571E-1
3.2300E-4	9.5215E-3	9.0220E-1
3.2400E-4	9.5215E-3	8.9390E-1
3.2500E-4	9.2773E-3	8.8145E-1
3.2600E-4	1.0010E-2	8.6621E-1
3.2700E-4	9.7656E-3	8.5337E-1
3.2800E-4	9.7656E-3	8.3989E-1
3.2900E-4	9.7656E-3	8.2817E-1
3.3000E-4	1.0254E-2	8.1797E-1
3.3100E-4	1.0010E-2	8.1128E-1
3.3200E-4	9.5215E-3	8.0630E-1
3.3300E-4	9.2773E-3	8.0430E-1
3.3400E-4	9.5215E-3	8.0718E-1
3.3500E-4	9.0332E-3	8.1323E-1
3.3600E-4	9.7656E-3	8.2158E-1
3.3700E-4	9.7656E-3	8.3169E-1
3.3800E-4	9.2773E-3	8.4409E-1
3.3900E-4	9.2773E-3	8.5625E-1
3.4000E-4	9.5215E-3	8.6699E-1
3.4100E-4	9.0332E-3	8.7578E-1
3.4200E-4	9.5215E-3	8.8208E-1
3.4300E-4	1.0010E-2	8.8486E-1
3.4400E-4	9.7656E-3	8.8433E-1
3.4500E-4	9.7656E-3	8.8228E-1
3.4600E-4	1.0010E-2	8.8101E-1
3.4700E-4	9.5215E-3	8.7773E-1
3.4800E-4	1.0010E-2	8.7559E-1
3.4900E-4	9.5215E-3	8.7012E-1
3.5000E-4	1.0498E-2	8.6123E-1
3.5100E-4	9.2773E-3	8.4741E-1
3.5200E-4	9.2773E-3	8.3354E-1
3.5300E-4	1.0254E-2	8.1733E-1
3.5400E-4	9.2773E-3	8.0322E-1
3.5500E-4	1.0010E-2	7.9160E-1
3.5600E-4	9.7656E-3	7.8379E-1
3.5700E-4	9.2773E-3	7.7803E-1
3.5800E-4	9.7656E-3	7.7422E-1
3.5900E-4	1.0010E-2	7.7300E-1
3.6000E-4	1.0498E-2	7.7725E-1
3.6100E-4	1.0010E-2	7.8452E-1
3.6200E-4	9.5215E-3	7.9478E-1
3.6300E-4	9.5215E-3	8.0811E-1
3.6400E-4	9.2773E-3	8.2339E-1
3.6500E-4	9.5215E-3	8.3833E-1
3.6600E-4	9.5215E-3	8.5366E-1
3.6700E-4	9.5215E-3	8.6948E-1
3.6800E-4	9.7656E-3	8.8311E-1
3.6900E-4	9.5215E-3	8.9380E-1
3.7000E-4	1.0010E-2	9.0010E-1
3.7100E-4	9.2773E-3	9.0127E-1
3.7200E-4	9.5215E-3	8.9644E-1
3.7300E-4	1.0010E-2	8.8965E-1
3.7400E-4	9.7656E-3	8.7935E-1
3.7500E-4	9.2773E-3	8.6816E-1
3.7600E-4	9.5215E-3	8.5537E-1
3.7700E-4	1.0010E-2	8.4248E-1
3.7800E-4	9.2773E-3	8.2886E-1
3.7900E-4	9.2773E-3	8.1724E-1
3.8000E-4	9.5215E-3	8.0654E-1
3.8100E-4	1.0254E-2	7.9600E-1
3.8200E-4	1.0010E-2	7.8779E-1
3.8300E-4	9.7656E-3	7.8242E-1
3.8400E-4	9.2773E-3	7.8091E-1
3.8500E-4	8.7891E-3	7.8369E-1
3.8600E-4	1.0010E-2	7.9126E-1
3.8700E-4	1.0010E-2	8.0356E-1
3.8800E-4	9.0332E-3	8.1973E-1
3.8900E-4	9.5215E-3	8.3799E-1
3.9000E-4	9.5215E-3	8.5469E-1
3.9100E-4	1.0254E-2	8.7153E-1
3.9200E-4	9.5215E-3	8.8325E-1
3.9300E-4	9.2773E-3	8.9326E-1
3.9400E-4	9.5215E-3	8.9956E-1
3.9500E-4	9.2773E-3	9.0425E-1
3.9600E-4	9.5215E-3	9.0347E-1
3.9700E-4	9.5215E-3	9.0034E-1
3.9800E-4	9.7656E-3	8.9131E-1
3.9900E-4	1.0254E-2	8.7764E-1
4.0000E-4	9.2773E-3	8.6167E-1
4.0100E-4	9.7656E-3	8.4414E-1
4.0200E-4	9.0332E-3	8.2598E-1
4.0300E-4	9.2773E-3	8.0703E-1
4.0400E-4	1.0010E-2	7.8867E-1
4.0500E-4	9.0332E-3	7.7075E-1
4.0600E-4	9.5215E-3	7.5444E-1
4.0700E-4	9.7656E-3	7.4170E-1
4.0800E-4	9.5215E-3	7.3467E-1
4.0900E-4	9.5215E-3	7.3394E-1
4.1000E-4	9.5215E-3	7.3770E-1
4.1100E-4	1.0254E-2	7.4941E-1
4.1200E-4	1.0010E-2	7.6563E-1
4.1300E-4	9.5215E-3	7.8403E-1
4.1400E-4	1.0010E-2	8.0176E-1
4.1500E-4	9.5215E-3	8.2402E-1
4.1600E-4	9.7656E-3	8.4556E-1
4.1700E-4	9.5215E-3	8.6650E-1
4.1800E-4	9.2773E-3	8.8506E-1
4.1900E-4	9.5215E-3	9.0396E-1
4.2000E-4	9.5215E-3	9.1421E-1
4.2100E-4	9.7656E-3	9.2051E-1
4.2200E-4	9.5215E-3	9.1768E-1
4.2300E-4	9.5215E-3	9.1050E-1
4.2400E-4	9.0332E-3	8.9565E-1
4.2500E-4	1.0010E-2	8.7881E-1
4.2600E-4	1.0010E-2	8.5527E-1
4.2700E-4	9.7656E-3	8.3218E-1
4.2800E-4	9.7656E-3	8.0669E-1
4.2900E-4	9.0332E-3	7.8032E-1
4.3000E-4	9.5215E-3	7.5308E-1
4.3100E-4	9.5215E-3	7.3042E-1
4.3200E-4	9.7656E-3	7.1108E-1
4.3300E-4	9.7656E-3	6.9595E-1
4.3400E-4	9.5215E-3	6.8979E-1
4.3500E-4	9.5215E-3	6.9077E-1
4.3600E-4	9.7656E-3	6.9893E-1
4.3700E-4	1.0010E-2	7.1431E-1
4.3800E-4	9.7656E-3	7.3765E-1
4.3900E-4	9.5215E-3	7.6519E-1
4.4000E-4	9.7656E-3	7.9829E-1
4.4100E-4	1.0010E-2	8.3608E-1
4.4200E-4	9.5215E-3	8.7295E-1
4.4300E-4	9.5215E-3	9.0342E-1
4.4400E-4	9.7656E-3	9.2778E-1
4.4500E-4	9.5215E-3	9.4136E-1
4.4600E-4	1.0010E-2	9.4116E-1
4.4700E-4	1.0254E-2	9.3208E-1
4.4800E-4	1.0254E-2	9.1553E-1
4.4900E-4	1.0254E-2	8.8794E-1
4.5000E-4	9.5215E-3	8.5093E-1
4.5100E-4	9.5215E-3	8.0840E-1
4.5200E-4	9.5215E-3	7.5723E-1
4.5300E-4	9.0332E-3	7.0234E-1
4.5400E-4	1.0010E-2	6.5117E-1
4.5500E-4	9.5215E-3	6.0415E-1
4.5600E-4	9.7656E-3	5.6094E-1
4.5700E-4	1.0010E-2	5.2725E-1
4.5800E-4	9.5215E-3	5.0391E-1
4.5900E-4	9.7656E-3	4.8701E-1
4.6000E-4	9.7656E-3	4.8394E-1
4.6100E-4	9.5215E-3	4.9507E-1
4.6200E-4	1.0010E-2	5.1689E-1
4.6300E-4	9.2773E-3	5.4849E-1
4.6400E-4	9.5215E-3	5.9253E-1
4.6500E-4	9.7656E-3	6.4614E-1
4.6600E-4	9.0332E-3	7.0840E-1
4.6700E-4	9.5215E-3	7.8013E-1
4.6800E-4	9.5215E-3	8.5078E-1
4.6900E-4	9.7656E-3	9.1230E-1
4.7000E-4	9.2773E-3	9.5313E-1
4.7100E-4	9.5215E-3	9.6201E-1
4.7200E-4	1.0010E-2	9.3135E-1
4.7300E-4	9.5215E-3	8.6279E-1
4.7400E-4	1.0010E-2	7.6167E-1
4.7500E-4	9.5215E-3	6.3975E-1
4.7600E-4	9.5215E-3	5.1064E-1
4.7700E-4	9.7656E-3	3.9053E-1
4.7800E-4	9.7656E-3	2.8853E-1
4.7900E-4	1.0254E-2	2.1196E-1
4.8000E-4	9.5215E-3	1.6152E-1
4.8100E-4	1.0010E-2	1.3354E-1
4.8200E-4	9.5215E-3	1.2065E-1
4.8300E-4	1.0010E-2	1.2246E-1
4.8400E-4	9.0332E-3	1.2861E-1
4.8500E-4	1.0254E-2	1.3530E-1
4.8600E-4	1.0010E-2	1.4316E-1
4.8700E-4	9.7656E-3	1.4985E-1
4.8800E-4	1.0254E-2	1.5361E-1
4.8900E-4	1.0010E-2	1.5337E-1
4.9000E-4	9.5215E-3	1.5068E-1
4.9100E-4	9.5215E-3	1.4561E-1
4.9200E-4	9.2773E-3	1.3853E-1
4.9300E-4	9.5215E-3	1.3057E-1
4.9400E-4	9.5215E-3	1.2676E-1
4.9500E-4	9.2773E-3	1.2607E-1
4.9600E-4	1.0010E-2	1.2603E-1
4.9700E-4	9.7656E-3	1.2637E-1
4.9800E-4	9.5215E-3	1.2510E-1
4.9900E-4	1.0010E-2	1.2178E-1
5.0000E-4	9.5215E-3	1.1836E-1
5.0100E-4	9.2773E-3	1.1748E-1
5.0200E-4	9.7656E-3	1.2002E-1
5.0300E-4	1.0010E-2	1.2754E-1
5.0400E-4	9.5215E-3	1.4155E-1
5.0500E-4	9.5215E-3	1.5825E-1
5.0600E-4	8.5449E-3	1.7993E-1
5.0700E-4	9.2773E-3	2.0869E-1
5.0800E-4	9.7656E-3	2.4570E-1
5.0900E-4	1.0010E-2	2.9556E-1
5.1000E-4	9.2773E-3	3.6558E-1
5.1100E-4	9.0332E-3	4.5977E-1
5.1200E-4	9.7656E-3	5.7905E-1
5.1300E-4	9.5215E-3	7.1621E-1
5.1400E-4	9.5215E-3	8.4956E-1
5.1500E-4	9.7656E-3	9.6147E-1
5.1600E-4	9.7656E-3	1.0321E+0
5.1700E-4	9.2773E-3	1.0491E+0
5.1800E-4	1.0010E-2	1.0120E+0
5.1900E-4	1.0254E-2	9.3423E-1
5.2000E-4	9.7656E-3	8.2983E-1
5.2100E-4	1.0010E-2	7.1777E-1
5.2200E-4	9.5215E-3	6.1309E-1
5.2300E-4	9.7656E-3	5.2729E-1
5.2400E-4	9.5215E-3	4.6475E-1
5.2500E-4	1.0010E-2	4.2593E-1
5.2600E-4	9.7656E-3	4.0942E-1
5.2700E-4	9.2773E-3	4.1279E-1
5.2800E-4	1.0010E-2	4.3135E-1
5.2900E-4	9.0332E-3	4.6255E-1
5.3000E-4	9.5215E-3	5.0698E-1
5.3100E-4	1.0010E-2	5.5801E-1
5.3200E-4	9.0332E-3	6.1328E-1
5.3300E-4	1.0010E-2	6.7422E-1
5.3400E-4	9.7656E-3	7.3862E-1
5.3500E-4	9.5215E-3	8.0024E-1
5.3600E-4	9.7656E-3	8.5942E-1
5.3700E-4	9.7656E-3	9.1143E-1
5.3800E-4	9.7656E-3	9.5181E-1
5.3900E-4	8.7891E-3	9.7754E-1
5.4000E-4	9.5215E-3	9.8843E-1
5.4100E-4	9.5215E-3	9.8091E-1
5.4200E-4	9.7656E-3	9.5752E-1
5.4300E-4	9.7656E-3	9.1836E-1
5.4400E-4	9.7656E-3	8.7114E-1
5.4500E-4	9.0332E-3	8.1621E-1
5.4600E-4	9.5215E-3	7.6099E-1
5.4700E-4	1.0010E-2	7.1128E-1
5.4800E-4	9.5215E-3	6.7012E-1
5.4900E-4	1.0254E-2	6.3550E-1
5.5000E-4	9.5215E-3	6.1240E-1
5.5100E-4	9.5215E-3	5.9873E-1
5.5200E-4	9.7656E-3	5.9478E-1
5.5300E-4	9.2773E-3	5.9971E-1
5.5400E-4	9.5215E-3	6.1616E-1
5.5500E-4	9.7656E-3	6.4033E-1
5.5600E-4	9.2773E-3	6.7334E-1
5.5700E-4	1.0010E-2	7.1045E-1
5.5800E-4	9.7656E-3	7.5352E-1
5.5900E-4	9.5215E-3	7.9790E-1
5.6000E-4	9.5215E-3	8.4243E-1
5.6100E-4	9.7656E-3	8.8516E-1
5.6200E-4	1.0010E-2	9.2275E-1
5.6300E-4	9.0332E-3	9.5073E-1
5.6400E-4	9.2773E-3	9.6699E-1
5.6500E-4	9.2773E-3	9.7002E-1
5.6600E-4	9.5215E-3	9.6191E-1
5.6700E-4	9.2773E-3	9.4521E-1
5.6800E-4	9.7656E-3	9.2075E-1
5.6900E-4	8.7891E-3	8.9175E-1
5.7000E-4	8.7891E-3	8.6152E-1
5.7100E-4	1.0254E-2	8.2837E-1
5.7200E-4	9.5215E-3	7.9590E-1
5.7300E-4	9.5215E-3	7.6533E-1
5.7400E-4	9.7656E-3	7.3804E-1
5.7500E-4	9.7656E-3	7.1631E-1
5.7600E-4	9.5215E-3	7.0278E-1
5.7700E-4	8.7891E-3	6.9531E-1
5.7800E-4	9.7656E-3	6.9419E-1
5.7900E-4	9.5215E-3	7.0078E-1
5.8000E-4	9.5215E-3	7.0967E-1
5.8100E-4	9.5215E-3	7.2373E-1
5.8200E-4	9.7656E-3	7.4443E-1
5.8300E-4	1.0010E-2	7.7051E-1
5.8400E-4	1.0010E-2	7.9829E-1
5.8500E-4	9.7656E-3	8.3320E-1
5.8600E-4	9.7656E-3	8.7041E-1
5.8700E-4	9.5215E-3	9.0376E-1
5.8800E-4	9.2773E-3	9.3135E-1
5.8900E-4	9.7656E-3	9.5352E-1
5.9000E-4	9.2773E-3	9.6538E-1
5.9100E-4	9.5215E-3	9.6738E-1
5.9200E-4	9.5215E-3	9.5957E-1
5.9300E-4	9.5215E-3	9.4619E-1
5.9400E-4	9.5215E-3	9.2656E-1
5.9500E-4	9.2773E-3	9.0464E-1
5.9600E-4	9.5215E-3	8.8091E-1
5.9700E-4	9.7656E-3	8.5781E-1
5.9800E-4	9.5215E-3	8.3467E-1
5.9900E-4	9.5215E-3	8.1470E-1
6.0000E-4	1.0010E-2	7.9775E-1
6.0100E-4	9.5215E-3	7.8467E-1
6.0200E-4	9.5215E-3	7.7622E-1
6.0300E-4	8.7891E-3	7.7261E-1
6.0400E-4	9.7656E-3	7.7446E-1
6.0500E-4	9.5215E-3	7.8188E-1
6.0600E-4	1.0010E-2	7.9224E-1
6.0700E-4	9.2773E-3	8.0884E-1
6.0800E-4	1.0010E-2	8.2739E-1
6.0900E-4	1.0010E-2	8.4727E-1
6.1000E-4	9.5215E-3	8.6768E-1
6.1100E-4	9.5215E-3	8.8887E-1
6.1200E-4	9.0332E-3	9.0518E-1
6.1300E-4	9.7656E-3	9.1787E-1
6.1400E-4	9.5215E-3	9.2666E-1
6.1500E-4	9.2773E-3	9.3032E-1
6.1600E-4	1.0010E-2	9.2705E-1
6.1700E-4	9.7656E-3	9.2075E-1
6.1800E-4	9.5215E-3	9.1401E-1
6.1900E-4	1.0010E-2	9.0410E-1
6.2000E-4	9.7656E-3	8.9146E-1
6.2100E-4	1.0010E-2	8.7690E-1
6.2200E-4	1.0010E-2	8.6094E-1
6.2300E-4	9.7656E-3	8.4326E-1
6.2400E-4	9.5215E-3	8.2686E-1
6.2500E-4	1.0010E-2	8.1138E-1
6.2600E-4	9.5215E-3	7.9810E-1
6.2700E-4	1.0010E-2	7.9067E-1
6.2800E-4	9.5215E-3	7.8784E-1
6.2900E-4	9.5215E-3	7.8823E-1
6.3000E-4	9.0332E-3	7.9453E-1
6.3100E-4	9.2773E-3	8.0820E-1
6.3200E-4	8.7891E-3	8.2271E-1
6.3300E-4	1.0010E-2	8.3726E-1
6.3400E-4	9.7656E-3	8.5342E-1
6.3500E-4	9.2773E-3	8.7002E-1
6.3600E-4	9.5215E-3	8.8560E-1
6.3700E-4	1.0010E-2	8.9980E-1
6.3800E-4	9.5215E-3	9.1465E-1
6.3900E-4	9.5215E-3	9.2520E-1
6.4000E-4	9.5215E-3	9.3057E-1
6.4100E-4	9.7656E-3	9.3081E-1
6.4200E-4	9.7656E-3	9.2646E-1
6.4300E-4	9.2773E-3	9.1860E-1
6.4400E-4	9.2773E-3	9.0757E-1
6.4500E-4	9.5215E-3	8.9409E-1
6.4600E-4	1.0010E-2	8.7935E-1
6.4700E-4	1.0010E-2	8.6685E-1
6.4800E-4	9.5215E-3	8.5259E-1
6.4900E-4	9.5215E-3	8.4141E-1
6.5000E-4	9.5215E-3	8.3374E-1
6.5100E-4	9.5215E-3	8.2817E-1
6.5200E-4	1.0254E-2	8.2480E-1
6.5300E-4	9.5215E-3	8.2607E-1
6.5400E-4	9.7656E-3	8.2803E-1
6.5500E-4	9.5215E-3	8.3374E-1
6.5600E-4	9.7656E-3	8.4072E-1
6.5700E-4	9.5215E-3	8.4707E-1
6.5800E-4	1.0010E-2	8.5273E-1
6.5900E-4	9.5215E-3	8.6094E-1
6.6000E-4	9.2773E-3	8.6880E-1
6.6100E-4	9.7656E-3	8.7866E-1
6.6200E-4	1.0010E-2	8.8901E-1
6.6300E-4	9.7656E-3	8.9941E-1
6.6400E-4	9.7656E-3	9.0786E-1
6.6500E-4	9.7656E-3	9.1455E-1
6.6600E-4	9.7656E-3	9.1660E-1
6.6700E-4	9.0332E-3	9.1387E-1
6.6800E-4	9.5215E-3	9.0908E-1
6.6900E-4	9.7656E-3	9.0005E-1
6.7000E-4	1.0010E-2	8.8789E-1
6.7100E-4	1.0010E-2	8.7402E-1
6.7200E-4	9.5215E-3	8.6035E-1
6.7300E-4	9.7656E-3	8.4575E-1
6.7400E-4	9.5215E-3	8.3467E-1
6.7500E-4	9.7656E-3	8.2271E-1
6.7600E-4	9.2773E-3	8.1348E-1
6.7700E-4	9.7656E-3	8.0957E-1
6.7800E-4	9.5215E-3	8.0884E-1
6.7900E-4	9.2773E-3	8.0801E-1
6.8000E-4	9.7656E-3	8.1172E-1
6.8100E-4	9.5215E-3	8.1943E-1
6.8200E-4	9.2773E-3	8.2866E-1
6.8300E-4	1.0010E-2	8.4097E-1
6.8400E-4	9.5215E-3	8.5454E-1
6.8500E-4	9.2773E-3	8.6978E-1
6.8600E-4	1.0010E-2	8.8257E-1
6.8700E-4	9.5215E-3	8.9399E-1
6.8800E-4	9.7656E-3	9.0210E-1
6.8900E-4	9.2773E-3	9.0957E-1
6.9000E-4	9.0332E-3	9.1309E-1
6.9100E-4	9.2773E-3	9.1377E-1
6.9200E-4	9.5215E-3	9.1133E-1
6.9300E-4	9.5215E-3	9.0684E-1
6.9400E-4	9.0332E-3	9.0132E-1
6.9500E-4	9.2773E-3	8.9424E-1
6.9600E-4	9.5215E-3	8.8604E-1
6.9700E-4	9.2773E-3	8.7515E-1
6.9800E-4	9.0332E-3	8.6284E-1
6.9900E-4	1.0010E-2	8.4854E-1
7.0000E-4	1.0010E-2	8.3833E-1
7.0100E-4	9.7656E-3	8.3135E-1
7.0200E-4	9.7656E-3	8.3037E-1
7.0300E-4	1.0254E-2	8.3149E-1
7.0400E-4	9.5215E-3	8.3467E-1
7.0500E-4	9.2773E-3	8.3682E-1
7.0600E-4	9.5215E-3	8.4131E-1
7.0700E-4	9.7656E-3	8.4414E-1
7.0800E-4	1.0254E-2	8.4834E-1
7.0900E-4	9.5215E-3	8.5483E-1
7.1000E-4	1.0010E-2	8.6284E-1
7.1100E-4	9.2773E-3	8.7026E-1
7.1200E-4	9.7656E-3	8.7754E-1
7.1300E-4	1.0010E-2	8.8442E-1
7.1400E-4	9.5215E-3	8.9028E-1
7.1500E-4	9.7656E-3	8.9263E-1
7.1600E-4	9.5215E-3	8.9316E-1
7.1700E-4	1.0498E-2	8.9092E-1
7.1800E-4	9.0332E-3	8.8667E-1
7.1900E-4	1.0254E-2	8.8208E-1
7.2000E-4	9.7656E-3	8.7744E-1
7.2100E-4	1.0010E-2	8.6958E-1
7.2200E-4	9.7656E-3	8.6152E-1
7.2300E-4	9.7656E-3	8.5249E-1
7.2400E-4	9.2773E-3	8.4141E-1
7.2500E-4	1.0010E-2	8.2842E-1
7.2600E-4	9.5215E-3	8.1816E-1
7.2700E-4	9.2773E-3	8.1030E-1
7.2800E-4	9.5215E-3	8.0288E-1
7.2900E-4	1.0010E-2	7.9751E-1
7.3000E-4	9.0332E-3	7.9570E-1
7.3100E-4	9.7656E-3	7.9766E-1
7.3200E-4	9.7656E-3	8.0259E-1
7.3300E-4	9.7656E-3	8.1094E-1
7.3400E-4	9.2773E-3	8.2222E-1
7.3500E-4	9.2773E-3	8.3398E-1
7.3600E-4	1.0010E-2	8.4395E-1
7.3700E-4	9.2773E-3	8.5347E-1
7.3800E-4	9.5215E-3	8.6519E-1
7.3900E-4	9.2773E-3	8.7432E-1
7.4000E-4	9.7656E-3	8.8218E-1
7.4100E-4	9.7656E-3	8.8716E-1
7.4200E-4	9.7656E-3	8.8716E-1
7.4300E-4	9.2773E-3	8.8438E-1
7.4400E-4	1.0010E-2	8.8042E-1
7.4500E-4	9.7656E-3	8.7754E-1
7.4600E-4	1.0010E-2	8.7373E-1
7.4700E-4	9.5215E-3	8.7187E-1
7.4800E-4	9.0332E-3	8.6694E-1
7.4900E-4	9.5215E-3	8.6064E-1
7.5000E-4	9.2773E-3	8.5122E-1
7.5100E-4	9.7656E-3	8.4170E-1
7.5200E-4	1.0010E-2	8.3164E-1
7.5300E-4	9.5215E-3	8.2212E-1
7.5400E-4	1.0010E-2	8.1597E-1
7.5500E-4	9.7656E-3	8.1455E-1
7.5600E-4	1.0010E-2	8.1479E-1
7.5700E-4	9.5215E-3	8.1812E-1
7.5800E-4	9.7656E-3	8.2568E-1
7.5900E-4	9.2773E-3	8.3491E-1
7.6000E-4	9.2773E-3	8.4541E-1
7.6100E-4	1.0254E-2	8.5820E-1
7.6200E-4	1.0010E-2	8.6753E-1
7.6300E-4	9.7656E-3	8.7690E-1
7.6400E-4	9.7656E-3	8.8369E-1
7.6500E-4	1.0010E-2	8.8643E-1
7.6600E-4	9.5215E-3	8.8999E-1
7.6700E-4	1.0010E-2	8.9229E-1
7.6800E-4	9.2773E-3	8.9053E-1
7.6900E-4	1.0010E-2	8.8560E-1
7.7000E-4	9.7656E-3	8.7871E-1
7.7100E-4	9.5215E-3	8.6768E-1
7.7200E-4	9.2773E-3	8.5815E-1
7.7300E-4	1.0010E-2	8.5054E-1
7.7400E-4	9.2773E-3	8.4487E-1
7.7500E-4	9.5215E-3	8.3901E-1
7.7600E-4	1.0010E-2	8.3145E-1
7.7700E-4	1.0010E-2	8.2056E-1
7.7800E-4	1.0010E-2	8.0669E-1
7.7900E-4	9.0332E-3	7.9336E-1
7.8000E-4	9.7656E-3	7.8501E-1
7.8100E-4	1.0010E-2	7.8008E-1
7.8200E-4	9.2773E-3	7.7944E-1
7.8300E-4	9.2773E-3	7.8208E-1
7.8400E-4	9.7656E-3	7.8789E-1
7.8500E-4	1.0010E-2	7.9409E-1
7.8600E-4	1.0010E-2	8.0400E-1
7.8700E-4	9.5215E-3	8.1680E-1
7.8800E-4	9.7656E-3	8.3237E-1
7.8900E-4	9.2773E-3	8.4595E-1
7.9000E-4	1.0010E-2	8.5762E-1
7.9100E-4	9.7656E-3	8.6543E-1
7.9200E-4	9.7656E-3	8.7061E-1
7.9300E-4	1.0010E-2	8.7002E-1
7.9400E-4	9.2773E-3	8.6816E-1
7.9500E-4	1.0254E-2	8.6558E-1
7.9600E-4	9.5215E-3	8.6240E-1
7.9700E-4	9.5215E-3	8.5679E-1
7.9800E-4	9.5215E-3	8.5122E-1
7.9900E-4	1.0010E-2	8.4390E-1
8.0000E-4	9.5215E-3	8.3462E-1
8.0100E-4	1.0254E-2	8.2437E-1
8.0200E-4	9.7656E-3	8.1602E-1
8.0300E-4	9.5215E-3	8.0957E-1
8.0400E-4	9.5215E-3	8.0562E-1
8.0500E-4	9.7656E-3	8.0464E-1
8.0600E-4	9.7656E-3	8.0435E-1
8.0700E-4	9.7656E-3	8.0366E-1
8.0800E-4	9.2773E-3	8.0527E-1
8.0900E-4	9.5215E-3	8.0850E-1
8.1000E-4	9.7656E-3	8.1123E-1
8.1100E-4	9.7656E-3	8.1523E-1
8.1200E-4	9.5215E-3	8.2256E-1
8.1300E-4	9.5215E-3	8.3003E-1
8.1400E-4	9.2773E-3	8.3672E-1
8.1500E-4	9.5215E-3	8.4380E-1
8.1600E-4	9.2773E-3	8.4927E-1
8.1700E-4	1.0254E-2	8.5005E-1
8.1800E-4	1.0010E-2	8.4868E-1
8.1900E-4	9.7656E-3	8.4395E-1
8.2000E-4	1.0010E-2	8.3838E-1
8.2100E-4	1.0010E-2	8.3311E-1
8.2200E-4	1.0742E-2	8.2749E-1
8.2300E-4	9.2773E-3	8.2065E-1
8.2400E-4	1.0010E-2	8.1431E-1
8.2500E-4	9.7656E-3	8.0698E-1
8.2600E-4	1.0010E-2	8.0020E-1
8.2700E-4	9.5215E-3	7.9253E-1
8.2800E-4	9.2773E-3	7.8535E-1
8.2900E-4	9.5215E-3	7.7954E-1
8.3000E-4	9.5215E-3	7.7173E-1
8.3100E-4	9.2773E-3	7.6426E-1
8.3200E-4	9.5215E-3	7.6143E-1
8.3300E-4	9.7656E-3	7.6069E-1
8.3400E-4	9.5215E-3	7.6118E-1
8.3500E-4	9.5215E-3	7.6475E-1
8.3600E-4	9.5215E-3	7.7104E-1
8.3700E-4	9.2773E-3	7.7710E-1
8.3800E-4	1.0254E-2	7.8472E-1
8.3900E-4	9.7656E-3	7.9414E-1
8.4000E-4	1.0010E-2	8.0312E-1
8.4100E-4	1.0010E-2	8.1279E-1
8.4200E-4	9.7656E-3	8.2212E-1
8.4300E-4	1.0254E-2	8.2861E-1
8.4400E-4	9.0332E-3	8.3154E-1
8.4500E-4	9.5215E-3	8.3350E-1
8.4600E-4	9.7656E-3	8.3179E-1
8.4700E-4	1.0010E-2	8.2881E-1
8.4800E-4	1.0254E-2	8.2393E-1
8.4900E-4	1.0498E-2	8.1792E-1
8.5000E-4	1.0254E-2	8.1050E-1
8.5100E-4	9.7656E-3	8.0132E-1
8.5200E-4	9.2773E-3	7.9194E-1
8.5300E-4	9.0332E-3	7.8228E-1
8.5400E-4	1.0498E-2	7.7295E-1
8.5500E-4	1.0010E-2	7.6689E-1
8.5600E-4	9.5215E-3	7.6367E-1
8.5700E-4	9.0332E-3	7.6030E-1
8.5800E-4	9.0332E-3	7.5830E-1
8.5900E-4	9.0332E-3	7.6035E-1
8.6000E-4	1.0254E-2	7.6421E-1
8.6100E-4	9.2773E-3	7.6978E-1
8.6200E-4	9.7656E-3	7.7773E-1
8.6300E-4	8.5449E-3	7.8628E-1
8.6400E-4	9.0332E-3	7.9443E-1
8.6500E-4	9.5215E-3	8.0078E-1
8.6600E-4	9.5215E-3	8.0562E-1
8.6700E-4	1.0010E-2	8.0874E-1
8.6800E-4	9.5215E-3	8.1074E-1
8.6900E-4	1.0010E-2	8.0977E-1
8.7000E-4	9.5215E-3	8.0718E-1
8.7100E-4	9.2773E-3	8.0312E-1
8.7200E-4	9.5215E-3	8.0039E-1
8.7300E-4	1.0254E-2	7.9795E-1
8.7400E-4	9.5215E-3	7.9453E-1
8.7500E-4	9.0332E-3	7.9194E-1
8.7600E-4	9.5215E-3	7.8916E-1
8.7700E-4	9.5215E-3	7.8330E-1
8.7800E-4	1.0010E-2	7.7573E-1
8.7900E-4	9.5215E-3	7.6948E-1
8.8000E-4	9.2773E-3	7.6108E-1
8.8100E-4	9.5215E-3	7.5156E-1
8.8200E-4	9.2773E-3	7.4321E-1
8.8300E-4	9.5215E-3	7.4023E-1
8.8400E-4	1.0010E-2	7.3862E-1
8.8500E-4	9.7656E-3	7.4033E-1
8.8600E-4	1.0010E-2	7.4565E-1
8.8700E-4	9.2773E-3	7.5469E-1
8.8800E-4	9.5215E-3	7.6665E-1
8.8900E-4	9.7656E-3	7.8062E-1
8.9000E-4	9.7656E-3	7.9580E-1
8.9100E-4	9.5215E-3	8.1152E-1
8.9200E-4	9.2773E-3	8.2417E-1
8.9300E-4	9.7656E-3	8.3047E-1
8.9400E-4	9.5215E-3	8.3179E-1
8.9500E-4	9.7656E-3	8.2939E-1
8.9600E-4	9.5215E-3	8.2710E-1
8.9700E-4	9.5215E-3	8.2510E-1
8.9800E-4	9.5215E-3	8.2397E-1
8.9900E-4	1.0010E-2	8.2319E-1
9.0000E-4	1.0010E-2	8.2202E-1
9.0100E-4	9.5215E-3	8.1694E-1
9.0200E-4	9.2773E-3	8.0947E-1
9.0300E-4	9.7656E-3	7.9780E-1
9.0400E-4	9.5215E-3	7.8540E-1
9.0500E-4	9.7656E-3	7.7056E-1
9.0600E-4	9.2773E-3	7.5459E-1
9.0700E-4	9.0332E-3	7.4106E-1
9.0800E-4	1.0010E-2	7.3096E-1
9.0900E-4	9.7656E-3	7.2363E-1
9.1000E-4	1.0498E-2	7.2524E-1
9.1100E-4	9.5215E-3	7.3062E-1
9.1200E-4	1.0254E-2	7.3799E-1
9.1300E-4	9.7656E-3	7.5078E-1
9.1400E-4	1.0010E-2	7.6836E-1
9.1500E-4	9.7656E-3	7.8560E-1
9.1600E-4	9.5215E-3	8.0503E-1
9.1700E-4	9.5215E-3	8.2197E-1
9.1800E-4	1.0010E-2	8.3403E-1
9.1900E-4	9.5215E-3	8.4150E-1
9.2000E-4	1.0498E-2	8.4492E-1
9.2100E-4	9.7656E-3	8.4453E-1
9.2200E-4	1.0010E-2	8.4341E-1
9.2300E-4	1.0254E-2	8.3979E-1
9.2400E-4	1.0254E-2	8.3335E-1
9.2500E-4	9.7656E-3	8.2285E-1
9.2600E-4	9.7656E-3	8.0894E-1
9.2700E-4	9.7656E-3	7.9048E-1
9.2800E-4	9.7656E-3	7.6934E-1
9.2900E-4	9.5215E-3	7.4438E-1
9.3000E-4	9.5215E-3	7.1963E-1
9.3100E-4	9.2773E-3	6.9595E-1
9.3200E-4	9.5215E-3	6.7642E-1
9.3300E-4	1.0010E-2	6.6050E-1
9.3400E-4	9.2773E-3	6.5112E-1
9.3500E-4	9.5215E-3	6.4751E-1
9.3600E-4	9.0332E-3	6.4985E-1
9.3700E-4	9.5215E-3	6.5991E-1
9.3800E-4	9.5215E-3	6.7734E-1
9.3900E-4	9.7656E-3	7.0186E-1
9.4000E-4	9.7656E-3	7.3403E-1
9.4100E-4	9.2773E-3	7.7075E-1
9.4200E-4	9.2773E-3	8.0591E-1
9.4300E-4	9.5215E-3	8.3760E-1
9.4400E-4	9.0332E-3	8.6235E-1
9.4500E-4	1.0254E-2	8.7510E-1
9.4600E-4	9.5215E-3	8.7720E-1
9.4700E-4	9.7656E-3	8.6934E-1
9.4800E-4	9.0332E-3	8.5278E-1
9.4900E-4	1.0010E-2	8.3027E-1
9.5000E-4	9.7656E-3	8.0415E-1
9.5100E-4	9.2773E-3	7.7236E-1
9.5200E-4	9.5215E-3	7.3760E-1
9.5300E-4	1.0254E-2	7.0010E-1
9.5400E-4	9.5215E-3	6.5942E-1
9.5500E-4	9.2773E-3	6.2041E-1
9.5600E-4	1.0254E-2	5.8662E-1
9.5700E-4	9.5215E-3	5.5762E-1
9.5800E-4	1.0254E-2	5.3501E-1
9.5900E-4	9.5215E-3	5.2251E-1
9.6000E-4	1.0010E-2	5.1753E-1
9.6100E-4	9.2773E-3	5.2090E-1
9.6200E-4	9.7656E-3	5.3379E-1
9.6300E-4	9.7656E-3	5.5718E-1
9.6400E-4	1.0010E-2	5.8848E-1
9.6500E-4	9.5215E-3	6.3198E-1
9.6600E-4	9.7656E-3	6.8535E-1
9.6700E-4	9.7656E-3	7.4487E-1
9.6800E-4	9.5215E-3	8.0361E-1
9.6900E-4	9.2773E-3	8.5620E-1
9.7000E-4	9.7656E-3	8.9009E-1
9.7100E-4	1.0254E-2	8.9746E-1
9.7200E-4	9.0332E-3	8.7173E-1
9.7300E-4	1.0010E-2	8.1206E-1
9.7400E-4	9.2773E-3	7.2373E-1
9.7500E-4	1.0010E-2	6.1392E-1
9.7600E-4	9.2773E-3	4.9600E-1
9.7700E-4	9.7656E-3	3.8262E-1
9.7800E-4	1.0010E-2	2.8652E-1
9.7900E-4	9.5215E-3	2.1235E-1
9.8000E-4	9.5215E-3	1.6089E-1
9.8100E-4	9.7656E-3	1.2886E-1
9.8200E-4	9.2773E-3	1.1572E-1
9.8300E-4	9.2773E-3	1.1563E-1
9.8400E-4	9.7656E-3	1.1987E-1
9.8500E-4	1.0010E-2	1.2939E-1
9.8600E-4	1.0010E-2	1.3936E-1
9.8700E-4	9.7656E-3	1.4663E-1
9.8800E-4	1.0254E-2	1.5225E-1
9.8900E-4	1.0010E-2	1.5698E-1
9.9000E-4	1.0254E-2	1.5835E-1
9.9100E-4	9.5215E-3	1.5942E-1
9.9200E-4	9.2773E-3	1.5742E-1
9.9300E-4	9.2773E-3	1.5288E-1
9.9400E-4	9.2773E-3	1.4775E-1
9.9500E-4	9.7656E-3	1.4380E-1
9.9600E-4	1.0010E-2	1.3950E-1
9.9700E-4	9.7656E-3	1.3994E-1
9.9800E-4	1.0010E-2	1.3994E-1
9.9900E-4	1.0010E-2	1.3994E-1
