Time [s]	Aux in [V]	Main in [V]
0.0000E+0	9.5215E-3	4.2856E-1
1.0000E-6	9.2773E-3	3.5757E-1
2.0000E-6	9.5215E-3	2.7373E-1
3.0000E-6	1.0010E-2	1.8306E-1
4.0000E-6	9.5215E-3	1.1875E-1
5.0000E-6	1.0254E-2	8.0469E-2
6.0000E-6	1.0254E-2	6.4111E-2
7.0000E-6	1.0254E-2	6.2988E-2
8.0000E-6	9.5215E-3	7.1924E-2
9.0000E-6	1.0010E-2	8.4863E-2
1.0000E-5	9.2773E-3	9.7656E-2
1.1000E-5	9.2773E-3	1.0791E-1
1.2000E-5	1.0254E-2	1.1709E-1
1.3000E-5	1.0498E-2	1.2202E-1
1.4000E-5	9.5215E-3	1.2520E-1
1.5000E-5	9.2773E-3	1.2720E-1
1.6000E-5	9.5215E-3	1.2832E-1
1.7000E-5	9.7656E-3	1.2705E-1
1.8000E-5	9.0332E-3	1.2490E-1
1.9000E-5	1.0254E-2	1.2319E-1
2.0000E-5	9.5215E-3	1.1860E-1
2.1000E-5	9.7656E-3	1.1514E-1
2.2000E-5	9.2773E-3	1.1221E-1
2.3000E-5	1.0010E-2	1.1138E-1
2.4000E-5	1.0254E-2	1.1074E-1
2.5000E-5	9.7656E-3	1.1465E-1
2.6000E-5	1.0254E-2	1.2100E-1
2.7000E-5	1.0498E-2	1.3042E-1
2.8000E-5	1.0254E-2	1.4224E-1
2.9000E-5	9.2773E-3	1.5601E-1
3.0000E-5	9.7656E-3	1.7305E-1
3.1000E-5	9.7656E-3	1.9355E-1
3.2000E-5	1.0254E-2	2.2129E-1
3.3000E-5	9.7656E-3	2.5791E-1
3.4000E-5	9.7656E-3	3.1099E-1
3.5000E-5	1.0010E-2	3.8149E-1
3.6000E-5	9.5215E-3	4.7886E-1
3.7000E-5	9.0332E-3	6.0122E-1
3.8000E-5	1.0010E-2	7.4058E-1
3.9000E-5	1.0010E-2	8.7407E-1
4.0000E-5	1.0254E-2	9.8389E-1
4.1000E-5	9.0332E-3	1.0461E+0
4.2000E-5	1.0254E-2	1.0511E+0
4.3000E-5	9.7656E-3	1.0027E+0
4.4000E-5	9.2773E-3	9.1504E-1
4.5000E-5	9.7656E-3	8.0439E-1
4.6000E-5	1.0254E-2	6.8867E-1
4.7000E-5	1.0010E-2	5.8384E-1
4.8000E-5	1.0010E-2	4.9756E-1
4.9000E-5	1.0254E-2	4.3394E-1
5.0000E-5	9.0332E-3	3.9570E-1
5.1000E-5	1.0254E-2	3.8335E-1
5.2000E-5	9.2773E-3	3.9019E-1
5.3000E-5	1.0010E-2	4.1406E-1
5.4000E-5	1.0010E-2	4.5078E-1
5.5000E-5	9.5215E-3	4.9634E-1
5.6000E-5	1.0254E-2	5.4858E-1
5.7000E-5	8.7891E-3	6.0518E-1
5.8000E-5	9.2773E-3	6.6377E-1
5.9000E-5	1.0254E-2	7.2476E-1
6.0000E-5	9.5215E-3	7.8628E-1
6.1000E-5	9.2773E-3	8.4355E-1
6.2000E-5	9.5215E-3	8.9512E-1
6.3000E-5	9.7656E-3	9.3350E-1
6.4000E-5	8.5449E-3	9.5469E-1
6.5000E-5	1.0010E-2	9.5537E-1
6.6000E-5	9.7656E-3	9.3608E-1
6.7000E-5	9.5215E-3	8.9668E-1
6.8000E-5	9.5215E-3	8.4619E-1
6.9000E-5	9.7656E-3	7.8882E-1
7.0000E-5	1.0010E-2	7.3257E-1
7.1000E-5	9.5215E-3	6.7915E-1
7.2000E-5	9.2773E-3	6.3628E-1
7.3000E-5	9.2773E-3	6.0200E-1
7.4000E-5	9.5215E-3	5.7920E-1
7.5000E-5	9.5215E-3	5.6504E-1
7.6000E-5	9.5215E-3	5.6060E-1
7.7000E-5	9.5215E-3	5.6377E-1
7.8000E-5	1.0010E-2	5.7510E-1
7.9000E-5	1.0254E-2	5.9395E-1
8.0000E-5	9.7656E-3	6.1978E-1
8.1000E-5	9.7656E-3	6.5308E-1
8.2000E-5	1.0254E-2	6.9214E-1
8.3000E-5	9.5215E-3	7.3394E-1
8.4000E-5	1.0254E-2	7.7490E-1
8.5000E-5	9.5215E-3	8.1548E-1
8.6000E-5	9.2773E-3	8.5166E-1
8.7000E-5	1.0010E-2	8.8193E-1
8.8000E-5	9.5215E-3	9.0513E-1
8.9000E-5	9.7656E-3	9.1992E-1
9.0000E-5	9.7656E-3	9.2314E-1
9.1000E-5	1.0010E-2	9.1440E-1
9.2000E-5	9.5215E-3	8.9321E-1
9.3000E-5	9.7656E-3	8.6182E-1
9.4000E-5	9.7656E-3	8.2349E-1
9.5000E-5	9.2773E-3	7.8027E-1
9.6000E-5	9.7656E-3	7.3843E-1
9.7000E-5	9.7656E-3	7.0063E-1
9.8000E-5	1.0254E-2	6.6958E-1
9.9000E-5	9.7656E-3	6.4600E-1
1.0000E-4	1.0010E-2	6.3496E-1
1.0100E-4	9.7656E-3	6.3037E-1
1.0200E-4	9.2773E-3	6.3262E-1
1.0300E-4	1.0010E-2	6.4116E-1
1.0400E-4	9.2773E-3	6.5566E-1
1.0500E-4	9.7656E-3	6.7251E-1
1.0600E-4	9.7656E-3	6.9297E-1
1.0700E-4	9.2773E-3	7.1846E-1
1.0800E-4	9.7656E-3	7.4717E-1
1.0900E-4	9.5215E-3	7.7593E-1
1.1000E-4	9.7656E-3	8.0410E-1
1.1100E-4	9.7656E-3	8.3174E-1
1.1200E-4	9.5215E-3	8.5229E-1
1.1300E-4	9.2773E-3	8.6724E-1
1.1400E-4	1.0010E-2	8.7637E-1
1.1500E-4	9.2773E-3	8.7734E-1
1.1600E-4	9.5215E-3	8.6831E-1
1.1700E-4	1.0010E-2	8.5200E-1
1.1800E-4	1.0010E-2	8.2969E-1
1.1900E-4	1.0010E-2	8.0122E-1
1.2000E-4	9.7656E-3	7.7026E-1
1.2100E-4	9.5215E-3	7.4053E-1
1.2200E-4	9.5215E-3	7.1216E-1
1.2300E-4	9.5215E-3	6.8809E-1
1.2400E-4	1.0010E-2	6.7026E-1
1.2500E-4	1.0254E-2	6.5850E-1
1.2600E-4	1.0254E-2	6.5273E-1
1.2700E-4	9.5215E-3	6.5444E-1
1.2800E-4	9.5215E-3	6.5889E-1
1.2900E-4	9.2773E-3	6.6919E-1
1.3000E-4	9.5215E-3	6.8389E-1
1.3100E-4	9.5215E-3	7.0190E-1
1.3200E-4	9.2773E-3	7.2241E-1
1.3300E-4	9.2773E-3	7.4458E-1
1.3400E-4	1.0254E-2	7.6763E-1
1.3500E-4	1.0010E-2	7.9102E-1
1.3600E-4	1.0254E-2	8.1172E-1
1.3700E-4	9.7656E-3	8.2988E-1
1.3800E-4	9.5215E-3	8.4385E-1
1.3900E-4	9.7656E-3	8.5103E-1
1.4000E-4	1.0254E-2	8.5352E-1
1.4100E-4	1.0254E-2	8.5093E-1
1.4200E-4	9.5215E-3	8.4326E-1
1.4300E-4	9.5215E-3	8.3262E-1
1.4400E-4	1.0010E-2	8.1841E-1
1.4500E-4	1.0010E-2	8.0146E-1
1.4600E-4	9.2773E-3	7.8301E-1
1.4700E-4	9.2773E-3	7.6123E-1
1.4800E-4	1.0010E-2	7.3989E-1
1.4900E-4	9.5215E-3	7.2310E-1
1.5000E-4	9.2773E-3	7.0698E-1
1.5100E-4	9.5215E-3	6.9565E-1
1.5200E-4	9.5215E-3	6.9229E-1
1.5300E-4	9.2773E-3	6.9458E-1
1.5400E-4	1.0254E-2	6.9795E-1
1.5500E-4	9.0332E-3	7.0532E-1
1.5600E-4	9.5215E-3	7.1440E-1
1.5700E-4	1.0010E-2	7.2383E-1
1.5800E-4	1.0254E-2	7.3564E-1
1.5900E-4	1.0010E-2	7.4893E-1
1.6000E-4	9.7656E-3	7.6157E-1
1.6100E-4	1.0010E-2	7.7632E-1
1.6200E-4	1.0254E-2	7.8975E-1
1.6300E-4	1.0254E-2	7.9980E-1
1.6400E-4	9.2773E-3	8.0723E-1
1.6500E-4	9.7656E-3	8.1123E-1
1.6600E-4	9.5215E-3	8.0981E-1
1.6700E-4	1.0010E-2	8.0190E-1
1.6800E-4	9.7656E-3	7.8867E-1
1.6900E-4	9.5215E-3	7.7187E-1
1.7000E-4	9.5215E-3	7.5596E-1
1.7100E-4	9.7656E-3	7.4072E-1
1.7200E-4	9.5215E-3	7.2861E-1
1.7300E-4	9.2773E-3	7.1768E-1
1.7400E-4	1.0010E-2	7.0771E-1
1.7500E-4	1.0010E-2	6.9580E-1
1.7600E-4	1.0010E-2	6.8599E-1
1.7700E-4	9.5215E-3	6.7983E-1
1.7800E-4	9.0332E-3	6.7778E-1
1.7900E-4	1.0010E-2	6.8267E-1
1.8000E-4	9.7656E-3	6.9331E-1
1.8100E-4	8.7891E-3	7.0664E-1
1.8200E-4	9.7656E-3	7.1851E-1
1.8300E-4	9.5215E-3	7.3145E-1
1.8400E-4	9.2773E-3	7.4644E-1
1.8500E-4	9.2773E-3	7.6211E-1
1.8600E-4	9.2773E-3	7.7720E-1
1.8700E-4	9.0332E-3	7.9409E-1
1.8800E-4	9.2773E-3	8.1118E-1
1.8900E-4	9.5215E-3	8.2295E-1
1.9000E-4	9.7656E-3	8.3105E-1
1.9100E-4	1.0254E-2	8.3481E-1
1.9200E-4	1.0010E-2	8.3472E-1
1.9300E-4	9.2773E-3	8.2847E-1
1.9400E-4	9.7656E-3	8.1812E-1
1.9500E-4	9.5215E-3	8.0596E-1
1.9600E-4	9.7656E-3	7.9297E-1
1.9700E-4	1.0254E-2	7.8022E-1
1.9800E-4	1.0498E-2	7.6704E-1
1.9900E-4	9.7656E-3	7.5630E-1
2.0000E-4	1.0254E-2	7.4556E-1
2.0100E-4	9.0332E-3	7.3345E-1
2.0200E-4	9.7656E-3	7.2231E-1
2.0300E-4	1.0254E-2	7.1440E-1
2.0400E-4	9.5215E-3	7.0845E-1
2.0500E-4	9.2773E-3	7.0591E-1
2.0600E-4	9.5215E-3	7.1025E-1
2.0700E-4	9.5215E-3	7.1938E-1
2.0800E-4	1.0498E-2	7.3281E-1
2.0900E-4	9.2773E-3	7.4922E-1
2.1000E-4	9.2773E-3	7.6870E-1
2.1100E-4	9.5215E-3	7.8755E-1
2.1200E-4	9.5215E-3	8.0474E-1
2.1300E-4	1.0010E-2	8.2119E-1
2.1400E-4	9.5215E-3	8.3184E-1
2.1500E-4	1.0010E-2	8.3857E-1
2.1600E-4	9.7656E-3	8.4014E-1
2.1700E-4	1.0010E-2	8.3657E-1
2.1800E-4	9.7656E-3	8.2651E-1
2.1900E-4	1.0010E-2	8.1484E-1
2.2000E-4	9.0332E-3	7.9985E-1
2.2100E-4	9.2773E-3	7.8418E-1
2.2200E-4	9.2773E-3	7.6787E-1
2.2300E-4	1.0010E-2	7.5195E-1
2.2400E-4	9.5215E-3	7.3730E-1
2.2500E-4	9.0332E-3	7.2373E-1
2.2600E-4	1.0010E-2	7.1348E-1
2.2700E-4	1.0010E-2	7.0508E-1
2.2800E-4	9.5215E-3	6.9888E-1
2.2900E-4	9.7656E-3	6.9751E-1
2.3000E-4	1.0254E-2	6.9927E-1
2.3100E-4	9.7656E-3	7.0376E-1
2.3200E-4	9.7656E-3	7.1533E-1
2.3300E-4	1.0010E-2	7.3174E-1
2.3400E-4	9.7656E-3	7.4858E-1
2.3500E-4	9.7656E-3	7.6719E-1
2.3600E-4	1.0010E-2	7.8540E-1
2.3700E-4	9.5215E-3	8.0283E-1
2.3800E-4	9.5215E-3	8.1846E-1
2.3900E-4	9.5215E-3	8.3291E-1
2.4000E-4	1.0010E-2	8.4517E-1
2.4100E-4	9.2773E-3	8.5488E-1
2.4200E-4	9.7656E-3	8.6162E-1
2.4300E-4	1.0010E-2	8.6499E-1
2.4400E-4	1.0010E-2	8.6260E-1
2.4500E-4	9.5215E-3	8.5605E-1
2.4600E-4	9.7656E-3	8.4692E-1
2.4700E-4	9.2773E-3	8.3467E-1
2.4800E-4	1.0010E-2	8.1958E-1
2.4900E-4	9.2773E-3	8.0464E-1
2.5000E-4	9.7656E-3	7.9102E-1
2.5100E-4	9.0332E-3	7.7900E-1
2.5200E-4	1.0010E-2	7.6714E-1
2.5300E-4	9.2773E-3	7.5967E-1
2.5400E-4	9.7656E-3	7.5688E-1
2.5500E-4	1.0254E-2	7.5376E-1
2.5600E-4	9.7656E-3	7.5317E-1
2.5700E-4	9.5215E-3	7.5625E-1
2.5800E-4	9.7656E-3	7.5957E-1
2.5900E-4	9.7656E-3	7.6421E-1
2.6000E-4	1.0010E-2	7.7559E-1
2.6100E-4	1.0010E-2	7.8994E-1
2.6200E-4	9.7656E-3	8.0518E-1
2.6300E-4	1.0254E-2	8.2368E-1
2.6400E-4	9.7656E-3	8.4209E-1
2.6500E-4	9.2773E-3	8.5835E-1
2.6600E-4	1.0010E-2	8.6948E-1
2.6700E-4	9.7656E-3	8.7773E-1
2.6800E-4	9.7656E-3	8.8018E-1
2.6900E-4	9.5215E-3	8.7871E-1
2.7000E-4	9.7656E-3	8.7007E-1
2.7100E-4	9.5215E-3	8.5791E-1
2.7200E-4	1.0010E-2	8.4097E-1
2.7300E-4	9.2773E-3	8.2261E-1
2.7400E-4	1.0010E-2	8.0200E-1
2.7500E-4	1.0498E-2	7.8403E-1
2.7600E-4	9.7656E-3	7.6816E-1
2.7700E-4	1.0010E-2	7.5425E-1
2.7800E-4	9.5215E-3	7.4243E-1
2.7900E-4	9.5215E-3	7.3481E-1
2.8000E-4	1.0498E-2	7.2817E-1
2.8100E-4	9.5215E-3	7.2593E-1
2.8200E-4	1.0010E-2	7.2725E-1
2.8300E-4	9.7656E-3	7.3262E-1
2.8400E-4	9.7656E-3	7.4253E-1
2.8500E-4	9.2773E-3	7.5850E-1
2.8600E-4	1.0010E-2	7.7417E-1
2.8700E-4	9.2773E-3	7.9463E-1
2.8800E-4	1.0010E-2	8.1597E-1
2.8900E-4	1.0010E-2	8.3398E-1
2.9000E-4	9.5215E-3	8.4971E-1
2.9100E-4	9.5215E-3	8.6499E-1
2.9200E-4	1.0254E-2	8.7559E-1
2.9300E-4	1.0010E-2	8.8232E-1
2.9400E-4	9.7656E-3	8.8701E-1
2.9500E-4	1.0010E-2	8.8740E-1
2.9600E-4	9.5215E-3	8.8306E-1
2.9700E-4	9.5215E-3	8.7632E-1
2.9800E-4	1.0010E-2	8.6689E-1
2.9900E-4	9.2773E-3	8.5537E-1
3.0000E-4	9.5215E-3	8.4297E-1
3.0100E-4	9.5215E-3	8.2979E-1
3.0200E-4	9.2773E-3	8.1548E-1
3.0300E-4	1.0254E-2	8.0083E-1
3.0400E-4	1.0010E-2	7.8779E-1
3.0500E-4	9.2773E-3	7.7759E-1
3.0600E-4	9.2773E-3	7.7183E-1
3.0700E-4	1.0010E-2	7.6943E-1
3.0800E-4	1.0254E-2	7.7134E-1
3.0900E-4	9.7656E-3	7.7998E-1
3.1000E-4	9.7656E-3	7.9316E-1
3.1100E-4	9.2773E-3	8.0962E-1
3.1200E-4	9.0332E-3	8.2783E-1
3.1300E-4	9.5215E-3	8.4800E-1
3.1400E-4	1.0010E-2	8.6572E-1
3.1500E-4	1.0010E-2	8.8091E-1
3.1600E-4	1.0254E-2	8.9360E-1
3.1700E-4	9.7656E-3	9.0410E-1
3.1800E-4	9.5215E-3	9.0806E-1
3.1900E-4	1.0010E-2	9.0708E-1
3.2000E-4	9.7656E-3	9.0269E-1
3.2100E-4	9.7656E-3	8.9136E-1
3.2200E-4	9.7656E-3	8.7534E-1
3.2300E-4	1.0010E-2	8.5815E-1
3.2400E-4	9.2773E-3	8.3848E-1
3.2500E-4	9.2773E-3	8.1528E-1
3.2600E-4	9.2773E-3	7.9551E-1
3.2700E-4	9.7656E-3	7.7705E-1
3.2800E-4	1.0498E-2	7.5957E-1
3.2900E-4	9.0332E-3	7.4590E-1
3.3000E-4	1.0010E-2	7.3564E-1
3.3100E-4	9.2773E-3	7.2959E-1
3.3200E-4	1.0254E-2	7.2949E-1
3.3300E-4	9.2773E-3	7.3535E-1
3.3400E-4	9.7656E-3	7.4438E-1
3.3500E-4	1.0010E-2	7.5928E-1
3.3600E-4	9.0332E-3	7.7690E-1
3.3700E-4	9.2773E-3	7.9575E-1
3.3800E-4	9.7656E-3	8.1646E-1
3.3900E-4	9.2773E-3	8.3950E-1
3.4000E-4	9.5215E-3	8.6138E-1
3.4100E-4	9.7656E-3	8.8062E-1
3.4200E-4	9.5215E-3	8.9683E-1
3.4300E-4	9.2773E-3	9.0815E-1
3.4400E-4	1.0254E-2	9.1392E-1
3.4500E-4	9.5215E-3	9.1587E-1
3.4600E-4	9.2773E-3	9.1333E-1
3.4700E-4	1.0498E-2	9.0532E-1
3.4800E-4	9.5215E-3	8.9277E-1
3.4900E-4	9.5215E-3	8.7642E-1
3.5000E-4	9.7656E-3	8.5903E-1
3.5100E-4	9.7656E-3	8.3926E-1
3.5200E-4	9.7656E-3	8.2026E-1
3.5300E-4	9.7656E-3	8.0444E-1
3.5400E-4	9.7656E-3	7.9038E-1
3.5500E-4	1.0010E-2	7.7695E-1
3.5600E-4	9.5215E-3	7.6997E-1
3.5700E-4	9.5215E-3	7.6973E-1
3.5800E-4	9.5215E-3	7.7251E-1
3.5900E-4	9.2773E-3	7.7944E-1
3.6000E-4	9.7656E-3	7.8882E-1
3.6100E-4	1.0254E-2	7.9888E-1
3.6200E-4	9.2773E-3	8.1133E-1
3.6300E-4	9.7656E-3	8.2563E-1
3.6400E-4	1.0010E-2	8.4355E-1
3.6500E-4	9.7656E-3	8.6382E-1
3.6600E-4	9.2773E-3	8.8311E-1
3.6700E-4	9.7656E-3	8.9976E-1
3.6800E-4	9.2773E-3	9.1108E-1
3.6900E-4	9.2773E-3	9.1699E-1
3.7000E-4	1.0010E-2	9.1567E-1
3.7100E-4	9.5215E-3	9.1177E-1
3.7200E-4	9.7656E-3	8.9990E-1
3.7300E-4	1.0254E-2	8.8511E-1
3.7400E-4	9.7656E-3	8.6514E-1
3.7500E-4	9.7656E-3	8.4238E-1
3.7600E-4	9.7656E-3	8.1724E-1
3.7700E-4	9.5215E-3	7.9448E-1
3.7800E-4	9.2773E-3	7.7383E-1
3.7900E-4	9.7656E-3	7.5640E-1
3.8000E-4	9.5215E-3	7.4346E-1
3.8100E-4	1.0010E-2	7.3398E-1
3.8200E-4	9.2773E-3	7.2788E-1
3.8300E-4	8.7891E-3	7.2876E-1
3.8400E-4	9.7656E-3	7.3506E-1
3.8500E-4	1.0010E-2	7.4570E-1
3.8600E-4	1.0010E-2	7.6001E-1
3.8700E-4	1.0010E-2	7.7744E-1
3.8800E-4	9.5215E-3	7.9624E-1
3.8900E-4	9.5215E-3	8.1680E-1
3.9000E-4	9.7656E-3	8.3750E-1
3.9100E-4	9.5215E-3	8.5972E-1
3.9200E-4	9.2773E-3	8.8076E-1
3.9300E-4	9.7656E-3	9.0054E-1
3.9400E-4	1.0010E-2	9.1436E-1
3.9500E-4	9.7656E-3	9.2495E-1
3.9600E-4	1.0010E-2	9.2754E-1
3.9700E-4	9.5215E-3	9.2549E-1
3.9800E-4	9.7656E-3	9.1514E-1
3.9900E-4	1.0010E-2	8.9932E-1
4.0000E-4	1.0010E-2	8.7915E-1
4.0100E-4	9.7656E-3	8.5625E-1
4.0200E-4	9.5215E-3	8.3140E-1
4.0300E-4	1.0010E-2	8.0698E-1
4.0400E-4	1.0254E-2	7.8452E-1
4.0500E-4	9.0332E-3	7.6548E-1
4.0600E-4	1.0010E-2	7.5093E-1
4.0700E-4	1.0010E-2	7.4199E-1
4.0800E-4	9.2773E-3	7.3848E-1
4.0900E-4	9.5215E-3	7.4307E-1
4.1000E-4	1.0010E-2	7.5303E-1
4.1100E-4	1.0010E-2	7.6812E-1
4.1200E-4	1.0254E-2	7.8833E-1
4.1300E-4	9.2773E-3	8.1147E-1
4.1400E-4	9.2773E-3	8.3604E-1
4.1500E-4	9.5215E-3	8.5811E-1
4.1600E-4	9.7656E-3	8.8091E-1
4.1700E-4	1.0010E-2	9.0215E-1
4.1800E-4	9.5215E-3	9.2109E-1
4.1900E-4	9.7656E-3	9.3335E-1
4.2000E-4	9.7656E-3	9.4238E-1
4.2100E-4	9.5215E-3	9.4272E-1
4.2200E-4	9.7656E-3	9.3340E-1
4.2300E-4	9.5215E-3	9.1636E-1
4.2400E-4	1.0498E-2	8.9312E-1
4.2500E-4	9.5215E-3	8.6665E-1
4.2600E-4	9.2773E-3	8.3657E-1
4.2700E-4	1.0010E-2	8.0527E-1
4.2800E-4	9.5215E-3	7.7529E-1
4.2900E-4	9.5215E-3	7.4795E-1
4.3000E-4	9.7656E-3	7.2178E-1
4.3100E-4	9.7656E-3	7.0142E-1
4.3200E-4	1.0254E-2	6.8706E-1
4.3300E-4	9.2773E-3	6.7671E-1
4.3400E-4	9.5215E-3	6.7358E-1
4.3500E-4	1.0010E-2	6.7739E-1
4.3600E-4	1.0010E-2	6.8838E-1
4.3700E-4	9.5215E-3	7.0474E-1
4.3800E-4	9.7656E-3	7.2729E-1
4.3900E-4	1.0498E-2	7.5542E-1
4.4000E-4	9.5215E-3	7.8833E-1
4.4100E-4	9.2773E-3	8.2388E-1
4.4200E-4	1.0010E-2	8.6074E-1
4.4300E-4	9.5215E-3	8.9629E-1
4.4400E-4	1.0010E-2	9.2646E-1
4.4500E-4	9.7656E-3	9.4595E-1
4.4600E-4	1.0498E-2	9.5425E-1
4.4700E-4	1.0010E-2	9.5229E-1
4.4800E-4	1.0254E-2	9.3994E-1
4.4900E-4	9.7656E-3	9.1870E-1
4.5000E-4	9.5215E-3	8.9141E-1
4.5100E-4	9.7656E-3	8.5854E-1
4.5200E-4	9.5215E-3	8.1909E-1
4.5300E-4	1.0010E-2	7.7681E-1
4.5400E-4	9.7656E-3	7.3359E-1
4.5500E-4	9.7656E-3	6.9395E-1
4.5600E-4	1.0254E-2	6.6167E-1
4.5700E-4	9.7656E-3	6.3945E-1
4.5800E-4	9.7656E-3	6.2808E-1
4.5900E-4	9.7656E-3	6.2827E-1
4.6000E-4	9.5215E-3	6.3789E-1
4.6100E-4	9.7656E-3	6.5454E-1
4.6200E-4	9.5215E-3	6.7856E-1
4.6300E-4	9.7656E-3	7.0806E-1
4.6400E-4	1.0010E-2	7.4087E-1
4.6500E-4	9.7656E-3	7.7925E-1
4.6600E-4	1.0254E-2	8.2183E-1
4.6700E-4	9.7656E-3	8.6587E-1
4.6800E-4	1.0010E-2	9.0889E-1
4.6900E-4	9.2773E-3	9.4517E-1
4.7000E-4	9.5215E-3	9.6855E-1
4.7100E-4	1.0254E-2	9.7529E-1
4.7200E-4	9.7656E-3	9.6338E-1
4.7300E-4	9.2773E-3	9.3081E-1
4.7400E-4	9.5215E-3	8.8315E-1
4.7500E-4	9.2773E-3	8.2437E-1
4.7600E-4	9.5215E-3	7.5811E-1
4.7700E-4	9.2773E-3	6.8862E-1
4.7800E-4	9.2773E-3	6.2651E-1
4.7900E-4	1.0010E-2	5.7393E-1
4.8000E-4	9.5215E-3	5.3252E-1
4.8100E-4	9.2773E-3	5.0200E-1
4.8200E-4	9.7656E-3	4.8525E-1
4.8300E-4	1.0010E-2	4.7632E-1
4.8400E-4	9.7656E-3	4.7617E-1
4.8500E-4	9.7656E-3	4.8423E-1
4.8600E-4	9.0332E-3	5.0308E-1
4.8700E-4	1.0498E-2	5.2954E-1
4.8800E-4	9.2773E-3	5.6445E-1
4.8900E-4	1.0254E-2	6.0771E-1
4.9000E-4	9.2773E-3	6.6182E-1
4.9100E-4	9.0332E-3	7.2695E-1
4.9200E-4	1.0010E-2	8.0283E-1
4.9300E-4	1.0254E-2	8.8115E-1
4.9400E-4	9.2773E-3	9.4561E-1
4.9500E-4	1.0010E-2	9.8154E-1
4.9600E-4	9.7656E-3	9.7803E-1
4.9700E-4	8.7891E-3	9.2529E-1
4.9800E-4	9.7656E-3	8.2783E-1
4.9900E-4	1.0254E-2	7.0381E-1
5.0000E-4	1.0010E-2	5.6797E-1
5.0100E-4	9.5215E-3	4.3657E-1
5.0200E-4	9.7656E-3	3.2227E-1
5.0300E-4	9.5215E-3	2.3145E-1
5.0400E-4	9.2773E-3	1.6504E-1
5.0500E-4	1.0010E-2	1.2104E-1
5.0600E-4	9.5215E-3	9.4824E-2
5.0700E-4	1.0010E-2	8.4668E-2
5.0800E-4	9.5215E-3	8.7793E-2
5.0900E-4	1.0254E-2	9.5947E-2
5.1000E-4	1.0010E-2	1.1040E-1
5.1100E-4	1.0010E-2	1.2461E-1
5.1200E-4	9.5215E-3	1.3389E-1
5.1300E-4	9.5215E-3	1.3813E-1
5.1400E-4	9.7656E-3	1.3896E-1
5.1500E-4	9.7656E-3	1.3374E-1
5.1600E-4	9.7656E-3	1.2593E-1
5.1700E-4	9.7656E-3	1.1948E-1
5.1800E-4	9.7656E-3	1.1387E-1
5.1900E-4	1.0010E-2	1.0996E-1
5.2000E-4	1.0254E-2	1.0859E-1
5.2100E-4	9.5215E-3	1.0664E-1
5.2200E-4	1.0498E-2	1.0693E-1
5.2300E-4	9.2773E-3	1.0532E-1
5.2400E-4	9.7656E-3	1.0576E-1
5.2500E-4	9.2773E-3	1.0679E-1
5.2600E-4	9.7656E-3	1.1250E-1
5.2700E-4	9.0332E-3	1.2187E-1
5.2800E-4	9.7656E-3	1.3750E-1
5.2900E-4	9.0332E-3	1.5356E-1
5.3000E-4	9.5215E-3	1.7427E-1
5.3100E-4	9.7656E-3	1.9961E-1
5.3200E-4	1.0254E-2	2.2915E-1
5.3300E-4	1.0254E-2	2.6982E-1
5.3400E-4	9.7656E-3	3.2866E-1
5.3500E-4	9.2773E-3	4.0884E-1
5.3600E-4	1.0010E-2	5.1401E-1
5.3700E-4	9.5215E-3	6.4224E-1
5.3800E-4	9.7656E-3	7.8081E-1
5.3900E-4	9.7656E-3	9.1079E-1
5.4000E-4	1.0254E-2	1.0113E+0
5.4100E-4	9.7656E-3	1.0662E+0
5.4200E-4	9.2773E-3	1.0654E+0
5.4300E-4	9.5215E-3	1.0128E+0
5.4400E-4	1.0254E-2	9.2456E-1
5.4500E-4	1.0010E-2	8.1519E-1
5.4600E-4	9.7656E-3	7.0059E-1
5.4700E-4	9.5215E-3	5.9775E-1
5.4800E-4	1.0254E-2	5.1426E-1
5.4900E-4	9.5215E-3	4.5200E-1
5.5000E-4	9.2773E-3	4.1509E-1
5.5100E-4	9.5215E-3	4.0112E-1
5.5200E-4	1.0010E-2	4.0649E-1
5.5300E-4	9.0332E-3	4.2520E-1
5.5400E-4	9.5215E-3	4.5737E-1
5.5500E-4	8.7891E-3	4.9912E-1
5.5600E-4	9.7656E-3	5.4722E-1
5.5700E-4	9.7656E-3	6.0117E-1
5.5800E-4	1.0498E-2	6.6152E-1
5.5900E-4	1.0254E-2	7.2529E-1
5.6000E-4	9.2773E-3	7.8892E-1
5.6100E-4	9.2773E-3	8.5454E-1
5.6200E-4	8.7891E-3	9.1406E-1
5.6300E-4	1.0010E-2	9.6221E-1
5.6400E-4	9.7656E-3	9.9468E-1
5.6500E-4	9.5215E-3	1.0092E+0
5.6600E-4	1.0010E-2	1.0007E+0
5.6700E-4	9.7656E-3	9.7393E-1
5.6800E-4	1.0010E-2	9.3237E-1
5.6900E-4	9.5215E-3	8.8018E-1
5.7000E-4	9.2773E-3	8.2173E-1
5.7100E-4	1.0254E-2	7.6284E-1
5.7200E-4	1.0254E-2	7.0728E-1
5.7300E-4	9.7656E-3	6.6191E-1
5.7400E-4	1.0254E-2	6.2705E-1
5.7500E-4	9.2773E-3	6.0513E-1
5.7600E-4	9.7656E-3	5.9487E-1
5.7700E-4	9.5215E-3	5.9663E-1
5.7800E-4	9.5215E-3	6.0664E-1
5.7900E-4	9.5215E-3	6.2534E-1
5.8000E-4	9.2773E-3	6.5205E-1
5.8100E-4	9.5215E-3	6.8521E-1
5.8200E-4	9.7656E-3	7.2275E-1
5.8300E-4	9.5215E-3	7.6230E-1
5.8400E-4	9.7656E-3	8.0308E-1
5.8500E-4	9.5215E-3	8.4399E-1
5.8600E-4	9.7656E-3	8.8374E-1
5.8700E-4	1.0010E-2	9.1719E-1
5.8800E-4	9.2773E-3	9.4331E-1
5.8900E-4	9.5215E-3	9.6006E-1
5.9000E-4	9.5215E-3	9.6357E-1
5.9100E-4	1.0010E-2	9.5405E-1
5.9200E-4	9.5215E-3	9.3306E-1
5.9300E-4	9.7656E-3	9.0386E-1
5.9400E-4	1.0010E-2	8.6636E-1
5.9500E-4	9.2773E-3	8.2373E-1
5.9600E-4	9.0332E-3	7.8223E-1
5.9700E-4	9.2773E-3	7.4351E-1
5.9800E-4	9.5215E-3	7.0825E-1
5.9900E-4	9.5215E-3	6.8096E-1
6.0000E-4	9.2773E-3	6.6333E-1
6.0100E-4	9.2773E-3	6.5327E-1
6.0200E-4	9.5215E-3	6.5029E-1
6.0300E-4	9.5215E-3	6.5498E-1
6.0400E-4	1.0254E-2	6.6548E-1
6.0500E-4	9.5215E-3	6.8369E-1
6.0600E-4	9.5215E-3	7.0522E-1
6.0700E-4	9.5215E-3	7.3130E-1
6.0800E-4	1.0010E-2	7.6162E-1
6.0900E-4	1.0010E-2	7.9502E-1
6.1000E-4	1.0254E-2	8.2939E-1
6.1100E-4	9.7656E-3	8.6519E-1
6.1200E-4	9.5215E-3	8.9976E-1
6.1300E-4	9.0332E-3	9.3008E-1
6.1400E-4	9.2773E-3	9.5366E-1
6.1500E-4	9.5215E-3	9.6504E-1
6.1600E-4	9.5215E-3	9.6577E-1
6.1700E-4	1.0010E-2	9.5679E-1
6.1800E-4	9.5215E-3	9.3867E-1
6.1900E-4	9.5215E-3	9.1465E-1
6.2000E-4	1.0254E-2	8.8823E-1
6.2100E-4	9.2773E-3	8.5903E-1
6.2200E-4	9.7656E-3	8.2979E-1
6.2300E-4	9.5215E-3	8.0269E-1
6.2400E-4	9.5215E-3	7.7720E-1
6.2500E-4	9.2773E-3	7.5469E-1
6.2600E-4	9.5215E-3	7.3872E-1
6.2700E-4	9.5215E-3	7.2920E-1
6.2800E-4	9.7656E-3	7.2461E-1
6.2900E-4	9.5215E-3	7.2646E-1
6.3000E-4	9.7656E-3	7.3501E-1
6.3100E-4	9.5215E-3	7.4849E-1
6.3200E-4	9.7656E-3	7.6592E-1
6.3300E-4	1.0010E-2	7.8970E-1
6.3400E-4	9.7656E-3	8.1582E-1
6.3500E-4	9.0332E-3	8.4351E-1
6.3600E-4	9.5215E-3	8.6987E-1
6.3700E-4	9.7656E-3	8.9341E-1
6.3800E-4	9.5215E-3	9.1113E-1
6.3900E-4	1.0010E-2	9.2202E-1
6.4000E-4	1.0254E-2	9.2417E-1
6.4100E-4	9.2773E-3	9.1963E-1
6.4200E-4	1.0010E-2	9.0830E-1
6.4300E-4	9.7656E-3	8.8984E-1
6.4400E-4	1.0010E-2	8.6851E-1
6.4500E-4	9.5215E-3	8.4634E-1
6.4600E-4	9.7656E-3	8.2383E-1
6.4700E-4	9.7656E-3	8.0332E-1
6.4800E-4	9.5215E-3	7.8428E-1
6.4900E-4	9.5215E-3	7.6763E-1
6.5000E-4	9.2773E-3	7.5444E-1
6.5100E-4	9.5215E-3	7.4453E-1
6.5200E-4	1.0498E-2	7.3633E-1
6.5300E-4	9.0332E-3	7.3291E-1
6.5400E-4	9.7656E-3	7.3301E-1
6.5500E-4	9.2773E-3	7.3696E-1
6.5600E-4	9.5215E-3	7.4619E-1
6.5700E-4	9.2773E-3	7.6035E-1
6.5800E-4	9.2773E-3	7.7979E-1
6.5900E-4	9.7656E-3	8.0220E-1
6.6000E-4	9.2773E-3	8.2793E-1
6.6100E-4	1.0010E-2	8.5386E-1
6.6200E-4	9.0332E-3	8.8101E-1
6.6300E-4	9.5215E-3	9.0513E-1
6.6400E-4	9.7656E-3	9.2573E-1
6.6500E-4	9.5215E-3	9.3901E-1
6.6600E-4	1.0254E-2	9.4512E-1
6.6700E-4	9.2773E-3	9.4204E-1
6.6800E-4	9.2773E-3	9.3281E-1
6.6900E-4	1.0010E-2	9.1987E-1
6.7000E-4	9.7656E-3	9.0381E-1
6.7100E-4	9.5215E-3	8.8633E-1
6.7200E-4	9.5215E-3	8.6890E-1
6.7300E-4	9.2773E-3	8.5117E-1
6.7400E-4	1.0498E-2	8.3335E-1
6.7500E-4	9.0332E-3	8.1807E-1
6.7600E-4	9.2773E-3	8.0488E-1
6.7700E-4	9.5215E-3	7.9492E-1
6.7800E-4	9.5215E-3	7.8784E-1
6.7900E-4	9.2773E-3	7.8398E-1
6.8000E-4	1.0254E-2	7.8438E-1
6.8100E-4	9.7656E-3	7.8799E-1
6.8200E-4	9.7656E-3	7.9810E-1
6.8300E-4	9.7656E-3	8.1284E-1
6.8400E-4	9.5215E-3	8.3062E-1
6.8500E-4	9.0332E-3	8.4897E-1
6.8600E-4	9.7656E-3	8.6943E-1
6.8700E-4	9.2773E-3	8.8623E-1
6.8800E-4	9.5215E-3	9.0088E-1
6.8900E-4	9.2773E-3	9.1216E-1
6.9000E-4	1.0254E-2	9.1929E-1
6.9100E-4	1.0254E-2	9.2188E-1
6.9200E-4	9.2773E-3	9.1948E-1
6.9300E-4	9.2773E-3	9.1162E-1
6.9400E-4	9.2773E-3	8.9922E-1
6.9500E-4	9.7656E-3	8.8330E-1
6.9600E-4	9.5215E-3	8.6284E-1
6.9700E-4	9.7656E-3	8.4077E-1
6.9800E-4	9.2773E-3	8.2114E-1
6.9900E-4	9.5215E-3	8.0493E-1
7.0000E-4	9.0332E-3	7.9146E-1
7.0100E-4	9.5215E-3	7.8145E-1
7.0200E-4	9.7656E-3	7.7690E-1
7.0300E-4	9.5215E-3	7.7559E-1
7.0400E-4	1.0254E-2	7.7573E-1
7.0500E-4	1.0010E-2	7.7871E-1
7.0600E-4	1.0010E-2	7.8589E-1
7.0700E-4	9.2773E-3	7.9507E-1
7.0800E-4	9.5215E-3	8.0674E-1
7.0900E-4	9.7656E-3	8.2080E-1
7.1000E-4	9.5215E-3	8.3740E-1
7.1100E-4	9.5215E-3	8.5483E-1
7.1200E-4	1.0010E-2	8.7056E-1
7.1300E-4	9.5215E-3	8.8555E-1
7.1400E-4	1.0254E-2	9.0254E-1
7.1500E-4	1.0254E-2	9.1729E-1
7.1600E-4	9.0332E-3	9.2778E-1
7.1700E-4	9.0332E-3	9.3418E-1
7.1800E-4	9.5215E-3	9.3555E-1
7.1900E-4	9.5215E-3	9.2900E-1
7.2000E-4	1.0010E-2	9.1621E-1
7.2100E-4	1.0010E-2	8.9912E-1
7.2200E-4	9.7656E-3	8.8096E-1
7.2300E-4	9.7656E-3	8.6167E-1
7.2400E-4	9.7656E-3	8.4351E-1
7.2500E-4	1.0010E-2	8.2935E-1
7.2600E-4	9.2773E-3	8.1997E-1
7.2700E-4	1.0010E-2	8.1367E-1
7.2800E-4	9.7656E-3	8.1035E-1
7.2900E-4	9.7656E-3	8.0952E-1
7.3000E-4	1.0742E-2	8.1196E-1
7.3100E-4	9.5215E-3	8.1758E-1
7.3200E-4	9.5215E-3	8.2603E-1
7.3300E-4	9.7656E-3	8.3774E-1
7.3400E-4	1.0010E-2	8.5039E-1
7.3500E-4	1.0010E-2	8.6221E-1
7.3600E-4	1.0498E-2	8.7261E-1
7.3700E-4	9.0332E-3	8.8232E-1
7.3800E-4	1.0010E-2	8.8911E-1
7.3900E-4	9.5215E-3	8.9673E-1
7.4000E-4	1.0254E-2	9.0498E-1
7.4100E-4	9.0332E-3	9.1182E-1
7.4200E-4	9.2773E-3	9.1426E-1
7.4300E-4	9.5215E-3	9.1348E-1
7.4400E-4	9.0332E-3	9.0942E-1
7.4500E-4	9.7656E-3	9.0015E-1
7.4600E-4	8.7891E-3	8.8818E-1
7.4700E-4	9.7656E-3	8.7471E-1
7.4800E-4	8.7891E-3	8.6040E-1
7.4900E-4	9.0332E-3	8.4434E-1
7.5000E-4	9.5215E-3	8.2817E-1
7.5100E-4	1.0010E-2	8.1304E-1
7.5200E-4	9.7656E-3	8.0103E-1
7.5300E-4	9.5215E-3	7.9346E-1
7.5400E-4	9.0332E-3	7.8901E-1
7.5500E-4	9.7656E-3	7.8843E-1
7.5600E-4	9.7656E-3	7.9092E-1
7.5700E-4	9.2773E-3	7.9648E-1
7.5800E-4	9.5215E-3	8.0474E-1
7.5900E-4	9.0332E-3	8.1670E-1
7.6000E-4	9.5215E-3	8.2959E-1
7.6100E-4	9.7656E-3	8.4365E-1
7.6200E-4	9.7656E-3	8.5903E-1
7.6300E-4	1.0010E-2	8.7256E-1
7.6400E-4	9.7656E-3	8.8496E-1
7.6500E-4	9.5215E-3	8.9893E-1
7.6600E-4	9.5215E-3	9.1162E-1
7.6700E-4	9.7656E-3	9.2065E-1
7.6800E-4	9.5215E-3	9.2749E-1
7.6900E-4	9.5215E-3	9.3018E-1
7.7000E-4	9.7656E-3	9.2642E-1
7.7100E-4	9.7656E-3	9.1699E-1
7.7200E-4	9.5215E-3	9.0444E-1
7.7300E-4	9.5215E-3	8.8984E-1
7.7400E-4	9.5215E-3	8.7344E-1
7.7500E-4	9.5215E-3	8.5830E-1
7.7600E-4	9.7656E-3	8.4609E-1
7.7700E-4	9.2773E-3	8.3765E-1
7.7800E-4	9.7656E-3	8.3115E-1
7.7900E-4	9.7656E-3	8.2827E-1
7.8000E-4	1.0010E-2	8.2754E-1
7.8100E-4	9.7656E-3	8.3018E-1
7.8200E-4	1.0010E-2	8.3325E-1
7.8300E-4	1.0498E-2	8.3813E-1
7.8400E-4	1.0254E-2	8.4580E-1
7.8500E-4	9.7656E-3	8.5679E-1
7.8600E-4	9.7656E-3	8.6631E-1
7.8700E-4	9.2773E-3	8.7798E-1
7.8800E-4	9.2773E-3	8.8838E-1
7.8900E-4	9.2773E-3	8.9639E-1
7.9000E-4	9.2773E-3	9.0093E-1
7.9100E-4	9.7656E-3	9.0493E-1
7.9200E-4	1.0010E-2	9.0649E-1
7.9300E-4	9.2773E-3	9.0518E-1
7.9400E-4	9.5215E-3	9.0298E-1
7.9500E-4	1.0010E-2	8.9678E-1
7.9600E-4	9.5215E-3	8.8911E-1
7.9700E-4	9.2773E-3	8.7642E-1
7.9800E-4	9.5215E-3	8.6172E-1
7.9900E-4	9.7656E-3	8.4458E-1
8.0000E-4	9.5215E-3	8.2837E-1
8.0100E-4	1.0254E-2	8.1050E-1
8.0200E-4	1.0010E-2	7.9644E-1
8.0300E-4	1.0254E-2	7.8779E-1
8.0400E-4	1.0010E-2	7.8159E-1
8.0500E-4	8.7891E-3	7.7817E-1
8.0600E-4	1.0254E-2	7.7852E-1
8.0700E-4	1.0498E-2	7.8140E-1
8.0800E-4	1.0010E-2	7.8770E-1
8.0900E-4	9.0332E-3	7.9717E-1
8.1000E-4	9.5215E-3	8.0952E-1
8.1100E-4	9.5215E-3	8.2305E-1
8.1200E-4	9.2773E-3	8.3955E-1
8.1300E-4	9.5215E-3	8.5557E-1
8.1400E-4	9.7656E-3	8.7153E-1
8.1500E-4	1.0010E-2	8.8828E-1
8.1600E-4	9.0332E-3	9.0498E-1
8.1700E-4	9.5215E-3	9.1792E-1
8.1800E-4	9.5215E-3	9.2598E-1
8.1900E-4	1.0498E-2	9.3076E-1
8.2000E-4	9.7656E-3	9.2866E-1
8.2100E-4	9.5215E-3	9.2173E-1
8.2200E-4	9.7656E-3	9.1055E-1
8.2300E-4	9.7656E-3	8.9727E-1
8.2400E-4	9.2773E-3	8.8159E-1
8.2500E-4	9.0332E-3	8.6621E-1
8.2600E-4	9.5215E-3	8.5171E-1
8.2700E-4	1.0254E-2	8.3945E-1
8.2800E-4	9.5215E-3	8.2866E-1
8.2900E-4	9.2773E-3	8.1978E-1
8.3000E-4	1.0010E-2	8.1274E-1
8.3100E-4	9.2773E-3	8.0815E-1
8.3200E-4	9.2773E-3	8.0762E-1
8.3300E-4	9.5215E-3	8.1021E-1
8.3400E-4	9.0332E-3	8.1479E-1
8.3500E-4	9.2773E-3	8.2534E-1
8.3600E-4	9.5215E-3	8.3774E-1
8.3700E-4	9.5215E-3	8.5156E-1
8.3800E-4	9.7656E-3	8.6597E-1
8.3900E-4	1.0010E-2	8.8188E-1
8.4000E-4	9.7656E-3	8.9438E-1
8.4100E-4	9.5215E-3	9.0566E-1
8.4200E-4	9.7656E-3	9.1230E-1
8.4300E-4	9.2773E-3	9.1592E-1
8.4400E-4	9.5215E-3	9.1538E-1
8.4500E-4	9.0332E-3	9.1021E-1
8.4600E-4	9.5215E-3	9.0205E-1
8.4700E-4	1.0986E-2	8.8999E-1
8.4800E-4	9.2773E-3	8.7573E-1
8.4900E-4	9.5215E-3	8.5986E-1
8.5000E-4	1.0254E-2	8.4346E-1
8.5100E-4	9.2773E-3	8.2686E-1
8.5200E-4	1.0010E-2	8.1206E-1
8.5300E-4	9.5215E-3	7.9790E-1
8.5400E-4	1.0010E-2	7.8452E-1
8.5500E-4	9.0332E-3	7.7476E-1
8.5600E-4	9.5215E-3	7.6616E-1
8.5700E-4	9.2773E-3	7.6006E-1
8.5800E-4	9.7656E-3	7.5796E-1
8.5900E-4	1.0010E-2	7.5977E-1
8.6000E-4	9.5215E-3	7.6611E-1
8.6100E-4	9.2773E-3	7.7812E-1
8.6200E-4	9.2773E-3	7.9390E-1
8.6300E-4	9.7656E-3	8.1099E-1
8.6400E-4	9.2773E-3	8.3096E-1
8.6500E-4	9.5215E-3	8.4917E-1
8.6600E-4	9.7656E-3	8.6714E-1
8.6700E-4	1.0254E-2	8.8477E-1
8.6800E-4	9.2773E-3	9.0259E-1
8.6900E-4	9.7656E-3	9.1646E-1
8.7000E-4	9.7656E-3	9.2524E-1
8.7100E-4	9.5215E-3	9.2773E-1
8.7200E-4	9.2773E-3	9.2407E-1
8.7300E-4	9.5215E-3	9.1348E-1
8.7400E-4	9.5215E-3	8.9790E-1
8.7500E-4	1.0010E-2	8.8076E-1
8.7600E-4	9.7656E-3	8.6235E-1
8.7700E-4	9.5215E-3	8.4307E-1
8.7800E-4	9.7656E-3	8.2285E-1
8.7900E-4	1.0254E-2	8.0498E-1
8.8000E-4	9.5215E-3	7.9038E-1
8.8100E-4	9.2773E-3	7.7876E-1
8.8200E-4	9.2773E-3	7.7183E-1
8.8300E-4	1.0254E-2	7.7031E-1
8.8400E-4	1.0010E-2	7.7417E-1
8.8500E-4	9.5215E-3	7.8218E-1
8.8600E-4	1.0010E-2	7.9424E-1
8.8700E-4	9.7656E-3	8.0879E-1
8.8800E-4	9.5215E-3	8.2720E-1
8.8900E-4	9.5215E-3	8.4712E-1
8.9000E-4	9.5215E-3	8.6968E-1
8.9100E-4	9.7656E-3	8.9233E-1
8.9200E-4	9.7656E-3	9.1338E-1
8.9300E-4	1.0010E-2	9.2896E-1
8.9400E-4	9.5215E-3	9.3701E-1
8.9500E-4	1.0010E-2	9.3569E-1
8.9600E-4	9.0332E-3	9.2773E-1
8.9700E-4	9.0332E-3	9.1191E-1
8.9800E-4	9.5215E-3	8.9380E-1
8.9900E-4	9.2773E-3	8.7422E-1
9.0000E-4	9.2773E-3	8.5449E-1
9.0100E-4	9.7656E-3	8.3345E-1
9.0200E-4	9.0332E-3	8.1392E-1
9.0300E-4	1.0254E-2	7.9487E-1
9.0400E-4	9.2773E-3	7.7524E-1
9.0500E-4	9.5215E-3	7.5659E-1
9.0600E-4	1.0010E-2	7.4087E-1
9.0700E-4	9.5215E-3	7.2764E-1
9.0800E-4	1.0010E-2	7.1748E-1
9.0900E-4	9.5215E-3	7.1362E-1
9.1000E-4	1.0010E-2	7.1450E-1
9.1100E-4	9.2773E-3	7.2158E-1
9.1200E-4	9.5215E-3	7.3516E-1
9.1300E-4	9.2773E-3	7.5620E-1
9.1400E-4	9.5215E-3	7.8325E-1
9.1500E-4	9.5215E-3	8.1440E-1
9.1600E-4	1.0010E-2	8.4443E-1
9.1700E-4	9.5215E-3	8.7354E-1
9.1800E-4	9.5215E-3	8.9863E-1
9.1900E-4	1.0254E-2	9.1763E-1
9.2000E-4	9.7656E-3	9.2925E-1
9.2100E-4	1.0010E-2	9.3545E-1
9.2200E-4	1.0010E-2	9.3315E-1
9.2300E-4	9.2773E-3	9.2021E-1
9.2400E-4	9.5215E-3	9.0122E-1
9.2500E-4	1.0010E-2	8.7710E-1
9.2600E-4	9.7656E-3	8.4937E-1
9.2700E-4	1.0010E-2	8.1870E-1
9.2800E-4	9.2773E-3	7.9316E-1
9.2900E-4	9.2773E-3	7.6831E-1
9.3000E-4	1.0254E-2	7.4702E-1
9.3100E-4	1.0254E-2	7.2876E-1
9.3200E-4	9.7656E-3	7.1777E-1
9.3300E-4	9.2773E-3	7.0850E-1
9.3400E-4	9.5215E-3	7.0610E-1
9.3500E-4	1.0010E-2	7.1055E-1
9.3600E-4	9.5215E-3	7.2378E-1
9.3700E-4	9.5215E-3	7.4087E-1
9.3800E-4	9.2773E-3	7.6353E-1
9.3900E-4	9.5215E-3	7.8843E-1
9.4000E-4	9.7656E-3	8.1558E-1
9.4100E-4	1.0010E-2	8.4282E-1
9.4200E-4	8.7891E-3	8.7246E-1
9.4300E-4	9.7656E-3	8.9971E-1
9.4400E-4	9.5215E-3	9.2290E-1
9.4500E-4	1.0010E-2	9.3711E-1
9.4600E-4	1.0254E-2	9.4326E-1
9.4700E-4	9.7656E-3	9.3711E-1
9.4800E-4	9.5215E-3	9.2007E-1
9.4900E-4	9.5215E-3	8.9355E-1
9.5000E-4	9.7656E-3	8.5981E-1
9.5100E-4	9.5215E-3	8.1699E-1
9.5200E-4	9.2773E-3	7.7256E-1
9.5300E-4	9.5215E-3	7.2803E-1
9.5400E-4	9.5215E-3	6.8828E-1
9.5500E-4	1.0254E-2	6.5488E-1
9.5600E-4	9.7656E-3	6.2939E-1
9.5700E-4	1.0010E-2	6.1001E-1
9.5800E-4	1.0010E-2	5.9951E-1
9.5900E-4	1.0254E-2	5.9521E-1
9.6000E-4	9.7656E-3	6.0049E-1
9.6100E-4	9.5215E-3	6.1489E-1
9.6200E-4	9.5215E-3	6.3740E-1
9.6300E-4	1.0010E-2	6.6753E-1
9.6400E-4	9.7656E-3	7.0400E-1
9.6500E-4	9.2773E-3	7.4448E-1
9.6600E-4	1.0010E-2	7.9058E-1
9.6700E-4	9.2773E-3	8.4053E-1
9.6800E-4	9.7656E-3	8.9043E-1
9.6900E-4	1.0010E-2	9.3296E-1
9.7000E-4	9.0332E-3	9.6704E-1
9.7100E-4	9.2773E-3	9.8228E-1
9.7200E-4	9.7656E-3	9.7856E-1
9.7300E-4	1.0010E-2	9.5278E-1
9.7400E-4	9.5215E-3	9.1108E-1
9.7500E-4	9.7656E-3	8.5371E-1
9.7600E-4	9.7656E-3	7.8862E-1
9.7700E-4	1.0010E-2	7.2031E-1
9.7800E-4	1.0010E-2	6.5547E-1
9.7900E-4	9.2773E-3	5.9692E-1
9.8000E-4	9.0332E-3	5.4595E-1
9.8100E-4	9.0332E-3	5.0801E-1
9.8200E-4	9.5215E-3	4.8125E-1
9.8300E-4	1.0498E-2	4.6509E-1
9.8400E-4	9.5215E-3	4.6030E-1
9.8500E-4	9.7656E-3	4.6909E-1
9.8600E-4	9.5215E-3	4.8843E-1
9.8700E-4	9.5215E-3	5.1997E-1
9.8800E-4	1.0010E-2	5.6147E-1
9.8900E-4	9.5215E-3	6.1367E-1
9.9000E-4	9.2773E-3	6.7871E-1
9.9100E-4	9.5215E-3	7.5571E-1
9.9200E-4	9.5215E-3	8.3765E-1
9.9300E-4	9.0332E-3	9.1802E-1
9.9400E-4	1.0254E-2	9.7979E-1
9.9500E-4	9.7656E-3	1.0077E+0
9.9600E-4	9.7656E-3	9.8765E-1
9.9700E-4	9.0332E-3	9.2085E-1
9.9800E-4	1.0010E-2	9.2085E-1
9.9900E-4	9.7656E-3	9.2085E-1
