Time [s]	Aux in [V]	Main in [V]
0.0000E+0	1.0010E-2	6.8003E-1
1.0000E-6	9.0332E-3	6.7803E-1
2.0000E-6	1.0254E-2	6.7593E-1
3.0000E-6	9.7656E-3	6.7275E-1
4.0000E-6	9.7656E-3	6.6934E-1
5.0000E-6	1.0010E-2	6.6665E-1
6.0000E-6	9.7656E-3	6.6470E-1
7.0000E-6	9.7656E-3	6.6245E-1
8.0000E-6	9.7656E-3	6.6289E-1
9.0000E-6	9.5215E-3	6.6421E-1
1.0000E-5	9.7656E-3	6.6655E-1
1.1000E-5	8.5449E-3	6.6968E-1
1.2000E-5	1.0010E-2	6.7383E-1
1.3000E-5	9.7656E-3	6.7544E-1
1.4000E-5	9.7656E-3	6.7432E-1
1.5000E-5	9.7656E-3	6.7197E-1
1.6000E-5	9.7656E-3	6.6997E-1
1.7000E-5	1.0254E-2	6.6816E-1
1.8000E-5	9.7656E-3	6.6616E-1
1.9000E-5	9.5215E-3	6.6597E-1
2.0000E-5	9.7656E-3	6.6333E-1
2.1000E-5	1.0254E-2	6.6055E-1
2.2000E-5	1.0254E-2	6.5474E-1
2.3000E-5	9.7656E-3	6.4775E-1
2.4000E-5	9.0332E-3	6.4053E-1
2.5000E-5	9.0332E-3	6.3511E-1
2.6000E-5	9.7656E-3	6.2749E-1
2.7000E-5	9.5215E-3	6.2119E-1
2.8000E-5	9.7656E-3	6.1567E-1
2.9000E-5	1.0254E-2	6.0967E-1
3.0000E-5	9.2773E-3	6.0239E-1
3.1000E-5	1.0010E-2	5.9585E-1
3.2000E-5	9.2773E-3	5.8936E-1
3.3000E-5	9.2773E-3	5.8306E-1
3.4000E-5	9.5215E-3	5.7656E-1
3.5000E-5	9.7656E-3	5.7168E-1
3.6000E-5	1.0254E-2	5.6738E-1
3.7000E-5	9.5215E-3	5.6250E-1
3.8000E-5	1.0254E-2	5.5840E-1
3.9000E-5	9.5215E-3	5.5405E-1
4.0000E-5	1.0010E-2	5.4873E-1
4.1000E-5	1.0010E-2	5.4517E-1
4.2000E-5	1.0010E-2	5.4219E-1
4.3000E-5	9.5215E-3	5.3960E-1
4.4000E-5	1.0254E-2	5.3770E-1
4.5000E-5	9.7656E-3	5.3647E-1
4.6000E-5	1.0254E-2	5.3315E-1
4.7000E-5	9.2773E-3	5.3008E-1
4.8000E-5	9.5215E-3	5.2461E-1
4.9000E-5	9.5215E-3	5.1753E-1
5.0000E-5	1.0010E-2	5.1079E-1
5.1000E-5	9.5215E-3	5.0571E-1
5.2000E-5	9.2773E-3	5.0000E-1
5.3000E-5	9.7656E-3	4.9751E-1
5.4000E-5	1.0254E-2	4.9814E-1
5.5000E-5	9.7656E-3	5.0039E-1
5.6000E-5	9.7656E-3	5.0020E-1
5.7000E-5	9.5215E-3	5.0073E-1
5.8000E-5	9.7656E-3	4.9917E-1
5.9000E-5	9.7656E-3	4.9585E-1
6.0000E-5	1.0498E-2	4.9150E-1
6.1000E-5	9.5215E-3	4.8789E-1
6.2000E-5	9.7656E-3	4.8491E-1
6.3000E-5	9.7656E-3	4.8271E-1
6.4000E-5	1.0010E-2	4.7891E-1
6.5000E-5	9.7656E-3	4.7554E-1
6.6000E-5	9.7656E-3	4.7476E-1
6.7000E-5	9.0332E-3	4.7393E-1
6.8000E-5	1.0010E-2	4.7163E-1
6.9000E-5	9.2773E-3	4.7012E-1
7.0000E-5	9.7656E-3	4.6875E-1
7.1000E-5	9.5215E-3	4.6519E-1
7.2000E-5	9.5215E-3	4.6060E-1
7.3000E-5	9.5215E-3	4.5649E-1
7.4000E-5	1.0254E-2	4.5283E-1
7.5000E-5	9.5215E-3	4.5049E-1
7.6000E-5	1.0010E-2	4.4990E-1
7.7000E-5	9.7656E-3	4.4976E-1
7.8000E-5	9.5215E-3	4.5049E-1
7.9000E-5	9.7656E-3	4.5269E-1
8.0000E-5	9.7656E-3	4.5137E-1
8.1000E-5	1.0010E-2	4.4702E-1
8.2000E-5	9.5215E-3	4.4292E-1
8.3000E-5	9.5215E-3	4.3921E-1
8.4000E-5	9.5215E-3	4.3467E-1
8.5000E-5	1.0010E-2	4.3374E-1
8.6000E-5	9.7656E-3	4.3442E-1
8.7000E-5	9.2773E-3	4.3530E-1
8.8000E-5	9.5215E-3	4.3599E-1
8.9000E-5	9.2773E-3	4.3647E-1
9.0000E-5	9.2773E-3	4.3501E-1
9.1000E-5	9.5215E-3	4.3511E-1
9.2000E-5	9.7656E-3	4.3657E-1
9.3000E-5	9.7656E-3	4.3857E-1
9.4000E-5	1.0010E-2	4.4048E-1
9.5000E-5	9.2773E-3	4.4243E-1
9.6000E-5	1.0010E-2	4.4395E-1
9.7000E-5	9.2773E-3	4.4297E-1
9.8000E-5	9.5215E-3	4.4126E-1
9.9000E-5	9.5215E-3	4.3877E-1
1.0000E-4	1.0010E-2	4.3711E-1
1.0100E-4	9.7656E-3	4.3555E-1
1.0200E-4	9.2773E-3	4.3594E-1
1.0300E-4	9.5215E-3	4.3628E-1
1.0400E-4	9.5215E-3	4.3740E-1
1.0500E-4	1.0010E-2	4.3804E-1
1.0600E-4	9.7656E-3	4.3672E-1
1.0700E-4	9.0332E-3	4.3452E-1
1.0800E-4	1.0498E-2	4.3335E-1
1.0900E-4	9.0332E-3	4.3394E-1
1.1000E-4	1.0254E-2	4.3335E-1
1.1100E-4	9.5215E-3	4.3555E-1
1.1200E-4	1.0254E-2	4.3843E-1
1.1300E-4	9.7656E-3	4.4097E-1
1.1400E-4	9.2773E-3	4.4248E-1
1.1500E-4	9.0332E-3	4.4561E-1
1.1600E-4	1.0010E-2	4.4780E-1
1.1700E-4	9.7656E-3	4.4927E-1
1.1800E-4	9.5215E-3	4.5215E-1
1.1900E-4	9.0332E-3	4.5508E-1
1.2000E-4	9.5215E-3	4.5884E-1
1.2100E-4	9.0332E-3	4.6182E-1
1.2200E-4	9.7656E-3	4.6484E-1
1.2300E-4	9.5215E-3	4.6719E-1
1.2400E-4	9.7656E-3	4.6938E-1
1.2500E-4	9.5215E-3	4.7041E-1
1.2600E-4	9.2773E-3	4.7119E-1
1.2700E-4	1.0010E-2	4.7334E-1
1.2800E-4	9.5215E-3	4.7510E-1
1.2900E-4	9.7656E-3	4.7847E-1
1.3000E-4	1.0010E-2	4.8125E-1
1.3100E-4	9.7656E-3	4.8213E-1
1.3200E-4	9.5215E-3	4.8081E-1
1.3300E-4	1.0254E-2	4.7979E-1
1.3400E-4	9.5215E-3	4.7729E-1
1.3500E-4	9.5215E-3	4.7646E-1
1.3600E-4	1.0254E-2	4.7939E-1
1.3700E-4	9.7656E-3	4.8403E-1
1.3800E-4	9.5215E-3	4.9009E-1
1.3900E-4	1.0254E-2	4.9580E-1
1.4000E-4	1.0010E-2	5.0098E-1
1.4100E-4	9.5215E-3	5.0542E-1
1.4200E-4	9.5215E-3	5.0879E-1
1.4300E-4	9.7656E-3	5.0879E-1
1.4400E-4	1.0254E-2	5.0942E-1
1.4500E-4	1.0010E-2	5.0996E-1
1.4600E-4	9.5215E-3	5.1060E-1
1.4700E-4	9.7656E-3	5.1123E-1
1.4800E-4	9.5215E-3	5.1284E-1
1.4900E-4	9.7656E-3	5.1382E-1
1.5000E-4	9.7656E-3	5.1450E-1
1.5100E-4	9.7656E-3	5.1523E-1
1.5200E-4	9.5215E-3	5.1602E-1
1.5300E-4	9.7656E-3	5.1528E-1
1.5400E-4	9.2773E-3	5.1382E-1
1.5500E-4	1.0010E-2	5.1265E-1
1.5600E-4	9.7656E-3	5.1201E-1
1.5700E-4	9.7656E-3	5.1353E-1
1.5800E-4	9.5215E-3	5.1680E-1
1.5900E-4	9.2773E-3	5.2192E-1
1.6000E-4	1.0010E-2	5.2671E-1
1.6100E-4	9.5215E-3	5.2920E-1
1.6200E-4	9.2773E-3	5.2993E-1
1.6300E-4	9.7656E-3	5.3188E-1
1.6400E-4	9.5215E-3	5.3252E-1
1.6500E-4	1.0254E-2	5.3384E-1
1.6600E-4	1.0010E-2	5.3604E-1
1.6700E-4	1.0742E-2	5.3843E-1
1.6800E-4	9.7656E-3	5.3940E-1
1.6900E-4	9.5215E-3	5.4043E-1
1.7000E-4	9.7656E-3	5.4131E-1
1.7100E-4	9.5215E-3	5.4209E-1
1.7200E-4	9.7656E-3	5.4155E-1
1.7300E-4	9.7656E-3	5.4160E-1
1.7400E-4	1.0010E-2	5.4209E-1
1.7500E-4	1.0254E-2	5.4160E-1
1.7600E-4	9.5215E-3	5.4126E-1
1.7700E-4	9.5215E-3	5.4214E-1
1.7800E-4	9.7656E-3	5.4307E-1
1.7900E-4	9.5215E-3	5.4463E-1
1.8000E-4	9.7656E-3	5.4536E-1
1.8100E-4	1.0010E-2	5.4688E-1
1.8200E-4	9.7656E-3	5.4805E-1
1.8300E-4	9.5215E-3	5.4717E-1
1.8400E-4	9.2773E-3	5.4512E-1
1.8500E-4	1.0254E-2	5.4404E-1
1.8600E-4	1.0254E-2	5.4160E-1
1.8700E-4	1.0010E-2	5.4048E-1
1.8800E-4	1.0010E-2	5.3989E-1
1.8900E-4	9.5215E-3	5.3940E-1
1.9000E-4	1.0010E-2	5.3735E-1
1.9100E-4	1.0010E-2	5.3594E-1
1.9200E-4	9.2773E-3	5.3335E-1
1.9300E-4	1.0010E-2	5.3257E-1
1.9400E-4	9.7656E-3	5.3184E-1
1.9500E-4	9.7656E-3	5.3193E-1
1.9600E-4	1.0010E-2	5.3159E-1
1.9700E-4	9.7656E-3	5.3218E-1
1.9800E-4	9.7656E-3	5.3228E-1
1.9900E-4	9.7656E-3	5.3101E-1
2.0000E-4	9.2773E-3	5.2891E-1
2.0100E-4	9.5215E-3	5.2603E-1
2.0200E-4	1.0010E-2	5.2241E-1
2.0300E-4	9.7656E-3	5.1870E-1
2.0400E-4	9.5215E-3	5.1670E-1
2.0500E-4	9.2773E-3	5.1484E-1
2.0600E-4	9.2773E-3	5.1328E-1
2.0700E-4	1.0010E-2	5.1021E-1
2.0800E-4	1.0254E-2	5.0713E-1
2.0900E-4	1.0010E-2	5.0190E-1
2.1000E-4	9.7656E-3	4.9775E-1
2.1100E-4	9.7656E-3	4.9355E-1
2.1200E-4	1.0010E-2	4.9170E-1
2.1300E-4	9.5215E-3	4.8867E-1
2.1400E-4	9.5215E-3	4.8711E-1
2.1500E-4	9.7656E-3	4.8438E-1
2.1600E-4	9.7656E-3	4.8247E-1
2.1700E-4	9.5215E-3	4.7905E-1
2.1800E-4	9.5215E-3	4.7788E-1
2.1900E-4	9.5215E-3	4.7632E-1
2.2000E-4	9.7656E-3	4.7646E-1
2.2100E-4	9.7656E-3	4.7739E-1
2.2200E-4	9.5215E-3	4.7920E-1
2.2300E-4	9.2773E-3	4.8037E-1
2.2400E-4	1.0010E-2	4.8213E-1
2.2500E-4	9.5215E-3	4.8394E-1
2.2600E-4	1.0010E-2	4.8320E-1
2.2700E-4	1.0010E-2	4.8110E-1
2.2800E-4	1.0010E-2	4.7896E-1
2.2900E-4	9.2773E-3	4.7739E-1
2.3000E-4	9.5215E-3	4.7471E-1
2.3100E-4	9.5215E-3	4.7397E-1
2.3200E-4	9.7656E-3	4.7393E-1
2.3300E-4	1.0010E-2	4.7393E-1
2.3400E-4	9.5215E-3	4.7261E-1
2.3500E-4	9.5215E-3	4.7241E-1
2.3600E-4	9.2773E-3	4.7236E-1
2.3700E-4	1.0010E-2	4.7197E-1
2.3800E-4	9.5215E-3	4.7285E-1
2.3900E-4	9.0332E-3	4.7705E-1
2.4000E-4	9.7656E-3	4.8306E-1
2.4100E-4	9.5215E-3	4.9004E-1
2.4200E-4	1.0010E-2	4.9463E-1
2.4300E-4	9.2773E-3	4.9404E-1
2.4400E-4	9.2773E-3	4.8921E-1
2.4500E-4	1.0010E-2	4.8169E-1
2.4600E-4	9.5215E-3	4.7227E-1
2.4700E-4	9.7656E-3	4.6479E-1
2.4800E-4	9.5215E-3	4.6123E-1
2.4900E-4	9.0332E-3	4.6074E-1
2.5000E-4	9.2773E-3	4.6030E-1
2.5100E-4	9.5215E-3	4.6230E-1
2.5200E-4	9.2773E-3	4.6392E-1
2.5300E-4	9.5215E-3	4.6475E-1
2.5400E-4	9.7656E-3	4.6479E-1
2.5500E-4	9.2773E-3	4.6538E-1
2.5600E-4	9.7656E-3	4.6377E-1
2.5700E-4	1.0010E-2	4.6382E-1
2.5800E-4	1.0010E-2	4.6499E-1
2.5900E-4	1.0254E-2	4.6470E-1
2.6000E-4	1.0498E-2	4.6426E-1
2.6100E-4	9.5215E-3	4.6323E-1
2.6200E-4	1.0010E-2	4.6123E-1
2.6300E-4	9.2773E-3	4.5830E-1
2.6400E-4	9.5215E-3	4.5513E-1
2.6500E-4	9.7656E-3	4.5039E-1
2.6600E-4	9.7656E-3	4.4619E-1
2.6700E-4	9.7656E-3	4.4287E-1
2.6800E-4	9.2773E-3	4.4062E-1
2.6900E-4	9.7656E-3	4.4048E-1
2.7000E-4	9.7656E-3	4.4268E-1
2.7100E-4	9.7656E-3	4.4619E-1
2.7200E-4	1.0010E-2	4.4976E-1
2.7300E-4	1.0254E-2	4.5059E-1
2.7400E-4	8.7891E-3	4.5225E-1
2.7500E-4	9.5215E-3	4.5161E-1
2.7600E-4	9.7656E-3	4.5229E-1
2.7700E-4	9.5215E-3	4.5454E-1
2.7800E-4	1.0010E-2	4.5859E-1
2.7900E-4	9.5215E-3	4.6094E-1
2.8000E-4	1.0254E-2	4.6675E-1
2.8100E-4	9.2773E-3	4.7021E-1
2.8200E-4	9.7656E-3	4.7383E-1
2.8300E-4	9.2773E-3	4.7803E-1
2.8400E-4	9.5215E-3	4.8267E-1
2.8500E-4	9.7656E-3	4.8833E-1
2.8600E-4	1.0010E-2	4.9624E-1
2.8700E-4	9.2773E-3	5.0210E-1
2.8800E-4	9.7656E-3	5.0850E-1
2.8900E-4	9.5215E-3	5.1548E-1
2.9000E-4	9.5215E-3	5.1978E-1
2.9100E-4	9.5215E-3	5.2168E-1
2.9200E-4	9.5215E-3	5.2480E-1
2.9300E-4	1.0010E-2	5.2671E-1
2.9400E-4	9.2773E-3	5.2725E-1
2.9500E-4	9.2773E-3	5.2954E-1
2.9600E-4	9.5215E-3	5.3174E-1
2.9700E-4	1.0254E-2	5.3247E-1
2.9800E-4	9.2773E-3	5.3335E-1
2.9900E-4	9.7656E-3	5.3496E-1
3.0000E-4	9.2773E-3	5.3486E-1
3.0100E-4	9.2773E-3	5.3394E-1
3.0200E-4	9.5215E-3	5.3301E-1
3.0300E-4	1.0254E-2	5.3228E-1
3.0400E-4	1.0010E-2	5.3130E-1
3.0500E-4	9.7656E-3	5.2925E-1
3.0600E-4	9.5215E-3	5.2959E-1
3.0700E-4	9.7656E-3	5.2925E-1
3.0800E-4	9.7656E-3	5.2876E-1
3.0900E-4	9.7656E-3	5.2754E-1
3.1000E-4	1.0010E-2	5.2734E-1
3.1100E-4	1.0254E-2	5.2642E-1
3.1200E-4	9.2773E-3	5.2607E-1
3.1300E-4	9.5215E-3	5.2524E-1
3.1400E-4	1.0254E-2	5.2544E-1
3.1500E-4	9.5215E-3	5.2290E-1
3.1600E-4	1.0010E-2	5.2036E-1
3.1700E-4	8.7891E-3	5.1924E-1
3.1800E-4	9.2773E-3	5.1826E-1
3.1900E-4	1.0498E-2	5.1650E-1
3.2000E-4	1.0010E-2	5.1602E-1
3.2100E-4	9.7656E-3	5.1465E-1
3.2200E-4	9.5215E-3	5.1123E-1
3.2300E-4	9.2773E-3	5.0840E-1
3.2400E-4	9.5215E-3	5.0654E-1
3.2500E-4	1.0010E-2	5.0811E-1
3.2600E-4	1.0010E-2	5.1118E-1
3.2700E-4	9.5215E-3	5.1636E-1
3.2800E-4	9.7656E-3	5.2061E-1
3.2900E-4	9.5215E-3	5.2373E-1
3.3000E-4	1.0010E-2	5.2412E-1
3.3100E-4	9.5215E-3	5.2339E-1
3.3200E-4	9.5215E-3	5.2358E-1
3.3300E-4	9.2773E-3	5.2505E-1
3.3400E-4	9.5215E-3	5.2686E-1
3.3500E-4	9.7656E-3	5.2788E-1
3.3600E-4	9.5215E-3	5.2935E-1
3.3700E-4	8.5449E-3	5.2969E-1
3.3800E-4	9.7656E-3	5.3115E-1
3.3900E-4	1.0010E-2	5.3296E-1
3.4000E-4	1.0010E-2	5.3672E-1
3.4100E-4	1.0254E-2	5.3823E-1
3.4200E-4	9.5215E-3	5.3696E-1
3.4300E-4	1.0254E-2	5.3223E-1
3.4400E-4	9.7656E-3	5.2778E-1
3.4500E-4	9.5215E-3	5.2300E-1
3.4600E-4	1.0254E-2	5.1758E-1
3.4700E-4	9.2773E-3	5.1479E-1
3.4800E-4	1.0254E-2	5.1362E-1
3.4900E-4	9.2773E-3	5.1270E-1
3.5000E-4	9.5215E-3	5.1201E-1
3.5100E-4	9.7656E-3	5.1323E-1
3.5200E-4	9.5215E-3	5.1304E-1
3.5300E-4	9.5215E-3	5.1128E-1
3.5400E-4	9.7656E-3	5.0830E-1
3.5500E-4	9.2773E-3	5.0381E-1
3.5600E-4	1.0254E-2	4.9897E-1
3.5700E-4	9.2773E-3	4.9561E-1
3.5800E-4	1.0010E-2	4.9297E-1
3.5900E-4	9.2773E-3	4.9243E-1
3.6000E-4	9.5215E-3	4.9150E-1
3.6100E-4	9.5215E-3	4.9248E-1
3.6200E-4	9.5215E-3	4.9209E-1
3.6300E-4	9.0332E-3	4.9028E-1
3.6400E-4	9.7656E-3	4.8442E-1
3.6500E-4	9.2773E-3	4.7822E-1
3.6600E-4	9.7656E-3	4.6934E-1
3.6700E-4	1.0010E-2	4.6021E-1
3.6800E-4	9.2773E-3	4.5190E-1
3.6900E-4	9.2773E-3	4.4575E-1
3.7000E-4	9.2773E-3	4.4185E-1
3.7100E-4	1.0254E-2	4.3931E-1
3.7200E-4	1.0010E-2	4.3911E-1
3.7300E-4	9.7656E-3	4.4023E-1
3.7400E-4	1.0254E-2	4.4150E-1
3.7500E-4	9.2773E-3	4.4185E-1
3.7600E-4	9.7656E-3	4.4385E-1
3.7700E-4	9.7656E-3	4.4438E-1
3.7800E-4	9.7656E-3	4.4346E-1
3.7900E-4	9.7656E-3	4.4092E-1
3.8000E-4	1.0010E-2	4.3838E-1
3.8100E-4	9.2773E-3	4.3716E-1
3.8200E-4	9.5215E-3	4.3643E-1
3.8300E-4	9.5215E-3	4.3618E-1
3.8400E-4	1.0010E-2	4.3628E-1
3.8500E-4	9.7656E-3	4.3848E-1
3.8600E-4	1.0254E-2	4.3799E-1
3.8700E-4	9.7656E-3	4.3999E-1
3.8800E-4	9.5215E-3	4.4248E-1
3.8900E-4	9.0332E-3	4.4648E-1
3.9000E-4	9.2773E-3	4.4917E-1
3.9100E-4	9.7656E-3	4.5137E-1
3.9200E-4	9.7656E-3	4.4937E-1
3.9300E-4	1.0010E-2	4.4883E-1
3.9400E-4	9.7656E-3	4.4692E-1
3.9500E-4	9.5215E-3	4.4438E-1
3.9600E-4	9.5215E-3	4.4160E-1
3.9700E-4	1.0254E-2	4.4199E-1
3.9800E-4	9.5215E-3	4.4263E-1
3.9900E-4	1.0010E-2	4.4517E-1
4.0000E-4	9.5215E-3	4.4863E-1
4.0100E-4	1.0010E-2	4.5352E-1
4.0200E-4	1.0010E-2	4.5669E-1
4.0300E-4	9.7656E-3	4.5698E-1
4.0400E-4	9.5215E-3	4.5688E-1
4.0500E-4	9.7656E-3	4.5693E-1
4.0600E-4	9.5215E-3	4.5679E-1
4.0700E-4	9.5215E-3	4.5518E-1
4.0800E-4	1.0010E-2	4.5352E-1
4.0900E-4	9.2773E-3	4.4878E-1
4.1000E-4	1.0010E-2	4.4331E-1
4.1100E-4	1.0254E-2	4.3711E-1
4.1200E-4	9.2773E-3	4.3159E-1
4.1300E-4	9.7656E-3	4.2832E-1
4.1400E-4	1.0010E-2	4.3018E-1
4.1500E-4	9.0332E-3	4.3320E-1
4.1600E-4	9.2773E-3	4.3667E-1
4.1700E-4	1.0254E-2	4.3955E-1
4.1800E-4	9.5215E-3	4.4038E-1
4.1900E-4	1.0010E-2	4.3799E-1
4.2000E-4	9.5215E-3	4.3345E-1
4.2100E-4	9.5215E-3	4.2988E-1
4.2200E-4	8.7891E-3	4.2896E-1
4.2300E-4	9.5215E-3	4.3062E-1
4.2400E-4	1.0010E-2	4.3555E-1
4.2500E-4	9.2773E-3	4.3838E-1
4.2600E-4	9.7656E-3	4.3989E-1
4.2700E-4	9.5215E-3	4.4009E-1
4.2800E-4	9.5215E-3	4.3892E-1
4.2900E-4	9.5215E-3	4.3672E-1
4.3000E-4	9.2773E-3	4.3794E-1
4.3100E-4	9.7656E-3	4.4272E-1
4.3200E-4	1.0010E-2	4.4868E-1
4.3300E-4	1.0010E-2	4.5752E-1
4.3400E-4	9.7656E-3	4.6514E-1
4.3500E-4	9.5215E-3	4.7153E-1
4.3600E-4	9.2773E-3	4.7583E-1
4.3700E-4	9.2773E-3	4.8081E-1
4.3800E-4	9.2773E-3	4.8398E-1
4.3900E-4	1.0498E-2	4.8672E-1
4.4000E-4	9.5215E-3	4.8813E-1
4.4100E-4	9.0332E-3	4.8975E-1
4.4200E-4	9.5215E-3	4.9111E-1
4.4300E-4	9.2773E-3	4.9341E-1
4.4400E-4	1.0254E-2	4.9897E-1
4.4500E-4	9.2773E-3	5.0630E-1
4.4600E-4	9.7656E-3	5.1201E-1
4.4700E-4	9.0332E-3	5.1890E-1
4.4800E-4	9.7656E-3	5.2563E-1
4.4900E-4	9.7656E-3	5.3091E-1
4.5000E-4	9.5215E-3	5.3677E-1
4.5100E-4	9.7656E-3	5.4263E-1
4.5200E-4	9.5215E-3	5.4526E-1
4.5300E-4	1.0010E-2	5.4722E-1
4.5400E-4	9.2773E-3	5.4751E-1
4.5500E-4	9.5215E-3	5.4966E-1
4.5600E-4	9.5215E-3	5.5288E-1
4.5700E-4	9.5215E-3	5.5513E-1
4.5800E-4	9.2773E-3	5.5840E-1
4.5900E-4	9.7656E-3	5.6133E-1
4.6000E-4	1.0010E-2	5.6348E-1
4.6100E-4	9.2773E-3	5.6450E-1
4.6200E-4	1.0254E-2	5.6675E-1
4.6300E-4	9.7656E-3	5.7012E-1
4.6400E-4	9.5215E-3	5.7446E-1
4.6500E-4	9.7656E-3	5.7905E-1
4.6600E-4	9.7656E-3	5.8613E-1
4.6700E-4	1.0254E-2	5.9365E-1
4.6800E-4	9.5215E-3	5.9937E-1
4.6900E-4	1.0010E-2	6.0659E-1
4.7000E-4	9.7656E-3	6.1377E-1
4.7100E-4	9.7656E-3	6.1763E-1
4.7200E-4	1.0010E-2	6.2358E-1
4.7300E-4	9.2773E-3	6.2813E-1
4.7400E-4	9.2773E-3	6.3081E-1
4.7500E-4	1.0010E-2	6.3159E-1
4.7600E-4	1.0010E-2	6.3335E-1
4.7700E-4	9.2773E-3	6.3413E-1
4.7800E-4	9.7656E-3	6.3574E-1
4.7900E-4	9.5215E-3	6.4028E-1
4.8000E-4	9.7656E-3	6.4575E-1
4.8100E-4	9.2773E-3	6.5259E-1
4.8200E-4	9.2773E-3	6.6001E-1
4.8300E-4	9.7656E-3	6.6748E-1
4.8400E-4	9.7656E-3	6.7266E-1
4.8500E-4	9.5215E-3	6.7856E-1
4.8600E-4	9.5215E-3	6.8550E-1
4.8700E-4	1.0254E-2	6.9248E-1
4.8800E-4	9.2773E-3	6.9790E-1
4.8900E-4	9.2773E-3	7.0210E-1
4.9000E-4	9.2773E-3	7.0449E-1
4.9100E-4	9.2773E-3	7.0415E-1
4.9200E-4	1.0254E-2	7.0259E-1
4.9300E-4	9.0332E-3	7.0117E-1
4.9400E-4	1.0010E-2	7.0127E-1
4.9500E-4	1.0254E-2	7.0249E-1
4.9600E-4	9.5215E-3	7.0410E-1
4.9700E-4	9.5215E-3	7.0430E-1
4.9800E-4	9.7656E-3	7.0469E-1
4.9900E-4	1.0254E-2	7.0317E-1
5.0000E-4	1.0010E-2	7.0132E-1
5.0100E-4	1.0010E-2	6.9858E-1
5.0200E-4	9.2773E-3	6.9668E-1
5.0300E-4	9.0332E-3	6.9575E-1
5.0400E-4	9.5215E-3	6.9517E-1
5.0500E-4	9.2773E-3	6.9360E-1
5.0600E-4	1.0010E-2	6.9453E-1
5.0700E-4	9.0332E-3	6.9404E-1
5.0800E-4	9.5215E-3	6.9272E-1
5.0900E-4	1.0010E-2	6.9194E-1
5.1000E-4	1.0010E-2	6.9321E-1
5.1100E-4	9.5215E-3	6.9297E-1
5.1200E-4	9.2773E-3	6.9346E-1
5.1300E-4	9.7656E-3	6.9414E-1
5.1400E-4	9.5215E-3	6.9385E-1
5.1500E-4	9.5215E-3	6.9116E-1
5.1600E-4	9.7656E-3	6.8872E-1
5.1700E-4	9.2773E-3	6.8452E-1
5.1800E-4	9.5215E-3	6.7905E-1
5.1900E-4	1.0010E-2	6.7368E-1
5.2000E-4	9.5215E-3	6.6772E-1
5.2100E-4	1.0010E-2	6.5972E-1
5.2200E-4	1.0254E-2	6.5347E-1
5.2300E-4	9.5215E-3	6.4863E-1
5.2400E-4	9.7656E-3	6.4238E-1
5.2500E-4	9.5215E-3	6.3735E-1
5.2600E-4	1.0010E-2	6.3398E-1
5.2700E-4	9.5215E-3	6.2861E-1
5.2800E-4	9.5215E-3	6.2310E-1
5.2900E-4	9.5215E-3	6.1763E-1
5.3000E-4	9.7656E-3	6.1074E-1
5.3100E-4	9.2773E-3	6.0381E-1
5.3200E-4	9.5215E-3	5.9658E-1
5.3300E-4	8.7891E-3	5.8882E-1
5.3400E-4	9.5215E-3	5.8223E-1
5.3500E-4	9.2773E-3	5.7744E-1
5.3600E-4	9.2773E-3	5.7227E-1
5.3700E-4	9.2773E-3	5.6743E-1
5.3800E-4	9.7656E-3	5.6372E-1
5.3900E-4	9.7656E-3	5.5894E-1
5.4000E-4	9.7656E-3	5.5049E-1
5.4100E-4	1.0010E-2	5.4248E-1
5.4200E-4	9.2773E-3	5.3730E-1
5.4300E-4	9.0332E-3	5.3232E-1
5.4400E-4	1.0010E-2	5.2876E-1
5.4500E-4	9.2773E-3	5.2896E-1
5.4600E-4	9.7656E-3	5.2993E-1
5.4700E-4	1.0010E-2	5.3071E-1
5.4800E-4	9.7656E-3	5.3188E-1
5.4900E-4	1.0010E-2	5.3247E-1
5.5000E-4	9.2773E-3	5.3296E-1
5.5100E-4	9.5215E-3	5.3091E-1
5.5200E-4	9.5215E-3	5.2622E-1
5.5300E-4	1.0254E-2	5.1997E-1
5.5400E-4	9.7656E-3	5.1333E-1
5.5500E-4	1.0010E-2	5.0566E-1
5.5600E-4	9.7656E-3	4.9883E-1
5.5700E-4	9.5215E-3	4.9429E-1
5.5800E-4	9.5215E-3	4.8970E-1
5.5900E-4	9.7656E-3	4.8584E-1
5.6000E-4	9.5215E-3	4.8271E-1
5.6100E-4	9.7656E-3	4.8047E-1
5.6200E-4	9.0332E-3	4.7817E-1
5.6300E-4	9.5215E-3	4.7607E-1
5.6400E-4	9.7656E-3	4.7383E-1
5.6500E-4	9.5215E-3	4.7119E-1
5.6600E-4	9.5215E-3	4.6685E-1
5.6700E-4	9.5215E-3	4.6191E-1
5.6800E-4	9.5215E-3	4.5703E-1
5.6900E-4	9.5215E-3	4.5371E-1
5.7000E-4	9.7656E-3	4.5142E-1
5.7100E-4	9.2773E-3	4.4937E-1
5.7200E-4	9.7656E-3	4.4722E-1
5.7300E-4	9.7656E-3	4.4702E-1
5.7400E-4	9.7656E-3	4.4575E-1
5.7500E-4	9.7656E-3	4.4312E-1
5.7600E-4	1.0010E-2	4.4263E-1
5.7700E-4	9.5215E-3	4.4180E-1
5.7800E-4	1.0010E-2	4.4053E-1
5.7900E-4	9.5215E-3	4.3931E-1
5.8000E-4	9.5215E-3	4.3877E-1
5.8100E-4	9.5215E-3	4.3804E-1
5.8200E-4	1.0742E-2	4.3809E-1
5.8300E-4	1.0010E-2	4.3770E-1
5.8400E-4	9.5215E-3	4.3506E-1
5.8500E-4	9.5215E-3	4.3145E-1
5.8600E-4	9.0332E-3	4.2759E-1
5.8700E-4	9.7656E-3	4.2549E-1
5.8800E-4	9.7656E-3	4.2412E-1
5.8900E-4	9.7656E-3	4.2651E-1
5.9000E-4	1.0010E-2	4.3013E-1
5.9100E-4	9.5215E-3	4.3247E-1
5.9200E-4	9.5215E-3	4.3413E-1
5.9300E-4	9.7656E-3	4.3604E-1
5.9400E-4	9.2773E-3	4.3813E-1
5.9500E-4	1.0010E-2	4.4194E-1
5.9600E-4	9.7656E-3	4.4629E-1
5.9700E-4	9.2773E-3	4.5000E-1
5.9800E-4	1.0010E-2	4.4961E-1
5.9900E-4	9.2773E-3	4.4678E-1
6.0000E-4	1.0254E-2	4.4360E-1
6.0100E-4	9.5215E-3	4.4028E-1
6.0200E-4	9.7656E-3	4.3804E-1
6.0300E-4	9.5215E-3	4.3911E-1
6.0400E-4	9.7656E-3	4.4150E-1
6.0500E-4	9.7656E-3	4.4360E-1
6.0600E-4	9.7656E-3	4.4692E-1
6.0700E-4	9.7656E-3	4.4790E-1
6.0800E-4	9.7656E-3	4.4814E-1
6.0900E-4	9.5215E-3	4.4946E-1
6.1000E-4	9.2773E-3	4.5205E-1
6.1100E-4	1.0254E-2	4.5513E-1
6.1200E-4	9.5215E-3	4.5889E-1
6.1300E-4	9.2773E-3	4.6279E-1
6.1400E-4	9.7656E-3	4.6587E-1
6.1500E-4	9.5215E-3	4.6660E-1
6.1600E-4	1.0010E-2	4.6553E-1
6.1700E-4	9.7656E-3	4.6367E-1
6.1800E-4	9.5215E-3	4.6104E-1
6.1900E-4	9.5215E-3	4.5898E-1
6.2000E-4	1.0254E-2	4.5903E-1
6.2100E-4	1.0254E-2	4.5918E-1
6.2200E-4	1.0010E-2	4.6030E-1
6.2300E-4	1.0010E-2	4.6177E-1
6.2400E-4	1.0254E-2	4.6152E-1
6.2500E-4	9.2773E-3	4.5845E-1
6.2600E-4	1.0254E-2	4.5767E-1
6.2700E-4	9.7656E-3	4.5771E-1
6.2800E-4	9.5215E-3	4.5962E-1
6.2900E-4	9.2773E-3	4.6240E-1
6.3000E-4	1.0254E-2	4.6758E-1
6.3100E-4	9.5215E-3	4.7065E-1
6.3200E-4	1.0010E-2	4.7163E-1
6.3300E-4	1.0010E-2	4.7129E-1
6.3400E-4	1.0498E-2	4.7251E-1
6.3500E-4	9.5215E-3	4.7290E-1
6.3600E-4	9.5215E-3	4.7500E-1
6.3700E-4	9.7656E-3	4.7998E-1
6.3800E-4	9.5215E-3	4.8379E-1
6.3900E-4	1.0254E-2	4.8613E-1
6.4000E-4	9.0332E-3	4.8779E-1
6.4100E-4	9.5215E-3	4.8979E-1
6.4200E-4	1.0010E-2	4.9077E-1
6.4300E-4	9.5215E-3	4.9336E-1
6.4400E-4	1.0010E-2	4.9551E-1
6.4500E-4	9.5215E-3	4.9971E-1
6.4600E-4	9.2773E-3	5.0537E-1
6.4700E-4	1.0010E-2	5.0938E-1
6.4800E-4	1.0010E-2	5.1172E-1
6.4900E-4	9.5215E-3	5.1372E-1
6.5000E-4	9.7656E-3	5.1621E-1
6.5100E-4	9.7656E-3	5.1914E-1
6.5200E-4	9.7656E-3	5.2539E-1
6.5300E-4	9.7656E-3	5.3335E-1
6.5400E-4	9.7656E-3	5.4058E-1
6.5500E-4	9.2773E-3	5.4346E-1
6.5600E-4	1.0010E-2	5.4194E-1
6.5700E-4	9.7656E-3	5.3799E-1
6.5800E-4	9.5215E-3	5.3569E-1
6.5900E-4	9.0332E-3	5.3516E-1
6.6000E-4	9.7656E-3	5.3740E-1
6.6100E-4	9.2773E-3	5.3931E-1
6.6200E-4	1.0254E-2	5.3989E-1
6.6300E-4	9.5215E-3	5.3638E-1
6.6400E-4	9.2773E-3	5.3193E-1
6.6500E-4	9.2773E-3	5.2754E-1
6.6600E-4	1.0010E-2	5.2734E-1
6.6700E-4	9.7656E-3	5.3120E-1
6.6800E-4	1.0254E-2	5.3604E-1
6.6900E-4	9.5215E-3	5.4082E-1
6.7000E-4	9.5215E-3	5.4419E-1
6.7100E-4	9.0332E-3	5.4409E-1
6.7200E-4	9.5215E-3	5.4150E-1
6.7300E-4	9.2773E-3	5.3994E-1
6.7400E-4	9.5215E-3	5.3887E-1
6.7500E-4	9.2773E-3	5.3740E-1
6.7600E-4	9.7656E-3	5.3730E-1
6.7700E-4	9.5215E-3	5.3599E-1
6.7800E-4	1.0254E-2	5.3447E-1
6.7900E-4	9.5215E-3	5.3237E-1
6.8000E-4	9.7656E-3	5.3184E-1
6.8100E-4	1.0254E-2	5.3096E-1
6.8200E-4	1.0010E-2	5.2856E-1
6.8300E-4	9.5215E-3	5.2505E-1
6.8400E-4	9.7656E-3	5.2075E-1
6.8500E-4	9.7656E-3	5.1426E-1
6.8600E-4	9.5215E-3	5.0742E-1
6.8700E-4	9.5215E-3	5.0454E-1
6.8800E-4	9.5215E-3	5.0444E-1
6.8900E-4	9.5215E-3	5.0713E-1
6.9000E-4	1.0254E-2	5.1226E-1
6.9100E-4	9.2773E-3	5.1650E-1
6.9200E-4	9.5215E-3	5.1948E-1
6.9300E-4	9.2773E-3	5.1909E-1
6.9400E-4	9.2773E-3	5.1616E-1
6.9500E-4	9.7656E-3	5.1221E-1
6.9600E-4	9.5215E-3	5.0991E-1
6.9700E-4	9.5215E-3	5.0859E-1
6.9800E-4	9.7656E-3	5.1016E-1
6.9900E-4	9.2773E-3	5.1138E-1
7.0000E-4	9.7656E-3	5.1060E-1
7.0100E-4	9.7656E-3	5.0894E-1
7.0200E-4	9.7656E-3	5.0718E-1
7.0300E-4	9.0332E-3	5.0542E-1
7.0400E-4	9.5215E-3	5.0640E-1
7.0500E-4	9.7656E-3	5.0850E-1
7.0600E-4	9.5215E-3	5.1104E-1
7.0700E-4	9.7656E-3	5.1343E-1
7.0800E-4	9.7656E-3	5.1470E-1
7.0900E-4	1.0010E-2	5.1157E-1
7.1000E-4	9.7656E-3	5.0752E-1
7.1100E-4	9.7656E-3	5.0098E-1
7.1200E-4	9.5215E-3	4.9346E-1
7.1300E-4	9.5215E-3	4.8682E-1
7.1400E-4	9.5215E-3	4.8345E-1
7.1500E-4	1.0010E-2	4.8135E-1
7.1600E-4	9.0332E-3	4.8071E-1
7.1700E-4	9.5215E-3	4.8223E-1
7.1800E-4	9.7656E-3	4.8267E-1
7.1900E-4	9.7656E-3	4.8350E-1
7.2000E-4	9.7656E-3	4.8501E-1
7.2100E-4	1.0010E-2	4.8618E-1
7.2200E-4	1.0010E-2	4.8257E-1
7.2300E-4	9.0332E-3	4.7803E-1
7.2400E-4	9.5215E-3	4.7231E-1
7.2500E-4	9.7656E-3	4.6709E-1
7.2600E-4	1.0254E-2	4.6187E-1
7.2700E-4	1.0010E-2	4.5898E-1
7.2800E-4	9.5215E-3	4.5762E-1
7.2900E-4	9.5215E-3	4.5571E-1
7.3000E-4	1.0010E-2	4.5303E-1
7.3100E-4	1.0010E-2	4.5083E-1
7.3200E-4	9.5215E-3	4.4961E-1
7.3300E-4	1.0010E-2	4.4839E-1
7.3400E-4	9.5215E-3	4.4995E-1
7.3500E-4	9.7656E-3	4.5151E-1
7.3600E-4	9.5215E-3	4.5327E-1
7.3700E-4	9.7656E-3	4.5313E-1
7.3800E-4	9.5215E-3	4.5127E-1
7.3900E-4	9.2773E-3	4.4604E-1
7.4000E-4	1.0254E-2	4.4214E-1
7.4100E-4	9.5215E-3	4.3960E-1
7.4200E-4	9.7656E-3	4.3848E-1
7.4300E-4	1.0254E-2	4.3740E-1
7.4400E-4	1.0010E-2	4.3857E-1
7.4500E-4	9.5215E-3	4.3896E-1
7.4600E-4	9.5215E-3	4.4004E-1
7.4700E-4	9.7656E-3	4.4302E-1
7.4800E-4	1.0010E-2	4.4790E-1
7.4900E-4	9.5215E-3	4.5381E-1
7.5000E-4	1.0010E-2	4.5850E-1
7.5100E-4	9.7656E-3	4.6191E-1
7.5200E-4	1.0254E-2	4.6260E-1
7.5300E-4	9.5215E-3	4.6108E-1
7.5400E-4	9.7656E-3	4.6011E-1
7.5500E-4	9.2773E-3	4.6157E-1
7.5600E-4	9.2773E-3	4.6411E-1
7.5700E-4	9.5215E-3	4.6729E-1
7.5800E-4	1.0254E-2	4.7085E-1
7.5900E-4	9.5215E-3	4.7163E-1
7.6000E-4	9.5215E-3	4.6963E-1
7.6100E-4	9.7656E-3	4.6553E-1
7.6200E-4	1.0010E-2	4.6191E-1
7.6300E-4	9.2773E-3	4.5825E-1
7.6400E-4	9.5215E-3	4.5547E-1
7.6500E-4	9.2773E-3	4.5532E-1
7.6600E-4	9.5215E-3	4.5630E-1
7.6700E-4	9.2773E-3	4.5879E-1
7.6800E-4	1.0010E-2	4.6294E-1
7.6900E-4	9.0332E-3	4.6904E-1
7.7000E-4	9.5215E-3	4.7471E-1
7.7100E-4	9.5215E-3	4.7900E-1
7.7200E-4	1.0010E-2	4.8267E-1
7.7300E-4	1.0010E-2	4.8618E-1
7.7400E-4	1.0010E-2	4.8701E-1
7.7500E-4	1.0254E-2	4.8726E-1
7.7600E-4	9.5215E-3	4.8906E-1
7.7700E-4	9.7656E-3	4.8887E-1
7.7800E-4	9.5215E-3	4.8652E-1
7.7900E-4	9.5215E-3	4.8340E-1
7.8000E-4	9.7656E-3	4.7964E-1
7.8100E-4	9.2773E-3	4.7588E-1
7.8200E-4	9.5215E-3	4.7334E-1
7.8300E-4	1.0254E-2	4.7192E-1
7.8400E-4	9.5215E-3	4.7129E-1
7.8500E-4	9.5215E-3	4.7148E-1
7.8600E-4	9.7656E-3	4.7031E-1
7.8700E-4	9.7656E-3	4.7095E-1
7.8800E-4	9.7656E-3	4.7314E-1
7.8900E-4	9.5215E-3	4.7705E-1
7.9000E-4	1.0010E-2	4.8032E-1
7.9100E-4	1.0010E-2	4.8413E-1
7.9200E-4	9.2773E-3	4.8604E-1
7.9300E-4	9.0332E-3	4.8784E-1
7.9400E-4	1.0254E-2	4.8931E-1
7.9500E-4	1.0254E-2	4.9287E-1
7.9600E-4	9.2773E-3	4.9785E-1
7.9700E-4	9.7656E-3	5.0264E-1
7.9800E-4	1.0254E-2	5.0552E-1
7.9900E-4	9.2773E-3	5.0757E-1
8.0000E-4	9.5215E-3	5.0898E-1
8.0100E-4	9.5215E-3	5.1025E-1
8.0200E-4	1.0010E-2	5.1279E-1
8.0300E-4	9.5215E-3	5.1909E-1
8.0400E-4	9.5215E-3	5.2788E-1
8.0500E-4	9.2773E-3	5.3354E-1
8.0600E-4	9.5215E-3	5.3530E-1
8.0700E-4	9.0332E-3	5.3442E-1
8.0800E-4	1.0254E-2	5.2959E-1
8.0900E-4	9.2773E-3	5.2334E-1
8.1000E-4	1.0498E-2	5.1924E-1
8.1100E-4	9.7656E-3	5.1987E-1
8.1200E-4	1.0254E-2	5.2495E-1
8.1300E-4	1.0254E-2	5.3159E-1
8.1400E-4	9.5215E-3	5.3721E-1
8.1500E-4	9.5215E-3	5.4160E-1
8.1600E-4	1.0254E-2	5.4194E-1
8.1700E-4	1.0010E-2	5.4033E-1
8.1800E-4	9.7656E-3	5.3794E-1
8.1900E-4	9.5215E-3	5.3394E-1
8.2000E-4	1.0498E-2	5.3179E-1
8.2100E-4	9.7656E-3	5.3320E-1
8.2200E-4	9.5215E-3	5.3496E-1
8.2300E-4	9.7656E-3	5.3853E-1
8.2400E-4	1.0010E-2	5.4404E-1
8.2500E-4	1.0010E-2	5.4854E-1
8.2600E-4	9.5215E-3	5.4844E-1
8.2700E-4	9.5215E-3	5.4717E-1
8.2800E-4	9.7656E-3	5.4331E-1
8.2900E-4	9.5215E-3	5.3789E-1
8.3000E-4	9.7656E-3	5.3218E-1
8.3100E-4	9.5215E-3	5.2803E-1
8.3200E-4	9.7656E-3	5.2466E-1
8.3300E-4	9.2773E-3	5.2310E-1
8.3400E-4	1.0742E-2	5.2295E-1
8.3500E-4	9.7656E-3	5.2446E-1
8.3600E-4	1.0254E-2	5.2632E-1
8.3700E-4	9.5215E-3	5.2607E-1
8.3800E-4	9.5215E-3	5.2651E-1
8.3900E-4	9.5215E-3	5.2793E-1
8.4000E-4	9.5215E-3	5.2656E-1
8.4100E-4	9.7656E-3	5.2617E-1
8.4200E-4	9.5215E-3	5.2471E-1
8.4300E-4	1.0010E-2	5.2114E-1
8.4400E-4	9.5215E-3	5.1655E-1
8.4500E-4	9.5215E-3	5.1309E-1
8.4600E-4	1.0010E-2	5.0996E-1
8.4700E-4	1.0010E-2	5.0986E-1
8.4800E-4	9.7656E-3	5.0981E-1
8.4900E-4	1.0010E-2	5.0918E-1
8.5000E-4	9.5215E-3	5.0835E-1
8.5100E-4	9.2773E-3	5.0630E-1
8.5200E-4	9.5215E-3	5.0400E-1
8.5300E-4	9.5215E-3	5.0186E-1
8.5400E-4	1.0254E-2	5.0015E-1
8.5500E-4	9.2773E-3	4.9966E-1
8.5600E-4	1.0010E-2	5.0103E-1
8.5700E-4	9.7656E-3	5.0146E-1
8.5800E-4	9.5215E-3	5.0176E-1
8.5900E-4	1.0010E-2	5.0254E-1
8.6000E-4	1.0010E-2	5.0303E-1
8.6100E-4	1.0010E-2	5.0210E-1
8.6200E-4	1.0742E-2	5.0200E-1
8.6300E-4	1.0254E-2	5.0264E-1
8.6400E-4	9.7656E-3	5.0420E-1
8.6500E-4	1.0010E-2	5.0469E-1
8.6600E-4	9.2773E-3	5.0420E-1
8.6700E-4	9.7656E-3	4.9990E-1
8.6800E-4	9.7656E-3	4.9409E-1
8.6900E-4	1.0498E-2	4.8506E-1
8.7000E-4	1.0010E-2	4.7656E-1
8.7100E-4	1.0010E-2	4.6870E-1
8.7200E-4	9.5215E-3	4.6465E-1
8.7300E-4	9.7656E-3	4.6235E-1
8.7400E-4	1.0498E-2	4.6235E-1
8.7500E-4	1.0010E-2	4.6069E-1
8.7600E-4	1.0254E-2	4.6060E-1
8.7700E-4	9.7656E-3	4.6152E-1
8.7800E-4	9.7656E-3	4.6089E-1
8.7900E-4	9.5215E-3	4.5996E-1
8.8000E-4	9.5215E-3	4.6069E-1
8.8100E-4	9.5215E-3	4.6138E-1
8.8200E-4	9.5215E-3	4.5889E-1
8.8300E-4	9.5215E-3	4.5610E-1
8.8400E-4	9.2773E-3	4.5044E-1
8.8500E-4	9.5215E-3	4.4468E-1
8.8600E-4	1.0010E-2	4.3833E-1
8.8700E-4	1.0010E-2	4.3452E-1
8.8800E-4	1.0254E-2	4.3403E-1
8.8900E-4	9.2773E-3	4.3726E-1
8.9000E-4	9.2773E-3	4.4009E-1
8.9100E-4	9.7656E-3	4.4238E-1
8.9200E-4	1.0010E-2	4.4282E-1
8.9300E-4	9.7656E-3	4.4165E-1
8.9400E-4	1.0254E-2	4.4023E-1
8.9500E-4	9.5215E-3	4.3818E-1
8.9600E-4	1.0010E-2	4.3569E-1
8.9700E-4	9.7656E-3	4.3540E-1
8.9800E-4	9.5215E-3	4.3682E-1
8.9900E-4	9.7656E-3	4.3979E-1
9.0000E-4	9.2773E-3	4.4170E-1
9.0100E-4	9.7656E-3	4.4424E-1
9.0200E-4	9.5215E-3	4.4712E-1
9.0300E-4	9.5215E-3	4.4688E-1
9.0400E-4	9.7656E-3	4.4312E-1
9.0500E-4	9.5215E-3	4.4097E-1
9.0600E-4	1.0498E-2	4.3955E-1
9.0700E-4	9.2773E-3	4.3721E-1
9.0800E-4	1.0010E-2	4.3950E-1
9.0900E-4	9.7656E-3	4.4399E-1
9.1000E-4	9.7656E-3	4.4751E-1
9.1100E-4	9.7656E-3	4.4995E-1
9.1200E-4	9.5215E-3	4.5063E-1
9.1300E-4	1.0010E-2	4.4751E-1
9.1400E-4	9.7656E-3	4.4443E-1
9.1500E-4	1.0010E-2	4.4365E-1
9.1600E-4	9.5215E-3	4.4468E-1
9.1700E-4	9.2773E-3	4.4736E-1
9.1800E-4	9.2773E-3	4.4990E-1
9.1900E-4	9.2773E-3	4.5088E-1
9.2000E-4	1.0254E-2	4.5366E-1
9.2100E-4	9.2773E-3	4.5415E-1
9.2200E-4	9.5215E-3	4.5425E-1
9.2300E-4	9.5215E-3	4.5469E-1
9.2400E-4	9.2773E-3	4.5449E-1
9.2500E-4	9.7656E-3	4.5273E-1
9.2600E-4	9.7656E-3	4.5435E-1
9.2700E-4	9.5215E-3	4.5615E-1
9.2800E-4	9.7656E-3	4.5908E-1
9.2900E-4	9.5215E-3	4.6406E-1
9.3000E-4	9.7656E-3	4.6885E-1
9.3100E-4	9.7656E-3	4.7158E-1
9.3200E-4	9.7656E-3	4.7231E-1
9.3300E-4	9.7656E-3	4.7212E-1
9.3400E-4	9.7656E-3	4.7222E-1
9.3500E-4	9.5215E-3	4.7212E-1
9.3600E-4	9.7656E-3	4.7275E-1
9.3700E-4	9.2773E-3	4.7466E-1
9.3800E-4	9.7656E-3	4.7896E-1
9.3900E-4	9.2773E-3	4.8345E-1
9.4000E-4	1.0010E-2	4.8643E-1
9.4100E-4	1.0010E-2	4.8784E-1
9.4200E-4	9.5215E-3	4.9136E-1
9.4300E-4	9.7656E-3	4.9248E-1
9.4400E-4	9.5215E-3	4.9517E-1
9.4500E-4	1.0010E-2	4.9990E-1
9.4600E-4	9.5215E-3	5.0503E-1
9.4700E-4	9.2773E-3	5.0957E-1
9.4800E-4	9.7656E-3	5.1523E-1
9.4900E-4	1.0254E-2	5.1860E-1
9.5000E-4	1.0010E-2	5.2266E-1
9.5100E-4	9.0332E-3	5.2832E-1
9.5200E-4	9.2773E-3	5.3267E-1
9.5300E-4	9.7656E-3	5.3760E-1
9.5400E-4	9.2773E-3	5.4224E-1
9.5500E-4	9.5215E-3	5.4663E-1
9.5600E-4	1.0010E-2	5.5029E-1
9.5700E-4	9.2773E-3	5.5444E-1
9.5800E-4	9.7656E-3	5.5737E-1
9.5900E-4	9.5215E-3	5.6182E-1
9.6000E-4	9.7656E-3	5.6553E-1
9.6100E-4	9.7656E-3	5.7085E-1
9.6200E-4	1.0010E-2	5.7778E-1
9.6300E-4	9.7656E-3	5.8506E-1
9.6400E-4	9.7656E-3	5.9043E-1
9.6500E-4	9.2773E-3	5.9355E-1
9.6600E-4	1.0010E-2	5.9785E-1
9.6700E-4	9.5215E-3	6.0298E-1
9.6800E-4	9.7656E-3	6.0854E-1
9.6900E-4	9.5215E-3	6.1641E-1
9.7000E-4	9.7656E-3	6.2505E-1
9.7100E-4	1.0010E-2	6.2837E-1
9.7200E-4	9.5215E-3	6.2886E-1
9.7300E-4	9.5215E-3	6.2920E-1
9.7400E-4	8.7891E-3	6.2817E-1
9.7500E-4	1.0010E-2	6.2935E-1
9.7600E-4	1.0010E-2	6.3291E-1
9.7700E-4	9.5215E-3	6.4028E-1
9.7800E-4	9.7656E-3	6.4844E-1
9.7900E-4	1.0010E-2	6.5625E-1
9.8000E-4	9.7656E-3	6.6343E-1
9.8100E-4	9.5215E-3	6.7114E-1
9.8200E-4	9.2773E-3	6.7739E-1
9.8300E-4	9.7656E-3	6.8267E-1
9.8400E-4	9.5215E-3	6.8784E-1
9.8500E-4	9.7656E-3	6.9243E-1
9.8600E-4	9.2773E-3	6.9751E-1
9.8700E-4	9.7656E-3	6.9966E-1
9.8800E-4	9.2773E-3	7.0151E-1
9.8900E-4	9.2773E-3	7.0308E-1
9.9000E-4	9.7656E-3	7.0342E-1
9.9100E-4	1.0010E-2	7.0259E-1
9.9200E-4	1.0254E-2	7.0371E-1
9.9300E-4	1.0254E-2	7.0444E-1
9.9400E-4	1.0254E-2	7.0479E-1
9.9500E-4	9.5215E-3	7.0532E-1
9.9600E-4	9.5215E-3	7.0420E-1
9.9700E-4	1.0010E-2	7.0117E-1
9.9800E-4	9.7656E-3	7.0117E-1
9.9900E-4	9.2773E-3	7.0117E-1
