Time [s]	Aux in [V]	Main in [V]
0.0000E+0	1.0010E-2	6.5049E-1
1.0000E-6	9.5215E-3	6.4497E-1
2.0000E-6	1.0254E-2	6.3892E-1
3.0000E-6	9.7656E-3	6.3203E-1
4.0000E-6	1.0010E-2	6.2529E-1
5.0000E-6	9.2773E-3	6.1855E-1
6.0000E-6	9.7656E-3	6.1470E-1
7.0000E-6	9.7656E-3	6.1006E-1
8.0000E-6	1.0010E-2	6.0444E-1
9.0000E-6	9.7656E-3	5.9873E-1
1.0000E-5	1.0254E-2	5.9341E-1
1.1000E-5	1.0254E-2	5.8599E-1
1.2000E-5	1.0010E-2	5.7930E-1
1.3000E-5	9.7656E-3	5.7305E-1
1.4000E-5	9.2773E-3	5.6636E-1
1.5000E-5	9.7656E-3	5.6079E-1
1.6000E-5	9.0332E-3	5.5557E-1
1.7000E-5	9.2773E-3	5.4907E-1
1.8000E-5	1.0010E-2	5.4307E-1
1.9000E-5	1.0010E-2	5.3701E-1
2.0000E-5	1.0498E-2	5.2817E-1
2.1000E-5	1.0010E-2	5.1909E-1
2.2000E-5	9.5215E-3	5.0933E-1
2.3000E-5	9.7656E-3	4.9951E-1
2.4000E-5	9.7656E-3	4.9028E-1
2.5000E-5	9.7656E-3	4.8359E-1
2.6000E-5	9.7656E-3	4.7681E-1
2.7000E-5	1.0254E-2	4.7095E-1
2.8000E-5	9.5215E-3	4.6445E-1
2.9000E-5	9.2773E-3	4.5815E-1
3.0000E-5	1.0010E-2	4.5112E-1
3.1000E-5	9.7656E-3	4.4634E-1
3.2000E-5	9.2773E-3	4.4438E-1
3.3000E-5	9.2773E-3	4.4341E-1
3.4000E-5	9.5215E-3	4.4136E-1
3.5000E-5	9.5215E-3	4.3950E-1
3.6000E-5	9.7656E-3	4.3643E-1
3.7000E-5	9.7656E-3	4.3008E-1
3.8000E-5	1.0254E-2	4.2222E-1
3.9000E-5	9.7656E-3	4.1377E-1
4.0000E-5	9.5215E-3	4.0522E-1
4.1000E-5	1.0010E-2	3.9766E-1
4.2000E-5	9.2773E-3	3.9229E-1
4.3000E-5	9.2773E-3	3.8799E-1
4.4000E-5	9.7656E-3	3.8701E-1
4.5000E-5	9.7656E-3	3.8545E-1
4.6000E-5	1.0010E-2	3.8418E-1
4.7000E-5	9.5215E-3	3.8232E-1
4.8000E-5	1.0254E-2	3.8135E-1
4.9000E-5	9.5215E-3	3.7930E-1
5.0000E-5	9.2773E-3	3.7837E-1
5.1000E-5	9.2773E-3	3.7461E-1
5.2000E-5	9.5215E-3	3.7173E-1
5.3000E-5	9.2773E-3	3.6875E-1
5.4000E-5	9.2773E-3	3.6611E-1
5.5000E-5	1.0010E-2	3.6260E-1
5.6000E-5	1.0010E-2	3.6011E-1
5.7000E-5	9.0332E-3	3.5522E-1
5.8000E-5	9.2773E-3	3.4907E-1
5.9000E-5	1.0010E-2	3.4082E-1
6.0000E-5	1.0010E-2	3.3389E-1
6.1000E-5	9.7656E-3	3.2842E-1
6.2000E-5	9.5215E-3	3.2485E-1
6.3000E-5	9.5215E-3	3.2397E-1
6.4000E-5	9.7656E-3	3.2568E-1
6.5000E-5	9.2773E-3	3.2783E-1
6.6000E-5	9.5215E-3	3.3066E-1
6.7000E-5	9.5215E-3	3.3369E-1
6.8000E-5	9.7656E-3	3.3516E-1
6.9000E-5	9.5215E-3	3.3579E-1
7.0000E-5	1.0010E-2	3.3486E-1
7.1000E-5	1.0010E-2	3.3228E-1
7.2000E-5	9.7656E-3	3.2910E-1
7.3000E-5	9.2773E-3	3.2617E-1
7.4000E-5	8.7891E-3	3.2163E-1
7.5000E-5	1.0010E-2	3.1753E-1
7.6000E-5	9.5215E-3	3.1152E-1
7.7000E-5	9.2773E-3	3.0718E-1
7.8000E-5	9.7656E-3	3.0381E-1
7.9000E-5	9.0332E-3	3.0220E-1
8.0000E-5	9.7656E-3	3.0068E-1
8.1000E-5	9.5215E-3	3.0171E-1
8.2000E-5	1.0010E-2	3.0244E-1
8.3000E-5	9.2773E-3	3.0342E-1
8.4000E-5	1.0254E-2	3.0498E-1
8.5000E-5	1.0010E-2	3.0625E-1
8.6000E-5	1.0010E-2	3.0830E-1
8.7000E-5	9.2773E-3	3.0933E-1
8.8000E-5	9.2773E-3	3.0771E-1
8.9000E-5	1.0254E-2	3.0630E-1
9.0000E-5	9.2773E-3	3.0518E-1
9.1000E-5	9.2773E-3	3.0464E-1
9.2000E-5	1.0010E-2	3.0356E-1
9.3000E-5	9.2773E-3	3.0366E-1
9.4000E-5	9.2773E-3	3.0327E-1
9.5000E-5	9.5215E-3	3.0366E-1
9.6000E-5	1.0010E-2	3.0371E-1
9.7000E-5	9.2773E-3	3.0542E-1
9.8000E-5	9.2773E-3	3.0918E-1
9.9000E-5	9.5215E-3	3.1392E-1
1.0000E-4	1.0010E-2	3.2021E-1
1.0100E-4	9.5215E-3	3.2568E-1
1.0200E-4	9.5215E-3	3.2930E-1
1.0300E-4	9.7656E-3	3.3140E-1
1.0400E-4	9.5215E-3	3.3125E-1
1.0500E-4	9.7656E-3	3.2881E-1
1.0600E-4	9.2773E-3	3.2568E-1
1.0700E-4	9.5215E-3	3.2188E-1
1.0800E-4	9.5215E-3	3.1807E-1
1.0900E-4	9.5215E-3	3.1738E-1
1.1000E-4	9.5215E-3	3.1748E-1
1.1100E-4	9.2773E-3	3.2012E-1
1.1200E-4	9.7656E-3	3.2715E-1
1.1300E-4	9.2773E-3	3.3735E-1
1.1400E-4	1.0010E-2	3.4644E-1
1.1500E-4	9.5215E-3	3.5576E-1
1.1600E-4	9.7656E-3	3.6724E-1
1.1700E-4	9.7656E-3	3.7607E-1
1.1800E-4	9.7656E-3	3.8188E-1
1.1900E-4	9.7656E-3	3.8848E-1
1.2000E-4	9.7656E-3	3.9458E-1
1.2100E-4	9.5215E-3	3.9692E-1
1.2200E-4	1.0010E-2	3.9858E-1
1.2300E-4	9.5215E-3	3.9858E-1
1.2400E-4	9.5215E-3	3.9687E-1
1.2500E-4	9.7656E-3	3.9536E-1
1.2600E-4	9.7656E-3	3.9302E-1
1.2700E-4	9.0332E-3	3.9268E-1
1.2800E-4	1.0010E-2	3.9346E-1
1.2900E-4	9.5215E-3	3.9565E-1
1.3000E-4	9.0332E-3	3.9985E-1
1.3100E-4	9.5215E-3	4.0454E-1
1.3200E-4	1.0010E-2	4.0806E-1
1.3300E-4	9.5215E-3	4.1284E-1
1.3400E-4	1.0010E-2	4.1895E-1
1.3500E-4	9.5215E-3	4.2314E-1
1.3600E-4	9.7656E-3	4.2954E-1
1.3700E-4	1.0498E-2	4.3560E-1
1.3800E-4	9.2773E-3	4.4102E-1
1.3900E-4	9.5215E-3	4.4297E-1
1.4000E-4	9.2773E-3	4.4551E-1
1.4100E-4	9.7656E-3	4.4790E-1
1.4200E-4	1.0010E-2	4.5171E-1
1.4300E-4	9.5215E-3	4.5728E-1
1.4400E-4	1.0254E-2	4.6445E-1
1.4500E-4	9.7656E-3	4.7295E-1
1.4600E-4	9.2773E-3	4.8145E-1
1.4700E-4	9.7656E-3	4.8921E-1
1.4800E-4	9.2773E-3	4.9575E-1
1.4900E-4	9.2773E-3	5.0244E-1
1.5000E-4	9.5215E-3	5.0947E-1
1.5100E-4	9.7656E-3	5.1626E-1
1.5200E-4	9.7656E-3	5.2246E-1
1.5300E-4	1.0254E-2	5.2866E-1
1.5400E-4	9.5215E-3	5.3389E-1
1.5500E-4	9.5215E-3	5.3940E-1
1.5600E-4	9.7656E-3	5.4438E-1
1.5700E-4	8.7891E-3	5.5054E-1
1.5800E-4	9.5215E-3	5.5776E-1
1.5900E-4	9.5215E-3	5.6523E-1
1.6000E-4	9.5215E-3	5.6938E-1
1.6100E-4	9.7656E-3	5.7256E-1
1.6200E-4	1.0010E-2	5.7588E-1
1.6300E-4	9.2773E-3	5.7920E-1
1.6400E-4	9.2773E-3	5.8276E-1
1.6500E-4	1.0010E-2	5.8965E-1
1.6600E-4	9.2773E-3	5.9668E-1
1.6700E-4	9.5215E-3	6.0317E-1
1.6800E-4	9.2773E-3	6.0947E-1
1.6900E-4	9.7656E-3	6.1597E-1
1.7000E-4	9.0332E-3	6.2124E-1
1.7100E-4	9.2773E-3	6.2666E-1
1.7200E-4	1.0010E-2	6.3257E-1
1.7300E-4	9.7656E-3	6.3604E-1
1.7400E-4	1.0010E-2	6.3926E-1
1.7500E-4	9.2773E-3	6.4282E-1
1.7600E-4	9.5215E-3	6.4648E-1
1.7700E-4	9.2773E-3	6.4897E-1
1.7800E-4	9.5215E-3	6.5317E-1
1.7900E-4	9.7656E-3	6.6035E-1
1.8000E-4	9.7656E-3	6.6680E-1
1.8100E-4	1.0010E-2	6.7354E-1
1.8200E-4	9.5215E-3	6.8081E-1
1.8300E-4	9.5215E-3	6.8604E-1
1.8400E-4	9.2773E-3	6.8804E-1
1.8500E-4	9.5215E-3	6.8813E-1
1.8600E-4	9.0332E-3	6.8726E-1
1.8700E-4	9.5215E-3	6.8545E-1
1.8800E-4	9.7656E-3	6.8354E-1
1.8900E-4	9.5215E-3	6.8174E-1
1.9000E-4	9.7656E-3	6.8218E-1
1.9100E-4	9.7656E-3	6.8149E-1
1.9200E-4	9.7656E-3	6.8154E-1
1.9300E-4	9.7656E-3	6.8384E-1
1.9400E-4	9.7656E-3	6.8667E-1
1.9500E-4	9.7656E-3	6.8916E-1
1.9600E-4	9.7656E-3	6.9302E-1
1.9700E-4	9.2773E-3	6.9741E-1
1.9800E-4	9.7656E-3	6.9966E-1
1.9900E-4	9.5215E-3	7.0122E-1
2.0000E-4	9.7656E-3	6.9976E-1
2.0100E-4	9.7656E-3	6.9873E-1
2.0200E-4	9.5215E-3	6.9712E-1
2.0300E-4	1.0010E-2	6.9746E-1
2.0400E-4	9.5215E-3	6.9775E-1
2.0500E-4	9.2773E-3	7.0024E-1
2.0600E-4	9.0332E-3	7.0176E-1
2.0700E-4	9.0332E-3	7.0142E-1
2.0800E-4	9.7656E-3	6.9790E-1
2.0900E-4	9.2773E-3	6.9351E-1
2.1000E-4	9.5215E-3	6.8799E-1
2.1100E-4	9.7656E-3	6.8232E-1
2.1200E-4	9.2773E-3	6.7812E-1
2.1300E-4	9.7656E-3	6.7681E-1
2.1400E-4	9.7656E-3	6.7612E-1
2.1500E-4	9.5215E-3	6.7651E-1
2.1600E-4	9.5215E-3	6.7632E-1
2.1700E-4	9.7656E-3	6.7642E-1
2.1800E-4	9.7656E-3	6.7510E-1
2.1900E-4	9.2773E-3	6.7344E-1
2.2000E-4	1.0010E-2	6.7148E-1
2.2100E-4	9.5215E-3	6.6968E-1
2.2200E-4	9.7656E-3	6.6743E-1
2.2300E-4	9.7656E-3	6.6587E-1
2.2400E-4	9.0332E-3	6.6411E-1
2.2500E-4	9.2773E-3	6.6172E-1
2.2600E-4	1.0010E-2	6.5898E-1
2.2700E-4	1.0010E-2	6.5469E-1
2.2800E-4	9.5215E-3	6.4849E-1
2.2900E-4	9.5215E-3	6.4141E-1
2.3000E-4	9.7656E-3	6.3423E-1
2.3100E-4	9.7656E-3	6.2959E-1
2.3200E-4	9.5215E-3	6.2808E-1
2.3300E-4	1.0010E-2	6.2871E-1
2.3400E-4	9.2773E-3	6.3188E-1
2.3500E-4	9.2773E-3	6.3813E-1
2.3600E-4	9.7656E-3	6.4453E-1
2.3700E-4	9.5215E-3	6.5000E-1
2.3800E-4	9.5215E-3	6.5366E-1
2.3900E-4	9.5215E-3	6.5444E-1
2.4000E-4	9.5215E-3	6.5298E-1
2.4100E-4	9.5215E-3	6.5020E-1
2.4200E-4	9.5215E-3	6.4546E-1
2.4300E-4	9.7656E-3	6.4141E-1
2.4400E-4	9.5215E-3	6.3843E-1
2.4500E-4	9.5215E-3	6.3516E-1
2.4600E-4	9.7656E-3	6.3232E-1
2.4700E-4	9.7656E-3	6.3013E-1
2.4800E-4	9.7656E-3	6.3008E-1
2.4900E-4	9.0332E-3	6.2988E-1
2.5000E-4	1.0254E-2	6.3022E-1
2.5100E-4	9.5215E-3	6.3076E-1
2.5200E-4	9.5215E-3	6.3340E-1
2.5300E-4	9.0332E-3	6.3594E-1
2.5400E-4	9.7656E-3	6.3931E-1
2.5500E-4	9.2773E-3	6.4238E-1
2.5600E-4	9.5215E-3	6.4492E-1
2.5700E-4	1.0010E-2	6.4600E-1
2.5800E-4	1.0254E-2	6.4473E-1
2.5900E-4	1.0010E-2	6.4321E-1
2.6000E-4	9.7656E-3	6.3984E-1
2.6100E-4	9.7656E-3	6.3682E-1
2.6200E-4	9.5215E-3	6.3389E-1
2.6300E-4	9.5215E-3	6.3271E-1
2.6400E-4	9.2773E-3	6.3242E-1
2.6500E-4	9.0332E-3	6.3652E-1
2.6600E-4	9.0332E-3	6.4199E-1
2.6700E-4	1.0254E-2	6.4927E-1
2.6800E-4	9.7656E-3	6.5396E-1
2.6900E-4	9.0332E-3	6.6021E-1
2.7000E-4	8.7891E-3	6.6348E-1
2.7100E-4	1.0010E-2	6.6396E-1
2.7200E-4	9.7656E-3	6.6230E-1
2.7300E-4	9.5215E-3	6.6235E-1
2.7400E-4	9.2773E-3	6.6152E-1
2.7500E-4	8.7891E-3	6.6021E-1
2.7600E-4	9.7656E-3	6.6001E-1
2.7700E-4	9.7656E-3	6.6108E-1
2.7800E-4	9.7656E-3	6.6265E-1
2.7900E-4	9.5215E-3	6.6221E-1
2.8000E-4	1.0010E-2	6.6162E-1
2.8100E-4	1.0010E-2	6.6123E-1
2.8200E-4	9.7656E-3	6.6084E-1
2.8300E-4	9.7656E-3	6.6025E-1
2.8400E-4	8.7891E-3	6.6167E-1
2.8500E-4	9.7656E-3	6.6313E-1
2.8600E-4	9.2773E-3	6.6528E-1
2.8700E-4	9.2773E-3	6.6514E-1
2.8800E-4	9.7656E-3	6.6309E-1
2.8900E-4	9.7656E-3	6.5908E-1
2.9000E-4	1.0254E-2	6.5547E-1
2.9100E-4	9.0332E-3	6.5132E-1
2.9200E-4	9.7656E-3	6.4912E-1
2.9300E-4	9.7656E-3	6.4819E-1
2.9400E-4	9.0332E-3	6.4687E-1
2.9500E-4	1.0010E-2	6.4595E-1
2.9600E-4	9.7656E-3	6.4526E-1
2.9700E-4	9.5215E-3	6.4463E-1
2.9800E-4	9.7656E-3	6.4443E-1
2.9900E-4	1.0010E-2	6.4683E-1
3.0000E-4	1.0010E-2	6.4912E-1
3.0100E-4	1.0010E-2	6.4849E-1
3.0200E-4	8.7891E-3	6.4727E-1
3.0300E-4	9.2773E-3	6.4692E-1
3.0400E-4	9.7656E-3	6.4536E-1
3.0500E-4	9.5215E-3	6.4180E-1
3.0600E-4	9.0332E-3	6.3857E-1
3.0700E-4	1.0010E-2	6.3164E-1
3.0800E-4	9.7656E-3	6.2417E-1
3.0900E-4	9.7656E-3	6.1675E-1
3.1000E-4	9.2773E-3	6.1196E-1
3.1100E-4	1.0010E-2	6.0869E-1
3.1200E-4	9.5215E-3	6.0762E-1
3.1300E-4	9.5215E-3	6.0386E-1
3.1400E-4	9.0332E-3	5.9912E-1
3.1500E-4	1.0010E-2	5.9224E-1
3.1600E-4	8.5449E-3	5.8569E-1
3.1700E-4	1.0010E-2	5.7817E-1
3.1800E-4	9.2773E-3	5.7197E-1
3.1900E-4	1.0254E-2	5.6587E-1
3.2000E-4	1.0010E-2	5.6113E-1
3.2100E-4	9.0332E-3	5.5537E-1
3.2200E-4	9.5215E-3	5.5122E-1
3.2300E-4	9.5215E-3	5.4775E-1
3.2400E-4	9.5215E-3	5.4287E-1
3.2500E-4	1.0010E-2	5.3774E-1
3.2600E-4	9.0332E-3	5.3213E-1
3.2700E-4	9.2773E-3	5.2529E-1
3.2800E-4	9.0332E-3	5.1602E-1
3.2900E-4	1.0010E-2	5.0679E-1
3.3000E-4	9.2773E-3	4.9819E-1
3.3100E-4	9.5215E-3	4.8999E-1
3.3200E-4	1.0010E-2	4.8442E-1
3.3300E-4	1.0254E-2	4.8130E-1
3.3400E-4	9.0332E-3	4.7861E-1
3.3500E-4	1.0254E-2	4.7300E-1
3.3600E-4	9.2773E-3	4.6714E-1
3.3700E-4	9.5215E-3	4.6108E-1
3.3800E-4	9.7656E-3	4.5454E-1
3.3900E-4	9.0332E-3	4.4683E-1
3.4000E-4	9.0332E-3	4.4053E-1
3.4100E-4	8.7891E-3	4.3418E-1
3.4200E-4	9.7656E-3	4.2627E-1
3.4300E-4	9.5215E-3	4.1934E-1
3.4400E-4	1.0254E-2	4.1494E-1
3.4500E-4	9.5215E-3	4.1157E-1
3.4600E-4	9.2773E-3	4.0928E-1
3.4700E-4	1.0010E-2	4.0576E-1
3.4800E-4	9.7656E-3	3.9976E-1
3.4900E-4	9.2773E-3	3.9292E-1
3.5000E-4	9.7656E-3	3.8623E-1
3.5100E-4	8.7891E-3	3.8027E-1
3.5200E-4	9.2773E-3	3.7671E-1
3.5300E-4	9.2773E-3	3.7534E-1
3.5400E-4	9.2773E-3	3.7524E-1
3.5500E-4	9.5215E-3	3.7549E-1
3.5600E-4	9.5215E-3	3.7544E-1
3.5700E-4	9.7656E-3	3.7456E-1
3.5800E-4	9.5215E-3	3.7100E-1
3.5900E-4	9.2773E-3	3.6562E-1
3.6000E-4	9.5215E-3	3.5850E-1
3.6100E-4	9.2773E-3	3.5195E-1
3.6200E-4	9.2773E-3	3.4521E-1
3.6300E-4	9.5215E-3	3.3994E-1
3.6400E-4	9.2773E-3	3.3657E-1
3.6500E-4	9.7656E-3	3.3325E-1
3.6600E-4	1.0254E-2	3.2764E-1
3.6700E-4	1.0010E-2	3.2222E-1
3.6800E-4	9.2773E-3	3.1860E-1
3.6900E-4	9.5215E-3	3.1318E-1
3.7000E-4	9.0332E-3	3.0806E-1
3.7100E-4	1.0254E-2	3.0645E-1
3.7200E-4	9.5215E-3	3.0645E-1
3.7300E-4	1.0254E-2	3.0542E-1
3.7400E-4	9.2773E-3	3.0679E-1
3.7500E-4	9.7656E-3	3.0981E-1
3.7600E-4	9.7656E-3	3.0977E-1
3.7700E-4	9.5215E-3	3.0815E-1
3.7800E-4	9.0332E-3	3.0557E-1
3.7900E-4	1.0010E-2	3.0176E-1
3.8000E-4	1.0010E-2	2.9785E-1
3.8100E-4	9.2773E-3	2.9551E-1
3.8200E-4	9.2773E-3	2.9375E-1
3.8300E-4	9.2773E-3	2.9258E-1
3.8400E-4	9.0332E-3	2.9287E-1
3.8500E-4	9.5215E-3	2.9224E-1
3.8600E-4	9.5215E-3	2.9082E-1
3.8700E-4	1.0010E-2	2.8745E-1
3.8800E-4	9.5215E-3	2.8647E-1
3.8900E-4	1.0010E-2	2.8291E-1
3.9000E-4	9.2773E-3	2.8013E-1
3.9100E-4	9.5215E-3	2.7725E-1
3.9200E-4	1.0010E-2	2.7749E-1
3.9300E-4	9.2773E-3	2.7622E-1
3.9400E-4	8.7891E-3	2.7583E-1
3.9500E-4	9.7656E-3	2.7632E-1
3.9600E-4	9.7656E-3	2.7661E-1
3.9700E-4	9.5215E-3	2.7607E-1
3.9800E-4	8.7891E-3	2.7749E-1
3.9900E-4	9.5215E-3	2.8013E-1
4.0000E-4	1.0010E-2	2.8086E-1
4.0100E-4	9.2773E-3	2.8320E-1
4.0200E-4	9.7656E-3	2.8579E-1
4.0300E-4	1.0010E-2	2.8696E-1
4.0400E-4	9.5215E-3	2.8652E-1
4.0500E-4	9.7656E-3	2.8662E-1
4.0600E-4	9.5215E-3	2.8633E-1
4.0700E-4	9.5215E-3	2.8550E-1
4.0800E-4	9.5215E-3	2.8467E-1
4.0900E-4	9.7656E-3	2.8467E-1
4.1000E-4	9.5215E-3	2.8599E-1
4.1100E-4	1.0010E-2	2.8716E-1
4.1200E-4	9.5215E-3	2.8945E-1
4.1300E-4	9.7656E-3	2.9111E-1
4.1400E-4	9.5215E-3	2.9165E-1
4.1500E-4	9.2773E-3	2.9160E-1
4.1600E-4	9.7656E-3	2.9111E-1
4.1700E-4	9.7656E-3	2.9248E-1
4.1800E-4	9.5215E-3	2.9434E-1
4.1900E-4	9.2773E-3	2.9771E-1
4.2000E-4	9.2773E-3	3.0073E-1
4.2100E-4	9.7656E-3	3.0581E-1
4.2200E-4	9.7656E-3	3.1206E-1
4.2300E-4	9.7656E-3	3.1934E-1
4.2400E-4	9.5215E-3	3.2778E-1
4.2500E-4	9.5215E-3	3.3823E-1
4.2600E-4	9.5215E-3	3.4687E-1
4.2700E-4	9.5215E-3	3.5063E-1
4.2800E-4	1.0254E-2	3.5205E-1
4.2900E-4	9.2773E-3	3.5156E-1
4.3000E-4	9.0332E-3	3.4858E-1
4.3100E-4	1.0254E-2	3.4517E-1
4.3200E-4	9.2773E-3	3.4214E-1
4.3300E-4	1.0010E-2	3.4106E-1
4.3400E-4	9.5215E-3	3.4302E-1
4.3500E-4	1.0010E-2	3.4829E-1
4.3600E-4	1.0010E-2	3.5410E-1
4.3700E-4	9.5215E-3	3.6284E-1
4.3800E-4	9.5215E-3	3.7256E-1
4.3900E-4	9.5215E-3	3.8145E-1
4.4000E-4	9.0332E-3	3.8872E-1
4.4100E-4	9.2773E-3	3.9517E-1
4.4200E-4	9.2773E-3	4.0117E-1
4.4300E-4	1.0010E-2	4.0562E-1
4.4400E-4	9.5215E-3	4.0835E-1
4.4500E-4	1.0010E-2	4.1011E-1
4.4600E-4	9.2773E-3	4.1240E-1
4.4700E-4	9.2773E-3	4.1274E-1
4.4800E-4	9.2773E-3	4.1270E-1
4.4900E-4	1.0010E-2	4.1284E-1
4.5000E-4	9.2773E-3	4.1479E-1
4.5100E-4	9.5215E-3	4.1885E-1
4.5200E-4	9.7656E-3	4.2524E-1
4.5300E-4	9.2773E-3	4.3350E-1
4.5400E-4	9.2773E-3	4.4375E-1
4.5500E-4	9.7656E-3	4.5313E-1
4.5600E-4	9.5215E-3	4.6128E-1
4.5700E-4	9.2773E-3	4.6807E-1
4.5800E-4	9.2773E-3	4.7407E-1
4.5900E-4	1.0010E-2	4.7915E-1
4.6000E-4	9.5215E-3	4.8530E-1
4.6100E-4	9.5215E-3	4.9165E-1
4.6200E-4	9.0332E-3	4.9922E-1
4.6300E-4	1.0010E-2	5.0708E-1
4.6400E-4	9.7656E-3	5.1406E-1
4.6500E-4	9.2773E-3	5.2065E-1
4.6600E-4	9.7656E-3	5.2744E-1
4.6700E-4	9.5215E-3	5.3335E-1
4.6800E-4	9.7656E-3	5.3877E-1
4.6900E-4	1.0010E-2	5.4526E-1
4.7000E-4	9.5215E-3	5.5225E-1
4.7100E-4	9.7656E-3	5.6025E-1
4.7200E-4	9.2773E-3	5.6865E-1
4.7300E-4	1.0498E-2	5.7803E-1
4.7400E-4	9.5215E-3	5.8613E-1
4.7500E-4	9.5215E-3	5.9380E-1
4.7600E-4	1.0254E-2	5.9834E-1
4.7700E-4	9.7656E-3	6.0029E-1
4.7800E-4	9.7656E-3	6.0156E-1
4.7900E-4	9.2773E-3	6.0317E-1
4.8000E-4	9.7656E-3	6.0454E-1
4.8100E-4	9.7656E-3	6.0747E-1
4.8200E-4	1.0254E-2	6.1294E-1
4.8300E-4	9.5215E-3	6.2002E-1
4.8400E-4	1.0010E-2	6.2729E-1
4.8500E-4	1.0010E-2	6.3403E-1
4.8600E-4	9.0332E-3	6.4019E-1
4.8700E-4	9.0332E-3	6.4385E-1
4.8800E-4	9.7656E-3	6.4653E-1
4.8900E-4	9.7656E-3	6.4951E-1
4.9000E-4	9.5215E-3	6.5181E-1
4.9100E-4	9.7656E-3	6.5337E-1
4.9200E-4	9.5215E-3	6.5493E-1
4.9300E-4	9.0332E-3	6.5488E-1
4.9400E-4	1.0010E-2	6.5283E-1
4.9500E-4	9.2773E-3	6.5229E-1
4.9600E-4	9.5215E-3	6.5244E-1
4.9700E-4	9.5215E-3	6.5312E-1
4.9800E-4	9.5215E-3	6.5376E-1
4.9900E-4	1.0010E-2	6.5576E-1
5.0000E-4	9.5215E-3	6.5518E-1
5.0100E-4	9.7656E-3	6.5356E-1
5.0200E-4	9.7656E-3	6.5190E-1
5.0300E-4	9.5215E-3	6.5010E-1
5.0400E-4	9.2773E-3	6.4634E-1
5.0500E-4	1.0010E-2	6.4092E-1
5.0600E-4	9.2773E-3	6.3350E-1
5.0700E-4	9.7656E-3	6.2637E-1
5.0800E-4	9.5215E-3	6.1865E-1
5.0900E-4	9.7656E-3	6.1118E-1
5.1000E-4	9.5215E-3	6.0415E-1
5.1100E-4	1.0254E-2	6.0000E-1
5.1200E-4	9.5215E-3	5.9409E-1
5.1300E-4	9.5215E-3	5.8867E-1
5.1400E-4	9.5215E-3	5.8291E-1
5.1500E-4	1.0010E-2	5.7725E-1
5.1600E-4	9.7656E-3	5.6943E-1
5.1700E-4	1.0010E-2	5.5977E-1
5.1800E-4	1.0010E-2	5.5024E-1
5.1900E-4	9.7656E-3	5.3979E-1
5.2000E-4	8.7891E-3	5.2974E-1
5.2100E-4	1.0010E-2	5.2124E-1
5.2200E-4	9.7656E-3	5.1421E-1
5.2300E-4	1.0010E-2	5.0688E-1
5.2400E-4	9.2773E-3	5.0269E-1
5.2500E-4	9.2773E-3	4.9795E-1
5.2600E-4	1.0010E-2	4.9268E-1
5.2700E-4	9.5215E-3	4.8872E-1
5.2800E-4	9.2773E-3	4.8506E-1
5.2900E-4	9.2773E-3	4.7910E-1
5.3000E-4	9.7656E-3	4.7402E-1
5.3100E-4	1.0010E-2	4.6880E-1
5.3200E-4	9.7656E-3	4.6167E-1
5.3300E-4	1.0254E-2	4.5332E-1
5.3400E-4	9.5215E-3	4.4341E-1
5.3500E-4	9.0332E-3	4.3374E-1
5.3600E-4	9.2773E-3	4.2588E-1
5.3700E-4	9.7656E-3	4.2075E-1
5.3800E-4	9.2773E-3	4.1655E-1
5.3900E-4	9.0332E-3	4.1470E-1
5.4000E-4	1.0010E-2	4.1338E-1
5.4100E-4	9.7656E-3	4.1128E-1
5.4200E-4	9.5215E-3	4.0767E-1
5.4300E-4	1.0010E-2	4.0444E-1
5.4400E-4	9.5215E-3	4.0127E-1
5.4500E-4	9.7656E-3	3.9570E-1
5.4600E-4	9.7656E-3	3.8901E-1
5.4700E-4	9.2773E-3	3.8325E-1
5.4800E-4	9.5215E-3	3.7690E-1
5.4900E-4	9.5215E-3	3.7046E-1
5.5000E-4	9.7656E-3	3.6533E-1
5.5100E-4	9.7656E-3	3.6196E-1
5.5200E-4	9.2773E-3	3.5801E-1
5.5300E-4	9.5215E-3	3.5513E-1
5.5400E-4	1.0010E-2	3.5234E-1
5.5500E-4	9.7656E-3	3.5186E-1
5.5600E-4	1.0010E-2	3.5049E-1
5.5700E-4	9.0332E-3	3.4985E-1
5.5800E-4	9.7656E-3	3.4863E-1
5.5900E-4	1.0010E-2	3.4687E-1
5.6000E-4	9.5215E-3	3.4478E-1
5.6100E-4	9.2773E-3	3.4209E-1
5.6200E-4	9.7656E-3	3.4023E-1
5.6300E-4	9.7656E-3	3.3662E-1
5.6400E-4	9.0332E-3	3.3511E-1
5.6500E-4	1.0010E-2	3.3359E-1
5.6600E-4	9.7656E-3	3.3364E-1
5.6700E-4	1.0254E-2	3.3354E-1
5.6800E-4	9.5215E-3	3.3345E-1
5.6900E-4	9.0332E-3	3.3140E-1
5.7000E-4	9.2773E-3	3.2803E-1
5.7100E-4	9.5215E-3	3.2544E-1
5.7200E-4	9.7656E-3	3.2334E-1
5.7300E-4	1.0010E-2	3.2354E-1
5.7400E-4	9.5215E-3	3.2402E-1
5.7500E-4	9.7656E-3	3.2520E-1
5.7600E-4	9.5215E-3	3.2607E-1
5.7700E-4	1.0254E-2	3.2637E-1
5.7800E-4	9.2773E-3	3.2656E-1
5.7900E-4	1.0010E-2	3.2695E-1
5.8000E-4	9.5215E-3	3.2661E-1
5.8100E-4	9.5215E-3	3.2559E-1
5.8200E-4	9.5215E-3	3.2393E-1
5.8300E-4	9.2773E-3	3.2153E-1
5.8400E-4	9.7656E-3	3.2036E-1
5.8500E-4	9.5215E-3	3.2021E-1
5.8600E-4	9.5215E-3	3.1909E-1
5.8700E-4	1.0254E-2	3.1909E-1
5.8800E-4	9.2773E-3	3.1963E-1
5.8900E-4	9.5215E-3	3.1885E-1
5.9000E-4	9.2773E-3	3.1968E-1
5.9100E-4	9.5215E-3	3.2134E-1
5.9200E-4	9.7656E-3	3.2339E-1
5.9300E-4	9.7656E-3	3.2476E-1
5.9400E-4	1.0010E-2	3.2832E-1
5.9500E-4	1.0010E-2	3.2979E-1
5.9600E-4	1.0010E-2	3.3184E-1
5.9700E-4	1.0010E-2	3.3223E-1
5.9800E-4	9.2773E-3	3.3203E-1
5.9900E-4	9.2773E-3	3.3037E-1
6.0000E-4	9.5215E-3	3.2813E-1
6.0100E-4	9.2773E-3	3.2598E-1
6.0200E-4	9.5215E-3	3.2446E-1
6.0300E-4	9.5215E-3	3.2451E-1
6.0400E-4	9.7656E-3	3.2510E-1
6.0500E-4	8.7891E-3	3.2871E-1
6.0600E-4	9.5215E-3	3.3423E-1
6.0700E-4	9.7656E-3	3.4097E-1
6.0800E-4	9.7656E-3	3.4819E-1
6.0900E-4	9.0332E-3	3.5591E-1
6.1000E-4	1.0010E-2	3.6206E-1
6.1100E-4	9.2773E-3	3.6602E-1
6.1200E-4	9.7656E-3	3.6938E-1
6.1300E-4	1.0010E-2	3.7207E-1
6.1400E-4	9.7656E-3	3.7329E-1
6.1500E-4	9.5215E-3	3.7354E-1
6.1600E-4	9.2773E-3	3.7310E-1
6.1700E-4	1.0254E-2	3.7227E-1
6.1800E-4	9.7656E-3	3.7329E-1
6.1900E-4	1.0010E-2	3.7515E-1
6.2000E-4	1.0254E-2	3.7773E-1
6.2100E-4	1.0010E-2	3.8354E-1
6.2200E-4	9.2773E-3	3.9131E-1
6.2300E-4	9.2773E-3	3.9824E-1
6.2400E-4	1.0010E-2	4.0503E-1
6.2500E-4	1.0254E-2	4.1172E-1
6.2600E-4	9.5215E-3	4.1606E-1
6.2700E-4	9.5215E-3	4.1904E-1
6.2800E-4	9.5215E-3	4.2021E-1
6.2900E-4	9.7656E-3	4.2095E-1
6.3000E-4	9.0332E-3	4.2363E-1
6.3100E-4	9.7656E-3	4.2671E-1
6.3200E-4	9.5215E-3	4.2949E-1
6.3300E-4	9.2773E-3	4.3276E-1
6.3400E-4	9.5215E-3	4.3789E-1
6.3500E-4	9.5215E-3	4.4194E-1
6.3600E-4	1.0254E-2	4.4731E-1
6.3700E-4	1.0254E-2	4.5210E-1
6.3800E-4	9.5215E-3	4.5928E-1
6.3900E-4	9.2773E-3	4.6611E-1
6.4000E-4	9.7656E-3	4.7207E-1
6.4100E-4	9.2773E-3	4.7637E-1
6.4200E-4	9.7656E-3	4.8105E-1
6.4300E-4	9.2773E-3	4.8452E-1
6.4400E-4	9.2773E-3	4.8818E-1
6.4500E-4	9.7656E-3	4.9199E-1
6.4600E-4	9.5215E-3	4.9614E-1
6.4700E-4	9.2773E-3	5.0171E-1
6.4800E-4	1.0254E-2	5.0684E-1
6.4900E-4	9.0332E-3	5.0933E-1
6.5000E-4	9.2773E-3	5.1211E-1
6.5100E-4	9.5215E-3	5.1514E-1
6.5200E-4	9.5215E-3	5.1758E-1
6.5300E-4	9.7656E-3	5.2021E-1
6.5400E-4	9.5215E-3	5.2524E-1
6.5500E-4	1.0010E-2	5.3193E-1
6.5600E-4	9.7656E-3	5.3696E-1
6.5700E-4	1.0010E-2	5.4219E-1
6.5800E-4	9.2773E-3	5.4668E-1
6.5900E-4	9.5215E-3	5.5112E-1
6.6000E-4	9.2773E-3	5.5430E-1
6.6100E-4	9.2773E-3	5.6030E-1
6.6200E-4	1.0254E-2	5.6768E-1
6.6300E-4	9.7656E-3	5.7690E-1
6.6400E-4	9.5215E-3	5.8506E-1
6.6500E-4	9.7656E-3	5.9287E-1
6.6600E-4	9.5215E-3	5.9937E-1
6.6700E-4	9.5215E-3	6.0410E-1
6.6800E-4	9.0332E-3	6.0718E-1
6.6900E-4	1.0010E-2	6.1079E-1
6.7000E-4	9.7656E-3	6.1504E-1
6.7100E-4	9.5215E-3	6.1982E-1
6.7200E-4	9.0332E-3	6.2515E-1
6.7300E-4	9.5215E-3	6.3174E-1
6.7400E-4	9.5215E-3	6.3945E-1
6.7500E-4	1.0010E-2	6.4775E-1
6.7600E-4	9.2773E-3	6.5601E-1
6.7700E-4	9.7656E-3	6.6357E-1
6.7800E-4	9.0332E-3	6.6895E-1
6.7900E-4	9.7656E-3	6.7378E-1
6.8000E-4	9.2773E-3	6.7729E-1
6.8100E-4	1.0498E-2	6.7861E-1
6.8200E-4	9.7656E-3	6.7954E-1
6.8300E-4	9.5215E-3	6.8281E-1
6.8400E-4	9.2773E-3	6.8564E-1
6.8500E-4	1.0010E-2	6.8892E-1
6.8600E-4	9.5215E-3	6.9277E-1
6.8700E-4	9.7656E-3	6.9531E-1
6.8800E-4	9.0332E-3	6.9478E-1
6.8900E-4	9.5215E-3	6.9297E-1
6.9000E-4	9.5215E-3	6.8809E-1
6.9100E-4	9.5215E-3	6.8354E-1
6.9200E-4	9.7656E-3	6.8027E-1
6.9300E-4	1.0010E-2	6.7993E-1
6.9400E-4	9.5215E-3	6.8145E-1
6.9500E-4	9.2773E-3	6.8506E-1
6.9600E-4	9.2773E-3	6.8730E-1
6.9700E-4	9.7656E-3	6.8853E-1
6.9800E-4	8.7891E-3	6.8789E-1
6.9900E-4	9.2773E-3	6.8638E-1
7.0000E-4	9.5215E-3	6.8354E-1
7.0100E-4	9.5215E-3	6.8130E-1
7.0200E-4	9.5215E-3	6.7983E-1
7.0300E-4	1.0010E-2	6.8062E-1
7.0400E-4	1.0010E-2	6.8008E-1
7.0500E-4	8.7891E-3	6.8154E-1
7.0600E-4	9.2773E-3	6.8296E-1
7.0700E-4	9.5215E-3	6.8457E-1
7.0800E-4	9.5215E-3	6.8320E-1
7.0900E-4	9.7656E-3	6.8350E-1
7.1000E-4	9.2773E-3	6.8252E-1
7.1100E-4	9.5215E-3	6.8276E-1
7.1200E-4	9.5215E-3	6.8130E-1
7.1300E-4	9.0332E-3	6.7983E-1
7.1400E-4	9.2773E-3	6.7705E-1
7.1500E-4	9.5215E-3	6.7339E-1
7.1600E-4	1.0010E-2	6.6821E-1
7.1700E-4	1.0010E-2	6.6426E-1
7.1800E-4	9.5215E-3	6.6245E-1
7.1900E-4	1.0010E-2	6.6177E-1
7.2000E-4	1.0254E-2	6.6387E-1
7.2100E-4	9.5215E-3	6.6602E-1
7.2200E-4	9.2773E-3	6.6860E-1
7.2300E-4	9.5215E-3	6.6978E-1
7.2400E-4	9.2773E-3	6.7031E-1
7.2500E-4	9.2773E-3	6.6680E-1
7.2600E-4	9.2773E-3	6.6362E-1
7.2700E-4	9.2773E-3	6.6030E-1
7.2800E-4	9.7656E-3	6.5620E-1
7.2900E-4	1.0010E-2	6.5249E-1
7.3000E-4	9.7656E-3	6.5181E-1
7.3100E-4	9.7656E-3	6.5195E-1
7.3200E-4	9.5215E-3	6.5137E-1
7.3300E-4	9.5215E-3	6.5176E-1
7.3400E-4	1.0010E-2	6.5186E-1
7.3500E-4	9.5215E-3	6.5127E-1
7.3600E-4	1.0010E-2	6.4995E-1
7.3700E-4	9.7656E-3	6.4722E-1
7.3800E-4	9.0332E-3	6.4429E-1
7.3900E-4	9.7656E-3	6.4082E-1
7.4000E-4	1.0254E-2	6.3940E-1
7.4100E-4	1.0010E-2	6.4043E-1
7.4200E-4	9.2773E-3	6.4351E-1
7.4300E-4	8.7891E-3	6.4595E-1
7.4400E-4	1.0254E-2	6.4941E-1
7.4500E-4	1.0010E-2	6.5098E-1
7.4600E-4	9.7656E-3	6.5122E-1
7.4700E-4	1.0254E-2	6.5122E-1
7.4800E-4	9.0332E-3	6.5420E-1
7.4900E-4	1.0010E-2	6.5625E-1
7.5000E-4	1.0010E-2	6.5806E-1
7.5100E-4	9.5215E-3	6.5942E-1
7.5200E-4	9.0332E-3	6.6221E-1
7.5300E-4	1.0010E-2	6.6143E-1
7.5400E-4	1.0010E-2	6.6040E-1
7.5500E-4	9.2773E-3	6.6123E-1
7.5600E-4	9.7656E-3	6.6099E-1
7.5700E-4	9.5215E-3	6.5903E-1
7.5800E-4	9.5215E-3	6.5889E-1
7.5900E-4	1.0010E-2	6.5986E-1
7.6000E-4	9.7656E-3	6.5981E-1
7.6100E-4	9.7656E-3	6.6055E-1
7.6200E-4	9.7656E-3	6.6372E-1
7.6300E-4	9.5215E-3	6.6733E-1
7.6400E-4	1.0254E-2	6.7065E-1
7.6500E-4	9.7656E-3	6.7441E-1
7.6600E-4	9.5215E-3	6.7729E-1
7.6700E-4	9.5215E-3	6.7920E-1
7.6800E-4	9.2773E-3	6.8174E-1
7.6900E-4	1.0010E-2	6.8379E-1
7.7000E-4	9.5215E-3	6.8423E-1
7.7100E-4	9.5215E-3	6.8486E-1
7.7200E-4	9.5215E-3	6.8359E-1
7.7300E-4	9.5215E-3	6.8101E-1
7.7400E-4	8.7891E-3	6.7988E-1
7.7500E-4	9.5215E-3	6.7988E-1
7.7600E-4	9.7656E-3	6.8037E-1
7.7700E-4	9.7656E-3	6.8203E-1
7.7800E-4	9.2773E-3	6.8442E-1
7.7900E-4	9.5215E-3	6.8643E-1
7.8000E-4	9.7656E-3	6.8750E-1
7.8100E-4	9.7656E-3	6.8921E-1
7.8200E-4	9.0332E-3	6.9150E-1
7.8300E-4	9.2773E-3	6.9316E-1
7.8400E-4	9.7656E-3	6.9482E-1
7.8500E-4	9.5215E-3	6.9668E-1
7.8600E-4	9.7656E-3	6.9761E-1
7.8700E-4	9.0332E-3	6.9702E-1
7.8800E-4	1.0498E-2	6.9609E-1
7.8900E-4	9.2773E-3	6.9429E-1
7.9000E-4	9.7656E-3	6.9297E-1
7.9100E-4	9.7656E-3	6.9146E-1
7.9200E-4	1.0010E-2	6.9165E-1
7.9300E-4	9.5215E-3	6.9243E-1
7.9400E-4	1.0254E-2	6.9316E-1
7.9500E-4	9.5215E-3	6.9453E-1
7.9600E-4	9.7656E-3	6.9531E-1
7.9700E-4	1.0010E-2	6.9448E-1
7.9800E-4	9.7656E-3	6.9341E-1
7.9900E-4	9.7656E-3	6.8989E-1
8.0000E-4	9.0332E-3	6.8638E-1
8.0100E-4	9.5215E-3	6.8452E-1
8.0200E-4	9.5215E-3	6.8164E-1
8.0300E-4	1.0254E-2	6.7808E-1
8.0400E-4	9.5215E-3	6.7617E-1
8.0500E-4	9.7656E-3	6.7314E-1
8.0600E-4	8.7891E-3	6.6987E-1
8.0700E-4	9.5215E-3	6.6758E-1
8.0800E-4	9.2773E-3	6.6519E-1
8.0900E-4	9.5215E-3	6.6221E-1
8.1000E-4	9.2773E-3	6.5806E-1
8.1100E-4	9.2773E-3	6.5293E-1
8.1200E-4	9.5215E-3	6.4683E-1
8.1300E-4	9.0332E-3	6.4146E-1
8.1400E-4	9.5215E-3	6.3750E-1
8.1500E-4	9.2773E-3	6.3486E-1
8.1600E-4	9.5215E-3	6.3145E-1
8.1700E-4	9.7656E-3	6.2925E-1
8.1800E-4	1.0010E-2	6.2729E-1
8.1900E-4	9.5215E-3	6.2349E-1
8.2000E-4	9.5215E-3	6.1860E-1
8.2100E-4	9.5215E-3	6.1226E-1
8.2200E-4	9.5215E-3	6.0635E-1
8.2300E-4	9.7656E-3	5.9702E-1
8.2400E-4	1.0010E-2	5.8755E-1
8.2500E-4	9.5215E-3	5.7871E-1
8.2600E-4	1.0254E-2	5.7119E-1
8.2700E-4	1.0010E-2	5.6348E-1
8.2800E-4	9.5215E-3	5.5728E-1
8.2900E-4	9.7656E-3	5.5298E-1
8.3000E-4	9.7656E-3	5.4854E-1
8.3100E-4	9.2773E-3	5.4468E-1
8.3200E-4	9.2773E-3	5.4053E-1
8.3300E-4	9.2773E-3	5.3521E-1
8.3400E-4	9.2773E-3	5.2871E-1
8.3500E-4	9.7656E-3	5.2275E-1
8.3600E-4	9.5215E-3	5.1616E-1
8.3700E-4	9.5215E-3	5.0811E-1
8.3800E-4	9.5215E-3	5.0093E-1
8.3900E-4	9.7656E-3	4.9390E-1
8.4000E-4	9.5215E-3	4.8594E-1
8.4100E-4	9.5215E-3	4.7847E-1
8.4200E-4	9.5215E-3	4.7202E-1
8.4300E-4	9.7656E-3	4.6621E-1
8.4400E-4	9.5215E-3	4.6074E-1
8.4500E-4	9.2773E-3	4.5464E-1
8.4600E-4	1.0010E-2	4.5005E-1
8.4700E-4	9.5215E-3	4.4692E-1
8.4800E-4	1.0010E-2	4.4282E-1
8.4900E-4	9.7656E-3	4.3740E-1
8.5000E-4	9.7656E-3	4.3286E-1
8.5100E-4	9.5215E-3	4.2842E-1
8.5200E-4	9.5215E-3	4.2319E-1
8.5300E-4	1.0010E-2	4.1826E-1
8.5400E-4	9.2773E-3	4.1450E-1
8.5500E-4	9.2773E-3	4.1108E-1
8.5600E-4	1.0010E-2	4.0527E-1
8.5700E-4	9.0332E-3	3.9785E-1
8.5800E-4	9.2773E-3	3.9126E-1
8.5900E-4	9.7656E-3	3.8584E-1
8.6000E-4	9.2773E-3	3.8003E-1
8.6100E-4	9.2773E-3	3.7549E-1
8.6200E-4	9.7656E-3	3.7231E-1
8.6300E-4	9.5215E-3	3.7026E-1
8.6400E-4	1.0010E-2	3.6831E-1
8.6500E-4	9.2773E-3	3.6743E-1
8.6600E-4	9.5215E-3	3.6758E-1
8.6700E-4	9.7656E-3	3.6768E-1
8.6800E-4	9.5215E-3	3.6704E-1
8.6900E-4	9.5215E-3	3.6597E-1
8.7000E-4	1.0254E-2	3.6367E-1
8.7100E-4	9.7656E-3	3.5923E-1
8.7200E-4	9.2773E-3	3.5420E-1
8.7300E-4	9.7656E-3	3.4966E-1
8.7400E-4	9.5215E-3	3.4497E-1
8.7500E-4	9.0332E-3	3.3960E-1
8.7600E-4	9.5215E-3	3.3398E-1
8.7700E-4	9.7656E-3	3.2993E-1
8.7800E-4	9.2773E-3	3.2666E-1
8.7900E-4	9.5215E-3	3.2295E-1
8.8000E-4	9.5215E-3	3.2129E-1
8.8100E-4	8.7891E-3	3.2256E-1
8.8200E-4	1.0010E-2	3.2393E-1
8.8300E-4	9.2773E-3	3.2246E-1
8.8400E-4	1.0010E-2	3.2183E-1
8.8500E-4	9.7656E-3	3.1982E-1
8.8600E-4	9.5215E-3	3.1494E-1
8.8700E-4	9.7656E-3	3.0928E-1
8.8800E-4	9.7656E-3	3.0576E-1
8.8900E-4	1.0254E-2	3.0273E-1
8.9000E-4	9.5215E-3	3.0127E-1
8.9100E-4	9.5215E-3	3.0244E-1
8.9200E-4	9.7656E-3	3.0317E-1
8.9300E-4	9.7656E-3	3.0483E-1
8.9400E-4	1.0010E-2	3.0640E-1
8.9500E-4	9.7656E-3	3.0825E-1
8.9600E-4	9.5215E-3	3.1099E-1
8.9700E-4	9.5215E-3	3.1313E-1
8.9800E-4	1.0254E-2	3.1494E-1
8.9900E-4	9.2773E-3	3.1401E-1
9.0000E-4	1.0010E-2	3.1025E-1
9.0100E-4	9.5215E-3	3.0410E-1
9.0200E-4	1.0254E-2	2.9985E-1
9.0300E-4	9.2773E-3	2.9663E-1
9.0400E-4	9.5215E-3	2.9551E-1
9.0500E-4	9.2773E-3	2.9795E-1
9.0600E-4	1.0010E-2	3.0317E-1
9.0700E-4	9.2773E-3	3.0781E-1
9.0800E-4	9.7656E-3	3.1104E-1
9.0900E-4	8.7891E-3	3.1318E-1
9.1000E-4	9.2773E-3	3.1416E-1
9.1100E-4	9.2773E-3	3.1162E-1
9.1200E-4	9.2773E-3	3.0991E-1
9.1300E-4	9.5215E-3	3.0991E-1
9.1400E-4	9.5215E-3	3.1118E-1
9.1500E-4	9.7656E-3	3.1211E-1
9.1600E-4	8.7891E-3	3.1543E-1
9.1700E-4	9.2773E-3	3.1855E-1
9.1800E-4	9.5215E-3	3.2046E-1
9.1900E-4	1.0254E-2	3.2163E-1
9.2000E-4	9.5215E-3	3.2290E-1
9.2100E-4	9.5215E-3	3.2310E-1
9.2200E-4	9.5215E-3	3.2456E-1
9.2300E-4	9.7656E-3	3.2769E-1
9.2400E-4	9.2773E-3	3.3096E-1
9.2500E-4	9.2773E-3	3.3384E-1
9.2600E-4	1.0010E-2	3.3677E-1
9.2700E-4	9.7656E-3	3.3867E-1
9.2800E-4	9.2773E-3	3.3960E-1
9.2900E-4	9.7656E-3	3.4028E-1
9.3000E-4	9.5215E-3	3.4214E-1
9.3100E-4	9.7656E-3	3.4585E-1
9.3200E-4	9.2773E-3	3.4961E-1
9.3300E-4	1.0010E-2	3.5386E-1
9.3400E-4	9.0332E-3	3.6021E-1
9.3500E-4	9.2773E-3	3.6719E-1
9.3600E-4	9.7656E-3	3.7490E-1
9.3700E-4	9.2773E-3	3.8359E-1
9.3800E-4	9.7656E-3	3.8965E-1
9.3900E-4	9.5215E-3	3.9375E-1
9.4000E-4	9.0332E-3	3.9482E-1
9.4100E-4	9.5215E-3	3.9463E-1
9.4200E-4	9.7656E-3	3.9233E-1
9.4300E-4	9.0332E-3	3.9224E-1
9.4400E-4	9.5215E-3	3.9531E-1
9.4500E-4	9.5215E-3	4.0229E-1
9.4600E-4	9.0332E-3	4.1025E-1
9.4700E-4	9.5215E-3	4.1909E-1
9.4800E-4	9.5215E-3	4.2710E-1
9.4900E-4	9.5215E-3	4.3403E-1
9.5000E-4	9.5215E-3	4.3921E-1
9.5100E-4	9.7656E-3	4.4336E-1
9.5200E-4	9.7656E-3	4.4600E-1
9.5300E-4	9.2773E-3	4.4902E-1
9.5400E-4	9.0332E-3	4.5249E-1
9.5500E-4	9.0332E-3	4.5688E-1
9.5600E-4	9.7656E-3	4.6260E-1
9.5700E-4	9.2773E-3	4.6890E-1
9.5800E-4	9.5215E-3	4.7480E-1
9.5900E-4	9.7656E-3	4.8003E-1
9.6000E-4	9.2773E-3	4.8560E-1
9.6100E-4	9.7656E-3	4.9058E-1
9.6200E-4	9.5215E-3	4.9751E-1
9.6300E-4	1.0498E-2	5.0513E-1
9.6400E-4	9.7656E-3	5.1450E-1
9.6500E-4	9.5215E-3	5.2256E-1
9.6600E-4	9.7656E-3	5.3066E-1
9.6700E-4	9.5215E-3	5.3745E-1
9.6800E-4	9.5215E-3	5.4482E-1
9.6900E-4	9.7656E-3	5.5024E-1
9.7000E-4	9.2773E-3	5.5464E-1
9.7100E-4	9.7656E-3	5.5728E-1
9.7200E-4	9.2773E-3	5.6133E-1
9.7300E-4	1.0010E-2	5.6484E-1
9.7400E-4	9.5215E-3	5.6880E-1
9.7500E-4	1.0010E-2	5.7402E-1
9.7600E-4	1.0254E-2	5.8066E-1
9.7700E-4	8.7891E-3	5.8765E-1
9.7800E-4	9.5215E-3	5.9473E-1
9.7900E-4	1.0010E-2	6.0303E-1
9.8000E-4	9.5215E-3	6.1143E-1
9.8100E-4	9.2773E-3	6.1924E-1
9.8200E-4	8.7891E-3	6.2676E-1
9.8300E-4	9.0332E-3	6.3247E-1
9.8400E-4	9.2773E-3	6.3433E-1
9.8500E-4	9.5215E-3	6.3608E-1
9.8600E-4	9.5215E-3	6.3623E-1
9.8700E-4	9.2773E-3	6.3525E-1
9.8800E-4	9.0332E-3	6.3516E-1
9.8900E-4	9.5215E-3	6.3628E-1
9.9000E-4	9.5215E-3	6.3584E-1
9.9100E-4	1.0010E-2	6.3594E-1
9.9200E-4	9.5215E-3	6.3569E-1
9.9300E-4	1.0010E-2	6.3599E-1
9.9400E-4	9.2773E-3	6.3652E-1
9.9500E-4	9.7656E-3	6.3828E-1
9.9600E-4	9.7656E-3	6.4082E-1
9.9700E-4	9.7656E-3	6.4219E-1
9.9800E-4	9.0332E-3	6.4219E-1
9.9900E-4	9.2773E-3	6.4219E-1
