Time [s]	Aux in [V]	Main in [V]
0.0000E+0	8.7891E-3	6.6362E-1
1.0000E-6	9.2773E-3	6.6289E-1
2.0000E-6	1.0010E-2	6.6152E-1
3.0000E-6	9.0332E-3	6.5918E-1
4.0000E-6	9.5215E-3	6.5679E-1
5.0000E-6	9.2773E-3	6.5474E-1
6.0000E-6	9.0332E-3	6.5122E-1
7.0000E-6	9.7656E-3	6.4946E-1
8.0000E-6	9.7656E-3	6.4873E-1
9.0000E-6	9.5215E-3	6.4741E-1
1.0000E-5	1.0010E-2	6.4536E-1
1.1000E-5	9.5215E-3	6.4355E-1
1.2000E-5	1.0010E-2	6.3916E-1
1.3000E-5	9.7656E-3	6.3330E-1
1.4000E-5	9.5215E-3	6.2793E-1
1.5000E-5	9.5215E-3	6.2197E-1
1.6000E-5	9.2773E-3	6.1445E-1
1.7000E-5	9.2773E-3	6.0854E-1
1.8000E-5	9.2773E-3	6.0142E-1
1.9000E-5	9.5215E-3	5.9546E-1
2.0000E-5	9.0332E-3	5.8955E-1
2.1000E-5	9.2773E-3	5.8398E-1
2.2000E-5	1.0254E-2	5.7578E-1
2.3000E-5	9.2773E-3	5.6836E-1
2.4000E-5	9.5215E-3	5.5869E-1
2.5000E-5	9.7656E-3	5.4766E-1
2.6000E-5	1.0010E-2	5.3716E-1
2.7000E-5	9.2773E-3	5.2808E-1
2.8000E-5	9.2773E-3	5.2041E-1
2.9000E-5	9.2773E-3	5.1509E-1
3.0000E-5	9.2773E-3	5.1084E-1
3.1000E-5	9.5215E-3	5.0596E-1
3.2000E-5	9.5215E-3	5.0215E-1
3.3000E-5	9.5215E-3	4.9614E-1
3.4000E-5	9.5215E-3	4.8955E-1
3.5000E-5	9.7656E-3	4.8198E-1
3.6000E-5	9.2773E-3	4.7515E-1
3.7000E-5	9.2773E-3	4.6680E-1
3.8000E-5	9.7656E-3	4.6069E-1
3.9000E-5	9.0332E-3	4.5449E-1
4.0000E-5	9.7656E-3	4.4951E-1
4.1000E-5	9.2773E-3	4.4478E-1
4.2000E-5	1.0010E-2	4.4194E-1
4.3000E-5	9.2773E-3	4.3667E-1
4.4000E-5	9.5215E-3	4.3086E-1
4.5000E-5	9.7656E-3	4.2485E-1
4.6000E-5	8.7891E-3	4.1978E-1
4.7000E-5	9.5215E-3	4.1299E-1
4.8000E-5	1.0010E-2	4.0933E-1
4.9000E-5	9.2773E-3	4.0532E-1
5.0000E-5	9.7656E-3	4.0308E-1
5.1000E-5	9.5215E-3	4.0083E-1
5.2000E-5	9.7656E-3	3.9800E-1
5.3000E-5	9.5215E-3	3.9419E-1
5.4000E-5	9.2773E-3	3.9087E-1
5.5000E-5	9.2773E-3	3.8657E-1
5.6000E-5	9.5215E-3	3.8257E-1
5.7000E-5	9.5215E-3	3.7988E-1
5.8000E-5	9.5215E-3	3.7695E-1
5.9000E-5	9.2773E-3	3.7480E-1
6.0000E-5	9.2773E-3	3.7212E-1
6.1000E-5	9.5215E-3	3.6948E-1
6.2000E-5	8.7891E-3	3.6519E-1
6.3000E-5	1.0010E-2	3.6353E-1
6.4000E-5	9.0332E-3	3.6094E-1
6.5000E-5	9.7656E-3	3.5859E-1
6.6000E-5	9.5215E-3	3.5659E-1
6.7000E-5	9.2773E-3	3.5889E-1
6.8000E-5	9.7656E-3	3.5942E-1
6.9000E-5	9.2773E-3	3.6172E-1
7.0000E-5	9.0332E-3	3.6421E-1
7.1000E-5	1.0010E-2	3.6641E-1
7.2000E-5	9.7656E-3	3.6680E-1
7.3000E-5	9.2773E-3	3.6650E-1
7.4000E-5	9.7656E-3	3.6489E-1
7.5000E-5	9.5215E-3	3.6226E-1
7.6000E-5	9.2773E-3	3.5767E-1
7.7000E-5	9.7656E-3	3.5264E-1
7.8000E-5	9.2773E-3	3.4785E-1
7.9000E-5	9.7656E-3	3.4248E-1
8.0000E-5	9.5215E-3	3.3687E-1
8.1000E-5	1.0254E-2	3.3330E-1
8.2000E-5	9.7656E-3	3.3091E-1
8.3000E-5	9.2773E-3	3.3008E-1
8.4000E-5	9.5215E-3	3.2886E-1
8.5000E-5	9.2773E-3	3.3027E-1
8.6000E-5	9.7656E-3	3.3164E-1
8.7000E-5	1.0010E-2	3.3276E-1
8.8000E-5	9.2773E-3	3.3354E-1
8.9000E-5	9.5215E-3	3.3628E-1
9.0000E-5	9.7656E-3	3.3735E-1
9.1000E-5	9.2773E-3	3.3813E-1
9.2000E-5	9.2773E-3	3.3794E-1
9.3000E-5	9.2773E-3	3.3730E-1
9.4000E-5	9.2773E-3	3.3657E-1
9.5000E-5	9.5215E-3	3.3613E-1
9.6000E-5	1.0254E-2	3.3618E-1
9.7000E-5	1.0010E-2	3.3789E-1
9.8000E-5	9.0332E-3	3.3945E-1
9.9000E-5	9.5215E-3	3.3945E-1
1.0000E-4	1.0010E-2	3.3950E-1
1.0100E-4	9.2773E-3	3.3887E-1
1.0200E-4	9.5215E-3	3.3530E-1
1.0300E-4	9.5215E-3	3.3052E-1
1.0400E-4	9.5215E-3	3.2759E-1
1.0500E-4	1.0010E-2	3.2559E-1
1.0600E-4	9.2773E-3	3.2642E-1
1.0700E-4	9.5215E-3	3.2959E-1
1.0800E-4	9.0332E-3	3.3569E-1
1.0900E-4	9.5215E-3	3.4297E-1
1.1000E-4	1.0010E-2	3.5103E-1
1.1100E-4	9.7656E-3	3.5635E-1
1.1200E-4	9.2773E-3	3.6133E-1
1.1300E-4	1.0254E-2	3.6455E-1
1.1400E-4	1.0010E-2	3.6611E-1
1.1500E-4	9.7656E-3	3.6709E-1
1.1600E-4	9.5215E-3	3.6919E-1
1.1700E-4	9.2773E-3	3.7261E-1
1.1800E-4	9.2773E-3	3.7666E-1
1.1900E-4	9.7656E-3	3.8252E-1
1.2000E-4	1.0010E-2	3.8760E-1
1.2100E-4	1.0254E-2	3.9116E-1
1.2200E-4	9.2773E-3	3.9336E-1
1.2300E-4	9.2773E-3	3.9683E-1
1.2400E-4	9.0332E-3	4.0005E-1
1.2500E-4	9.2773E-3	4.0371E-1
1.2600E-4	9.7656E-3	4.0630E-1
1.2700E-4	9.2773E-3	4.0801E-1
1.2800E-4	9.5215E-3	4.0825E-1
1.2900E-4	9.2773E-3	4.0781E-1
1.3000E-4	9.5215E-3	4.0889E-1
1.3100E-4	9.2773E-3	4.1147E-1
1.3200E-4	9.0332E-3	4.1675E-1
1.3300E-4	9.0332E-3	4.2485E-1
1.3400E-4	1.0254E-2	4.3208E-1
1.3500E-4	9.5215E-3	4.3921E-1
1.3600E-4	8.7891E-3	4.4634E-1
1.3700E-4	9.2773E-3	4.5244E-1
1.3800E-4	9.0332E-3	4.5615E-1
1.3900E-4	9.5215E-3	4.6040E-1
1.4000E-4	9.7656E-3	4.6250E-1
1.4100E-4	9.5215E-3	4.6479E-1
1.4200E-4	9.7656E-3	4.6548E-1
1.4300E-4	9.5215E-3	4.6631E-1
1.4400E-4	9.0332E-3	4.6685E-1
1.4500E-4	9.5215E-3	4.6807E-1
1.4600E-4	9.7656E-3	4.7075E-1
1.4700E-4	9.2773E-3	4.7476E-1
1.4800E-4	9.2773E-3	4.7920E-1
1.4900E-4	8.7891E-3	4.8491E-1
1.5000E-4	9.0332E-3	4.9165E-1
1.5100E-4	9.5215E-3	4.9824E-1
1.5200E-4	9.2773E-3	5.0425E-1
1.5300E-4	9.2773E-3	5.1118E-1
1.5400E-4	9.7656E-3	5.1602E-1
1.5500E-4	9.5215E-3	5.2002E-1
1.5600E-4	8.7891E-3	5.2368E-1
1.5700E-4	9.7656E-3	5.2905E-1
1.5800E-4	1.0010E-2	5.3223E-1
1.5900E-4	9.7656E-3	5.3745E-1
1.6000E-4	9.5215E-3	5.4355E-1
1.6100E-4	9.5215E-3	5.4990E-1
1.6200E-4	9.5215E-3	5.5649E-1
1.6300E-4	9.5215E-3	5.6484E-1
1.6400E-4	8.5449E-3	5.7207E-1
1.6500E-4	8.7891E-3	5.7988E-1
1.6600E-4	1.0010E-2	5.8804E-1
1.6700E-4	9.5215E-3	5.9541E-1
1.6800E-4	9.5215E-3	6.0107E-1
1.6900E-4	9.7656E-3	6.0571E-1
1.7000E-4	9.7656E-3	6.1133E-1
1.7100E-4	9.5215E-3	6.1548E-1
1.7200E-4	1.0010E-2	6.1895E-1
1.7300E-4	9.0332E-3	6.2500E-1
1.7400E-4	9.0332E-3	6.3271E-1
1.7500E-4	9.0332E-3	6.3784E-1
1.7600E-4	9.5215E-3	6.4268E-1
1.7700E-4	9.5215E-3	6.4795E-1
1.7800E-4	1.0010E-2	6.5176E-1
1.7900E-4	9.7656E-3	6.5581E-1
1.8000E-4	9.0332E-3	6.6235E-1
1.8100E-4	9.5215E-3	6.7056E-1
1.8200E-4	9.2773E-3	6.7974E-1
1.8300E-4	9.0332E-3	6.8867E-1
1.8400E-4	9.2773E-3	6.9541E-1
1.8500E-4	9.5215E-3	6.9824E-1
1.8600E-4	9.2773E-3	7.0088E-1
1.8700E-4	9.2773E-3	7.0117E-1
1.8800E-4	9.5215E-3	6.9946E-1
1.8900E-4	9.2773E-3	6.9863E-1
1.9000E-4	9.0332E-3	6.9834E-1
1.9100E-4	9.5215E-3	6.9775E-1
1.9200E-4	9.2773E-3	6.9688E-1
1.9300E-4	9.7656E-3	6.9644E-1
1.9400E-4	9.5215E-3	6.9717E-1
1.9500E-4	9.2773E-3	6.9907E-1
1.9600E-4	9.0332E-3	7.0078E-1
1.9700E-4	9.5215E-3	7.0278E-1
1.9800E-4	1.0010E-2	7.0586E-1
1.9900E-4	9.2773E-3	7.0713E-1
2.0000E-4	8.5449E-3	7.0811E-1
2.0100E-4	9.0332E-3	7.0703E-1
2.0200E-4	9.2773E-3	7.0742E-1
2.0300E-4	9.7656E-3	7.0728E-1
2.0400E-4	9.0332E-3	7.0625E-1
2.0500E-4	9.2773E-3	7.0415E-1
2.0600E-4	9.2773E-3	7.0420E-1
2.0700E-4	9.5215E-3	7.0273E-1
2.0800E-4	9.2773E-3	6.9990E-1
2.0900E-4	9.7656E-3	6.9844E-1
2.1000E-4	9.5215E-3	6.9751E-1
2.1100E-4	9.5215E-3	6.9375E-1
2.1200E-4	9.0332E-3	6.9126E-1
2.1300E-4	8.7891E-3	6.8940E-1
2.1400E-4	9.7656E-3	6.8716E-1
2.1500E-4	9.5215E-3	6.8599E-1
2.1600E-4	9.7656E-3	6.8604E-1
2.1700E-4	1.0010E-2	6.8525E-1
2.1800E-4	9.5215E-3	6.8604E-1
2.1900E-4	9.7656E-3	6.8633E-1
2.2000E-4	9.0332E-3	6.8472E-1
2.2100E-4	9.7656E-3	6.8359E-1
2.2200E-4	9.5215E-3	6.8159E-1
2.2300E-4	9.5215E-3	6.7686E-1
2.2400E-4	9.5215E-3	6.7227E-1
2.2500E-4	9.0332E-3	6.6914E-1
2.2600E-4	9.5215E-3	6.6572E-1
2.2700E-4	9.7656E-3	6.6289E-1
2.2800E-4	9.7656E-3	6.6226E-1
2.2900E-4	9.7656E-3	6.6377E-1
2.3000E-4	9.0332E-3	6.6436E-1
2.3100E-4	9.7656E-3	6.6504E-1
2.3200E-4	9.5215E-3	6.6709E-1
2.3300E-4	9.7656E-3	6.6733E-1
2.3400E-4	9.5215E-3	6.6621E-1
2.3500E-4	1.0254E-2	6.6665E-1
2.3600E-4	9.5215E-3	6.6719E-1
2.3700E-4	9.0332E-3	6.6748E-1
2.3800E-4	1.0254E-2	6.6987E-1
2.3900E-4	9.5215E-3	6.7051E-1
2.4000E-4	9.2773E-3	6.7070E-1
2.4100E-4	9.5215E-3	6.6978E-1
2.4200E-4	1.0010E-2	6.6768E-1
2.4300E-4	9.2773E-3	6.6401E-1
2.4400E-4	9.0332E-3	6.6162E-1
2.4500E-4	8.7891E-3	6.5874E-1
2.4600E-4	9.5215E-3	6.5640E-1
2.4700E-4	9.5215E-3	6.5405E-1
2.4800E-4	9.5215E-3	6.5464E-1
2.4900E-4	1.0010E-2	6.5459E-1
2.5000E-4	9.5215E-3	6.5425E-1
2.5100E-4	9.7656E-3	6.5630E-1
2.5200E-4	9.5215E-3	6.5874E-1
2.5300E-4	9.5215E-3	6.5996E-1
2.5400E-4	9.2773E-3	6.6167E-1
2.5500E-4	9.2773E-3	6.6343E-1
2.5600E-4	9.2773E-3	6.6416E-1
2.5700E-4	9.5215E-3	6.6514E-1
2.5800E-4	9.2773E-3	6.6646E-1
2.5900E-4	9.2773E-3	6.6963E-1
2.6000E-4	1.0254E-2	6.7344E-1
2.6100E-4	9.7656E-3	6.7671E-1
2.6200E-4	9.5215E-3	6.7900E-1
2.6300E-4	9.5215E-3	6.8013E-1
2.6400E-4	9.0332E-3	6.7944E-1
2.6500E-4	9.7656E-3	6.7847E-1
2.6600E-4	9.7656E-3	6.7783E-1
2.6700E-4	9.2773E-3	6.7617E-1
2.6800E-4	9.5215E-3	6.7534E-1
2.6900E-4	9.5215E-3	6.7534E-1
2.7000E-4	1.0010E-2	6.7588E-1
2.7100E-4	9.5215E-3	6.7661E-1
2.7200E-4	9.5215E-3	6.7827E-1
2.7300E-4	9.7656E-3	6.8032E-1
2.7400E-4	1.0010E-2	6.8232E-1
2.7500E-4	1.0498E-2	6.8291E-1
2.7600E-4	9.5215E-3	6.8437E-1
2.7700E-4	1.0010E-2	6.8462E-1
2.7800E-4	9.5215E-3	6.8262E-1
2.7900E-4	9.7656E-3	6.8179E-1
2.8000E-4	9.5215E-3	6.8257E-1
2.8100E-4	9.7656E-3	6.8208E-1
2.8200E-4	9.5215E-3	6.8237E-1
2.8300E-4	9.2773E-3	6.8535E-1
2.8400E-4	9.0332E-3	6.8711E-1
2.8500E-4	9.2773E-3	6.8726E-1
2.8600E-4	9.7656E-3	6.8652E-1
2.8700E-4	9.7656E-3	6.8711E-1
2.8800E-4	9.2773E-3	6.8745E-1
2.8900E-4	9.5215E-3	6.8804E-1
2.9000E-4	1.0254E-2	6.8892E-1
2.9100E-4	9.0332E-3	6.9126E-1
2.9200E-4	8.7891E-3	6.9297E-1
2.9300E-4	9.2773E-3	6.9355E-1
2.9400E-4	1.0254E-2	6.9297E-1
2.9500E-4	9.2773E-3	6.9282E-1
2.9600E-4	9.5215E-3	6.9194E-1
2.9700E-4	9.5215E-3	6.9082E-1
2.9800E-4	1.0010E-2	6.8945E-1
2.9900E-4	8.7891E-3	6.8784E-1
3.0000E-4	1.0010E-2	6.8657E-1
3.0100E-4	9.5215E-3	6.8403E-1
3.0200E-4	9.7656E-3	6.8105E-1
3.0300E-4	9.7656E-3	6.7769E-1
3.0400E-4	9.2773E-3	6.7583E-1
3.0500E-4	9.7656E-3	6.7329E-1
3.0600E-4	9.5215E-3	6.7231E-1
3.0700E-4	1.0010E-2	6.7119E-1
3.0800E-4	1.0010E-2	6.7012E-1
3.0900E-4	9.5215E-3	6.6919E-1
3.1000E-4	1.0254E-2	6.6797E-1
3.1100E-4	9.5215E-3	6.6768E-1
3.1200E-4	9.7656E-3	6.6851E-1
3.1300E-4	9.7656E-3	6.6865E-1
3.1400E-4	9.2773E-3	6.6753E-1
3.1500E-4	9.7656E-3	6.6685E-1
3.1600E-4	1.0010E-2	6.6328E-1
3.1700E-4	9.5215E-3	6.5981E-1
3.1800E-4	9.5215E-3	6.5688E-1
3.1900E-4	9.2773E-3	6.5205E-1
3.2000E-4	1.0010E-2	6.4697E-1
3.2100E-4	1.0010E-2	6.4282E-1
3.2200E-4	9.0332E-3	6.3799E-1
3.2300E-4	9.7656E-3	6.3169E-1
3.2400E-4	9.2773E-3	6.2886E-1
3.2500E-4	9.0332E-3	6.2646E-1
3.2600E-4	8.7891E-3	6.2290E-1
3.2700E-4	9.2773E-3	6.1909E-1
3.2800E-4	8.5449E-3	6.1567E-1
3.2900E-4	9.2773E-3	6.0889E-1
3.3000E-4	9.2773E-3	5.9980E-1
3.3100E-4	9.7656E-3	5.9204E-1
3.3200E-4	9.0332E-3	5.8408E-1
3.3300E-4	9.5215E-3	5.7681E-1
3.3400E-4	8.7891E-3	5.7178E-1
3.3500E-4	9.2773E-3	5.6855E-1
3.3600E-4	9.2773E-3	5.6528E-1
3.3700E-4	9.5215E-3	5.6191E-1
3.3800E-4	9.5215E-3	5.5752E-1
3.3900E-4	9.7656E-3	5.5156E-1
3.4000E-4	9.2773E-3	5.4355E-1
3.4100E-4	9.0332E-3	5.3438E-1
3.4200E-4	9.5215E-3	5.2598E-1
3.4300E-4	9.5215E-3	5.1704E-1
3.4400E-4	1.0010E-2	5.0835E-1
3.4500E-4	9.2773E-3	5.0156E-1
3.4600E-4	1.0010E-2	4.9478E-1
3.4700E-4	9.5215E-3	4.8564E-1
3.4800E-4	9.2773E-3	4.7617E-1
3.4900E-4	9.0332E-3	4.6680E-1
3.5000E-4	1.0254E-2	4.5874E-1
3.5100E-4	9.7656E-3	4.5176E-1
3.5200E-4	9.5215E-3	4.4756E-1
3.5300E-4	9.5215E-3	4.4482E-1
3.5400E-4	9.2773E-3	4.4199E-1
3.5500E-4	9.7656E-3	4.3867E-1
3.5600E-4	1.0010E-2	4.3550E-1
3.5700E-4	9.5215E-3	4.3174E-1
3.5800E-4	9.7656E-3	4.2871E-1
3.5900E-4	9.2773E-3	4.2764E-1
3.6000E-4	9.7656E-3	4.2554E-1
3.6100E-4	9.0332E-3	4.2368E-1
3.6200E-4	1.0254E-2	4.2070E-1
3.6300E-4	9.2773E-3	4.1689E-1
3.6400E-4	9.5215E-3	4.1050E-1
3.6500E-4	9.5215E-3	4.0327E-1
3.6600E-4	9.5215E-3	3.9575E-1
3.6700E-4	9.5215E-3	3.8984E-1
3.6800E-4	9.2773E-3	3.8525E-1
3.6900E-4	9.7656E-3	3.8242E-1
3.7000E-4	1.0010E-2	3.7876E-1
3.7100E-4	9.7656E-3	3.7461E-1
3.7200E-4	9.2773E-3	3.6968E-1
3.7300E-4	9.7656E-3	3.6333E-1
3.7400E-4	8.5449E-3	3.5728E-1
3.7500E-4	9.2773E-3	3.5469E-1
3.7600E-4	9.7656E-3	3.5244E-1
3.7700E-4	1.0010E-2	3.5146E-1
3.7800E-4	9.5215E-3	3.5288E-1
3.7900E-4	9.5215E-3	3.5571E-1
3.8000E-4	9.7656E-3	3.5615E-1
3.8100E-4	9.2773E-3	3.5752E-1
3.8200E-4	1.0254E-2	3.5688E-1
3.8300E-4	9.5215E-3	3.5474E-1
3.8400E-4	9.0332E-3	3.5093E-1
3.8500E-4	9.2773E-3	3.4658E-1
3.8600E-4	9.7656E-3	3.4136E-1
3.8700E-4	9.2773E-3	3.3643E-1
3.8800E-4	9.5215E-3	3.3052E-1
3.8900E-4	9.7656E-3	3.2544E-1
3.9000E-4	9.2773E-3	3.2227E-1
3.9100E-4	9.7656E-3	3.1880E-1
3.9200E-4	9.2773E-3	3.1685E-1
3.9300E-4	9.5215E-3	3.1626E-1
3.9400E-4	9.0332E-3	3.1455E-1
3.9500E-4	9.2773E-3	3.1362E-1
3.9600E-4	9.5215E-3	3.1509E-1
3.9700E-4	1.0010E-2	3.1655E-1
3.9800E-4	9.5215E-3	3.1670E-1
3.9900E-4	9.5215E-3	3.1694E-1
4.0000E-4	9.0332E-3	3.1558E-1
4.0100E-4	1.0010E-2	3.1357E-1
4.0200E-4	9.7656E-3	3.1133E-1
4.0300E-4	9.5215E-3	3.0908E-1
4.0400E-4	9.7656E-3	3.0586E-1
4.0500E-4	9.5215E-3	3.0229E-1
4.0600E-4	9.2773E-3	2.9658E-1
4.0700E-4	9.7656E-3	2.9175E-1
4.0800E-4	9.2773E-3	2.8979E-1
4.0900E-4	9.0332E-3	2.9028E-1
4.1000E-4	9.2773E-3	2.9243E-1
4.1100E-4	9.2773E-3	2.9741E-1
4.1200E-4	9.5215E-3	3.0195E-1
4.1300E-4	9.7656E-3	3.0464E-1
4.1400E-4	1.0254E-2	3.0610E-1
4.1500E-4	1.0010E-2	3.0674E-1
4.1600E-4	9.5215E-3	3.0640E-1
4.1700E-4	1.0498E-2	3.0688E-1
4.1800E-4	1.0010E-2	3.0991E-1
4.1900E-4	9.0332E-3	3.1196E-1
4.2000E-4	9.2773E-3	3.1440E-1
4.2100E-4	9.0332E-3	3.1670E-1
4.2200E-4	9.7656E-3	3.1685E-1
4.2300E-4	9.5215E-3	3.1362E-1
4.2400E-4	8.7891E-3	3.1406E-1
4.2500E-4	9.7656E-3	3.1406E-1
4.2600E-4	9.2773E-3	3.1382E-1
4.2700E-4	9.7656E-3	3.1323E-1
4.2800E-4	9.7656E-3	3.1465E-1
4.2900E-4	9.7656E-3	3.1514E-1
4.3000E-4	9.2773E-3	3.1782E-1
4.3100E-4	1.0254E-2	3.2080E-1
4.3200E-4	9.2773E-3	3.2749E-1
4.3300E-4	1.0010E-2	3.3301E-1
4.3400E-4	9.5215E-3	3.3701E-1
4.3500E-4	1.0010E-2	3.3735E-1
4.3600E-4	9.5215E-3	3.3696E-1
4.3700E-4	1.0254E-2	3.3525E-1
4.3800E-4	1.0010E-2	3.3457E-1
4.3900E-4	9.2773E-3	3.3672E-1
4.4000E-4	8.7891E-3	3.3975E-1
4.4100E-4	1.0010E-2	3.4453E-1
4.4200E-4	9.7656E-3	3.4810E-1
4.4300E-4	1.0010E-2	3.5229E-1
4.4400E-4	9.0332E-3	3.5498E-1
4.4500E-4	1.0010E-2	3.6025E-1
4.4600E-4	9.0332E-3	3.6548E-1
4.4700E-4	9.0332E-3	3.7236E-1
4.4800E-4	9.2773E-3	3.7930E-1
4.4900E-4	9.7656E-3	3.8521E-1
4.5000E-4	1.0254E-2	3.9053E-1
4.5100E-4	9.2773E-3	3.9434E-1
4.5200E-4	9.7656E-3	3.9761E-1
4.5300E-4	1.0010E-2	4.0220E-1
4.5400E-4	9.5215E-3	4.0864E-1
4.5500E-4	9.2773E-3	4.1436E-1
4.5600E-4	9.2773E-3	4.2075E-1
4.5700E-4	9.7656E-3	4.2544E-1
4.5800E-4	9.5215E-3	4.2754E-1
4.5900E-4	9.7656E-3	4.2915E-1
4.6000E-4	1.0254E-2	4.3306E-1
4.6100E-4	9.7656E-3	4.3936E-1
4.6200E-4	9.7656E-3	4.4761E-1
4.6300E-4	9.5215E-3	4.5708E-1
4.6400E-4	9.5215E-3	4.6528E-1
4.6500E-4	9.2773E-3	4.7241E-1
4.6600E-4	1.0010E-2	4.7690E-1
4.6700E-4	9.5215E-3	4.8101E-1
4.6800E-4	9.5215E-3	4.8403E-1
4.6900E-4	9.5215E-3	4.8818E-1
4.7000E-4	9.2773E-3	4.9307E-1
4.7100E-4	9.7656E-3	4.9878E-1
4.7200E-4	9.5215E-3	5.0444E-1
4.7300E-4	9.2773E-3	5.1099E-1
4.7400E-4	1.0498E-2	5.1753E-1
4.7500E-4	9.0332E-3	5.2358E-1
4.7600E-4	9.5215E-3	5.2881E-1
4.7700E-4	9.5215E-3	5.3330E-1
4.7800E-4	9.2773E-3	5.3760E-1
4.7900E-4	9.5215E-3	5.4219E-1
4.8000E-4	9.7656E-3	5.4517E-1
4.8100E-4	9.7656E-3	5.4990E-1
4.8200E-4	9.5215E-3	5.5400E-1
4.8300E-4	9.5215E-3	5.5894E-1
4.8400E-4	9.5215E-3	5.6289E-1
4.8500E-4	9.7656E-3	5.6611E-1
4.8600E-4	9.2773E-3	5.6689E-1
4.8700E-4	1.0254E-2	5.6943E-1
4.8800E-4	9.5215E-3	5.7280E-1
4.8900E-4	8.7891E-3	5.7578E-1
4.9000E-4	1.0254E-2	5.7861E-1
4.9100E-4	1.0010E-2	5.8203E-1
4.9200E-4	9.0332E-3	5.8643E-1
4.9300E-4	9.5215E-3	5.8823E-1
4.9400E-4	1.0010E-2	5.8906E-1
4.9500E-4	9.7656E-3	5.9077E-1
4.9600E-4	9.2773E-3	5.9385E-1
4.9700E-4	9.5215E-3	5.9341E-1
4.9800E-4	1.0010E-2	5.9204E-1
4.9900E-4	1.0010E-2	5.9150E-1
5.0000E-4	9.2773E-3	5.8911E-1
5.0100E-4	1.0010E-2	5.8403E-1
5.0200E-4	9.5215E-3	5.7813E-1
5.0300E-4	9.5215E-3	5.7300E-1
5.0400E-4	9.5215E-3	5.6445E-1
5.0500E-4	9.7656E-3	5.5488E-1
5.0600E-4	1.0010E-2	5.4619E-1
5.0700E-4	9.0332E-3	5.3970E-1
5.0800E-4	8.7891E-3	5.3335E-1
5.0900E-4	9.2773E-3	5.3076E-1
5.1000E-4	9.5215E-3	5.2930E-1
5.1100E-4	9.7656E-3	5.2661E-1
5.1200E-4	8.5449E-3	5.2261E-1
5.1300E-4	9.5215E-3	5.1719E-1
5.1400E-4	1.0498E-2	5.1040E-1
5.1500E-4	1.0254E-2	5.0313E-1
5.1600E-4	9.0332E-3	4.9854E-1
5.1700E-4	9.5215E-3	4.9419E-1
5.1800E-4	1.0010E-2	4.8892E-1
5.1900E-4	9.5215E-3	4.8501E-1
5.2000E-4	9.7656E-3	4.8071E-1
5.2100E-4	9.5215E-3	4.7432E-1
5.2200E-4	9.5215E-3	4.6909E-1
5.2300E-4	9.5215E-3	4.6431E-1
5.2400E-4	9.0332E-3	4.5654E-1
5.2500E-4	9.5215E-3	4.5020E-1
5.2600E-4	1.0498E-2	4.4468E-1
5.2700E-4	9.5215E-3	4.3843E-1
5.2800E-4	9.5215E-3	4.3135E-1
5.2900E-4	9.7656E-3	4.2344E-1
5.3000E-4	1.0254E-2	4.1553E-1
5.3100E-4	9.5215E-3	4.0488E-1
5.3200E-4	9.5215E-3	3.9229E-1
5.3300E-4	9.7656E-3	3.8291E-1
5.3400E-4	1.0010E-2	3.7808E-1
5.3500E-4	9.7656E-3	3.7407E-1
5.3600E-4	9.7656E-3	3.7178E-1
5.3700E-4	1.0254E-2	3.6963E-1
5.3800E-4	9.5215E-3	3.6357E-1
5.3900E-4	9.2773E-3	3.5571E-1
5.4000E-4	9.2773E-3	3.4434E-1
5.4100E-4	9.2773E-3	3.3340E-1
5.4200E-4	1.0010E-2	3.2480E-1
5.4300E-4	1.0010E-2	3.1748E-1
5.4400E-4	9.0332E-3	3.0938E-1
5.4500E-4	9.5215E-3	3.0391E-1
5.4600E-4	9.2773E-3	2.9814E-1
5.4700E-4	9.0332E-3	2.9063E-1
5.4800E-4	1.0010E-2	2.8545E-1
5.4900E-4	9.7656E-3	2.8213E-1
5.5000E-4	9.2773E-3	2.7822E-1
5.5100E-4	9.5215E-3	2.7554E-1
5.5200E-4	9.5215E-3	2.7456E-1
5.5300E-4	1.0010E-2	2.7275E-1
5.5400E-4	1.0010E-2	2.6934E-1
5.5500E-4	9.5215E-3	2.6660E-1
5.5600E-4	8.7891E-3	2.6250E-1
5.5700E-4	9.2773E-3	2.5928E-1
5.5800E-4	8.7891E-3	2.5454E-1
5.5900E-4	9.5215E-3	2.5342E-1
5.6000E-4	9.2773E-3	2.5117E-1
5.6100E-4	9.5215E-3	2.4854E-1
5.6200E-4	1.0010E-2	2.4336E-1
5.6300E-4	9.2773E-3	2.4087E-1
5.6400E-4	1.0010E-2	2.3496E-1
5.6500E-4	9.7656E-3	2.2983E-1
5.6600E-4	8.7891E-3	2.2700E-1
5.6700E-4	1.0010E-2	2.2485E-1
5.6800E-4	9.7656E-3	2.2158E-1
5.6900E-4	9.2773E-3	2.1885E-1
5.7000E-4	9.7656E-3	2.1797E-1
5.7100E-4	1.0010E-2	2.1504E-1
5.7200E-4	9.2773E-3	2.1299E-1
5.7300E-4	9.0332E-3	2.0972E-1
5.7400E-4	9.5215E-3	2.0713E-1
5.7500E-4	9.5215E-3	2.0449E-1
5.7600E-4	8.7891E-3	2.0293E-1
5.7700E-4	9.5215E-3	2.0205E-1
5.7800E-4	9.5215E-3	2.0376E-1
5.7900E-4	9.7656E-3	2.0654E-1
5.8000E-4	1.0010E-2	2.0854E-1
5.8100E-4	9.5215E-3	2.0972E-1
5.8200E-4	9.2773E-3	2.1021E-1
5.8300E-4	9.5215E-3	2.0767E-1
5.8400E-4	9.0332E-3	2.0342E-1
5.8500E-4	9.0332E-3	1.9854E-1
5.8600E-4	9.7656E-3	1.9443E-1
5.8700E-4	9.7656E-3	1.9038E-1
5.8800E-4	9.0332E-3	1.8848E-1
5.8900E-4	9.7656E-3	1.8784E-1
5.9000E-4	9.7656E-3	1.9009E-1
5.9100E-4	9.5215E-3	1.9478E-1
5.9200E-4	9.7656E-3	2.0034E-1
5.9300E-4	9.2773E-3	2.0566E-1
5.9400E-4	9.2773E-3	2.1021E-1
5.9500E-4	9.2773E-3	2.1123E-1
5.9600E-4	9.7656E-3	2.0981E-1
5.9700E-4	1.0010E-2	2.0747E-1
5.9800E-4	1.0010E-2	2.0479E-1
5.9900E-4	1.0010E-2	2.0210E-1
6.0000E-4	1.0254E-2	2.0171E-1
6.0100E-4	9.5215E-3	2.0195E-1
6.0200E-4	9.7656E-3	2.0254E-1
6.0300E-4	9.5215E-3	2.0415E-1
6.0400E-4	9.0332E-3	2.0664E-1
6.0500E-4	9.5215E-3	2.0923E-1
6.0600E-4	1.0254E-2	2.1045E-1
6.0700E-4	9.7656E-3	2.1177E-1
6.0800E-4	9.7656E-3	2.1206E-1
6.0900E-4	9.7656E-3	2.1123E-1
6.1000E-4	9.7656E-3	2.1143E-1
6.1100E-4	1.0010E-2	2.1367E-1
6.1200E-4	9.2773E-3	2.1519E-1
6.1300E-4	9.5215E-3	2.1880E-1
6.1400E-4	1.0254E-2	2.2349E-1
6.1500E-4	9.2773E-3	2.2461E-1
6.1600E-4	9.0332E-3	2.2471E-1
6.1700E-4	1.0498E-2	2.2554E-1
6.1800E-4	1.0010E-2	2.2720E-1
6.1900E-4	9.2773E-3	2.2866E-1
6.2000E-4	1.0010E-2	2.3384E-1
6.2100E-4	9.2773E-3	2.4014E-1
6.2200E-4	9.5215E-3	2.4707E-1
6.2300E-4	9.7656E-3	2.5264E-1
6.2400E-4	8.7891E-3	2.5820E-1
6.2500E-4	9.2773E-3	2.6211E-1
6.2600E-4	9.7656E-3	2.6543E-1
6.2700E-4	9.5215E-3	2.6836E-1
6.2800E-4	9.5215E-3	2.7061E-1
6.2900E-4	9.7656E-3	2.7422E-1
6.3000E-4	9.5215E-3	2.7886E-1
6.3100E-4	1.0010E-2	2.8384E-1
6.3200E-4	9.5215E-3	2.8799E-1
6.3300E-4	9.2773E-3	2.9282E-1
6.3400E-4	9.0332E-3	2.9829E-1
6.3500E-4	9.7656E-3	3.0400E-1
6.3600E-4	9.5215E-3	3.0869E-1
6.3700E-4	1.0010E-2	3.1284E-1
6.3800E-4	9.5215E-3	3.1768E-1
6.3900E-4	9.5215E-3	3.2080E-1
6.4000E-4	9.0332E-3	3.2310E-1
6.4100E-4	9.2773E-3	3.2681E-1
6.4200E-4	1.0010E-2	3.3311E-1
6.4300E-4	9.0332E-3	3.4033E-1
6.4400E-4	9.7656E-3	3.4756E-1
6.4500E-4	1.0254E-2	3.5532E-1
6.4600E-4	1.0010E-2	3.6460E-1
6.4700E-4	9.5215E-3	3.7480E-1
6.4800E-4	9.2773E-3	3.8306E-1
6.4900E-4	9.2773E-3	3.9165E-1
6.5000E-4	9.2773E-3	4.0020E-1
6.5100E-4	1.0010E-2	4.0767E-1
6.5200E-4	9.5215E-3	4.1313E-1
6.5300E-4	9.5215E-3	4.1890E-1
6.5400E-4	9.5215E-3	4.2222E-1
6.5500E-4	9.5215E-3	4.2661E-1
6.5600E-4	9.7656E-3	4.3140E-1
6.5700E-4	9.5215E-3	4.3501E-1
6.5800E-4	1.0010E-2	4.3838E-1
6.5900E-4	9.0332E-3	4.4199E-1
6.6000E-4	9.5215E-3	4.4360E-1
6.6100E-4	9.5215E-3	4.4570E-1
6.6200E-4	9.7656E-3	4.4810E-1
6.6300E-4	9.7656E-3	4.5249E-1
6.6400E-4	1.0010E-2	4.5879E-1
6.6500E-4	9.7656E-3	4.6602E-1
6.6600E-4	9.7656E-3	4.7095E-1
6.6700E-4	9.2773E-3	4.7773E-1
6.6800E-4	9.0332E-3	4.8589E-1
6.6900E-4	9.7656E-3	4.9517E-1
6.7000E-4	1.0254E-2	5.0356E-1
6.7100E-4	9.5215E-3	5.1201E-1
6.7200E-4	9.7656E-3	5.1914E-1
6.7300E-4	9.5215E-3	5.2300E-1
6.7400E-4	9.5215E-3	5.2622E-1
6.7500E-4	9.0332E-3	5.3013E-1
6.7600E-4	9.7656E-3	5.3413E-1
6.7700E-4	9.5215E-3	5.3882E-1
6.7800E-4	9.5215E-3	5.4414E-1
6.7900E-4	9.5215E-3	5.4854E-1
6.8000E-4	9.2773E-3	5.5181E-1
6.8100E-4	9.2773E-3	5.5596E-1
6.8200E-4	9.2773E-3	5.5923E-1
6.8300E-4	9.5215E-3	5.5981E-1
6.8400E-4	9.5215E-3	5.6177E-1
6.8500E-4	9.5215E-3	5.6553E-1
6.8600E-4	1.0254E-2	5.6846E-1
6.8700E-4	8.7891E-3	5.7324E-1
6.8800E-4	9.5215E-3	5.8076E-1
6.8900E-4	1.0010E-2	5.8740E-1
6.9000E-4	9.7656E-3	5.9297E-1
6.9100E-4	1.0010E-2	5.9746E-1
6.9200E-4	9.2773E-3	6.0205E-1
6.9300E-4	1.0254E-2	6.0410E-1
6.9400E-4	9.5215E-3	6.0508E-1
6.9500E-4	9.0332E-3	6.0586E-1
6.9600E-4	9.2773E-3	6.0757E-1
6.9700E-4	9.5215E-3	6.0635E-1
6.9800E-4	1.0254E-2	6.0615E-1
6.9900E-4	1.0010E-2	6.0566E-1
7.0000E-4	9.2773E-3	6.0435E-1
7.0100E-4	9.2773E-3	6.0332E-1
7.0200E-4	9.5215E-3	6.0259E-1
7.0300E-4	9.5215E-3	6.0415E-1
7.0400E-4	9.5215E-3	6.0889E-1
7.0500E-4	9.5215E-3	6.1465E-1
7.0600E-4	9.7656E-3	6.1865E-1
7.0700E-4	9.5215E-3	6.2085E-1
7.0800E-4	1.0010E-2	6.2007E-1
7.0900E-4	1.0010E-2	6.1460E-1
7.1000E-4	9.7656E-3	6.0688E-1
7.1100E-4	9.2773E-3	6.0122E-1
7.1200E-4	9.5215E-3	5.9839E-1
7.1300E-4	9.2773E-3	5.9604E-1
7.1400E-4	1.0254E-2	5.9663E-1
7.1500E-4	9.7656E-3	5.9800E-1
7.1600E-4	9.5215E-3	5.9829E-1
7.1700E-4	9.7656E-3	5.9849E-1
7.1800E-4	9.7656E-3	6.0010E-1
7.1900E-4	9.5215E-3	6.0225E-1
7.2000E-4	9.2773E-3	6.0527E-1
7.2100E-4	9.7656E-3	6.1074E-1
7.2200E-4	9.2773E-3	6.1538E-1
7.2300E-4	9.2773E-3	6.1807E-1
7.2400E-4	9.0332E-3	6.1572E-1
7.2500E-4	9.7656E-3	6.1221E-1
7.2600E-4	9.2773E-3	6.0640E-1
7.2700E-4	9.5215E-3	5.9980E-1
7.2800E-4	9.5215E-3	5.9458E-1
7.2900E-4	9.2773E-3	5.9268E-1
7.3000E-4	1.0010E-2	5.9302E-1
7.3100E-4	1.0010E-2	5.9351E-1
7.3200E-4	9.5215E-3	5.9639E-1
7.3300E-4	9.2773E-3	5.9990E-1
7.3400E-4	9.7656E-3	6.0449E-1
7.3500E-4	9.5215E-3	6.0835E-1
7.3600E-4	1.0010E-2	6.1138E-1
7.3700E-4	9.2773E-3	6.1333E-1
7.3800E-4	9.7656E-3	6.1265E-1
7.3900E-4	9.5215E-3	6.0928E-1
7.4000E-4	9.2773E-3	6.0488E-1
7.4100E-4	9.2773E-3	5.9976E-1
7.4200E-4	9.0332E-3	5.9473E-1
7.4300E-4	9.5215E-3	5.9312E-1
7.4400E-4	9.7656E-3	5.9302E-1
7.4500E-4	9.5215E-3	5.9326E-1
7.4600E-4	9.2773E-3	5.9424E-1
7.4700E-4	9.5215E-3	5.9526E-1
7.4800E-4	9.2773E-3	5.9473E-1
7.4900E-4	9.2773E-3	5.9409E-1
7.5000E-4	9.7656E-3	5.9487E-1
7.5100E-4	9.5215E-3	5.9702E-1
7.5200E-4	9.7656E-3	5.9868E-1
7.5300E-4	9.2773E-3	6.0103E-1
7.5400E-4	9.2773E-3	6.0425E-1
7.5500E-4	9.0332E-3	6.0654E-1
7.5600E-4	9.7656E-3	6.0928E-1
7.5700E-4	9.2773E-3	6.1250E-1
7.5800E-4	9.5215E-3	6.1680E-1
7.5900E-4	9.7656E-3	6.2036E-1
7.6000E-4	9.0332E-3	6.2354E-1
7.6100E-4	8.5449E-3	6.2529E-1
7.6200E-4	9.2773E-3	6.2637E-1
7.6300E-4	9.7656E-3	6.2690E-1
7.6400E-4	9.2773E-3	6.2891E-1
7.6500E-4	9.2773E-3	6.3315E-1
7.6600E-4	9.2773E-3	6.3745E-1
7.6700E-4	9.2773E-3	6.4175E-1
7.6800E-4	9.2773E-3	6.4399E-1
7.6900E-4	8.7891E-3	6.4351E-1
7.7000E-4	1.0742E-2	6.4126E-1
7.7100E-4	1.0010E-2	6.4111E-1
7.7200E-4	9.2773E-3	6.4033E-1
7.7300E-4	9.2773E-3	6.4126E-1
7.7400E-4	9.5215E-3	6.4307E-1
7.7500E-4	9.7656E-3	6.4634E-1
7.7600E-4	9.5215E-3	6.4946E-1
7.7700E-4	9.2773E-3	6.5410E-1
7.7800E-4	1.0010E-2	6.5762E-1
7.7900E-4	1.0010E-2	6.6206E-1
7.8000E-4	9.2773E-3	6.6445E-1
7.8100E-4	1.0254E-2	6.6558E-1
7.8200E-4	1.0010E-2	6.6611E-1
7.8300E-4	9.5215E-3	6.6743E-1
7.8400E-4	9.5215E-3	6.6870E-1
7.8500E-4	9.2773E-3	6.7017E-1
7.8600E-4	9.5215E-3	6.7085E-1
7.8700E-4	9.5215E-3	6.7168E-1
7.8800E-4	9.5215E-3	6.7251E-1
7.8900E-4	9.5215E-3	6.7178E-1
7.9000E-4	9.2773E-3	6.7163E-1
7.9100E-4	9.0332E-3	6.7144E-1
7.9200E-4	9.7656E-3	6.7085E-1
7.9300E-4	9.7656E-3	6.6646E-1
7.9400E-4	9.2773E-3	6.6377E-1
7.9500E-4	9.0332E-3	6.5923E-1
7.9600E-4	1.0010E-2	6.5527E-1
7.9700E-4	9.5215E-3	6.5220E-1
7.9800E-4	8.7891E-3	6.5444E-1
7.9900E-4	9.0332E-3	6.5640E-1
8.0000E-4	9.7656E-3	6.5898E-1
8.0100E-4	9.7656E-3	6.6060E-1
8.0200E-4	9.5215E-3	6.6113E-1
8.0300E-4	9.7656E-3	6.6113E-1
8.0400E-4	9.2773E-3	6.6187E-1
8.0500E-4	9.2773E-3	6.6475E-1
8.0600E-4	9.2773E-3	6.6602E-1
8.0700E-4	9.2773E-3	6.6670E-1
8.0800E-4	9.0332E-3	6.6611E-1
8.0900E-4	9.2773E-3	6.6230E-1
8.1000E-4	9.7656E-3	6.5591E-1
8.1100E-4	9.5215E-3	6.5054E-1
8.1200E-4	9.0332E-3	6.4678E-1
8.1300E-4	9.5215E-3	6.4209E-1
8.1400E-4	9.5215E-3	6.3979E-1
8.1500E-4	9.5215E-3	6.3867E-1
8.1600E-4	9.2773E-3	6.3755E-1
8.1700E-4	9.7656E-3	6.3457E-1
8.1800E-4	9.5215E-3	6.2988E-1
8.1900E-4	9.2773E-3	6.2407E-1
8.2000E-4	9.0332E-3	6.1606E-1
8.2100E-4	9.5215E-3	6.0713E-1
8.2200E-4	9.5215E-3	5.9883E-1
8.2300E-4	9.2773E-3	5.9160E-1
8.2400E-4	1.0010E-2	5.8511E-1
8.2500E-4	9.7656E-3	5.8125E-1
8.2600E-4	1.0010E-2	5.7842E-1
8.2700E-4	9.7656E-3	5.7598E-1
8.2800E-4	9.5215E-3	5.7354E-1
8.2900E-4	8.7891E-3	5.7026E-1
8.3000E-4	9.2773E-3	5.6689E-1
8.3100E-4	9.5215E-3	5.6353E-1
8.3200E-4	9.2773E-3	5.5825E-1
8.3300E-4	9.5215E-3	5.5210E-1
8.3400E-4	9.7656E-3	5.4492E-1
8.3500E-4	9.7656E-3	5.3672E-1
8.3600E-4	9.7656E-3	5.2910E-1
8.3700E-4	9.7656E-3	5.2227E-1
8.3800E-4	9.2773E-3	5.1479E-1
8.3900E-4	9.7656E-3	5.0815E-1
8.4000E-4	9.2773E-3	4.9985E-1
8.4100E-4	9.2773E-3	4.8960E-1
8.4200E-4	9.2773E-3	4.7935E-1
8.4300E-4	9.5215E-3	4.7295E-1
8.4400E-4	9.0332E-3	4.6772E-1
8.4500E-4	9.7656E-3	4.6499E-1
8.4600E-4	9.0332E-3	4.6343E-1
8.4700E-4	1.0254E-2	4.6211E-1
8.4800E-4	9.5215E-3	4.6045E-1
8.4900E-4	9.2773E-3	4.5830E-1
8.5000E-4	9.5215E-3	4.5488E-1
8.5100E-4	9.2773E-3	4.5132E-1
8.5200E-4	9.2773E-3	4.4702E-1
8.5300E-4	9.5215E-3	4.3955E-1
8.5400E-4	1.0010E-2	4.3042E-1
8.5500E-4	1.0010E-2	4.2114E-1
8.5600E-4	9.2773E-3	4.1372E-1
8.5700E-4	9.5215E-3	4.0859E-1
8.5800E-4	1.0254E-2	4.0386E-1
8.5900E-4	9.5215E-3	4.0015E-1
8.6000E-4	8.7891E-3	3.9775E-1
8.6100E-4	9.7656E-3	3.9346E-1
8.6200E-4	9.2773E-3	3.8843E-1
8.6300E-4	9.7656E-3	3.8574E-1
8.6400E-4	9.7656E-3	3.8379E-1
8.6500E-4	1.0254E-2	3.8037E-1
8.6600E-4	9.0332E-3	3.7886E-1
8.6700E-4	9.5215E-3	3.7510E-1
8.6800E-4	9.2773E-3	3.6904E-1
8.6900E-4	9.0332E-3	3.6289E-1
8.7000E-4	1.0010E-2	3.5815E-1
8.7100E-4	9.5215E-3	3.5269E-1
8.7200E-4	9.5215E-3	3.4810E-1
8.7300E-4	9.2773E-3	3.4336E-1
8.7400E-4	1.0010E-2	3.3989E-1
8.7500E-4	9.5215E-3	3.3550E-1
8.7600E-4	9.5215E-3	3.3286E-1
8.7700E-4	9.2773E-3	3.3301E-1
8.7800E-4	9.5215E-3	3.3687E-1
8.7900E-4	9.5215E-3	3.3877E-1
8.8000E-4	9.2773E-3	3.4092E-1
8.8100E-4	9.7656E-3	3.4141E-1
8.8200E-4	1.0010E-2	3.3975E-1
8.8300E-4	9.2773E-3	3.3359E-1
8.8400E-4	9.2773E-3	3.2959E-1
8.8500E-4	9.5215E-3	3.2524E-1
8.8600E-4	9.0332E-3	3.1958E-1
8.8700E-4	9.5215E-3	3.1504E-1
8.8800E-4	9.5215E-3	3.1191E-1
8.8900E-4	1.0010E-2	3.0723E-1
8.9000E-4	9.7656E-3	3.0293E-1
8.9100E-4	9.7656E-3	3.0020E-1
8.9200E-4	9.0332E-3	2.9688E-1
8.9300E-4	9.5215E-3	2.9375E-1
8.9400E-4	9.7656E-3	2.9258E-1
8.9500E-4	1.0010E-2	2.9292E-1
8.9600E-4	9.2773E-3	2.9482E-1
8.9700E-4	9.2773E-3	2.9863E-1
8.9800E-4	9.7656E-3	3.0391E-1
8.9900E-4	9.0332E-3	3.0771E-1
9.0000E-4	9.5215E-3	3.0991E-1
9.0100E-4	9.5215E-3	3.1108E-1
9.0200E-4	9.7656E-3	3.1113E-1
9.0300E-4	9.2773E-3	3.1040E-1
9.0400E-4	9.7656E-3	3.0874E-1
9.0500E-4	9.5215E-3	3.0796E-1
9.0600E-4	9.5215E-3	3.0674E-1
9.0700E-4	1.0010E-2	3.0571E-1
9.0800E-4	9.2773E-3	3.0415E-1
9.0900E-4	9.5215E-3	3.0327E-1
9.1000E-4	1.0010E-2	3.0347E-1
9.1100E-4	9.7656E-3	3.0405E-1
9.1200E-4	9.7656E-3	3.0498E-1
9.1300E-4	9.2773E-3	3.0620E-1
9.1400E-4	9.7656E-3	3.0747E-1
9.1500E-4	9.2773E-3	3.0820E-1
9.1600E-4	8.5449E-3	3.0698E-1
9.1700E-4	1.0254E-2	3.0566E-1
9.1800E-4	9.7656E-3	3.0669E-1
9.1900E-4	1.0010E-2	3.0864E-1
9.2000E-4	9.2773E-3	3.0854E-1
9.2100E-4	1.0010E-2	3.1094E-1
9.2200E-4	9.7656E-3	3.1313E-1
9.2300E-4	9.5215E-3	3.1431E-1
9.2400E-4	8.7891E-3	3.1392E-1
9.2500E-4	9.7656E-3	3.1597E-1
9.2600E-4	1.0010E-2	3.1865E-1
9.2700E-4	9.7656E-3	3.2144E-1
9.2800E-4	1.0254E-2	3.2344E-1
9.2900E-4	9.7656E-3	3.2612E-1
9.3000E-4	9.5215E-3	3.2837E-1
9.3100E-4	9.5215E-3	3.3096E-1
9.3200E-4	9.0332E-3	3.3325E-1
9.3300E-4	8.5449E-3	3.3613E-1
9.3400E-4	9.7656E-3	3.3818E-1
9.3500E-4	9.5215E-3	3.4077E-1
9.3600E-4	9.5215E-3	3.4263E-1
9.3700E-4	9.0332E-3	3.4287E-1
9.3800E-4	9.2773E-3	3.4438E-1
9.3900E-4	9.5215E-3	3.4814E-1
9.4000E-4	9.7656E-3	3.5103E-1
9.4100E-4	9.2773E-3	3.5435E-1
9.4200E-4	9.5215E-3	3.5874E-1
9.4300E-4	9.2773E-3	3.6118E-1
9.4400E-4	9.2773E-3	3.6411E-1
9.4500E-4	9.5215E-3	3.6802E-1
9.4600E-4	1.0254E-2	3.7227E-1
9.4700E-4	1.0254E-2	3.7734E-1
9.4800E-4	9.0332E-3	3.8447E-1
9.4900E-4	9.2773E-3	3.9209E-1
9.5000E-4	1.0010E-2	3.9922E-1
9.5100E-4	9.2773E-3	4.0449E-1
9.5200E-4	9.0332E-3	4.0942E-1
9.5300E-4	1.0010E-2	4.1323E-1
9.5400E-4	9.2773E-3	4.1616E-1
9.5500E-4	9.5215E-3	4.2065E-1
9.5600E-4	9.0332E-3	4.2607E-1
9.5700E-4	9.2773E-3	4.3281E-1
9.5800E-4	9.0332E-3	4.4131E-1
9.5900E-4	9.2773E-3	4.5054E-1
9.6000E-4	9.2773E-3	4.5830E-1
9.6100E-4	9.5215E-3	4.6685E-1
9.6200E-4	9.0332E-3	4.7441E-1
9.6300E-4	9.5215E-3	4.7954E-1
9.6400E-4	8.7891E-3	4.8506E-1
9.6500E-4	9.0332E-3	4.9136E-1
9.6600E-4	9.2773E-3	4.9683E-1
9.6700E-4	9.5215E-3	5.0146E-1
9.6800E-4	9.0332E-3	5.0732E-1
9.6900E-4	1.0254E-2	5.1050E-1
9.7000E-4	9.5215E-3	5.1494E-1
9.7100E-4	9.0332E-3	5.1934E-1
9.7200E-4	9.2773E-3	5.2437E-1
9.7300E-4	9.2773E-3	5.2974E-1
9.7400E-4	9.2773E-3	5.3755E-1
9.7500E-4	9.2773E-3	5.4399E-1
9.7600E-4	9.5215E-3	5.5293E-1
9.7700E-4	9.0332E-3	5.6265E-1
9.7800E-4	9.2773E-3	5.7100E-1
9.7900E-4	9.2773E-3	5.7871E-1
9.8000E-4	9.0332E-3	5.8677E-1
9.8100E-4	9.5215E-3	5.9292E-1
9.8200E-4	9.5215E-3	5.9863E-1
9.8300E-4	9.5215E-3	6.0371E-1
9.8400E-4	9.2773E-3	6.0942E-1
9.8500E-4	9.2773E-3	6.1577E-1
9.8600E-4	1.0254E-2	6.2339E-1
9.8700E-4	9.7656E-3	6.3071E-1
9.8800E-4	9.2773E-3	6.3950E-1
9.8900E-4	9.2773E-3	6.4990E-1
9.9000E-4	9.5215E-3	6.5815E-1
9.9100E-4	9.5215E-3	6.6362E-1
9.9200E-4	1.0010E-2	6.6968E-1
9.9300E-4	9.7656E-3	6.7549E-1
9.9400E-4	9.5215E-3	6.7769E-1
9.9500E-4	9.0332E-3	6.7925E-1
9.9600E-4	9.0332E-3	6.8052E-1
9.9700E-4	1.0010E-2	6.8042E-1
9.9800E-4	9.5215E-3	6.8042E-1
9.9900E-4	9.2773E-3	6.8042E-1
