Time [s]	Aux in [V]	Main in [V]
0.0000E+0	9.2773E-3	4.7129E-1
1.0000E-6	1.0254E-2	4.6899E-1
2.0000E-6	1.0254E-2	4.6475E-1
3.0000E-6	9.5215E-3	4.6187E-1
4.0000E-6	9.2773E-3	4.6221E-1
5.0000E-6	9.2773E-3	4.6250E-1
6.0000E-6	9.5215E-3	4.6143E-1
7.0000E-6	9.7656E-3	4.6294E-1
8.0000E-6	9.2773E-3	4.6221E-1
9.0000E-6	9.7656E-3	4.5815E-1
1.0000E-5	1.0254E-2	4.5439E-1
1.1000E-5	9.0332E-3	4.5142E-1
1.2000E-5	9.7656E-3	4.4712E-1
1.3000E-5	1.0498E-2	4.4517E-1
1.4000E-5	9.0332E-3	4.4429E-1
1.5000E-5	1.0010E-2	4.4287E-1
1.6000E-5	9.0332E-3	4.3940E-1
1.7000E-5	9.7656E-3	4.3599E-1
1.8000E-5	9.2773E-3	4.3047E-1
1.9000E-5	9.2773E-3	4.2505E-1
2.0000E-5	9.7656E-3	4.1831E-1
2.1000E-5	1.0010E-2	4.1274E-1
2.2000E-5	8.7891E-3	4.0601E-1
2.3000E-5	9.5215E-3	3.9961E-1
2.4000E-5	9.5215E-3	3.9282E-1
2.5000E-5	9.2773E-3	3.8823E-1
2.6000E-5	9.5215E-3	3.8447E-1
2.7000E-5	1.0254E-2	3.8281E-1
2.8000E-5	9.5215E-3	3.7866E-1
2.9000E-5	9.7656E-3	3.7222E-1
3.0000E-5	9.7656E-3	3.6284E-1
3.1000E-5	9.5215E-3	3.5283E-1
3.2000E-5	9.7656E-3	3.3872E-1
3.3000E-5	9.7656E-3	3.2964E-1
3.4000E-5	1.0742E-2	3.2417E-1
3.5000E-5	9.2773E-3	3.2197E-1
3.6000E-5	9.7656E-3	3.2212E-1
3.7000E-5	9.5215E-3	3.2480E-1
3.8000E-5	9.5215E-3	3.2417E-1
3.9000E-5	9.2773E-3	3.2124E-1
4.0000E-5	9.7656E-3	3.1641E-1
4.1000E-5	9.7656E-3	3.0933E-1
4.2000E-5	8.7891E-3	3.0220E-1
4.3000E-5	9.7656E-3	2.9463E-1
4.4000E-5	1.0010E-2	2.8823E-1
4.5000E-5	1.0010E-2	2.8350E-1
4.6000E-5	9.5215E-3	2.7783E-1
4.7000E-5	9.5215E-3	2.7368E-1
4.8000E-5	9.5215E-3	2.7109E-1
4.9000E-5	9.2773E-3	2.6890E-1
5.0000E-5	1.0010E-2	2.6460E-1
5.1000E-5	8.7891E-3	2.5996E-1
5.2000E-5	9.2773E-3	2.5527E-1
5.3000E-5	1.0010E-2	2.4946E-1
5.4000E-5	9.7656E-3	2.4390E-1
5.5000E-5	9.0332E-3	2.4160E-1
5.6000E-5	9.7656E-3	2.3960E-1
5.7000E-5	1.0010E-2	2.3745E-1
5.8000E-5	9.5215E-3	2.3438E-1
5.9000E-5	9.5215E-3	2.3066E-1
6.0000E-5	9.5215E-3	2.2427E-1
6.1000E-5	9.7656E-3	2.2002E-1
6.2000E-5	9.7656E-3	2.1641E-1
6.3000E-5	9.5215E-3	2.1528E-1
6.4000E-5	9.7656E-3	2.1343E-1
6.5000E-5	9.5215E-3	2.1299E-1
6.6000E-5	9.2773E-3	2.1089E-1
6.7000E-5	9.2773E-3	2.0869E-1
6.8000E-5	9.5215E-3	2.0610E-1
6.9000E-5	9.2773E-3	2.0425E-1
7.0000E-5	1.0010E-2	2.0356E-1
7.1000E-5	9.5215E-3	2.0420E-1
7.2000E-5	1.0254E-2	2.0303E-1
7.3000E-5	9.5215E-3	2.0249E-1
7.4000E-5	9.7656E-3	2.0142E-1
7.5000E-5	9.5215E-3	1.9834E-1
7.6000E-5	1.0010E-2	1.9463E-1
7.7000E-5	9.7656E-3	1.9360E-1
7.8000E-5	9.7656E-3	1.9238E-1
7.9000E-5	9.7656E-3	1.9062E-1
8.0000E-5	9.7656E-3	1.9009E-1
8.1000E-5	9.2773E-3	1.9160E-1
8.2000E-5	9.0332E-3	1.9224E-1
8.3000E-5	8.7891E-3	1.9053E-1
8.4000E-5	1.0010E-2	1.8989E-1
8.5000E-5	9.7656E-3	1.8872E-1
8.6000E-5	9.5215E-3	1.8672E-1
8.7000E-5	9.7656E-3	1.8330E-1
8.8000E-5	9.7656E-3	1.8218E-1
8.9000E-5	1.0254E-2	1.8135E-1
9.0000E-5	9.5215E-3	1.8262E-1
9.1000E-5	9.7656E-3	1.8325E-1
9.2000E-5	9.5215E-3	1.8403E-1
9.3000E-5	9.2773E-3	1.8462E-1
9.4000E-5	9.7656E-3	1.8447E-1
9.5000E-5	9.5215E-3	1.8169E-1
9.6000E-5	1.0254E-2	1.7861E-1
9.7000E-5	9.2773E-3	1.7837E-1
9.8000E-5	9.5215E-3	1.7710E-1
9.9000E-5	9.5215E-3	1.7832E-1
1.0000E-4	1.0010E-2	1.8198E-1
1.0100E-4	9.5215E-3	1.8594E-1
1.0200E-4	9.5215E-3	1.8809E-1
1.0300E-4	9.7656E-3	1.9067E-1
1.0400E-4	9.5215E-3	1.9146E-1
1.0500E-4	1.0010E-2	1.9033E-1
1.0600E-4	9.7656E-3	1.8984E-1
1.0700E-4	9.7656E-3	1.8916E-1
1.0800E-4	9.2773E-3	1.8960E-1
1.0900E-4	9.0332E-3	1.9067E-1
1.1000E-4	9.7656E-3	1.9282E-1
1.1100E-4	9.7656E-3	1.9409E-1
1.1200E-4	9.7656E-3	1.9512E-1
1.1300E-4	1.0010E-2	1.9429E-1
1.1400E-4	8.7891E-3	1.9248E-1
1.1500E-4	9.5215E-3	1.9097E-1
1.1600E-4	9.7656E-3	1.9287E-1
1.1700E-4	9.5215E-3	1.9551E-1
1.1800E-4	9.2773E-3	1.9927E-1
1.1900E-4	9.5215E-3	2.0532E-1
1.2000E-4	9.5215E-3	2.1064E-1
1.2100E-4	9.5215E-3	2.1206E-1
1.2200E-4	9.7656E-3	2.1304E-1
1.2300E-4	9.2773E-3	2.1455E-1
1.2400E-4	9.2773E-3	2.1494E-1
1.2500E-4	9.2773E-3	2.1489E-1
1.2600E-4	9.5215E-3	2.1719E-1
1.2700E-4	8.7891E-3	2.1885E-1
1.2800E-4	9.2773E-3	2.1953E-1
1.2900E-4	9.2773E-3	2.1860E-1
1.3000E-4	9.7656E-3	2.2017E-1
1.3100E-4	9.5215E-3	2.2095E-1
1.3200E-4	1.0010E-2	2.2314E-1
1.3300E-4	9.7656E-3	2.2505E-1
1.3400E-4	9.2773E-3	2.2949E-1
1.3500E-4	9.2773E-3	2.3174E-1
1.3600E-4	9.7656E-3	2.3438E-1
1.3700E-4	9.7656E-3	2.3682E-1
1.3800E-4	9.5215E-3	2.4082E-1
1.3900E-4	9.2773E-3	2.4360E-1
1.4000E-4	9.7656E-3	2.4570E-1
1.4100E-4	9.5215E-3	2.4766E-1
1.4200E-4	9.0332E-3	2.4932E-1
1.4300E-4	8.5449E-3	2.4961E-1
1.4400E-4	9.2773E-3	2.5117E-1
1.4500E-4	9.2773E-3	2.5415E-1
1.4600E-4	9.5215E-3	2.5635E-1
1.4700E-4	9.5215E-3	2.5874E-1
1.4800E-4	9.5215E-3	2.6201E-1
1.4900E-4	9.5215E-3	2.6514E-1
1.5000E-4	8.7891E-3	2.6836E-1
1.5100E-4	9.2773E-3	2.7183E-1
1.5200E-4	1.0254E-2	2.7480E-1
1.5300E-4	9.7656E-3	2.7744E-1
1.5400E-4	9.5215E-3	2.7852E-1
1.5500E-4	9.0332E-3	2.7891E-1
1.5600E-4	9.7656E-3	2.7769E-1
1.5700E-4	9.2773E-3	2.7715E-1
1.5800E-4	1.0498E-2	2.7842E-1
1.5900E-4	9.7656E-3	2.8047E-1
1.6000E-4	9.7656E-3	2.8335E-1
1.6100E-4	1.0010E-2	2.8765E-1
1.6200E-4	1.0254E-2	2.9048E-1
1.6300E-4	9.2773E-3	2.9141E-1
1.6400E-4	1.0010E-2	2.9331E-1
1.6500E-4	1.0010E-2	2.9521E-1
1.6600E-4	9.7656E-3	2.9600E-1
1.6700E-4	9.7656E-3	2.9810E-1
1.6800E-4	1.0010E-2	3.0000E-1
1.6900E-4	9.5215E-3	2.9927E-1
1.7000E-4	9.7656E-3	2.9736E-1
1.7100E-4	9.2773E-3	2.9697E-1
1.7200E-4	9.2773E-3	2.9707E-1
1.7300E-4	9.2773E-3	2.9756E-1
1.7400E-4	9.5215E-3	2.9839E-1
1.7500E-4	9.0332E-3	2.9893E-1
1.7600E-4	9.7656E-3	2.9854E-1
1.7700E-4	9.5215E-3	2.9741E-1
1.7800E-4	9.5215E-3	2.9854E-1
1.7900E-4	9.5215E-3	2.9922E-1
1.8000E-4	9.5215E-3	2.9927E-1
1.8100E-4	9.5215E-3	3.0000E-1
1.8200E-4	9.2773E-3	2.9961E-1
1.8300E-4	9.5215E-3	2.9771E-1
1.8400E-4	9.7656E-3	2.9736E-1
1.8500E-4	9.7656E-3	2.9702E-1
1.8600E-4	1.0010E-2	2.9746E-1
1.8700E-4	9.7656E-3	2.9829E-1
1.8800E-4	1.0010E-2	2.9819E-1
1.8900E-4	1.0254E-2	2.9648E-1
1.9000E-4	9.7656E-3	2.9590E-1
1.9100E-4	9.0332E-3	2.9209E-1
1.9200E-4	9.0332E-3	2.8955E-1
1.9300E-4	9.2773E-3	2.8672E-1
1.9400E-4	9.2773E-3	2.8433E-1
1.9500E-4	9.2773E-3	2.8110E-1
1.9600E-4	9.5215E-3	2.8110E-1
1.9700E-4	9.7656E-3	2.7993E-1
1.9800E-4	1.0010E-2	2.7798E-1
1.9900E-4	9.0332E-3	2.7661E-1
2.0000E-4	9.5215E-3	2.7637E-1
2.0100E-4	9.0332E-3	2.7544E-1
2.0200E-4	9.2773E-3	2.7490E-1
2.0300E-4	9.5215E-3	2.7568E-1
2.0400E-4	9.7656E-3	2.7588E-1
2.0500E-4	9.7656E-3	2.7461E-1
2.0600E-4	9.0332E-3	2.7373E-1
2.0700E-4	9.5215E-3	2.7324E-1
2.0800E-4	9.2773E-3	2.7168E-1
2.0900E-4	9.5215E-3	2.6992E-1
2.1000E-4	9.2773E-3	2.6826E-1
2.1100E-4	9.7656E-3	2.6597E-1
2.1200E-4	9.7656E-3	2.6470E-1
2.1300E-4	1.0010E-2	2.6274E-1
2.1400E-4	9.5215E-3	2.6099E-1
2.1500E-4	9.7656E-3	2.5996E-1
2.1600E-4	9.5215E-3	2.5806E-1
2.1700E-4	1.0010E-2	2.5430E-1
2.1800E-4	1.0254E-2	2.5044E-1
2.1900E-4	9.5215E-3	2.4790E-1
2.2000E-4	9.7656E-3	2.4429E-1
2.2100E-4	9.7656E-3	2.4321E-1
2.2200E-4	1.0010E-2	2.4277E-1
2.2300E-4	9.0332E-3	2.4497E-1
2.2400E-4	9.5215E-3	2.4697E-1
2.2500E-4	9.7656E-3	2.5054E-1
2.2600E-4	9.2773E-3	2.5215E-1
2.2700E-4	9.2773E-3	2.5410E-1
2.2800E-4	9.7656E-3	2.5254E-1
2.2900E-4	1.0010E-2	2.5073E-1
2.3000E-4	9.7656E-3	2.4712E-1
2.3100E-4	9.2773E-3	2.4395E-1
2.3200E-4	9.5215E-3	2.4058E-1
2.3300E-4	1.0254E-2	2.3931E-1
2.3400E-4	9.5215E-3	2.3564E-1
2.3500E-4	1.0010E-2	2.3384E-1
2.3600E-4	8.7891E-3	2.3325E-1
2.3700E-4	9.5215E-3	2.3276E-1
2.3800E-4	9.2773E-3	2.3340E-1
2.3900E-4	9.2773E-3	2.3579E-1
2.4000E-4	9.5215E-3	2.3774E-1
2.4100E-4	9.7656E-3	2.3833E-1
2.4200E-4	1.0010E-2	2.3701E-1
2.4300E-4	9.7656E-3	2.3555E-1
2.4400E-4	9.5215E-3	2.3364E-1
2.4500E-4	9.2773E-3	2.3281E-1
2.4600E-4	9.5215E-3	2.3291E-1
2.4700E-4	9.5215E-3	2.3330E-1
2.4800E-4	1.0010E-2	2.3433E-1
2.4900E-4	9.0332E-3	2.3613E-1
2.5000E-4	9.7656E-3	2.3599E-1
2.5100E-4	9.5215E-3	2.3677E-1
2.5200E-4	9.7656E-3	2.3843E-1
2.5300E-4	1.0010E-2	2.3823E-1
2.5400E-4	9.5215E-3	2.3594E-1
2.5500E-4	9.0332E-3	2.3394E-1
2.5600E-4	9.0332E-3	2.3281E-1
2.5700E-4	9.5215E-3	2.3208E-1
2.5800E-4	1.0010E-2	2.3271E-1
2.5900E-4	9.5215E-3	2.3545E-1
2.6000E-4	9.7656E-3	2.3916E-1
2.6100E-4	8.5449E-3	2.4209E-1
2.6200E-4	9.2773E-3	2.4453E-1
2.6300E-4	9.0332E-3	2.4502E-1
2.6400E-4	9.2773E-3	2.4629E-1
2.6500E-4	9.5215E-3	2.4546E-1
2.6600E-4	9.7656E-3	2.4199E-1
2.6700E-4	9.2773E-3	2.3945E-1
2.6800E-4	9.0332E-3	2.3735E-1
2.6900E-4	9.5215E-3	2.3696E-1
2.7000E-4	1.0010E-2	2.3755E-1
2.7100E-4	9.5215E-3	2.4165E-1
2.7200E-4	9.0332E-3	2.4639E-1
2.7300E-4	9.7656E-3	2.5264E-1
2.7400E-4	1.0010E-2	2.5732E-1
2.7500E-4	9.5215E-3	2.6206E-1
2.7600E-4	1.0010E-2	2.6309E-1
2.7700E-4	9.7656E-3	2.6274E-1
2.7800E-4	9.7656E-3	2.6182E-1
2.7900E-4	9.5215E-3	2.5957E-1
2.8000E-4	1.0254E-2	2.5703E-1
2.8100E-4	1.0010E-2	2.5635E-1
2.8200E-4	9.7656E-3	2.5552E-1
2.8300E-4	9.5215E-3	2.5479E-1
2.8400E-4	9.5215E-3	2.5513E-1
2.8500E-4	9.7656E-3	2.5806E-1
2.8600E-4	9.7656E-3	2.6030E-1
2.8700E-4	9.7656E-3	2.6235E-1
2.8800E-4	9.5215E-3	2.6558E-1
2.8900E-4	9.7656E-3	2.6987E-1
2.9000E-4	9.7656E-3	2.7319E-1
2.9100E-4	9.5215E-3	2.7764E-1
2.9200E-4	9.2773E-3	2.8188E-1
2.9300E-4	9.7656E-3	2.8428E-1
2.9400E-4	1.0010E-2	2.8491E-1
2.9500E-4	9.2773E-3	2.8672E-1
2.9600E-4	1.0010E-2	2.8618E-1
2.9700E-4	9.5215E-3	2.8633E-1
2.9800E-4	9.5215E-3	2.8760E-1
2.9900E-4	9.0332E-3	2.8809E-1
3.0000E-4	9.0332E-3	2.8608E-1
3.0100E-4	9.2773E-3	2.8599E-1
3.0200E-4	9.7656E-3	2.8564E-1
3.0300E-4	9.5215E-3	2.8516E-1
3.0400E-4	9.7656E-3	2.8579E-1
3.0500E-4	9.5215E-3	2.8794E-1
3.0600E-4	9.5215E-3	2.8984E-1
3.0700E-4	9.2773E-3	2.9243E-1
3.0800E-4	1.0010E-2	2.9546E-1
3.0900E-4	9.5215E-3	2.9834E-1
3.1000E-4	9.5215E-3	3.0244E-1
3.1100E-4	9.0332E-3	3.0596E-1
3.1200E-4	9.7656E-3	3.0894E-1
3.1300E-4	9.7656E-3	3.1152E-1
3.1400E-4	9.5215E-3	3.1191E-1
3.1500E-4	9.2773E-3	3.1079E-1
3.1600E-4	9.7656E-3	3.1235E-1
3.1700E-4	1.0254E-2	3.1294E-1
3.1800E-4	9.2773E-3	3.1455E-1
3.1900E-4	9.5215E-3	3.1792E-1
3.2000E-4	9.7656E-3	3.2061E-1
3.2100E-4	9.7656E-3	3.1982E-1
3.2200E-4	9.2773E-3	3.1890E-1
3.2300E-4	9.5215E-3	3.1743E-1
3.2400E-4	9.5215E-3	3.1719E-1
3.2500E-4	9.2773E-3	3.1670E-1
3.2600E-4	9.2773E-3	3.1626E-1
3.2700E-4	9.0332E-3	3.1631E-1
3.2800E-4	9.7656E-3	3.1675E-1
3.2900E-4	9.5215E-3	3.1470E-1
3.3000E-4	9.2773E-3	3.1274E-1
3.3100E-4	9.0332E-3	3.1147E-1
3.3200E-4	9.5215E-3	3.0962E-1
3.3300E-4	1.0010E-2	3.0679E-1
3.3400E-4	9.7656E-3	3.0713E-1
3.3500E-4	1.0010E-2	3.0840E-1
3.3600E-4	1.0010E-2	3.0967E-1
3.3700E-4	1.0010E-2	3.1143E-1
3.3800E-4	9.7656E-3	3.1411E-1
3.3900E-4	9.7656E-3	3.1509E-1
3.4000E-4	9.0332E-3	3.1465E-1
3.4100E-4	1.0254E-2	3.1353E-1
3.4200E-4	1.0254E-2	3.1270E-1
3.4300E-4	1.0254E-2	3.0903E-1
3.4400E-4	9.5215E-3	3.0464E-1
3.4500E-4	1.0254E-2	3.0166E-1
3.4600E-4	9.2773E-3	2.9976E-1
3.4700E-4	8.7891E-3	2.9810E-1
3.4800E-4	9.7656E-3	2.9761E-1
3.4900E-4	9.0332E-3	2.9780E-1
3.5000E-4	9.0332E-3	2.9800E-1
3.5100E-4	9.2773E-3	2.9482E-1
3.5200E-4	1.0254E-2	2.9028E-1
3.5300E-4	9.7656E-3	2.8506E-1
3.5400E-4	9.2773E-3	2.8013E-1
3.5500E-4	9.2773E-3	2.7437E-1
3.5600E-4	8.7891E-3	2.7090E-1
3.5700E-4	9.7656E-3	2.6982E-1
3.5800E-4	9.7656E-3	2.6929E-1
3.5900E-4	9.7656E-3	2.6929E-1
3.6000E-4	9.2773E-3	2.7002E-1
3.6100E-4	1.0010E-2	2.7065E-1
3.6200E-4	9.5215E-3	2.6997E-1
3.6300E-4	9.7656E-3	2.7031E-1
3.6400E-4	9.2773E-3	2.6982E-1
3.6500E-4	9.5215E-3	2.6768E-1
3.6600E-4	1.0010E-2	2.6411E-1
3.6700E-4	9.2773E-3	2.5996E-1
3.6800E-4	9.2773E-3	2.5469E-1
3.6900E-4	1.0254E-2	2.5127E-1
3.7000E-4	1.0010E-2	2.4854E-1
3.7100E-4	9.2773E-3	2.4932E-1
3.7200E-4	1.0254E-2	2.4810E-1
3.7300E-4	9.2773E-3	2.4727E-1
3.7400E-4	9.0332E-3	2.4463E-1
3.7500E-4	9.5215E-3	2.4302E-1
3.7600E-4	1.0010E-2	2.3867E-1
3.7700E-4	1.0010E-2	2.3672E-1
3.7800E-4	1.0254E-2	2.3569E-1
3.7900E-4	9.7656E-3	2.3564E-1
3.8000E-4	9.0332E-3	2.3379E-1
3.8100E-4	1.0498E-2	2.3286E-1
3.8200E-4	9.2773E-3	2.3169E-1
3.8300E-4	9.5215E-3	2.2915E-1
3.8400E-4	1.0010E-2	2.2700E-1
3.8500E-4	9.7656E-3	2.2573E-1
3.8600E-4	9.7656E-3	2.2368E-1
3.8700E-4	9.5215E-3	2.2402E-1
3.8800E-4	9.7656E-3	2.2427E-1
3.8900E-4	1.0010E-2	2.2305E-1
3.9000E-4	9.5215E-3	2.2061E-1
3.9100E-4	9.5215E-3	2.2109E-1
3.9200E-4	9.7656E-3	2.2056E-1
3.9300E-4	9.7656E-3	2.2012E-1
3.9400E-4	9.7656E-3	2.2095E-1
3.9500E-4	9.5215E-3	2.2261E-1
3.9600E-4	1.0010E-2	2.2373E-1
3.9700E-4	9.7656E-3	2.2417E-1
3.9800E-4	1.0010E-2	2.2510E-1
3.9900E-4	8.7891E-3	2.2407E-1
4.0000E-4	9.5215E-3	2.2319E-1
4.0100E-4	9.5215E-3	2.2251E-1
4.0200E-4	9.7656E-3	2.2109E-1
4.0300E-4	9.2773E-3	2.1909E-1
4.0400E-4	1.0010E-2	2.1792E-1
4.0500E-4	1.0498E-2	2.1709E-1
4.0600E-4	9.2773E-3	2.1587E-1
4.0700E-4	9.5215E-3	2.1372E-1
4.0800E-4	9.5215E-3	2.1274E-1
4.0900E-4	9.5215E-3	2.1289E-1
4.1000E-4	9.2773E-3	2.1313E-1
4.1100E-4	9.0332E-3	2.1294E-1
4.1200E-4	1.0498E-2	2.1499E-1
4.1300E-4	9.5215E-3	2.1729E-1
4.1400E-4	9.5215E-3	2.1914E-1
4.1500E-4	9.7656E-3	2.2139E-1
4.1600E-4	9.2773E-3	2.2280E-1
4.1700E-4	1.0010E-2	2.2231E-1
4.1800E-4	9.7656E-3	2.2290E-1
4.1900E-4	9.5215E-3	2.2383E-1
4.2000E-4	9.2773E-3	2.2505E-1
4.2100E-4	1.0010E-2	2.2700E-1
4.2200E-4	1.0254E-2	2.3140E-1
4.2300E-4	8.5449E-3	2.3413E-1
4.2400E-4	1.0010E-2	2.3657E-1
4.2500E-4	9.5215E-3	2.3857E-1
4.2600E-4	9.7656E-3	2.3916E-1
4.2700E-4	9.2773E-3	2.3711E-1
4.2800E-4	1.0010E-2	2.3618E-1
4.2900E-4	9.7656E-3	2.3545E-1
4.3000E-4	9.2773E-3	2.3374E-1
4.3100E-4	9.5215E-3	2.3521E-1
4.3200E-4	9.5215E-3	2.3984E-1
4.3300E-4	9.5215E-3	2.4443E-1
4.3400E-4	9.2773E-3	2.4922E-1
4.3500E-4	9.5215E-3	2.5498E-1
4.3600E-4	9.5215E-3	2.5908E-1
4.3700E-4	1.0010E-2	2.6255E-1
4.3800E-4	9.2773E-3	2.6611E-1
4.3900E-4	9.5215E-3	2.6875E-1
4.4000E-4	9.5215E-3	2.7119E-1
4.4100E-4	9.5215E-3	2.7339E-1
4.4200E-4	9.7656E-3	2.7603E-1
4.4300E-4	9.7656E-3	2.7817E-1
4.4400E-4	8.5449E-3	2.8027E-1
4.4500E-4	9.2773E-3	2.8354E-1
4.4600E-4	9.2773E-3	2.8745E-1
4.4700E-4	9.2773E-3	2.9126E-1
4.4800E-4	9.0332E-3	2.9380E-1
4.4900E-4	9.7656E-3	2.9668E-1
4.5000E-4	9.2773E-3	2.9858E-1
4.5100E-4	9.5215E-3	2.9912E-1
4.5200E-4	1.0498E-2	2.9893E-1
4.5300E-4	1.0254E-2	2.9951E-1
4.5400E-4	1.0010E-2	3.0190E-1
4.5500E-4	9.2773E-3	3.0684E-1
4.5600E-4	9.2773E-3	3.1348E-1
4.5700E-4	9.7656E-3	3.2241E-1
4.5800E-4	1.0010E-2	3.3296E-1
4.5900E-4	8.3008E-3	3.4004E-1
4.6000E-4	9.5215E-3	3.4541E-1
4.6100E-4	1.0498E-2	3.5117E-1
4.6200E-4	9.5215E-3	3.5391E-1
4.6300E-4	9.5215E-3	3.5649E-1
4.6400E-4	1.0254E-2	3.6201E-1
4.6500E-4	9.0332E-3	3.6792E-1
4.6600E-4	9.5215E-3	3.7324E-1
4.6700E-4	9.7656E-3	3.7983E-1
4.6800E-4	9.5215E-3	3.8740E-1
4.6900E-4	1.0010E-2	3.9351E-1
4.7000E-4	9.5215E-3	3.9858E-1
4.7100E-4	9.7656E-3	4.0283E-1
4.7200E-4	9.5215E-3	4.0654E-1
4.7300E-4	9.2773E-3	4.0830E-1
4.7400E-4	9.5215E-3	4.1099E-1
4.7500E-4	8.7891E-3	4.1479E-1
4.7600E-4	9.5215E-3	4.2085E-1
4.7700E-4	9.7656E-3	4.2759E-1
4.7800E-4	9.2773E-3	4.3262E-1
4.7900E-4	9.2773E-3	4.3604E-1
4.8000E-4	1.0010E-2	4.3975E-1
4.8100E-4	1.0010E-2	4.4077E-1
4.8200E-4	1.0010E-2	4.4292E-1
4.8300E-4	9.0332E-3	4.4668E-1
4.8400E-4	9.2773E-3	4.5127E-1
4.8500E-4	9.2773E-3	4.5454E-1
4.8600E-4	9.5215E-3	4.5801E-1
4.8700E-4	1.0254E-2	4.6016E-1
4.8800E-4	9.5215E-3	4.6094E-1
4.8900E-4	9.2773E-3	4.6108E-1
4.9000E-4	1.0010E-2	4.6143E-1
4.9100E-4	9.7656E-3	4.6030E-1
4.9200E-4	9.2773E-3	4.5806E-1
4.9300E-4	9.7656E-3	4.5679E-1
4.9400E-4	9.5215E-3	4.5552E-1
4.9500E-4	9.5215E-3	4.5615E-1
4.9600E-4	9.2773E-3	4.5747E-1
4.9700E-4	1.0010E-2	4.5811E-1
4.9800E-4	1.0010E-2	4.5713E-1
4.9900E-4	9.5215E-3	4.5605E-1
5.0000E-4	9.5215E-3	4.5474E-1
5.0100E-4	9.2773E-3	4.5366E-1
5.0200E-4	9.2773E-3	4.5352E-1
5.0300E-4	9.2773E-3	4.5454E-1
5.0400E-4	9.2773E-3	4.5728E-1
5.0500E-4	9.7656E-3	4.5801E-1
5.0600E-4	1.0010E-2	4.6064E-1
5.0700E-4	9.7656E-3	4.6348E-1
5.0800E-4	1.0010E-2	4.6470E-1
5.0900E-4	9.7656E-3	4.6411E-1
5.1000E-4	9.5215E-3	4.6245E-1
5.1100E-4	9.0332E-3	4.5884E-1
5.1200E-4	1.0010E-2	4.5244E-1
5.1300E-4	1.0010E-2	4.4790E-1
5.1400E-4	9.5215E-3	4.4438E-1
5.1500E-4	9.2773E-3	4.4131E-1
5.1600E-4	9.2773E-3	4.4058E-1
5.1700E-4	9.5215E-3	4.4282E-1
5.1800E-4	9.7656E-3	4.4390E-1
5.1900E-4	9.5215E-3	4.4185E-1
5.2000E-4	1.0010E-2	4.3691E-1
5.2100E-4	9.5215E-3	4.3022E-1
5.2200E-4	9.7656E-3	4.2246E-1
5.2300E-4	9.7656E-3	4.1563E-1
5.2400E-4	9.7656E-3	4.1079E-1
5.2500E-4	1.0010E-2	4.0811E-1
5.2600E-4	9.2773E-3	4.0659E-1
5.2700E-4	9.7656E-3	4.0454E-1
5.2800E-4	1.0254E-2	4.0088E-1
5.2900E-4	1.0254E-2	3.9624E-1
5.3000E-4	9.2773E-3	3.9126E-1
5.3100E-4	9.0332E-3	3.8408E-1
5.3200E-4	9.7656E-3	3.7720E-1
5.3300E-4	9.5215E-3	3.7017E-1
5.3400E-4	1.0498E-2	3.6304E-1
5.3500E-4	9.2773E-3	3.5645E-1
5.3600E-4	1.0010E-2	3.5059E-1
5.3700E-4	9.2773E-3	3.4463E-1
5.3800E-4	1.0010E-2	3.4038E-1
5.3900E-4	9.0332E-3	3.3623E-1
5.4000E-4	9.7656E-3	3.3281E-1
5.4100E-4	9.7656E-3	3.2739E-1
5.4200E-4	9.5215E-3	3.2285E-1
5.4300E-4	9.7656E-3	3.1753E-1
5.4400E-4	9.5215E-3	3.1162E-1
5.4500E-4	9.5215E-3	3.0488E-1
5.4600E-4	9.7656E-3	2.9883E-1
5.4700E-4	9.5215E-3	2.9082E-1
5.4800E-4	1.0254E-2	2.8286E-1
5.4900E-4	9.7656E-3	2.7700E-1
5.5000E-4	9.5215E-3	2.7271E-1
5.5100E-4	9.2773E-3	2.7007E-1
5.5200E-4	9.0332E-3	2.6826E-1
5.5300E-4	9.7656E-3	2.6680E-1
5.5400E-4	9.5215E-3	2.6450E-1
5.5500E-4	9.2773E-3	2.6187E-1
5.5600E-4	9.5215E-3	2.5869E-1
5.5700E-4	9.7656E-3	2.5659E-1
5.5800E-4	9.5215E-3	2.5391E-1
5.5900E-4	9.7656E-3	2.5220E-1
5.6000E-4	9.2773E-3	2.5083E-1
5.6100E-4	9.5215E-3	2.5049E-1
5.6200E-4	9.5215E-3	2.4863E-1
5.6300E-4	1.0010E-2	2.4541E-1
5.6400E-4	1.0010E-2	2.4004E-1
5.6500E-4	9.5215E-3	2.3359E-1
5.6600E-4	9.7656E-3	2.2739E-1
5.6700E-4	9.5215E-3	2.2378E-1
5.6800E-4	1.0010E-2	2.2183E-1
5.6900E-4	9.0332E-3	2.2026E-1
5.7000E-4	1.0010E-2	2.1816E-1
5.7100E-4	9.7656E-3	2.1548E-1
5.7200E-4	1.0498E-2	2.1050E-1
5.7300E-4	9.7656E-3	2.0708E-1
5.7400E-4	9.7656E-3	2.0557E-1
5.7500E-4	9.0332E-3	2.0693E-1
5.7600E-4	9.7656E-3	2.0874E-1
5.7700E-4	9.7656E-3	2.1143E-1
5.7800E-4	9.7656E-3	2.1270E-1
5.7900E-4	9.2773E-3	2.1357E-1
5.8000E-4	9.5215E-3	2.1284E-1
5.8100E-4	9.7656E-3	2.1304E-1
5.8200E-4	9.5215E-3	2.1206E-1
5.8300E-4	9.7656E-3	2.1084E-1
5.8400E-4	9.7656E-3	2.0737E-1
5.8500E-4	9.2773E-3	2.0371E-1
5.8600E-4	1.0010E-2	1.9849E-1
5.8700E-4	9.5215E-3	1.9536E-1
5.8800E-4	1.0010E-2	1.9458E-1
5.8900E-4	9.2773E-3	1.9790E-1
5.9000E-4	9.2773E-3	2.0176E-1
5.9100E-4	1.0254E-2	2.0664E-1
5.9200E-4	1.0010E-2	2.1079E-1
5.9300E-4	9.2773E-3	2.1338E-1
5.9400E-4	9.5215E-3	2.1270E-1
5.9500E-4	9.5215E-3	2.1021E-1
5.9600E-4	9.2773E-3	2.0703E-1
5.9700E-4	1.0254E-2	2.0337E-1
5.9800E-4	1.0254E-2	1.9878E-1
5.9900E-4	1.0010E-2	1.9536E-1
6.0000E-4	9.5215E-3	1.9116E-1
6.0100E-4	9.7656E-3	1.8936E-1
6.0200E-4	1.0010E-2	1.8945E-1
6.0300E-4	9.5215E-3	1.9180E-1
6.0400E-4	1.0254E-2	1.9561E-1
6.0500E-4	1.0010E-2	2.0220E-1
6.0600E-4	9.2773E-3	2.0566E-1
6.0700E-4	9.7656E-3	2.0830E-1
6.0800E-4	9.2773E-3	2.0942E-1
6.0900E-4	9.2773E-3	2.0894E-1
6.1000E-4	9.5215E-3	2.0698E-1
6.1100E-4	9.5215E-3	2.0596E-1
6.1200E-4	9.5215E-3	2.0469E-1
6.1300E-4	9.0332E-3	2.0215E-1
6.1400E-4	9.7656E-3	2.0034E-1
6.1500E-4	9.5215E-3	2.0103E-1
6.1600E-4	9.7656E-3	2.0234E-1
6.1700E-4	1.0254E-2	2.0400E-1
6.1800E-4	9.7656E-3	2.0811E-1
6.1900E-4	9.2773E-3	2.1362E-1
6.2000E-4	9.5215E-3	2.1738E-1
6.2100E-4	9.5215E-3	2.2002E-1
6.2200E-4	9.5215E-3	2.2212E-1
6.2300E-4	9.2773E-3	2.2285E-1
6.2400E-4	9.5215E-3	2.2168E-1
6.2500E-4	1.0254E-2	2.2202E-1
6.2600E-4	9.5215E-3	2.2373E-1
6.2700E-4	9.2773E-3	2.2563E-1
6.2800E-4	9.7656E-3	2.2729E-1
6.2900E-4	1.0254E-2	2.2954E-1
6.3000E-4	1.0010E-2	2.3169E-1
6.3100E-4	9.2773E-3	2.3389E-1
6.3200E-4	9.7656E-3	2.3682E-1
6.3300E-4	9.5215E-3	2.3994E-1
6.3400E-4	9.5215E-3	2.4268E-1
6.3500E-4	1.0254E-2	2.4341E-1
6.3600E-4	9.5215E-3	2.4204E-1
6.3700E-4	1.0010E-2	2.4077E-1
6.3800E-4	9.5215E-3	2.3965E-1
6.3900E-4	9.2773E-3	2.4102E-1
6.4000E-4	9.5215E-3	2.4521E-1
6.4100E-4	1.0010E-2	2.4941E-1
6.4200E-4	1.0254E-2	2.5459E-1
6.4300E-4	9.2773E-3	2.6230E-1
6.4400E-4	1.0010E-2	2.6616E-1
6.4500E-4	9.7656E-3	2.6787E-1
6.4600E-4	9.7656E-3	2.6978E-1
6.4700E-4	9.5215E-3	2.7056E-1
6.4800E-4	1.0010E-2	2.6953E-1
6.4900E-4	9.2773E-3	2.7036E-1
6.5000E-4	9.5215E-3	2.7305E-1
6.5100E-4	9.7656E-3	2.7788E-1
6.5200E-4	9.5215E-3	2.8247E-1
6.5300E-4	9.7656E-3	2.8638E-1
6.5400E-4	1.0254E-2	2.9097E-1
6.5500E-4	1.0010E-2	2.9385E-1
6.5600E-4	1.0254E-2	2.9561E-1
6.5700E-4	1.0498E-2	2.9590E-1
6.5800E-4	9.5215E-3	2.9575E-1
6.5900E-4	8.7891E-3	2.9404E-1
6.6000E-4	9.5215E-3	2.9194E-1
6.6100E-4	9.5215E-3	2.8979E-1
6.6200E-4	1.0010E-2	2.8872E-1
6.6300E-4	9.5215E-3	2.8706E-1
6.6400E-4	9.5215E-3	2.8774E-1
6.6500E-4	9.7656E-3	2.8906E-1
6.6600E-4	9.2773E-3	2.8970E-1
6.6700E-4	1.0010E-2	2.9146E-1
6.6800E-4	9.5215E-3	2.9624E-1
6.6900E-4	9.7656E-3	3.0010E-1
6.7000E-4	9.2773E-3	3.0278E-1
6.7100E-4	9.7656E-3	3.0439E-1
6.7200E-4	9.7656E-3	3.0425E-1
6.7300E-4	1.0010E-2	3.0303E-1
6.7400E-4	1.0254E-2	3.0122E-1
6.7500E-4	9.2773E-3	3.0249E-1
6.7600E-4	9.7656E-3	3.0396E-1
6.7700E-4	1.0010E-2	3.0552E-1
6.7800E-4	1.0498E-2	3.0615E-1
6.7900E-4	9.0332E-3	3.0566E-1
6.8000E-4	1.0010E-2	3.0195E-1
6.8100E-4	9.7656E-3	2.9834E-1
6.8200E-4	9.5215E-3	2.9639E-1
6.8300E-4	1.0010E-2	2.9595E-1
6.8400E-4	9.5215E-3	2.9531E-1
6.8500E-4	9.5215E-3	2.9463E-1
6.8600E-4	9.0332E-3	2.9551E-1
6.8700E-4	1.0010E-2	2.9395E-1
6.8800E-4	1.0010E-2	2.9180E-1
6.8900E-4	9.7656E-3	2.9033E-1
6.9000E-4	1.0010E-2	2.8989E-1
6.9100E-4	1.0742E-2	2.8828E-1
6.9200E-4	9.2773E-3	2.8916E-1
6.9300E-4	9.7656E-3	2.8984E-1
6.9400E-4	1.0254E-2	2.9092E-1
6.9500E-4	9.5215E-3	2.9175E-1
6.9600E-4	9.2773E-3	2.9214E-1
6.9700E-4	9.5215E-3	2.9150E-1
6.9800E-4	9.0332E-3	2.9028E-1
6.9900E-4	9.2773E-3	2.8896E-1
7.0000E-4	1.0254E-2	2.8638E-1
7.0100E-4	9.7656E-3	2.8428E-1
7.0200E-4	1.0254E-2	2.8193E-1
7.0300E-4	9.2773E-3	2.7930E-1
7.0400E-4	1.0254E-2	2.7676E-1
7.0500E-4	9.5215E-3	2.7568E-1
7.0600E-4	9.2773E-3	2.7451E-1
7.0700E-4	8.7891E-3	2.7183E-1
7.0800E-4	9.5215E-3	2.7070E-1
7.0900E-4	9.7656E-3	2.6958E-1
7.1000E-4	9.7656E-3	2.6870E-1
7.1100E-4	9.2773E-3	2.6772E-1
7.1200E-4	9.7656E-3	2.6792E-1
7.1300E-4	9.2773E-3	2.6543E-1
7.1400E-4	9.5215E-3	2.6421E-1
7.1500E-4	9.2773E-3	2.6328E-1
7.1600E-4	1.0010E-2	2.6206E-1
7.1700E-4	1.0498E-2	2.6196E-1
7.1800E-4	9.7656E-3	2.6421E-1
7.1900E-4	9.7656E-3	2.6567E-1
7.2000E-4	9.5215E-3	2.6504E-1
7.2100E-4	9.2773E-3	2.6519E-1
7.2200E-4	9.2773E-3	2.6504E-1
7.2300E-4	1.0254E-2	2.6284E-1
7.2400E-4	9.7656E-3	2.6147E-1
7.2500E-4	9.0332E-3	2.6211E-1
7.2600E-4	9.5215E-3	2.6094E-1
7.2700E-4	9.7656E-3	2.5908E-1
7.2800E-4	9.7656E-3	2.5864E-1
7.2900E-4	9.2773E-3	2.5571E-1
7.3000E-4	9.7656E-3	2.5254E-1
7.3100E-4	9.0332E-3	2.5049E-1
7.3200E-4	9.7656E-3	2.4834E-1
7.3300E-4	9.7656E-3	2.4658E-1
7.3400E-4	9.7656E-3	2.4663E-1
7.3500E-4	9.5215E-3	2.4570E-1
7.3600E-4	1.0010E-2	2.4453E-1
7.3700E-4	1.0010E-2	2.4375E-1
7.3800E-4	9.7656E-3	2.4072E-1
7.3900E-4	9.2773E-3	2.3813E-1
7.4000E-4	9.0332E-3	2.3828E-1
7.4100E-4	9.7656E-3	2.4092E-1
7.4200E-4	8.7891E-3	2.4458E-1
7.4300E-4	9.5215E-3	2.5010E-1
7.4400E-4	9.7656E-3	2.5327E-1
7.4500E-4	9.2773E-3	2.5361E-1
7.4600E-4	9.5215E-3	2.5171E-1
7.4700E-4	9.7656E-3	2.4868E-1
7.4800E-4	9.5215E-3	2.4390E-1
7.4900E-4	9.7656E-3	2.3921E-1
7.5000E-4	9.5215E-3	2.3662E-1
7.5100E-4	9.5215E-3	2.3564E-1
7.5200E-4	9.5215E-3	2.3379E-1
7.5300E-4	1.0010E-2	2.3462E-1
7.5400E-4	9.5215E-3	2.3613E-1
7.5500E-4	9.2773E-3	2.3691E-1
7.5600E-4	1.0010E-2	2.3789E-1
7.5700E-4	9.2773E-3	2.4009E-1
7.5800E-4	9.0332E-3	2.4077E-1
7.5900E-4	9.5215E-3	2.4224E-1
7.6000E-4	9.5215E-3	2.4443E-1
7.6100E-4	9.2773E-3	2.4697E-1
7.6200E-4	1.0010E-2	2.4810E-1
7.6300E-4	9.2773E-3	2.5063E-1
7.6400E-4	9.5215E-3	2.5264E-1
7.6500E-4	9.2773E-3	2.5396E-1
7.6600E-4	9.5215E-3	2.5303E-1
7.6700E-4	1.0010E-2	2.5200E-1
7.6800E-4	9.2773E-3	2.5156E-1
7.6900E-4	9.2773E-3	2.5151E-1
7.7000E-4	9.0332E-3	2.5054E-1
7.7100E-4	9.2773E-3	2.5010E-1
7.7200E-4	1.0010E-2	2.5181E-1
7.7300E-4	9.2773E-3	2.5293E-1
7.7400E-4	9.0332E-3	2.5415E-1
7.7500E-4	9.2773E-3	2.5605E-1
7.7600E-4	1.0010E-2	2.5806E-1
7.7700E-4	9.2773E-3	2.5942E-1
7.7800E-4	9.5215E-3	2.6162E-1
7.7900E-4	9.2773E-3	2.6387E-1
7.8000E-4	1.0010E-2	2.6587E-1
7.8100E-4	9.5215E-3	2.6802E-1
7.8200E-4	9.7656E-3	2.7178E-1
7.8300E-4	1.0010E-2	2.7310E-1
7.8400E-4	9.5215E-3	2.7407E-1
7.8500E-4	9.5215E-3	2.7627E-1
7.8600E-4	1.0010E-2	2.7915E-1
7.8700E-4	9.5215E-3	2.8032E-1
7.8800E-4	9.5215E-3	2.8267E-1
7.8900E-4	9.7656E-3	2.8647E-1
7.9000E-4	8.7891E-3	2.8799E-1
7.9100E-4	1.0010E-2	2.8984E-1
7.9200E-4	9.7656E-3	2.9121E-1
7.9300E-4	9.5215E-3	2.9214E-1
7.9400E-4	9.2773E-3	2.9380E-1
7.9500E-4	9.2773E-3	2.9546E-1
7.9600E-4	9.5215E-3	2.9644E-1
7.9700E-4	1.0010E-2	2.9897E-1
7.9800E-4	1.0254E-2	3.0166E-1
7.9900E-4	9.2773E-3	3.0215E-1
8.0000E-4	9.5215E-3	3.0396E-1
8.0100E-4	1.0010E-2	3.0625E-1
8.0200E-4	9.2773E-3	3.0684E-1
8.0300E-4	9.0332E-3	3.0728E-1
8.0400E-4	8.7891E-3	3.0869E-1
8.0500E-4	9.5215E-3	3.1113E-1
8.0600E-4	9.7656E-3	3.1372E-1
8.0700E-4	9.7656E-3	3.1733E-1
8.0800E-4	9.5215E-3	3.2192E-1
8.0900E-4	1.0254E-2	3.2544E-1
8.1000E-4	9.5215E-3	3.2734E-1
8.1100E-4	9.5215E-3	3.2905E-1
8.1200E-4	9.5215E-3	3.3042E-1
8.1300E-4	9.5215E-3	3.3052E-1
8.1400E-4	9.7656E-3	3.3120E-1
8.1500E-4	9.5215E-3	3.3145E-1
8.1600E-4	8.7891E-3	3.2983E-1
8.1700E-4	1.0010E-2	3.2793E-1
8.1800E-4	1.0010E-2	3.2593E-1
8.1900E-4	9.0332E-3	3.2388E-1
8.2000E-4	9.5215E-3	3.2100E-1
8.2100E-4	1.0010E-2	3.2046E-1
8.2200E-4	9.2773E-3	3.1924E-1
8.2300E-4	9.0332E-3	3.1885E-1
8.2400E-4	1.0010E-2	3.1807E-1
8.2500E-4	9.7656E-3	3.1924E-1
8.2600E-4	1.0498E-2	3.2051E-1
8.2700E-4	9.7656E-3	3.2227E-1
8.2800E-4	9.7656E-3	3.2310E-1
8.2900E-4	1.0010E-2	3.2495E-1
8.3000E-4	9.0332E-3	3.2598E-1
8.3100E-4	9.5215E-3	3.2612E-1
8.3200E-4	9.2773E-3	3.2886E-1
8.3300E-4	1.0010E-2	3.3013E-1
8.3400E-4	9.7656E-3	3.2900E-1
8.3500E-4	9.7656E-3	3.2803E-1
8.3600E-4	9.7656E-3	3.2598E-1
8.3700E-4	9.7656E-3	3.2168E-1
8.3800E-4	1.0010E-2	3.1938E-1
8.3900E-4	9.7656E-3	3.1846E-1
8.4000E-4	1.0010E-2	3.1772E-1
8.4100E-4	1.0010E-2	3.1782E-1
8.4200E-4	9.5215E-3	3.1685E-1
8.4300E-4	9.7656E-3	3.1455E-1
8.4400E-4	9.5215E-3	3.1245E-1
8.4500E-4	9.7656E-3	3.0942E-1
8.4600E-4	1.0010E-2	3.0630E-1
8.4700E-4	9.2773E-3	3.0425E-1
8.4800E-4	1.0010E-2	3.0337E-1
8.4900E-4	9.7656E-3	3.0107E-1
8.5000E-4	9.7656E-3	3.0054E-1
8.5100E-4	9.5215E-3	3.0098E-1
8.5200E-4	9.5215E-3	3.0146E-1
8.5300E-4	1.0010E-2	3.0186E-1
8.5400E-4	1.0010E-2	3.0347E-1
8.5500E-4	8.7891E-3	3.0405E-1
8.5600E-4	9.7656E-3	3.0381E-1
8.5700E-4	9.7656E-3	3.0088E-1
8.5800E-4	9.2773E-3	2.9712E-1
8.5900E-4	9.5215E-3	2.9185E-1
8.6000E-4	9.5215E-3	2.8613E-1
8.6100E-4	9.5215E-3	2.8062E-1
8.6200E-4	9.7656E-3	2.7715E-1
8.6300E-4	1.0498E-2	2.7383E-1
8.6400E-4	1.0498E-2	2.7173E-1
8.6500E-4	1.0010E-2	2.7007E-1
8.6600E-4	9.7656E-3	2.6748E-1
8.6700E-4	9.7656E-3	2.6357E-1
8.6800E-4	9.5215E-3	2.6143E-1
8.6900E-4	9.2773E-3	2.5918E-1
8.7000E-4	9.7656E-3	2.5669E-1
8.7100E-4	1.0010E-2	2.5430E-1
8.7200E-4	9.5215E-3	2.5405E-1
8.7300E-4	1.0254E-2	2.5317E-1
8.7400E-4	1.0010E-2	2.5254E-1
8.7500E-4	9.2773E-3	2.5308E-1
8.7600E-4	9.5215E-3	2.5200E-1
8.7700E-4	1.0254E-2	2.5171E-1
8.7800E-4	9.2773E-3	2.5239E-1
8.7900E-4	1.0010E-2	2.5093E-1
8.8000E-4	9.2773E-3	2.4746E-1
8.8100E-4	9.7656E-3	2.4697E-1
8.8200E-4	9.5215E-3	2.4375E-1
8.8300E-4	9.0332E-3	2.3848E-1
8.8400E-4	9.5215E-3	2.3560E-1
8.8500E-4	9.2773E-3	2.3413E-1
8.8600E-4	9.5215E-3	2.3198E-1
8.8700E-4	9.5215E-3	2.3115E-1
8.8800E-4	9.7656E-3	2.3096E-1
8.8900E-4	1.0254E-2	2.3154E-1
8.9000E-4	9.5215E-3	2.3120E-1
8.9100E-4	9.2773E-3	2.3188E-1
8.9200E-4	1.0010E-2	2.3125E-1
8.9300E-4	9.5215E-3	2.3071E-1
8.9400E-4	9.7656E-3	2.2896E-1
8.9500E-4	9.0332E-3	2.2686E-1
8.9600E-4	9.0332E-3	2.2480E-1
8.9700E-4	9.5215E-3	2.2310E-1
8.9800E-4	9.0332E-3	2.2168E-1
8.9900E-4	1.0010E-2	2.2046E-1
9.0000E-4	9.2773E-3	2.2275E-1
9.0100E-4	9.7656E-3	2.2319E-1
9.0200E-4	9.5215E-3	2.2422E-1
9.0300E-4	8.7891E-3	2.2515E-1
9.0400E-4	9.2773E-3	2.2793E-1
9.0500E-4	9.5215E-3	2.2793E-1
9.0600E-4	9.5215E-3	2.2812E-1
9.0700E-4	9.7656E-3	2.2837E-1
9.0800E-4	9.5215E-3	2.2656E-1
9.0900E-4	9.7656E-3	2.2227E-1
9.1000E-4	9.7656E-3	2.1948E-1
9.1100E-4	1.0010E-2	2.1812E-1
9.1200E-4	9.5215E-3	2.1870E-1
9.1300E-4	1.0010E-2	2.2007E-1
9.1400E-4	9.2773E-3	2.2261E-1
9.1500E-4	8.5449E-3	2.2500E-1
9.1600E-4	9.5215E-3	2.2769E-1
9.1700E-4	9.2773E-3	2.2695E-1
9.1800E-4	9.5215E-3	2.2896E-1
9.1900E-4	9.5215E-3	2.2959E-1
9.2000E-4	9.2773E-3	2.3042E-1
9.2100E-4	1.0010E-2	2.2935E-1
9.2200E-4	9.5215E-3	2.3169E-1
9.2300E-4	9.5215E-3	2.3350E-1
9.2400E-4	9.2773E-3	2.3618E-1
9.2500E-4	9.0332E-3	2.3599E-1
9.2600E-4	9.5215E-3	2.3701E-1
9.2700E-4	9.5215E-3	2.3657E-1
9.2800E-4	1.0010E-2	2.3477E-1
9.2900E-4	9.7656E-3	2.3364E-1
9.3000E-4	9.5215E-3	2.3394E-1
9.3100E-4	1.0010E-2	2.3521E-1
9.3200E-4	1.0010E-2	2.3691E-1
9.3300E-4	9.5215E-3	2.3965E-1
9.3400E-4	1.0010E-2	2.4146E-1
9.3500E-4	9.0332E-3	2.4492E-1
9.3600E-4	9.2773E-3	2.4683E-1
9.3700E-4	9.5215E-3	2.5063E-1
9.3800E-4	9.7656E-3	2.5342E-1
9.3900E-4	9.5215E-3	2.5713E-1
9.4000E-4	9.7656E-3	2.6001E-1
9.4100E-4	1.0254E-2	2.6577E-1
9.4200E-4	1.0010E-2	2.6909E-1
9.4300E-4	9.2773E-3	2.7441E-1
9.4400E-4	9.7656E-3	2.7910E-1
9.4500E-4	1.0010E-2	2.8359E-1
9.4600E-4	9.2773E-3	2.8389E-1
9.4700E-4	9.7656E-3	2.8364E-1
9.4800E-4	9.0332E-3	2.8242E-1
9.4900E-4	9.5215E-3	2.8184E-1
9.5000E-4	9.2773E-3	2.8262E-1
9.5100E-4	8.7891E-3	2.8594E-1
9.5200E-4	9.0332E-3	2.9087E-1
9.5300E-4	9.5215E-3	2.9800E-1
9.5400E-4	9.2773E-3	3.0459E-1
9.5500E-4	9.2773E-3	3.1118E-1
9.5600E-4	9.7656E-3	3.1826E-1
9.5700E-4	1.0010E-2	3.2534E-1
9.5800E-4	9.2773E-3	3.2915E-1
9.5900E-4	9.5215E-3	3.3354E-1
9.6000E-4	1.0010E-2	3.3730E-1
9.6100E-4	9.0332E-3	3.3833E-1
9.6200E-4	1.0010E-2	3.4067E-1
9.6300E-4	9.5215E-3	3.4414E-1
9.6400E-4	8.7891E-3	3.4834E-1
9.6500E-4	1.0254E-2	3.5415E-1
9.6600E-4	1.0010E-2	3.6289E-1
9.6700E-4	9.7656E-3	3.7061E-1
9.6800E-4	9.5215E-3	3.7930E-1
9.6900E-4	9.5215E-3	3.8662E-1
9.7000E-4	1.0010E-2	3.9194E-1
9.7100E-4	9.2773E-3	3.9727E-1
9.7200E-4	9.7656E-3	4.0195E-1
9.7300E-4	9.7656E-3	4.0547E-1
9.7400E-4	9.2773E-3	4.0918E-1
9.7500E-4	9.2773E-3	4.1216E-1
9.7600E-4	1.0498E-2	4.1431E-1
9.7700E-4	9.2773E-3	4.1533E-1
9.7800E-4	9.2773E-3	4.1870E-1
9.7900E-4	8.7891E-3	4.2397E-1
9.8000E-4	1.0498E-2	4.3071E-1
9.8100E-4	1.0010E-2	4.3901E-1
9.8200E-4	9.2773E-3	4.4888E-1
9.8300E-4	9.0332E-3	4.5591E-1
9.8400E-4	9.2773E-3	4.6094E-1
9.8500E-4	9.7656E-3	4.6538E-1
9.8600E-4	9.2773E-3	4.6592E-1
9.8700E-4	1.0010E-2	4.6587E-1
9.8800E-4	9.7656E-3	4.6660E-1
9.8900E-4	9.5215E-3	4.6816E-1
9.9000E-4	9.0332E-3	4.6685E-1
9.9100E-4	9.7656E-3	4.6909E-1
9.9200E-4	9.7656E-3	4.7026E-1
9.9300E-4	1.0254E-2	4.7061E-1
9.9400E-4	9.7656E-3	4.7026E-1
9.9500E-4	9.5215E-3	4.7275E-1
9.9600E-4	9.7656E-3	4.7109E-1
9.9700E-4	9.7656E-3	4.6895E-1
9.9800E-4	1.0010E-2	4.6895E-1
9.9900E-4	9.7656E-3	4.6895E-1
