Time [s]	Aux in [V]	Main in [V]
0.0000E+0	9.2773E-3	5.0967E-1
1.0000E-6	9.7656E-3	5.1006E-1
2.0000E-6	9.2773E-3	5.0801E-1
3.0000E-6	1.0010E-2	5.0591E-1
4.0000E-6	9.2773E-3	5.0532E-1
5.0000E-6	9.7656E-3	5.0371E-1
6.0000E-6	9.7656E-3	5.0396E-1
7.0000E-6	9.5215E-3	5.0552E-1
8.0000E-6	9.7656E-3	5.0669E-1
9.0000E-6	9.2773E-3	5.0630E-1
1.0000E-5	9.7656E-3	5.0610E-1
1.1000E-5	9.7656E-3	5.0430E-1
1.2000E-5	1.0010E-2	5.0249E-1
1.3000E-5	9.5215E-3	5.0161E-1
1.4000E-5	9.7656E-3	4.9844E-1
1.5000E-5	1.0010E-2	4.9473E-1
1.6000E-5	9.7656E-3	4.9111E-1
1.7000E-5	1.0010E-2	4.8687E-1
1.8000E-5	1.0254E-2	4.7900E-1
1.9000E-5	9.5215E-3	4.7178E-1
2.0000E-5	9.7656E-3	4.6191E-1
2.1000E-5	9.2773E-3	4.5234E-1
2.2000E-5	9.5215E-3	4.4165E-1
2.3000E-5	9.7656E-3	4.3350E-1
2.4000E-5	9.7656E-3	4.2720E-1
2.5000E-5	9.7656E-3	4.2329E-1
2.6000E-5	9.2773E-3	4.1821E-1
2.7000E-5	1.0254E-2	4.1431E-1
2.8000E-5	1.0254E-2	4.0874E-1
2.9000E-5	9.5215E-3	4.0381E-1
3.0000E-5	9.5215E-3	3.9800E-1
3.1000E-5	9.2773E-3	3.9341E-1
3.2000E-5	9.5215E-3	3.9102E-1
3.3000E-5	9.2773E-3	3.9126E-1
3.4000E-5	9.2773E-3	3.8950E-1
3.5000E-5	9.2773E-3	3.8667E-1
3.6000E-5	1.0010E-2	3.8208E-1
3.7000E-5	1.0254E-2	3.7720E-1
3.8000E-5	9.2773E-3	3.6924E-1
3.9000E-5	9.5215E-3	3.6016E-1
4.0000E-5	9.2773E-3	3.5298E-1
4.1000E-5	9.7656E-3	3.4785E-1
4.2000E-5	1.0010E-2	3.4092E-1
4.3000E-5	9.5215E-3	3.3677E-1
4.4000E-5	1.0010E-2	3.3359E-1
4.5000E-5	9.5215E-3	3.3164E-1
4.6000E-5	1.0498E-2	3.2803E-1
4.7000E-5	9.0332E-3	3.2632E-1
4.8000E-5	1.0010E-2	3.2437E-1
4.9000E-5	1.0010E-2	3.2393E-1
5.0000E-5	9.7656E-3	3.2178E-1
5.1000E-5	9.5215E-3	3.1968E-1
5.2000E-5	1.0254E-2	3.1685E-1
5.3000E-5	9.5215E-3	3.1333E-1
5.4000E-5	9.0332E-3	3.0967E-1
5.5000E-5	9.5215E-3	3.0630E-1
5.6000E-5	9.5215E-3	3.0356E-1
5.7000E-5	9.0332E-3	2.9985E-1
5.8000E-5	9.5215E-3	2.9663E-1
5.9000E-5	9.5215E-3	2.9326E-1
6.0000E-5	9.7656E-3	2.8862E-1
6.1000E-5	9.2773E-3	2.8330E-1
6.2000E-5	9.5215E-3	2.8008E-1
6.3000E-5	9.0332E-3	2.7686E-1
6.4000E-5	9.7656E-3	2.7329E-1
6.5000E-5	9.2773E-3	2.7236E-1
6.6000E-5	9.5215E-3	2.7231E-1
6.7000E-5	9.0332E-3	2.7153E-1
6.8000E-5	1.0010E-2	2.7041E-1
6.9000E-5	9.5215E-3	2.7168E-1
7.0000E-5	9.7656E-3	2.7222E-1
7.1000E-5	9.5215E-3	2.7285E-1
7.2000E-5	9.5215E-3	2.7319E-1
7.3000E-5	9.7656E-3	2.7363E-1
7.4000E-5	9.7656E-3	2.7202E-1
7.5000E-5	9.7656E-3	2.6924E-1
7.6000E-5	9.7656E-3	2.6479E-1
7.7000E-5	9.7656E-3	2.6094E-1
7.8000E-5	1.0254E-2	2.5913E-1
7.9000E-5	1.0010E-2	2.5737E-1
8.0000E-5	9.2773E-3	2.5757E-1
8.1000E-5	9.2773E-3	2.5835E-1
8.2000E-5	9.5215E-3	2.5776E-1
8.3000E-5	1.0010E-2	2.5566E-1
8.4000E-5	9.5215E-3	2.5503E-1
8.5000E-5	9.2773E-3	2.5479E-1
8.6000E-5	9.5215E-3	2.5576E-1
8.7000E-5	9.5215E-3	2.5693E-1
8.8000E-5	9.7656E-3	2.5811E-1
8.9000E-5	9.2773E-3	2.5850E-1
9.0000E-5	9.7656E-3	2.5732E-1
9.1000E-5	9.2773E-3	2.5576E-1
9.2000E-5	9.5215E-3	2.5542E-1
9.3000E-5	9.2773E-3	2.5669E-1
9.4000E-5	9.5215E-3	2.5786E-1
9.5000E-5	1.0010E-2	2.5840E-1
9.6000E-5	1.0010E-2	2.6045E-1
9.7000E-5	9.2773E-3	2.6167E-1
9.8000E-5	9.5215E-3	2.6133E-1
9.9000E-5	9.5215E-3	2.6021E-1
1.0000E-4	1.0254E-2	2.6162E-1
1.0100E-4	1.0010E-2	2.6216E-1
1.0200E-4	9.5215E-3	2.6250E-1
1.0300E-4	9.5215E-3	2.6470E-1
1.0400E-4	9.2773E-3	2.6694E-1
1.0500E-4	9.2773E-3	2.6729E-1
1.0600E-4	9.7656E-3	2.6938E-1
1.0700E-4	1.0010E-2	2.7100E-1
1.0800E-4	9.5215E-3	2.7104E-1
1.0900E-4	1.0010E-2	2.7295E-1
1.1000E-4	9.7656E-3	2.7407E-1
1.1100E-4	9.2773E-3	2.7437E-1
1.1200E-4	9.5215E-3	2.7563E-1
1.1300E-4	9.7656E-3	2.7778E-1
1.1400E-4	9.5215E-3	2.7842E-1
1.1500E-4	8.7891E-3	2.8179E-1
1.1600E-4	9.2773E-3	2.8413E-1
1.1700E-4	1.0010E-2	2.8618E-1
1.1800E-4	9.7656E-3	2.8569E-1
1.1900E-4	9.2773E-3	2.8618E-1
1.2000E-4	9.2773E-3	2.8540E-1
1.2100E-4	9.2773E-3	2.8599E-1
1.2200E-4	9.2773E-3	2.8706E-1
1.2300E-4	1.0010E-2	2.8892E-1
1.2400E-4	9.5215E-3	2.9043E-1
1.2500E-4	1.0010E-2	2.9297E-1
1.2600E-4	1.0254E-2	2.9609E-1
1.2700E-4	9.0332E-3	3.0029E-1
1.2800E-4	1.0010E-2	3.0542E-1
1.2900E-4	9.2773E-3	3.1021E-1
1.3000E-4	9.2773E-3	3.1416E-1
1.3100E-4	9.5215E-3	3.1665E-1
1.3200E-4	9.5215E-3	3.1777E-1
1.3300E-4	9.0332E-3	3.1851E-1
1.3400E-4	9.5215E-3	3.1875E-1
1.3500E-4	9.2773E-3	3.1816E-1
1.3600E-4	9.7656E-3	3.1665E-1
1.3700E-4	9.7656E-3	3.1650E-1
1.3800E-4	9.0332E-3	3.1758E-1
1.3900E-4	9.5215E-3	3.1987E-1
1.4000E-4	9.7656E-3	3.2344E-1
1.4100E-4	9.5215E-3	3.2637E-1
1.4200E-4	9.7656E-3	3.2949E-1
1.4300E-4	9.2773E-3	3.3135E-1
1.4400E-4	9.7656E-3	3.3389E-1
1.4500E-4	9.5215E-3	3.3462E-1
1.4600E-4	1.0254E-2	3.3721E-1
1.4700E-4	9.5215E-3	3.4028E-1
1.4800E-4	9.2773E-3	3.4365E-1
1.4900E-4	9.5215E-3	3.4565E-1
1.5000E-4	9.2773E-3	3.4883E-1
1.5100E-4	1.0010E-2	3.5142E-1
1.5200E-4	9.5215E-3	3.5059E-1
1.5300E-4	1.0254E-2	3.4980E-1
1.5400E-4	9.5215E-3	3.4873E-1
1.5500E-4	1.0010E-2	3.4839E-1
1.5600E-4	9.5215E-3	3.4976E-1
1.5700E-4	1.0010E-2	3.5474E-1
1.5800E-4	1.0254E-2	3.5981E-1
1.5900E-4	9.0332E-3	3.6406E-1
1.6000E-4	9.5215E-3	3.6641E-1
1.6100E-4	9.5215E-3	3.6606E-1
1.6200E-4	9.5215E-3	3.6304E-1
1.6300E-4	1.0254E-2	3.5859E-1
1.6400E-4	9.5215E-3	3.5654E-1
1.6500E-4	9.5215E-3	3.5596E-1
1.6600E-4	9.7656E-3	3.5708E-1
1.6700E-4	9.5215E-3	3.5938E-1
1.6800E-4	9.7656E-3	3.6421E-1
1.6900E-4	9.5215E-3	3.6812E-1
1.7000E-4	1.0010E-2	3.7222E-1
1.7100E-4	9.7656E-3	3.7490E-1
1.7200E-4	9.0332E-3	3.7905E-1
1.7300E-4	1.0010E-2	3.8198E-1
1.7400E-4	9.2773E-3	3.8442E-1
1.7500E-4	9.2773E-3	3.8467E-1
1.7600E-4	1.0010E-2	3.8438E-1
1.7700E-4	1.0010E-2	3.8022E-1
1.7800E-4	9.5215E-3	3.7607E-1
1.7900E-4	9.2773E-3	3.7158E-1
1.8000E-4	1.0254E-2	3.6807E-1
1.8100E-4	9.5215E-3	3.6494E-1
1.8200E-4	1.0010E-2	3.6284E-1
1.8300E-4	9.2773E-3	3.6313E-1
1.8400E-4	9.2773E-3	3.6367E-1
1.8500E-4	9.5215E-3	3.6377E-1
1.8600E-4	9.0332E-3	3.6470E-1
1.8700E-4	9.2773E-3	3.6606E-1
1.8800E-4	9.5215E-3	3.6440E-1
1.8900E-4	9.5215E-3	3.6401E-1
1.9000E-4	9.7656E-3	3.6562E-1
1.9100E-4	9.2773E-3	3.6646E-1
1.9200E-4	1.0010E-2	3.6821E-1
1.9300E-4	9.0332E-3	3.7046E-1
1.9400E-4	9.7656E-3	3.7041E-1
1.9500E-4	9.7656E-3	3.6758E-1
1.9600E-4	9.2773E-3	3.6343E-1
1.9700E-4	9.2773E-3	3.5801E-1
1.9800E-4	9.7656E-3	3.5103E-1
1.9900E-4	9.0332E-3	3.4492E-1
2.0000E-4	9.2773E-3	3.4043E-1
2.0100E-4	1.0010E-2	3.3828E-1
2.0200E-4	9.5215E-3	3.3667E-1
2.0300E-4	9.5215E-3	3.3496E-1
2.0400E-4	1.0010E-2	3.3442E-1
2.0500E-4	1.0010E-2	3.3286E-1
2.0600E-4	9.2773E-3	3.3145E-1
2.0700E-4	9.2773E-3	3.3022E-1
2.0800E-4	9.0332E-3	3.2974E-1
2.0900E-4	9.5215E-3	3.2842E-1
2.1000E-4	8.7891E-3	3.2939E-1
2.1100E-4	9.2773E-3	3.2954E-1
2.1200E-4	1.0254E-2	3.2900E-1
2.1300E-4	9.0332E-3	3.2969E-1
2.1400E-4	9.5215E-3	3.3130E-1
2.1500E-4	9.5215E-3	3.3081E-1
2.1600E-4	9.7656E-3	3.2949E-1
2.1700E-4	9.5215E-3	3.2759E-1
2.1800E-4	9.5215E-3	3.2568E-1
2.1900E-4	9.2773E-3	3.2085E-1
2.2000E-4	9.5215E-3	3.1709E-1
2.2100E-4	1.0010E-2	3.1572E-1
2.2200E-4	9.7656E-3	3.1460E-1
2.2300E-4	9.7656E-3	3.1240E-1
2.2400E-4	9.2773E-3	3.1221E-1
2.2500E-4	9.5215E-3	3.1196E-1
2.2600E-4	9.2773E-3	3.1147E-1
2.2700E-4	9.5215E-3	3.1260E-1
2.2800E-4	9.5215E-3	3.1357E-1
2.2900E-4	1.0010E-2	3.1382E-1
2.3000E-4	9.7656E-3	3.1357E-1
2.3100E-4	9.5215E-3	3.1045E-1
2.3200E-4	9.2773E-3	3.0884E-1
2.3300E-4	9.0332E-3	3.0830E-1
2.3400E-4	9.2773E-3	3.0933E-1
2.3500E-4	9.7656E-3	3.1021E-1
2.3600E-4	9.7656E-3	3.1338E-1
2.3700E-4	9.7656E-3	3.1426E-1
2.3800E-4	1.0254E-2	3.1382E-1
2.3900E-4	9.7656E-3	3.1196E-1
2.4000E-4	1.0010E-2	3.0894E-1
2.4100E-4	1.0010E-2	3.0601E-1
2.4200E-4	9.5215E-3	3.0244E-1
2.4300E-4	9.2773E-3	3.0000E-1
2.4400E-4	9.2773E-3	2.9907E-1
2.4500E-4	9.5215E-3	2.9805E-1
2.4600E-4	9.5215E-3	2.9653E-1
2.4700E-4	9.5215E-3	2.9810E-1
2.4800E-4	1.0010E-2	2.9927E-1
2.4900E-4	9.5215E-3	3.0059E-1
2.5000E-4	1.0254E-2	3.0327E-1
2.5100E-4	9.5215E-3	3.0610E-1
2.5200E-4	9.2773E-3	3.0630E-1
2.5300E-4	9.2773E-3	3.0791E-1
2.5400E-4	9.2773E-3	3.0879E-1
2.5500E-4	9.2773E-3	3.0986E-1
2.5600E-4	9.2773E-3	3.0972E-1
2.5700E-4	9.5215E-3	3.0938E-1
2.5800E-4	9.7656E-3	3.0762E-1
2.5900E-4	9.5215E-3	3.0464E-1
2.6000E-4	9.5215E-3	3.0391E-1
2.6100E-4	1.0010E-2	3.0562E-1
2.6200E-4	9.7656E-3	3.0986E-1
2.6300E-4	9.2773E-3	3.1270E-1
2.6400E-4	9.0332E-3	3.1577E-1
2.6500E-4	9.5215E-3	3.1680E-1
2.6600E-4	9.7656E-3	3.1709E-1
2.6700E-4	9.2773E-3	3.1489E-1
2.6800E-4	9.5215E-3	3.1416E-1
2.6900E-4	1.0010E-2	3.1523E-1
2.7000E-4	1.0010E-2	3.1572E-1
2.7100E-4	9.7656E-3	3.1699E-1
2.7200E-4	9.5215E-3	3.1826E-1
2.7300E-4	1.0010E-2	3.2090E-1
2.7400E-4	9.7656E-3	3.2251E-1
2.7500E-4	1.0742E-2	3.2593E-1
2.7600E-4	1.0010E-2	3.2842E-1
2.7700E-4	9.2773E-3	3.3208E-1
2.7800E-4	1.0010E-2	3.3394E-1
2.7900E-4	9.5215E-3	3.3706E-1
2.8000E-4	9.2773E-3	3.3892E-1
2.8100E-4	1.0010E-2	3.3965E-1
2.8200E-4	9.2773E-3	3.3936E-1
2.8300E-4	9.7656E-3	3.3848E-1
2.8400E-4	9.2773E-3	3.3574E-1
2.8500E-4	9.7656E-3	3.3354E-1
2.8600E-4	9.2773E-3	3.3423E-1
2.8700E-4	9.5215E-3	3.3750E-1
2.8800E-4	9.5215E-3	3.4219E-1
2.8900E-4	9.5215E-3	3.4663E-1
2.9000E-4	9.5215E-3	3.5073E-1
2.9100E-4	9.7656E-3	3.5190E-1
2.9200E-4	9.5215E-3	3.5127E-1
2.9300E-4	9.2773E-3	3.5073E-1
2.9400E-4	1.0010E-2	3.5029E-1
2.9500E-4	1.0010E-2	3.4980E-1
2.9600E-4	1.0254E-2	3.5024E-1
2.9700E-4	1.0254E-2	3.5107E-1
2.9800E-4	9.2773E-3	3.5083E-1
2.9900E-4	9.7656E-3	3.5103E-1
3.0000E-4	9.7656E-3	3.5200E-1
3.0100E-4	9.5215E-3	3.5430E-1
3.0200E-4	9.7656E-3	3.5635E-1
3.0300E-4	9.5215E-3	3.5947E-1
3.0400E-4	9.5215E-3	3.6353E-1
3.0500E-4	1.0010E-2	3.6694E-1
3.0600E-4	9.2773E-3	3.6875E-1
3.0700E-4	1.0010E-2	3.7080E-1
3.0800E-4	9.7656E-3	3.7305E-1
3.0900E-4	9.5215E-3	3.7407E-1
3.1000E-4	1.0498E-2	3.7549E-1
3.1100E-4	9.5215E-3	3.7656E-1
3.1200E-4	9.7656E-3	3.7749E-1
3.1300E-4	9.7656E-3	3.7881E-1
3.1400E-4	9.2773E-3	3.8057E-1
3.1500E-4	1.0010E-2	3.8120E-1
3.1600E-4	9.7656E-3	3.8364E-1
3.1700E-4	1.0010E-2	3.8589E-1
3.1800E-4	9.7656E-3	3.8799E-1
3.1900E-4	9.5215E-3	3.8916E-1
3.2000E-4	9.7656E-3	3.8931E-1
3.2100E-4	9.7656E-3	3.8779E-1
3.2200E-4	9.0332E-3	3.8594E-1
3.2300E-4	1.0010E-2	3.8301E-1
3.2400E-4	1.0254E-2	3.8052E-1
3.2500E-4	9.7656E-3	3.8057E-1
3.2600E-4	1.0010E-2	3.8198E-1
3.2700E-4	9.5215E-3	3.8315E-1
3.2800E-4	9.2773E-3	3.8457E-1
3.2900E-4	9.5215E-3	3.8608E-1
3.3000E-4	9.5215E-3	3.8545E-1
3.3100E-4	9.5215E-3	3.8423E-1
3.3200E-4	9.5215E-3	3.8315E-1
3.3300E-4	9.7656E-3	3.8223E-1
3.3400E-4	9.5215E-3	3.8188E-1
3.3500E-4	1.0254E-2	3.8281E-1
3.3600E-4	9.5215E-3	3.8179E-1
3.3700E-4	1.0010E-2	3.7964E-1
3.3800E-4	9.2773E-3	3.7656E-1
3.3900E-4	9.5215E-3	3.7397E-1
3.4000E-4	9.7656E-3	3.6948E-1
3.4100E-4	9.5215E-3	3.6519E-1
3.4200E-4	1.0010E-2	3.6201E-1
3.4300E-4	9.5215E-3	3.5903E-1
3.4400E-4	1.0010E-2	3.5498E-1
3.4500E-4	9.5215E-3	3.5225E-1
3.4600E-4	9.7656E-3	3.5229E-1
3.4700E-4	9.2773E-3	3.5229E-1
3.4800E-4	9.7656E-3	3.5278E-1
3.4900E-4	9.5215E-3	3.5415E-1
3.5000E-4	1.0010E-2	3.5483E-1
3.5100E-4	9.7656E-3	3.5508E-1
3.5200E-4	1.0010E-2	3.5269E-1
3.5300E-4	1.0010E-2	3.4917E-1
3.5400E-4	9.5215E-3	3.4531E-1
3.5500E-4	9.2773E-3	3.4375E-1
3.5600E-4	9.5215E-3	3.4170E-1
3.5700E-4	9.2773E-3	3.4160E-1
3.5800E-4	9.5215E-3	3.4385E-1
3.5900E-4	9.5215E-3	3.4355E-1
3.6000E-4	1.0010E-2	3.4077E-1
3.6100E-4	9.7656E-3	3.3594E-1
3.6200E-4	9.5215E-3	3.3159E-1
3.6300E-4	9.2773E-3	3.2612E-1
3.6400E-4	9.7656E-3	3.2153E-1
3.6500E-4	9.2773E-3	3.1948E-1
3.6600E-4	9.7656E-3	3.1865E-1
3.6700E-4	9.7656E-3	3.1729E-1
3.6800E-4	9.2773E-3	3.1562E-1
3.6900E-4	9.5215E-3	3.1494E-1
3.7000E-4	9.7656E-3	3.1294E-1
3.7100E-4	9.7656E-3	3.0996E-1
3.7200E-4	9.2773E-3	3.0811E-1
3.7300E-4	9.5215E-3	3.0645E-1
3.7400E-4	9.5215E-3	3.0415E-1
3.7500E-4	9.5215E-3	3.0269E-1
3.7600E-4	1.0254E-2	3.0063E-1
3.7700E-4	1.0010E-2	2.9907E-1
3.7800E-4	9.5215E-3	2.9751E-1
3.7900E-4	9.2773E-3	2.9653E-1
3.8000E-4	9.5215E-3	2.9375E-1
3.8100E-4	9.5215E-3	2.9233E-1
3.8200E-4	1.0010E-2	2.8892E-1
3.8300E-4	1.0010E-2	2.8647E-1
3.8400E-4	9.7656E-3	2.8481E-1
3.8500E-4	9.7656E-3	2.8481E-1
3.8600E-4	9.2773E-3	2.8452E-1
3.8700E-4	9.5215E-3	2.8560E-1
3.8800E-4	9.5215E-3	2.8525E-1
3.8900E-4	9.0332E-3	2.8413E-1
3.9000E-4	9.7656E-3	2.8110E-1
3.9100E-4	9.2773E-3	2.7983E-1
3.9200E-4	1.0254E-2	2.7803E-1
3.9300E-4	9.5215E-3	2.7607E-1
3.9400E-4	1.0010E-2	2.7461E-1
3.9500E-4	9.7656E-3	2.7437E-1
3.9600E-4	1.0010E-2	2.7187E-1
3.9700E-4	9.2773E-3	2.7090E-1
3.9800E-4	9.5215E-3	2.7100E-1
3.9900E-4	9.7656E-3	2.6992E-1
4.0000E-4	9.2773E-3	2.7041E-1
4.0100E-4	9.5215E-3	2.7324E-1
4.0200E-4	9.5215E-3	2.7393E-1
4.0300E-4	1.0010E-2	2.7388E-1
4.0400E-4	9.5215E-3	2.7485E-1
4.0500E-4	9.2773E-3	2.7266E-1
4.0600E-4	9.2773E-3	2.7046E-1
4.0700E-4	9.5215E-3	2.6816E-1
4.0800E-4	9.2773E-3	2.6719E-1
4.0900E-4	9.7656E-3	2.6797E-1
4.1000E-4	9.0332E-3	2.7271E-1
4.1100E-4	9.2773E-3	2.7700E-1
4.1200E-4	1.0498E-2	2.8335E-1
4.1300E-4	9.7656E-3	2.8887E-1
4.1400E-4	1.0010E-2	2.9175E-1
4.1500E-4	9.5215E-3	2.9224E-1
4.1600E-4	9.2773E-3	2.9092E-1
4.1700E-4	9.5215E-3	2.8843E-1
4.1800E-4	9.2773E-3	2.8638E-1
4.1900E-4	9.5215E-3	2.8599E-1
4.2000E-4	9.7656E-3	2.8564E-1
4.2100E-4	9.5215E-3	2.8638E-1
4.2200E-4	9.5215E-3	2.8838E-1
4.2300E-4	9.2773E-3	2.9009E-1
4.2400E-4	9.7656E-3	2.9004E-1
4.2500E-4	9.7656E-3	2.9160E-1
4.2600E-4	9.5215E-3	2.9331E-1
4.2700E-4	9.2773E-3	2.9438E-1
4.2800E-4	9.5215E-3	2.9761E-1
4.2900E-4	9.5215E-3	3.0229E-1
4.3000E-4	1.0010E-2	3.0415E-1
4.3100E-4	9.0332E-3	3.0547E-1
4.3200E-4	9.7656E-3	3.0752E-1
4.3300E-4	9.5215E-3	3.0776E-1
4.3400E-4	1.0254E-2	3.0806E-1
4.3500E-4	9.5215E-3	3.0977E-1
4.3600E-4	1.0010E-2	3.1328E-1
4.3700E-4	9.5215E-3	3.1562E-1
4.3800E-4	9.5215E-3	3.1802E-1
4.3900E-4	1.0010E-2	3.2085E-1
4.4000E-4	9.7656E-3	3.2422E-1
4.4100E-4	9.5215E-3	3.2754E-1
4.4200E-4	9.0332E-3	3.3174E-1
4.4300E-4	9.7656E-3	3.3618E-1
4.4400E-4	9.5215E-3	3.3950E-1
4.4500E-4	9.5215E-3	3.4243E-1
4.4600E-4	9.5215E-3	3.4360E-1
4.4700E-4	9.2773E-3	3.4575E-1
4.4800E-4	9.5215E-3	3.4712E-1
4.4900E-4	1.0010E-2	3.4976E-1
4.5000E-4	9.7656E-3	3.5273E-1
4.5100E-4	9.7656E-3	3.5850E-1
4.5200E-4	1.0010E-2	3.6484E-1
4.5300E-4	9.7656E-3	3.7090E-1
4.5400E-4	1.0010E-2	3.7725E-1
4.5500E-4	1.0254E-2	3.8345E-1
4.5600E-4	9.2773E-3	3.8735E-1
4.5700E-4	9.5215E-3	3.8965E-1
4.5800E-4	9.0332E-3	3.9263E-1
4.5900E-4	9.0332E-3	3.9580E-1
4.6000E-4	1.0010E-2	4.0059E-1
4.6100E-4	9.2773E-3	4.0625E-1
4.6200E-4	9.5215E-3	4.1401E-1
4.6300E-4	9.7656E-3	4.2207E-1
4.6400E-4	9.5215E-3	4.2871E-1
4.6500E-4	1.0254E-2	4.3389E-1
4.6600E-4	1.0010E-2	4.3960E-1
4.6700E-4	9.2773E-3	4.4336E-1
4.6800E-4	9.5215E-3	4.4658E-1
4.6900E-4	9.2773E-3	4.4995E-1
4.7000E-4	9.2773E-3	4.5483E-1
4.7100E-4	1.0010E-2	4.5859E-1
4.7200E-4	1.0010E-2	4.6382E-1
4.7300E-4	9.0332E-3	4.6982E-1
4.7400E-4	1.0254E-2	4.7773E-1
4.7500E-4	9.7656E-3	4.8423E-1
4.7600E-4	1.0010E-2	4.9175E-1
4.7700E-4	9.2773E-3	4.9956E-1
4.7800E-4	9.0332E-3	5.0684E-1
4.7900E-4	9.2773E-3	5.1333E-1
4.8000E-4	9.0332E-3	5.1968E-1
4.8100E-4	1.0010E-2	5.2363E-1
4.8200E-4	9.7656E-3	5.2485E-1
4.8300E-4	8.7891E-3	5.2510E-1
4.8400E-4	9.0332E-3	5.2490E-1
4.8500E-4	9.7656E-3	5.2407E-1
4.8600E-4	1.0010E-2	5.2505E-1
4.8700E-4	9.7656E-3	5.2729E-1
4.8800E-4	9.5215E-3	5.2969E-1
4.8900E-4	9.2773E-3	5.3013E-1
4.9000E-4	9.5215E-3	5.3110E-1
4.9100E-4	9.7656E-3	5.3276E-1
4.9200E-4	9.2773E-3	5.3418E-1
4.9300E-4	9.2773E-3	5.3555E-1
4.9400E-4	9.5215E-3	5.3662E-1
4.9500E-4	9.5215E-3	5.3721E-1
4.9600E-4	9.0332E-3	5.3560E-1
4.9700E-4	9.7656E-3	5.3184E-1
4.9800E-4	9.5215E-3	5.2886E-1
4.9900E-4	9.2773E-3	5.2544E-1
5.0000E-4	9.2773E-3	5.2212E-1
5.0100E-4	9.5215E-3	5.1802E-1
5.0200E-4	9.5215E-3	5.1626E-1
5.0300E-4	9.7656E-3	5.1406E-1
5.0400E-4	9.2773E-3	5.1440E-1
5.0500E-4	1.0010E-2	5.1396E-1
5.0600E-4	1.0254E-2	5.1387E-1
5.0700E-4	9.7656E-3	5.1416E-1
5.0800E-4	9.5215E-3	5.1450E-1
5.0900E-4	9.5215E-3	5.1494E-1
5.1000E-4	9.5215E-3	5.1631E-1
5.1100E-4	1.0254E-2	5.1758E-1
5.1200E-4	1.0498E-2	5.1772E-1
5.1300E-4	1.0010E-2	5.1592E-1
5.1400E-4	9.5215E-3	5.1138E-1
5.1500E-4	1.0010E-2	5.0508E-1
5.1600E-4	9.7656E-3	4.9839E-1
5.1700E-4	9.2773E-3	4.9053E-1
5.1800E-4	9.5215E-3	4.8433E-1
5.1900E-4	9.5215E-3	4.7915E-1
5.2000E-4	9.5215E-3	4.7515E-1
5.2100E-4	9.7656E-3	4.7256E-1
5.2200E-4	1.0010E-2	4.6953E-1
5.2300E-4	1.0254E-2	4.6733E-1
5.2400E-4	9.7656E-3	4.6455E-1
5.2500E-4	9.5215E-3	4.6016E-1
5.2600E-4	9.7656E-3	4.5518E-1
5.2700E-4	9.7656E-3	4.5049E-1
5.2800E-4	1.0010E-2	4.4268E-1
5.2900E-4	9.5215E-3	4.3579E-1
5.3000E-4	9.7656E-3	4.2886E-1
5.3100E-4	9.0332E-3	4.2275E-1
5.3200E-4	9.2773E-3	4.1670E-1
5.3300E-4	9.7656E-3	4.1362E-1
5.3400E-4	9.7656E-3	4.0918E-1
5.3500E-4	9.5215E-3	4.0693E-1
5.3600E-4	9.7656E-3	4.0171E-1
5.3700E-4	1.0010E-2	3.9766E-1
5.3800E-4	9.5215E-3	3.9331E-1
5.3900E-4	9.2773E-3	3.8862E-1
5.4000E-4	9.5215E-3	3.8237E-1
5.4100E-4	9.7656E-3	3.7617E-1
5.4200E-4	9.2773E-3	3.6855E-1
5.4300E-4	9.5215E-3	3.6021E-1
5.4400E-4	1.0010E-2	3.5376E-1
5.4500E-4	9.5215E-3	3.4854E-1
5.4600E-4	9.0332E-3	3.4438E-1
5.4700E-4	9.0332E-3	3.4180E-1
5.4800E-4	9.2773E-3	3.4019E-1
5.4900E-4	9.2773E-3	3.3926E-1
5.5000E-4	9.5215E-3	3.3604E-1
5.5100E-4	9.5215E-3	3.3530E-1
5.5200E-4	9.0332E-3	3.3403E-1
5.5300E-4	9.5215E-3	3.3052E-1
5.5400E-4	9.7656E-3	3.2646E-1
5.5500E-4	9.0332E-3	3.2295E-1
5.5600E-4	9.2773E-3	3.1934E-1
5.5700E-4	9.2773E-3	3.1509E-1
5.5800E-4	9.5215E-3	3.1152E-1
5.5900E-4	9.7656E-3	3.0801E-1
5.6000E-4	1.0010E-2	3.0581E-1
5.6100E-4	9.5215E-3	3.0410E-1
5.6200E-4	1.0010E-2	3.0288E-1
5.6300E-4	1.0254E-2	3.0225E-1
5.6400E-4	1.0254E-2	3.0068E-1
5.6500E-4	9.5215E-3	3.0005E-1
5.6600E-4	9.5215E-3	2.9834E-1
5.6700E-4	9.2773E-3	2.9561E-1
5.6800E-4	9.5215E-3	2.9272E-1
5.6900E-4	9.0332E-3	2.9058E-1
5.7000E-4	9.7656E-3	2.8926E-1
5.7100E-4	9.5215E-3	2.8599E-1
5.7200E-4	9.7656E-3	2.8320E-1
5.7300E-4	9.5215E-3	2.8032E-1
5.7400E-4	9.7656E-3	2.7788E-1
5.7500E-4	9.2773E-3	2.7534E-1
5.7600E-4	1.0010E-2	2.7437E-1
5.7700E-4	9.7656E-3	2.7500E-1
5.7800E-4	9.5215E-3	2.7671E-1
5.7900E-4	9.5215E-3	2.7666E-1
5.8000E-4	9.7656E-3	2.7690E-1
5.8100E-4	9.5215E-3	2.7568E-1
5.8200E-4	9.7656E-3	2.7397E-1
5.8300E-4	9.7656E-3	2.7246E-1
5.8400E-4	1.0254E-2	2.7119E-1
5.8500E-4	9.7656E-3	2.6958E-1
5.8600E-4	1.0010E-2	2.7002E-1
5.8700E-4	9.5215E-3	2.6924E-1
5.8800E-4	9.5215E-3	2.6606E-1
5.8900E-4	9.2773E-3	2.6553E-1
5.9000E-4	9.7656E-3	2.6313E-1
5.9100E-4	1.0010E-2	2.6118E-1
5.9200E-4	9.2773E-3	2.5981E-1
5.9300E-4	9.7656E-3	2.6279E-1
5.9400E-4	9.7656E-3	2.6426E-1
5.9500E-4	9.5215E-3	2.6792E-1
5.9600E-4	9.2773E-3	2.7095E-1
5.9700E-4	9.2773E-3	2.7510E-1
5.9800E-4	9.7656E-3	2.7700E-1
5.9900E-4	9.5215E-3	2.7764E-1
6.0000E-4	9.5215E-3	2.7637E-1
6.0100E-4	9.7656E-3	2.7534E-1
6.0200E-4	9.7656E-3	2.7539E-1
6.0300E-4	9.5215E-3	2.7500E-1
6.0400E-4	9.5215E-3	2.7793E-1
6.0500E-4	9.0332E-3	2.8262E-1
6.0600E-4	9.7656E-3	2.8760E-1
6.0700E-4	9.2773E-3	2.8882E-1
6.0800E-4	9.7656E-3	2.9175E-1
6.0900E-4	9.0332E-3	2.9424E-1
6.1000E-4	1.0010E-2	2.9512E-1
6.1100E-4	9.7656E-3	2.9497E-1
6.1200E-4	9.5215E-3	2.9521E-1
6.1300E-4	1.0010E-2	2.9380E-1
6.1400E-4	9.2773E-3	2.9043E-1
6.1500E-4	9.5215E-3	2.8809E-1
6.1600E-4	9.2773E-3	2.8677E-1
6.1700E-4	9.0332E-3	2.8662E-1
6.1800E-4	1.0010E-2	2.8857E-1
6.1900E-4	9.2773E-3	2.9067E-1
6.2000E-4	1.0010E-2	2.9233E-1
6.2100E-4	9.5215E-3	2.9473E-1
6.2200E-4	9.7656E-3	2.9956E-1
6.2300E-4	1.0010E-2	3.0317E-1
6.2400E-4	1.0498E-2	3.0757E-1
6.2500E-4	9.2773E-3	3.1147E-1
6.2600E-4	9.0332E-3	3.1406E-1
6.2700E-4	9.5215E-3	3.1528E-1
6.2800E-4	9.7656E-3	3.1572E-1
6.2900E-4	9.5215E-3	3.1621E-1
6.3000E-4	9.7656E-3	3.1792E-1
6.3100E-4	9.2773E-3	3.2070E-1
6.3200E-4	9.2773E-3	3.2305E-1
6.3300E-4	9.2773E-3	3.2666E-1
6.3400E-4	9.5215E-3	3.2954E-1
6.3500E-4	9.0332E-3	3.3135E-1
6.3600E-4	1.0010E-2	3.3281E-1
6.3700E-4	9.2773E-3	3.3315E-1
6.3800E-4	9.7656E-3	3.3218E-1
6.3900E-4	9.7656E-3	3.3345E-1
6.4000E-4	1.0254E-2	3.3643E-1
6.4100E-4	1.0254E-2	3.3940E-1
6.4200E-4	9.7656E-3	3.4419E-1
6.4300E-4	9.5215E-3	3.4829E-1
6.4400E-4	9.5215E-3	3.5049E-1
6.4500E-4	9.7656E-3	3.5103E-1
6.4600E-4	9.7656E-3	3.5073E-1
6.4700E-4	1.0254E-2	3.4893E-1
6.4800E-4	1.0010E-2	3.4814E-1
6.4900E-4	1.0010E-2	3.4795E-1
6.5000E-4	1.0498E-2	3.4604E-1
6.5100E-4	9.5215E-3	3.4463E-1
6.5200E-4	9.5215E-3	3.4653E-1
6.5300E-4	9.5215E-3	3.5044E-1
6.5400E-4	9.5215E-3	3.5605E-1
6.5500E-4	9.7656E-3	3.6470E-1
6.5600E-4	9.5215E-3	3.7349E-1
6.5700E-4	9.5215E-3	3.7944E-1
6.5800E-4	9.5215E-3	3.8438E-1
6.5900E-4	9.2773E-3	3.8662E-1
6.6000E-4	9.5215E-3	3.8667E-1
6.6100E-4	9.2773E-3	3.8452E-1
6.6200E-4	9.5215E-3	3.8110E-1
6.6300E-4	9.2773E-3	3.7656E-1
6.6400E-4	9.5215E-3	3.7373E-1
6.6500E-4	9.7656E-3	3.7080E-1
6.6600E-4	9.2773E-3	3.6943E-1
6.6700E-4	9.5215E-3	3.6943E-1
6.6800E-4	9.5215E-3	3.7100E-1
6.6900E-4	9.5215E-3	3.7012E-1
6.7000E-4	9.2773E-3	3.6958E-1
6.7100E-4	9.5215E-3	3.7075E-1
6.7200E-4	9.7656E-3	3.7192E-1
6.7300E-4	1.0254E-2	3.7266E-1
6.7400E-4	9.7656E-3	3.7573E-1
6.7500E-4	9.7656E-3	3.8140E-1
6.7600E-4	9.2773E-3	3.8501E-1
6.7700E-4	9.7656E-3	3.8716E-1
6.7800E-4	9.5215E-3	3.8750E-1
6.7900E-4	9.7656E-3	3.8457E-1
6.8000E-4	9.5215E-3	3.7930E-1
6.8100E-4	9.7656E-3	3.7456E-1
6.8200E-4	1.0254E-2	3.7104E-1
6.8300E-4	1.0010E-2	3.6943E-1
6.8400E-4	9.5215E-3	3.6968E-1
6.8500E-4	9.5215E-3	3.7178E-1
6.8600E-4	9.5215E-3	3.7324E-1
6.8700E-4	9.2773E-3	3.7368E-1
6.8800E-4	9.5215E-3	3.7241E-1
6.8900E-4	9.2773E-3	3.7070E-1
6.9000E-4	1.0010E-2	3.6660E-1
6.9100E-4	9.7656E-3	3.6152E-1
6.9200E-4	9.2773E-3	3.5791E-1
6.9300E-4	1.0010E-2	3.5620E-1
6.9400E-4	1.0010E-2	3.5498E-1
6.9500E-4	1.0254E-2	3.5620E-1
6.9600E-4	9.7656E-3	3.6011E-1
6.9700E-4	1.0010E-2	3.6162E-1
6.9800E-4	9.2773E-3	3.6157E-1
6.9900E-4	9.2773E-3	3.6147E-1
7.0000E-4	1.0254E-2	3.5972E-1
7.0100E-4	9.7656E-3	3.5596E-1
7.0200E-4	9.7656E-3	3.5518E-1
7.0300E-4	1.0254E-2	3.5229E-1
7.0400E-4	9.2773E-3	3.4751E-1
7.0500E-4	9.7656E-3	3.4219E-1
7.0600E-4	9.7656E-3	3.3691E-1
7.0700E-4	9.2773E-3	3.3198E-1
7.0800E-4	9.7656E-3	3.2974E-1
7.0900E-4	9.7656E-3	3.3115E-1
7.1000E-4	1.0010E-2	3.3403E-1
7.1100E-4	9.5215E-3	3.3696E-1
7.1200E-4	1.0010E-2	3.3682E-1
7.1300E-4	8.7891E-3	3.3789E-1
7.1400E-4	9.7656E-3	3.3735E-1
7.1500E-4	9.2773E-3	3.3481E-1
7.1600E-4	9.7656E-3	3.3335E-1
7.1700E-4	9.0332E-3	3.3394E-1
7.1800E-4	1.0010E-2	3.3184E-1
7.1900E-4	9.5215E-3	3.3071E-1
7.2000E-4	9.7656E-3	3.2920E-1
7.2100E-4	9.2773E-3	3.2642E-1
7.2200E-4	1.0254E-2	3.2261E-1
7.2300E-4	9.7656E-3	3.1953E-1
7.2400E-4	9.5215E-3	3.1362E-1
7.2500E-4	9.5215E-3	3.1021E-1
7.2600E-4	9.5215E-3	3.0845E-1
7.2700E-4	9.2773E-3	3.0659E-1
7.2800E-4	9.5215E-3	3.0430E-1
7.2900E-4	9.5215E-3	3.0356E-1
7.3000E-4	9.2773E-3	3.0459E-1
7.3100E-4	1.0010E-2	3.0591E-1
7.3200E-4	9.7656E-3	3.0723E-1
7.3300E-4	9.5215E-3	3.0845E-1
7.3400E-4	1.0254E-2	3.1079E-1
7.3500E-4	1.0010E-2	3.1060E-1
7.3600E-4	9.2773E-3	3.1006E-1
7.3700E-4	9.5215E-3	3.0933E-1
7.3800E-4	9.5215E-3	3.0986E-1
7.3900E-4	9.0332E-3	3.0762E-1
7.4000E-4	9.2773E-3	3.0503E-1
7.4100E-4	9.2773E-3	3.0112E-1
7.4200E-4	1.0010E-2	2.9863E-1
7.4300E-4	9.2773E-3	2.9722E-1
7.4400E-4	9.2773E-3	2.9810E-1
7.4500E-4	9.7656E-3	3.0024E-1
7.4600E-4	9.5215E-3	3.0547E-1
7.4700E-4	9.7656E-3	3.1118E-1
7.4800E-4	9.2773E-3	3.1445E-1
7.4900E-4	1.0010E-2	3.1650E-1
7.5000E-4	1.0254E-2	3.1655E-1
7.5100E-4	9.2773E-3	3.1318E-1
7.5200E-4	9.2773E-3	3.1074E-1
7.5300E-4	9.5215E-3	3.0845E-1
7.5400E-4	9.7656E-3	3.0444E-1
7.5500E-4	9.7656E-3	3.0176E-1
7.5600E-4	9.7656E-3	3.0005E-1
7.5700E-4	9.2773E-3	2.9585E-1
7.5800E-4	1.0010E-2	2.9268E-1
7.5900E-4	1.0254E-2	2.9229E-1
7.6000E-4	9.7656E-3	2.9453E-1
7.6100E-4	1.0254E-2	2.9751E-1
7.6200E-4	9.7656E-3	3.0264E-1
7.6300E-4	9.7656E-3	3.0806E-1
7.6400E-4	1.0254E-2	3.1299E-1
7.6500E-4	9.5215E-3	3.1519E-1
7.6600E-4	9.5215E-3	3.1685E-1
7.6700E-4	9.5215E-3	3.1733E-1
7.6800E-4	1.0010E-2	3.1724E-1
7.6900E-4	9.5215E-3	3.1860E-1
7.7000E-4	9.7656E-3	3.1855E-1
7.7100E-4	9.7656E-3	3.1772E-1
7.7200E-4	1.0254E-2	3.1826E-1
7.7300E-4	9.0332E-3	3.1929E-1
7.7400E-4	9.7656E-3	3.1958E-1
7.7500E-4	9.5215E-3	3.2183E-1
7.7600E-4	9.2773E-3	3.2534E-1
7.7700E-4	9.2773E-3	3.2764E-1
7.7800E-4	9.7656E-3	3.2998E-1
7.7900E-4	9.7656E-3	3.3179E-1
7.8000E-4	9.2773E-3	3.3306E-1
7.8100E-4	9.2773E-3	3.3423E-1
7.8200E-4	9.5215E-3	3.3535E-1
7.8300E-4	9.2773E-3	3.3491E-1
7.8400E-4	9.5215E-3	3.3511E-1
7.8500E-4	9.7656E-3	3.3511E-1
7.8600E-4	9.2773E-3	3.3472E-1
7.8700E-4	9.2773E-3	3.3457E-1
7.8800E-4	1.0254E-2	3.3760E-1
7.8900E-4	9.7656E-3	3.4077E-1
7.9000E-4	1.0010E-2	3.4331E-1
7.9100E-4	9.2773E-3	3.4722E-1
7.9200E-4	9.5215E-3	3.5220E-1
7.9300E-4	9.5215E-3	3.5488E-1
7.9400E-4	9.5215E-3	3.5796E-1
7.9500E-4	1.0010E-2	3.6108E-1
7.9600E-4	9.7656E-3	3.6343E-1
7.9700E-4	8.7891E-3	3.6353E-1
7.9800E-4	1.0254E-2	3.6211E-1
7.9900E-4	9.2773E-3	3.6064E-1
8.0000E-4	1.0498E-2	3.6123E-1
8.0100E-4	1.0254E-2	3.6123E-1
8.0200E-4	1.0010E-2	3.6157E-1
8.0300E-4	1.0010E-2	3.6450E-1
8.0400E-4	9.0332E-3	3.6714E-1
8.0500E-4	8.7891E-3	3.6885E-1
8.0600E-4	1.0254E-2	3.7046E-1
8.0700E-4	1.0010E-2	3.7100E-1
8.0800E-4	9.5215E-3	3.7319E-1
8.0900E-4	9.2773E-3	3.7500E-1
8.1000E-4	9.2773E-3	3.7749E-1
8.1100E-4	1.0254E-2	3.7969E-1
8.1200E-4	9.5215E-3	3.8286E-1
8.1300E-4	9.7656E-3	3.8315E-1
8.1400E-4	1.0254E-2	3.8198E-1
8.1500E-4	9.2773E-3	3.7983E-1
8.1600E-4	1.0010E-2	3.7749E-1
8.1700E-4	9.5215E-3	3.7656E-1
8.1800E-4	1.0010E-2	3.7593E-1
8.1900E-4	9.7656E-3	3.7617E-1
8.2000E-4	9.2773E-3	3.7754E-1
8.2100E-4	9.2773E-3	3.7896E-1
8.2200E-4	9.7656E-3	3.7925E-1
8.2300E-4	9.2773E-3	3.8003E-1
8.2400E-4	9.2773E-3	3.7988E-1
8.2500E-4	9.7656E-3	3.7798E-1
8.2600E-4	1.0010E-2	3.7539E-1
8.2700E-4	1.0010E-2	3.7427E-1
8.2800E-4	9.2773E-3	3.7119E-1
8.2900E-4	1.0010E-2	3.7021E-1
8.3000E-4	9.5215E-3	3.7017E-1
8.3100E-4	1.0254E-2	3.6997E-1
8.3200E-4	9.0332E-3	3.6826E-1
8.3300E-4	9.7656E-3	3.6934E-1
8.3400E-4	9.2773E-3	3.7007E-1
8.3500E-4	9.5215E-3	3.7021E-1
8.3600E-4	9.7656E-3	3.7222E-1
8.3700E-4	9.2773E-3	3.7368E-1
8.3800E-4	9.5215E-3	3.7236E-1
8.3900E-4	9.5215E-3	3.6997E-1
8.4000E-4	9.5215E-3	3.6709E-1
8.4100E-4	9.7656E-3	3.6318E-1
8.4200E-4	9.7656E-3	3.5938E-1
8.4300E-4	9.5215E-3	3.5527E-1
8.4400E-4	1.0010E-2	3.5083E-1
8.4500E-4	9.7656E-3	3.4683E-1
8.4600E-4	9.2773E-3	3.4297E-1
8.4700E-4	9.0332E-3	3.4165E-1
8.4800E-4	9.2773E-3	3.4238E-1
8.4900E-4	9.7656E-3	3.4409E-1
8.5000E-4	1.0010E-2	3.4629E-1
8.5100E-4	9.2773E-3	3.4790E-1
8.5200E-4	9.7656E-3	3.4751E-1
8.5300E-4	9.2773E-3	3.4561E-1
8.5400E-4	9.7656E-3	3.4326E-1
8.5500E-4	9.2773E-3	3.4126E-1
8.5600E-4	9.5215E-3	3.3975E-1
8.5700E-4	9.5215E-3	3.3691E-1
8.5800E-4	9.5215E-3	3.3535E-1
8.5900E-4	1.0010E-2	3.3281E-1
8.6000E-4	9.7656E-3	3.2920E-1
8.6100E-4	9.5215E-3	3.2588E-1
8.6200E-4	1.0254E-2	3.2388E-1
8.6300E-4	1.0010E-2	3.2046E-1
8.6400E-4	1.0010E-2	3.1758E-1
8.6500E-4	9.5215E-3	3.1406E-1
8.6600E-4	9.7656E-3	3.1025E-1
8.6700E-4	9.5215E-3	3.0732E-1
8.6800E-4	9.2773E-3	3.0581E-1
8.6900E-4	9.5215E-3	3.0615E-1
8.7000E-4	9.2773E-3	3.0664E-1
8.7100E-4	9.7656E-3	3.0713E-1
8.7200E-4	1.0010E-2	3.0708E-1
8.7300E-4	9.0332E-3	3.0625E-1
8.7400E-4	9.5215E-3	3.0347E-1
8.7500E-4	1.0010E-2	3.0171E-1
8.7600E-4	9.5215E-3	3.0044E-1
8.7700E-4	9.5215E-3	2.9917E-1
8.7800E-4	1.0254E-2	2.9702E-1
8.7900E-4	9.7656E-3	2.9521E-1
8.8000E-4	9.5215E-3	2.9321E-1
8.8100E-4	1.0010E-2	2.8999E-1
8.8200E-4	9.2773E-3	2.8809E-1
8.8300E-4	9.2773E-3	2.8779E-1
8.8400E-4	1.0254E-2	2.8799E-1
8.8500E-4	9.5215E-3	2.8735E-1
8.8600E-4	9.2773E-3	2.8696E-1
8.8700E-4	9.5215E-3	2.8545E-1
8.8800E-4	9.5215E-3	2.8311E-1
8.8900E-4	9.5215E-3	2.8115E-1
8.9000E-4	9.7656E-3	2.8018E-1
8.9100E-4	9.7656E-3	2.7983E-1
8.9200E-4	1.0254E-2	2.7910E-1
8.9300E-4	9.5215E-3	2.8032E-1
8.9400E-4	9.5215E-3	2.8042E-1
8.9500E-4	9.7656E-3	2.8071E-1
8.9600E-4	9.5215E-3	2.8018E-1
8.9700E-4	9.5215E-3	2.8032E-1
8.9800E-4	1.0010E-2	2.7803E-1
8.9900E-4	9.0332E-3	2.7617E-1
9.0000E-4	9.5215E-3	2.7339E-1
9.0100E-4	9.7656E-3	2.7275E-1
9.0200E-4	9.5215E-3	2.7051E-1
9.0300E-4	9.7656E-3	2.6997E-1
9.0400E-4	9.5215E-3	2.6963E-1
9.0500E-4	9.5215E-3	2.7046E-1
9.0600E-4	9.7656E-3	2.7119E-1
9.0700E-4	9.2773E-3	2.7241E-1
9.0800E-4	1.0254E-2	2.7490E-1
9.0900E-4	9.2773E-3	2.7705E-1
9.1000E-4	1.0254E-2	2.7842E-1
9.1100E-4	9.0332E-3	2.7881E-1
9.1200E-4	9.5215E-3	2.7876E-1
9.1300E-4	9.7656E-3	2.7764E-1
9.1400E-4	9.7656E-3	2.7617E-1
9.1500E-4	9.2773E-3	2.7324E-1
9.1600E-4	9.0332E-3	2.7217E-1
9.1700E-4	9.2773E-3	2.7261E-1
9.1800E-4	9.2773E-3	2.7187E-1
9.1900E-4	9.0332E-3	2.7339E-1
9.2000E-4	1.0254E-2	2.7856E-1
9.2100E-4	9.0332E-3	2.8203E-1
9.2200E-4	9.0332E-3	2.8374E-1
9.2300E-4	9.7656E-3	2.8770E-1
9.2400E-4	9.5215E-3	2.9077E-1
9.2500E-4	9.7656E-3	2.9277E-1
9.2600E-4	9.2773E-3	2.9561E-1
9.2700E-4	9.2773E-3	2.9873E-1
9.2800E-4	1.0010E-2	2.9897E-1
9.2900E-4	9.7656E-3	2.9941E-1
9.3000E-4	1.0254E-2	2.9766E-1
9.3100E-4	9.2773E-3	2.9653E-1
9.3200E-4	1.0010E-2	2.9600E-1
9.3300E-4	9.7656E-3	2.9819E-1
9.3400E-4	9.5215E-3	2.9990E-1
9.3500E-4	9.7656E-3	3.0483E-1
9.3600E-4	9.7656E-3	3.0850E-1
9.3700E-4	1.0010E-2	3.1250E-1
9.3800E-4	9.7656E-3	3.1636E-1
9.3900E-4	1.0010E-2	3.2109E-1
9.4000E-4	9.2773E-3	3.2329E-1
9.4100E-4	9.2773E-3	3.2681E-1
9.4200E-4	1.0254E-2	3.3179E-1
9.4300E-4	9.2773E-3	3.3569E-1
9.4400E-4	9.5215E-3	3.4053E-1
9.4500E-4	8.5449E-3	3.4692E-1
9.4600E-4	9.7656E-3	3.5015E-1
9.4700E-4	9.2773E-3	3.5229E-1
9.4800E-4	1.0254E-2	3.5449E-1
9.4900E-4	1.0010E-2	3.5630E-1
9.5000E-4	9.7656E-3	3.5747E-1
9.5100E-4	9.5215E-3	3.5972E-1
9.5200E-4	9.5215E-3	3.6147E-1
9.5300E-4	9.0332E-3	3.6494E-1
9.5400E-4	9.5215E-3	3.6738E-1
9.5500E-4	9.5215E-3	3.7231E-1
9.5600E-4	9.5215E-3	3.7778E-1
9.5700E-4	9.5215E-3	3.8560E-1
9.5800E-4	9.5215E-3	3.9180E-1
9.5900E-4	1.0010E-2	3.9985E-1
9.6000E-4	9.7656E-3	4.0659E-1
9.6100E-4	9.7656E-3	4.1401E-1
9.6200E-4	1.0254E-2	4.1992E-1
9.6300E-4	9.7656E-3	4.2661E-1
9.6400E-4	9.2773E-3	4.3096E-1
9.6500E-4	9.7656E-3	4.3413E-1
9.6600E-4	9.5215E-3	4.3677E-1
9.6700E-4	9.2773E-3	4.3901E-1
9.6800E-4	9.5215E-3	4.4170E-1
9.6900E-4	1.0010E-2	4.4609E-1
9.7000E-4	1.0010E-2	4.5034E-1
9.7100E-4	9.5215E-3	4.5366E-1
9.7200E-4	9.7656E-3	4.6060E-1
9.7300E-4	9.7656E-3	4.6719E-1
9.7400E-4	1.0010E-2	4.7275E-1
9.7500E-4	1.0010E-2	4.7939E-1
9.7600E-4	9.5215E-3	4.8696E-1
9.7700E-4	9.2773E-3	4.9126E-1
9.7800E-4	9.5215E-3	4.9692E-1
9.7900E-4	9.0332E-3	5.0195E-1
9.8000E-4	8.7891E-3	5.0581E-1
9.8100E-4	9.2773E-3	5.0933E-1
9.8200E-4	9.7656E-3	5.1182E-1
9.8300E-4	9.2773E-3	5.1191E-1
9.8400E-4	1.0010E-2	5.1157E-1
9.8500E-4	9.5215E-3	5.1133E-1
9.8600E-4	1.0010E-2	5.1074E-1
9.8700E-4	9.0332E-3	5.1025E-1
9.8800E-4	8.7891E-3	5.1069E-1
9.8900E-4	9.0332E-3	5.1309E-1
9.9000E-4	9.2773E-3	5.1563E-1
9.9100E-4	9.0332E-3	5.1860E-1
9.9200E-4	9.0332E-3	5.2085E-1
9.9300E-4	9.0332E-3	5.2207E-1
9.9400E-4	9.7656E-3	5.1968E-1
9.9500E-4	9.2773E-3	5.1626E-1
9.9600E-4	9.5215E-3	5.1274E-1
9.9700E-4	9.5215E-3	5.0981E-1
9.9800E-4	9.0332E-3	5.0981E-1
9.9900E-4	1.0010E-2	5.0981E-1
