Time [s]	Aux in [V]	Main in [V]
0.0000E+0	1.0254E-2	7.3086E-1
1.0000E-6	9.7656E-3	7.3169E-1
2.0000E-6	9.5215E-3	7.3223E-1
3.0000E-6	9.2773E-3	7.3115E-1
4.0000E-6	9.5215E-3	7.2886E-1
5.0000E-6	9.2773E-3	7.2661E-1
6.0000E-6	1.0254E-2	7.2568E-1
7.0000E-6	1.0010E-2	7.2388E-1
8.0000E-6	1.0010E-2	7.2476E-1
9.0000E-6	9.5215E-3	7.2432E-1
1.0000E-5	1.0010E-2	7.2227E-1
1.1000E-5	1.0254E-2	7.1992E-1
1.2000E-5	9.7656E-3	7.1826E-1
1.3000E-5	9.5215E-3	7.1606E-1
1.4000E-5	9.5215E-3	7.1670E-1
1.5000E-5	9.5215E-3	7.1914E-1
1.6000E-5	9.5215E-3	7.2158E-1
1.7000E-5	9.2773E-3	7.2505E-1
1.8000E-5	9.2773E-3	7.2856E-1
1.9000E-5	1.0010E-2	7.3335E-1
2.0000E-5	1.0010E-2	7.3599E-1
2.1000E-5	9.0332E-3	7.3740E-1
2.2000E-5	1.0010E-2	7.3887E-1
2.3000E-5	9.2773E-3	7.3823E-1
2.4000E-5	1.0254E-2	7.3506E-1
2.5000E-5	9.7656E-3	7.3428E-1
2.6000E-5	9.5215E-3	7.3193E-1
2.7000E-5	1.0010E-2	7.2646E-1
2.8000E-5	1.0010E-2	7.2017E-1
2.9000E-5	9.0332E-3	7.1416E-1
3.0000E-5	9.0332E-3	7.0654E-1
3.1000E-5	9.5215E-3	7.0024E-1
3.2000E-5	9.5215E-3	6.9634E-1
3.3000E-5	9.7656E-3	6.9292E-1
3.4000E-5	9.7656E-3	6.8877E-1
3.5000E-5	9.7656E-3	6.8452E-1
3.6000E-5	9.7656E-3	6.7979E-1
3.7000E-5	9.2773E-3	6.7534E-1
3.8000E-5	9.5215E-3	6.7104E-1
3.9000E-5	9.5215E-3	6.6538E-1
4.0000E-5	1.0010E-2	6.6050E-1
4.1000E-5	1.0010E-2	6.5454E-1
4.2000E-5	1.0010E-2	6.4746E-1
4.3000E-5	1.0010E-2	6.4170E-1
4.4000E-5	9.2773E-3	6.3589E-1
4.5000E-5	9.5215E-3	6.2832E-1
4.6000E-5	9.7656E-3	6.2183E-1
4.7000E-5	9.5215E-3	6.1582E-1
4.8000E-5	1.0498E-2	6.0894E-1
4.9000E-5	9.2773E-3	6.0249E-1
5.0000E-5	9.5215E-3	5.9546E-1
5.1000E-5	9.5215E-3	5.8848E-1
5.2000E-5	9.7656E-3	5.8110E-1
5.3000E-5	9.2773E-3	5.7476E-1
5.4000E-5	9.0332E-3	5.7002E-1
5.5000E-5	9.7656E-3	5.6797E-1
5.6000E-5	1.0010E-2	5.6626E-1
5.7000E-5	9.7656E-3	5.6465E-1
5.8000E-5	1.0010E-2	5.6343E-1
5.9000E-5	9.7656E-3	5.6108E-1
6.0000E-5	9.2773E-3	5.5571E-1
6.1000E-5	9.5215E-3	5.5088E-1
6.2000E-5	9.5215E-3	5.4507E-1
6.3000E-5	1.0010E-2	5.3867E-1
6.4000E-5	1.0254E-2	5.2876E-1
6.5000E-5	1.0254E-2	5.2236E-1
6.6000E-5	9.2773E-3	5.1670E-1
6.7000E-5	9.2773E-3	5.1343E-1
6.8000E-5	9.5215E-3	5.0972E-1
6.9000E-5	9.7656E-3	5.1030E-1
7.0000E-5	9.7656E-3	5.1001E-1
7.1000E-5	9.5215E-3	5.0923E-1
7.2000E-5	1.0498E-2	5.0903E-1
7.3000E-5	9.5215E-3	5.0986E-1
7.4000E-5	9.2773E-3	5.0889E-1
7.5000E-5	1.0010E-2	5.0928E-1
7.6000E-5	8.7891E-3	5.0674E-1
7.7000E-5	9.7656E-3	4.9951E-1
7.8000E-5	9.5215E-3	4.9165E-1
7.9000E-5	9.2773E-3	4.8579E-1
8.0000E-5	9.5215E-3	4.8159E-1
8.1000E-5	9.7656E-3	4.8047E-1
8.2000E-5	1.0254E-2	4.8188E-1
8.3000E-5	1.0254E-2	4.8335E-1
8.4000E-5	9.7656E-3	4.8589E-1
8.5000E-5	9.5215E-3	4.8340E-1
8.6000E-5	1.0010E-2	4.7993E-1
8.7000E-5	9.7656E-3	4.7676E-1
8.8000E-5	1.0010E-2	4.7563E-1
8.9000E-5	9.7656E-3	4.7363E-1
9.0000E-5	9.7656E-3	4.7271E-1
9.1000E-5	9.7656E-3	4.7095E-1
9.2000E-5	1.0498E-2	4.6909E-1
9.3000E-5	1.0010E-2	4.6553E-1
9.4000E-5	9.2773E-3	4.6162E-1
9.5000E-5	9.5215E-3	4.5830E-1
9.6000E-5	9.7656E-3	4.5669E-1
9.7000E-5	8.7891E-3	4.5605E-1
9.8000E-5	9.2773E-3	4.5542E-1
9.9000E-5	1.0254E-2	4.5464E-1
1.0000E-4	9.2773E-3	4.5391E-1
1.0100E-4	9.7656E-3	4.5332E-1
1.0200E-4	9.2773E-3	4.5122E-1
1.0300E-4	1.0010E-2	4.4976E-1
1.0400E-4	1.0254E-2	4.4922E-1
1.0500E-4	9.5215E-3	4.4980E-1
1.0600E-4	9.7656E-3	4.5127E-1
1.0700E-4	1.0010E-2	4.5449E-1
1.0800E-4	9.5215E-3	4.5776E-1
1.0900E-4	9.5215E-3	4.6001E-1
1.1000E-4	9.7656E-3	4.6094E-1
1.1100E-4	1.0010E-2	4.5869E-1
1.1200E-4	1.0010E-2	4.5776E-1
1.1300E-4	1.0254E-2	4.5703E-1
1.1400E-4	9.5215E-3	4.5776E-1
1.1500E-4	9.2773E-3	4.5811E-1
1.1600E-4	1.0254E-2	4.6108E-1
1.1700E-4	9.5215E-3	4.6089E-1
1.1800E-4	9.5215E-3	4.6113E-1
1.1900E-4	1.0010E-2	4.6011E-1
1.2000E-4	1.0254E-2	4.6133E-1
1.2100E-4	9.2773E-3	4.6040E-1
1.2200E-4	8.5449E-3	4.5923E-1
1.2300E-4	1.0010E-2	4.5845E-1
1.2400E-4	9.7656E-3	4.5894E-1
1.2500E-4	1.0254E-2	4.5864E-1
1.2600E-4	9.7656E-3	4.5991E-1
1.2700E-4	1.0498E-2	4.6401E-1
1.2800E-4	1.0010E-2	4.6528E-1
1.2900E-4	9.0332E-3	4.6694E-1
1.3000E-4	1.0010E-2	4.6821E-1
1.3100E-4	9.2773E-3	4.6978E-1
1.3200E-4	9.5215E-3	4.6978E-1
1.3300E-4	9.5215E-3	4.7280E-1
1.3400E-4	1.0254E-2	4.7295E-1
1.3500E-4	1.0010E-2	4.7241E-1
1.3600E-4	9.7656E-3	4.7139E-1
1.3700E-4	9.7656E-3	4.7231E-1
1.3800E-4	9.5215E-3	4.7026E-1
1.3900E-4	9.7656E-3	4.7036E-1
1.4000E-4	9.7656E-3	4.7148E-1
1.4100E-4	9.7656E-3	4.6982E-1
1.4200E-4	9.5215E-3	4.6831E-1
1.4300E-4	9.5215E-3	4.6802E-1
1.4400E-4	1.0254E-2	4.6787E-1
1.4500E-4	9.5215E-3	4.6797E-1
1.4600E-4	1.0010E-2	4.7192E-1
1.4700E-4	1.0742E-2	4.7344E-1
1.4800E-4	9.0332E-3	4.7471E-1
1.4900E-4	9.7656E-3	4.7578E-1
1.5000E-4	9.5215E-3	4.7842E-1
1.5100E-4	9.5215E-3	4.8130E-1
1.5200E-4	9.2773E-3	4.8506E-1
1.5300E-4	9.7656E-3	4.8950E-1
1.5400E-4	9.5215E-3	4.9360E-1
1.5500E-4	1.0010E-2	4.9541E-1
1.5600E-4	1.0010E-2	4.9497E-1
1.5700E-4	9.7656E-3	4.9424E-1
1.5800E-4	9.0332E-3	4.9541E-1
1.5900E-4	9.2773E-3	4.9736E-1
1.6000E-4	1.0010E-2	4.9863E-1
1.6100E-4	9.2773E-3	5.0137E-1
1.6200E-4	9.2773E-3	5.0503E-1
1.6300E-4	9.7656E-3	5.0674E-1
1.6400E-4	9.5215E-3	5.0820E-1
1.6500E-4	9.7656E-3	5.0986E-1
1.6600E-4	9.2773E-3	5.1074E-1
1.6700E-4	9.7656E-3	5.0796E-1
1.6800E-4	9.5215E-3	5.0522E-1
1.6900E-4	9.7656E-3	5.0186E-1
1.7000E-4	9.2773E-3	4.9961E-1
1.7100E-4	9.5215E-3	4.9785E-1
1.7200E-4	9.5215E-3	5.0000E-1
1.7300E-4	9.2773E-3	5.0283E-1
1.7400E-4	9.2773E-3	5.0498E-1
1.7500E-4	9.5215E-3	5.0752E-1
1.7600E-4	9.5215E-3	5.0981E-1
1.7700E-4	9.2773E-3	5.0967E-1
1.7800E-4	9.7656E-3	5.1040E-1
1.7900E-4	9.0332E-3	5.1191E-1
1.8000E-4	9.7656E-3	5.1279E-1
1.8100E-4	9.5215E-3	5.1260E-1
1.8200E-4	9.7656E-3	5.1328E-1
1.8300E-4	1.0254E-2	5.1060E-1
1.8400E-4	1.0498E-2	5.0806E-1
1.8500E-4	9.5215E-3	5.0435E-1
1.8600E-4	1.0254E-2	5.0249E-1
1.8700E-4	9.7656E-3	5.0039E-1
1.8800E-4	9.0332E-3	4.9878E-1
1.8900E-4	9.7656E-3	4.9741E-1
1.9000E-4	9.2773E-3	4.9785E-1
1.9100E-4	9.5215E-3	4.9844E-1
1.9200E-4	9.0332E-3	5.0039E-1
1.9300E-4	9.0332E-3	5.0283E-1
1.9400E-4	9.5215E-3	5.0493E-1
1.9500E-4	9.5215E-3	5.0508E-1
1.9600E-4	9.7656E-3	5.0522E-1
1.9700E-4	1.0010E-2	5.0474E-1
1.9800E-4	9.2773E-3	5.0366E-1
1.9900E-4	9.7656E-3	5.0186E-1
2.0000E-4	9.2773E-3	5.0107E-1
2.0100E-4	9.7656E-3	4.9824E-1
2.0200E-4	9.5215E-3	4.9580E-1
2.0300E-4	9.2773E-3	4.9443E-1
2.0400E-4	9.5215E-3	4.9419E-1
2.0500E-4	9.7656E-3	4.9395E-1
2.0600E-4	9.5215E-3	4.9346E-1
2.0700E-4	1.0010E-2	4.9126E-1
2.0800E-4	9.5215E-3	4.8911E-1
2.0900E-4	1.0254E-2	4.8511E-1
2.1000E-4	1.0254E-2	4.8223E-1
2.1100E-4	1.0498E-2	4.8145E-1
2.1200E-4	1.0010E-2	4.8193E-1
2.1300E-4	9.0332E-3	4.8101E-1
2.1400E-4	9.2773E-3	4.8174E-1
2.1500E-4	9.5215E-3	4.8149E-1
2.1600E-4	1.0010E-2	4.8076E-1
2.1700E-4	9.7656E-3	4.7891E-1
2.1800E-4	9.0332E-3	4.7852E-1
2.1900E-4	9.7656E-3	4.7803E-1
2.2000E-4	9.2773E-3	4.7612E-1
2.2100E-4	1.0498E-2	4.7461E-1
2.2200E-4	1.0010E-2	4.7432E-1
2.2300E-4	9.5215E-3	4.7485E-1
2.2400E-4	9.7656E-3	4.7427E-1
2.2500E-4	9.7656E-3	4.7544E-1
2.2600E-4	9.2773E-3	4.7529E-1
2.2700E-4	1.0010E-2	4.7192E-1
2.2800E-4	9.7656E-3	4.6611E-1
2.2900E-4	9.5215E-3	4.5913E-1
2.3000E-4	9.2773E-3	4.5054E-1
2.3100E-4	1.0010E-2	4.4194E-1
2.3200E-4	1.0254E-2	4.3652E-1
2.3300E-4	9.5215E-3	4.3530E-1
2.3400E-4	9.2773E-3	4.3716E-1
2.3500E-4	9.5215E-3	4.4087E-1
2.3600E-4	9.5215E-3	4.4741E-1
2.3700E-4	9.7656E-3	4.5396E-1
2.3800E-4	9.5215E-3	4.5562E-1
2.3900E-4	1.0010E-2	4.5571E-1
2.4000E-4	9.5215E-3	4.5508E-1
2.4100E-4	9.7656E-3	4.5234E-1
2.4200E-4	9.2773E-3	4.4937E-1
2.4300E-4	9.2773E-3	4.4995E-1
2.4400E-4	9.5215E-3	4.5103E-1
2.4500E-4	1.0010E-2	4.5088E-1
2.4600E-4	9.5215E-3	4.4946E-1
2.4700E-4	8.7891E-3	4.4956E-1
2.4800E-4	9.5215E-3	4.4849E-1
2.4900E-4	9.2773E-3	4.4761E-1
2.5000E-4	8.5449E-3	4.4805E-1
2.5100E-4	1.0254E-2	4.4976E-1
2.5200E-4	9.7656E-3	4.5093E-1
2.5300E-4	9.7656E-3	4.5015E-1
2.5400E-4	9.7656E-3	4.4927E-1
2.5500E-4	9.7656E-3	4.5005E-1
2.5600E-4	9.5215E-3	4.4995E-1
2.5700E-4	9.5215E-3	4.4917E-1
2.5800E-4	9.7656E-3	4.4868E-1
2.5900E-4	9.2773E-3	4.4829E-1
2.6000E-4	9.7656E-3	4.4448E-1
2.6100E-4	9.7656E-3	4.4126E-1
2.6200E-4	9.5215E-3	4.3818E-1
2.6300E-4	9.5215E-3	4.3799E-1
2.6400E-4	9.0332E-3	4.3662E-1
2.6500E-4	9.7656E-3	4.3726E-1
2.6600E-4	9.5215E-3	4.3979E-1
2.6700E-4	1.0254E-2	4.4312E-1
2.6800E-4	1.0498E-2	4.4482E-1
2.6900E-4	9.7656E-3	4.4775E-1
2.7000E-4	9.5215E-3	4.5093E-1
2.7100E-4	9.7656E-3	4.5376E-1
2.7200E-4	9.5215E-3	4.5610E-1
2.7300E-4	9.7656E-3	4.5884E-1
2.7400E-4	9.5215E-3	4.6187E-1
2.7500E-4	1.0010E-2	4.6484E-1
2.7600E-4	9.5215E-3	4.6655E-1
2.7700E-4	9.0332E-3	4.6807E-1
2.7800E-4	1.0010E-2	4.6904E-1
2.7900E-4	1.0010E-2	4.7056E-1
2.8000E-4	9.5215E-3	4.7148E-1
2.8100E-4	1.0010E-2	4.7251E-1
2.8200E-4	1.0254E-2	4.7417E-1
2.8300E-4	9.7656E-3	4.7739E-1
2.8400E-4	9.5215E-3	4.7866E-1
2.8500E-4	9.7656E-3	4.7935E-1
2.8600E-4	9.0332E-3	4.7979E-1
2.8700E-4	1.0010E-2	4.7915E-1
2.8800E-4	1.0254E-2	4.7769E-1
2.8900E-4	1.0254E-2	4.7637E-1
2.9000E-4	9.2773E-3	4.7529E-1
2.9100E-4	1.0010E-2	4.7661E-1
2.9200E-4	9.5215E-3	4.7886E-1
2.9300E-4	1.0010E-2	4.8232E-1
2.9400E-4	9.7656E-3	4.8735E-1
2.9500E-4	1.0010E-2	4.9175E-1
2.9600E-4	9.5215E-3	4.9521E-1
2.9700E-4	1.0254E-2	4.9888E-1
2.9800E-4	9.2773E-3	5.0171E-1
2.9900E-4	9.7656E-3	5.0400E-1
3.0000E-4	9.5215E-3	5.0796E-1
3.0100E-4	1.0254E-2	5.1157E-1
3.0200E-4	9.7656E-3	5.1294E-1
3.0300E-4	1.0254E-2	5.1377E-1
3.0400E-4	9.2773E-3	5.1558E-1
3.0500E-4	9.5215E-3	5.1670E-1
3.0600E-4	9.2773E-3	5.1553E-1
3.0700E-4	1.0254E-2	5.1665E-1
3.0800E-4	1.0498E-2	5.1758E-1
3.0900E-4	9.5215E-3	5.1836E-1
3.1000E-4	9.0332E-3	5.1934E-1
3.1100E-4	9.7656E-3	5.2139E-1
3.1200E-4	1.0010E-2	5.2207E-1
3.1300E-4	9.2773E-3	5.2451E-1
3.1400E-4	9.0332E-3	5.2734E-1
3.1500E-4	9.5215E-3	5.3286E-1
3.1600E-4	9.2773E-3	5.3926E-1
3.1700E-4	1.0254E-2	5.4565E-1
3.1800E-4	9.5215E-3	5.5000E-1
3.1900E-4	9.7656E-3	5.5273E-1
3.2000E-4	9.5215E-3	5.5195E-1
3.2100E-4	9.7656E-3	5.5107E-1
3.2200E-4	8.7891E-3	5.4941E-1
3.2300E-4	1.0010E-2	5.4756E-1
3.2400E-4	9.5215E-3	5.4180E-1
3.2500E-4	9.5215E-3	5.3643E-1
3.2600E-4	8.7891E-3	5.3394E-1
3.2700E-4	9.5215E-3	5.3350E-1
3.2800E-4	1.0498E-2	5.3472E-1
3.2900E-4	9.5215E-3	5.4175E-1
3.3000E-4	9.5215E-3	5.4966E-1
3.3100E-4	9.2773E-3	5.5454E-1
3.3200E-4	9.5215E-3	5.5952E-1
3.3300E-4	1.0010E-2	5.6089E-1
3.3400E-4	1.0010E-2	5.6113E-1
3.3500E-4	9.2773E-3	5.6226E-1
3.3600E-4	9.2773E-3	5.6279E-1
3.3700E-4	9.7656E-3	5.6431E-1
3.3800E-4	1.0010E-2	5.6670E-1
3.3900E-4	9.5215E-3	5.6738E-1
3.4000E-4	9.5215E-3	5.6533E-1
3.4100E-4	9.7656E-3	5.6411E-1
3.4200E-4	9.2773E-3	5.6113E-1
3.4300E-4	9.5215E-3	5.5894E-1
3.4400E-4	9.2773E-3	5.5728E-1
3.4500E-4	9.0332E-3	5.5674E-1
3.4600E-4	9.7656E-3	5.5503E-1
3.4700E-4	1.0010E-2	5.5229E-1
3.4800E-4	9.5215E-3	5.4985E-1
3.4900E-4	9.7656E-3	5.4595E-1
3.5000E-4	9.7656E-3	5.4302E-1
3.5100E-4	9.5215E-3	5.4170E-1
3.5200E-4	9.2773E-3	5.4121E-1
3.5300E-4	8.7891E-3	5.4111E-1
3.5400E-4	9.5215E-3	5.4277E-1
3.5500E-4	1.0010E-2	5.4360E-1
3.5600E-4	9.0332E-3	5.4297E-1
3.5700E-4	9.2773E-3	5.4297E-1
3.5800E-4	1.0254E-2	5.4243E-1
3.5900E-4	9.5215E-3	5.4380E-1
3.6000E-4	9.7656E-3	5.4438E-1
3.6100E-4	9.7656E-3	5.4419E-1
3.6200E-4	9.2773E-3	5.4238E-1
3.6300E-4	9.5215E-3	5.4102E-1
3.6400E-4	9.5215E-3	5.3882E-1
3.6500E-4	1.0010E-2	5.3657E-1
3.6600E-4	9.5215E-3	5.3657E-1
3.6700E-4	1.0254E-2	5.3579E-1
3.6800E-4	9.5215E-3	5.3340E-1
3.6900E-4	9.7656E-3	5.2939E-1
3.7000E-4	9.2773E-3	5.2617E-1
3.7100E-4	9.7656E-3	5.2134E-1
3.7200E-4	1.0010E-2	5.1924E-1
3.7300E-4	9.5215E-3	5.1885E-1
3.7400E-4	1.0010E-2	5.1821E-1
3.7500E-4	1.0010E-2	5.1772E-1
3.7600E-4	1.0254E-2	5.1880E-1
3.7700E-4	9.5215E-3	5.1714E-1
3.7800E-4	1.0010E-2	5.1538E-1
3.7900E-4	9.7656E-3	5.1382E-1
3.8000E-4	9.7656E-3	5.1143E-1
3.8100E-4	1.0010E-2	5.0767E-1
3.8200E-4	9.5215E-3	5.0615E-1
3.8300E-4	9.5215E-3	5.0508E-1
3.8400E-4	8.7891E-3	5.0630E-1
3.8500E-4	9.2773E-3	5.0850E-1
3.8600E-4	9.7656E-3	5.1089E-1
3.8700E-4	9.7656E-3	5.1230E-1
3.8800E-4	1.0010E-2	5.1343E-1
3.8900E-4	9.0332E-3	5.1147E-1
3.9000E-4	9.5215E-3	5.0913E-1
3.9100E-4	9.0332E-3	5.0649E-1
3.9200E-4	9.5215E-3	5.0459E-1
3.9300E-4	1.0010E-2	5.0132E-1
3.9400E-4	1.0254E-2	4.9985E-1
3.9500E-4	9.7656E-3	4.9722E-1
3.9600E-4	9.0332E-3	4.9404E-1
3.9700E-4	9.7656E-3	4.9106E-1
3.9800E-4	9.5215E-3	4.8882E-1
3.9900E-4	9.5215E-3	4.8667E-1
4.0000E-4	9.7656E-3	4.8745E-1
4.0100E-4	9.7656E-3	4.8999E-1
4.0200E-4	9.5215E-3	4.9180E-1
4.0300E-4	1.0010E-2	4.9429E-1
4.0400E-4	9.2773E-3	4.9624E-1
4.0500E-4	1.0254E-2	4.9595E-1
4.0600E-4	9.2773E-3	4.9409E-1
4.0700E-4	9.5215E-3	4.9282E-1
4.0800E-4	9.7656E-3	4.9141E-1
4.0900E-4	9.5215E-3	4.8979E-1
4.1000E-4	9.2773E-3	4.9058E-1
4.1100E-4	1.0010E-2	4.9204E-1
4.1200E-4	1.0254E-2	4.9365E-1
4.1300E-4	9.5215E-3	4.9512E-1
4.1400E-4	9.2773E-3	4.9692E-1
4.1500E-4	9.5215E-3	4.9795E-1
4.1600E-4	9.7656E-3	4.9810E-1
4.1700E-4	9.7656E-3	4.9897E-1
4.1800E-4	9.7656E-3	4.9922E-1
4.1900E-4	9.2773E-3	4.9873E-1
4.2000E-4	1.0010E-2	4.9551E-1
4.2100E-4	9.7656E-3	4.9385E-1
4.2200E-4	1.0010E-2	4.9209E-1
4.2300E-4	9.5215E-3	4.9058E-1
4.2400E-4	9.7656E-3	4.9028E-1
4.2500E-4	9.7656E-3	4.9243E-1
4.2600E-4	1.0010E-2	4.9473E-1
4.2700E-4	9.5215E-3	4.9712E-1
4.2800E-4	1.0010E-2	5.0024E-1
4.2900E-4	9.5215E-3	5.0278E-1
4.3000E-4	1.0254E-2	5.0552E-1
4.3100E-4	1.0010E-2	5.0771E-1
4.3200E-4	9.5215E-3	5.0898E-1
4.3300E-4	1.0254E-2	5.1167E-1
4.3400E-4	9.5215E-3	5.1533E-1
4.3500E-4	9.2773E-3	5.1816E-1
4.3600E-4	9.5215E-3	5.2124E-1
4.3700E-4	9.5215E-3	5.2505E-1
4.3800E-4	9.5215E-3	5.2656E-1
4.3900E-4	9.5215E-3	5.2637E-1
4.4000E-4	1.0254E-2	5.2729E-1
4.4100E-4	9.7656E-3	5.2842E-1
4.4200E-4	9.7656E-3	5.2754E-1
4.4300E-4	9.5215E-3	5.2764E-1
4.4400E-4	9.0332E-3	5.2920E-1
4.4500E-4	9.2773E-3	5.2993E-1
4.4600E-4	9.5215E-3	5.3110E-1
4.4700E-4	1.0010E-2	5.3296E-1
4.4800E-4	1.0254E-2	5.3638E-1
4.4900E-4	1.0498E-2	5.3931E-1
4.5000E-4	9.0332E-3	5.4150E-1
4.5100E-4	9.2773E-3	5.4399E-1
4.5200E-4	9.2773E-3	5.4741E-1
4.5300E-4	9.5215E-3	5.4995E-1
4.5400E-4	9.5215E-3	5.5444E-1
4.5500E-4	1.0010E-2	5.5859E-1
4.5600E-4	9.5215E-3	5.6279E-1
4.5700E-4	9.7656E-3	5.6709E-1
4.5800E-4	9.2773E-3	5.7178E-1
4.5900E-4	9.2773E-3	5.7456E-1
4.6000E-4	1.0010E-2	5.7964E-1
4.6100E-4	9.5215E-3	5.8394E-1
4.6200E-4	1.0010E-2	5.8887E-1
4.6300E-4	1.0254E-2	5.9390E-1
4.6400E-4	1.0254E-2	6.0054E-1
4.6500E-4	9.7656E-3	6.0674E-1
4.6600E-4	9.5215E-3	6.1265E-1
4.6700E-4	9.5215E-3	6.1748E-1
4.6800E-4	1.0010E-2	6.2100E-1
4.6900E-4	1.0010E-2	6.2451E-1
4.7000E-4	1.0254E-2	6.2793E-1
4.7100E-4	9.5215E-3	6.3101E-1
4.7200E-4	1.0254E-2	6.3433E-1
4.7300E-4	1.0010E-2	6.3828E-1
4.7400E-4	1.0010E-2	6.4282E-1
4.7500E-4	1.0254E-2	6.4775E-1
4.7600E-4	9.7656E-3	6.5308E-1
4.7700E-4	9.5215E-3	6.6006E-1
4.7800E-4	9.5215E-3	6.6777E-1
4.7900E-4	1.0010E-2	6.7490E-1
4.8000E-4	9.2773E-3	6.8154E-1
4.8100E-4	1.0010E-2	6.8945E-1
4.8200E-4	9.5215E-3	6.9458E-1
4.8300E-4	1.0010E-2	6.9985E-1
4.8400E-4	1.0010E-2	7.0342E-1
4.8500E-4	1.0254E-2	7.0820E-1
4.8600E-4	9.2773E-3	7.1240E-1
4.8700E-4	9.7656E-3	7.1992E-1
4.8800E-4	1.0254E-2	7.2793E-1
4.8900E-4	1.0010E-2	7.3721E-1
4.9000E-4	9.2773E-3	7.4341E-1
4.9100E-4	9.7656E-3	7.4766E-1
4.9200E-4	1.0010E-2	7.4839E-1
4.9300E-4	9.2773E-3	7.4912E-1
4.9400E-4	9.2773E-3	7.4854E-1
4.9500E-4	1.0254E-2	7.4951E-1
4.9600E-4	9.2773E-3	7.5024E-1
4.9700E-4	9.5215E-3	7.5166E-1
4.9800E-4	9.2773E-3	7.5034E-1
4.9900E-4	9.7656E-3	7.4985E-1
5.0000E-4	9.7656E-3	7.5005E-1
5.0100E-4	9.7656E-3	7.5195E-1
5.0200E-4	9.0332E-3	7.5381E-1
5.0300E-4	9.5215E-3	7.5562E-1
5.0400E-4	1.0498E-2	7.5522E-1
5.0500E-4	9.5215E-3	7.5493E-1
5.0600E-4	9.5215E-3	7.5547E-1
5.0700E-4	9.7656E-3	7.5576E-1
5.0800E-4	9.2773E-3	7.5601E-1
5.0900E-4	9.2773E-3	7.5645E-1
5.1000E-4	9.5215E-3	7.5439E-1
5.1100E-4	1.0010E-2	7.4971E-1
5.1200E-4	9.7656E-3	7.4453E-1
5.1300E-4	9.5215E-3	7.3853E-1
5.1400E-4	9.7656E-3	7.3486E-1
5.1500E-4	1.0010E-2	7.3530E-1
5.1600E-4	9.7656E-3	7.3477E-1
5.1700E-4	9.2773E-3	7.3604E-1
5.1800E-4	9.5215E-3	7.3984E-1
5.1900E-4	9.7656E-3	7.4146E-1
5.2000E-4	9.5215E-3	7.4062E-1
5.2100E-4	1.0010E-2	7.4106E-1
5.2200E-4	9.5215E-3	7.4004E-1
5.2300E-4	9.5215E-3	7.3496E-1
5.2400E-4	1.0010E-2	7.3066E-1
5.2500E-4	9.7656E-3	7.2368E-1
5.2600E-4	9.5215E-3	7.1699E-1
5.2700E-4	9.5215E-3	7.1064E-1
5.2800E-4	1.0010E-2	7.0825E-1
5.2900E-4	9.7656E-3	7.0527E-1
5.3000E-4	9.5215E-3	7.0244E-1
5.3100E-4	1.0254E-2	6.9932E-1
5.3200E-4	9.7656E-3	6.9429E-1
5.3300E-4	9.7656E-3	6.8599E-1
5.3400E-4	9.7656E-3	6.7676E-1
5.3500E-4	9.2773E-3	6.6855E-1
5.3600E-4	9.5215E-3	6.6089E-1
5.3700E-4	9.2773E-3	6.5317E-1
5.3800E-4	1.0010E-2	6.4678E-1
5.3900E-4	1.0010E-2	6.4082E-1
5.4000E-4	9.5215E-3	6.3516E-1
5.4100E-4	1.0010E-2	6.3032E-1
5.4200E-4	9.5215E-3	6.2563E-1
5.4300E-4	8.5449E-3	6.2095E-1
5.4400E-4	1.0010E-2	6.1826E-1
5.4500E-4	9.7656E-3	6.1387E-1
5.4600E-4	9.5215E-3	6.0840E-1
5.4700E-4	9.7656E-3	6.0381E-1
5.4800E-4	9.0332E-3	6.0024E-1
5.4900E-4	9.7656E-3	5.9351E-1
5.5000E-4	1.0010E-2	5.8779E-1
5.5100E-4	9.7656E-3	5.8242E-1
5.5200E-4	1.0254E-2	5.7769E-1
5.5300E-4	1.0010E-2	5.7192E-1
5.5400E-4	9.5215E-3	5.6709E-1
5.5500E-4	9.2773E-3	5.6260E-1
5.5600E-4	1.0254E-2	5.5762E-1
5.5700E-4	9.5215E-3	5.5234E-1
5.5800E-4	9.7656E-3	5.4722E-1
5.5900E-4	9.5215E-3	5.4346E-1
5.6000E-4	9.2773E-3	5.3999E-1
5.6100E-4	9.5215E-3	5.3638E-1
5.6200E-4	9.0332E-3	5.3296E-1
5.6300E-4	1.0254E-2	5.2886E-1
5.6400E-4	1.0254E-2	5.2485E-1
5.6500E-4	9.5215E-3	5.2187E-1
5.6600E-4	9.0332E-3	5.1953E-1
5.6700E-4	1.0254E-2	5.1665E-1
5.6800E-4	9.7656E-3	5.1572E-1
5.6900E-4	1.0010E-2	5.1313E-1
5.7000E-4	9.2773E-3	5.1011E-1
5.7100E-4	9.5215E-3	5.0674E-1
5.7200E-4	9.7656E-3	5.0444E-1
5.7300E-4	9.5215E-3	5.0156E-1
5.7400E-4	8.5449E-3	4.9966E-1
5.7500E-4	9.7656E-3	4.9775E-1
5.7600E-4	9.5215E-3	4.9590E-1
5.7700E-4	9.2773E-3	4.9224E-1
5.7800E-4	9.7656E-3	4.8965E-1
5.7900E-4	9.7656E-3	4.8672E-1
5.8000E-4	9.2773E-3	4.8315E-1
5.8100E-4	9.5215E-3	4.8081E-1
5.8200E-4	9.5215E-3	4.8057E-1
5.8300E-4	9.7656E-3	4.7896E-1
5.8400E-4	9.0332E-3	4.7666E-1
5.8500E-4	9.5215E-3	4.7422E-1
5.8600E-4	9.0332E-3	4.7163E-1
5.8700E-4	1.0010E-2	4.6885E-1
5.8800E-4	9.7656E-3	4.6543E-1
5.8900E-4	1.0010E-2	4.6304E-1
5.9000E-4	9.7656E-3	4.6284E-1
5.9100E-4	9.5215E-3	4.6133E-1
5.9200E-4	9.0332E-3	4.5947E-1
5.9300E-4	9.2773E-3	4.5937E-1
5.9400E-4	9.7656E-3	4.5972E-1
5.9500E-4	9.2773E-3	4.5937E-1
5.9600E-4	1.0254E-2	4.6016E-1
5.9700E-4	1.0010E-2	4.6172E-1
5.9800E-4	9.7656E-3	4.6265E-1
5.9900E-4	1.0010E-2	4.6387E-1
6.0000E-4	9.0332E-3	4.6475E-1
6.0100E-4	9.2773E-3	4.6367E-1
6.0200E-4	1.0010E-2	4.6108E-1
6.0300E-4	1.0254E-2	4.5835E-1
6.0400E-4	1.0010E-2	4.5645E-1
6.0500E-4	9.5215E-3	4.5503E-1
6.0600E-4	9.7656E-3	4.5591E-1
6.0700E-4	9.2773E-3	4.5625E-1
6.0800E-4	9.7656E-3	4.5757E-1
6.0900E-4	9.2773E-3	4.5620E-1
6.1000E-4	9.2773E-3	4.5347E-1
6.1100E-4	9.7656E-3	4.5117E-1
6.1200E-4	9.2773E-3	4.5034E-1
6.1300E-4	9.7656E-3	4.4863E-1
6.1400E-4	1.0010E-2	4.4912E-1
6.1500E-4	9.5215E-3	4.5122E-1
6.1600E-4	1.0010E-2	4.5513E-1
6.1700E-4	9.2773E-3	4.5850E-1
6.1800E-4	9.5215E-3	4.6118E-1
6.1900E-4	9.2773E-3	4.6514E-1
6.2000E-4	9.5215E-3	4.6836E-1
6.2100E-4	9.5215E-3	4.6831E-1
6.2200E-4	1.0010E-2	4.6787E-1
6.2300E-4	1.0254E-2	4.6763E-1
6.2400E-4	1.0254E-2	4.6670E-1
6.2500E-4	9.2773E-3	4.6582E-1
6.2600E-4	9.5215E-3	4.6514E-1
6.2700E-4	9.7656E-3	4.6504E-1
6.2800E-4	9.2773E-3	4.6704E-1
6.2900E-4	9.7656E-3	4.6855E-1
6.3000E-4	9.5215E-3	4.6899E-1
6.3100E-4	9.2773E-3	4.6875E-1
6.3200E-4	9.7656E-3	4.6826E-1
6.3300E-4	9.7656E-3	4.6621E-1
6.3400E-4	9.5215E-3	4.6519E-1
6.3500E-4	1.0010E-2	4.6777E-1
6.3600E-4	9.7656E-3	4.7222E-1
6.3700E-4	9.0332E-3	4.7729E-1
6.3800E-4	9.5215E-3	4.8257E-1
6.3900E-4	9.7656E-3	4.8521E-1
6.4000E-4	9.2773E-3	4.8569E-1
6.4100E-4	9.7656E-3	4.8579E-1
6.4200E-4	9.2773E-3	4.8628E-1
6.4300E-4	1.0254E-2	4.8589E-1
6.4400E-4	9.2773E-3	4.8726E-1
6.4500E-4	9.7656E-3	4.8950E-1
6.4600E-4	9.5215E-3	4.9219E-1
6.4700E-4	9.7656E-3	4.9600E-1
6.4800E-4	9.2773E-3	5.0078E-1
6.4900E-4	1.0254E-2	5.0317E-1
6.5000E-4	9.7656E-3	5.0488E-1
6.5100E-4	9.5215E-3	5.0449E-1
6.5200E-4	9.7656E-3	5.0288E-1
6.5300E-4	9.7656E-3	4.9966E-1
6.5400E-4	9.5215E-3	4.9902E-1
6.5500E-4	9.5215E-3	4.9746E-1
6.5600E-4	9.2773E-3	4.9985E-1
6.5700E-4	9.5215E-3	5.0151E-1
6.5800E-4	9.0332E-3	5.0532E-1
6.5900E-4	9.2773E-3	5.0757E-1
6.6000E-4	9.5215E-3	5.1187E-1
6.6100E-4	1.0010E-2	5.1431E-1
6.6200E-4	9.5215E-3	5.1689E-1
6.6300E-4	8.7891E-3	5.1816E-1
6.6400E-4	9.2773E-3	5.2085E-1
6.6500E-4	1.0010E-2	5.2114E-1
6.6600E-4	9.5215E-3	5.2036E-1
6.6700E-4	9.7656E-3	5.2036E-1
6.6800E-4	9.7656E-3	5.2285E-1
6.6900E-4	9.7656E-3	5.2744E-1
6.7000E-4	9.5215E-3	5.3018E-1
6.7100E-4	9.5215E-3	5.3252E-1
6.7200E-4	9.5215E-3	5.3384E-1
6.7300E-4	1.0010E-2	5.3306E-1
6.7400E-4	1.0254E-2	5.3032E-1
6.7500E-4	9.7656E-3	5.2993E-1
6.7600E-4	9.7656E-3	5.3076E-1
6.7700E-4	1.0010E-2	5.3286E-1
6.7800E-4	9.5215E-3	5.3584E-1
6.7900E-4	9.7656E-3	5.3730E-1
6.8000E-4	8.5449E-3	5.4058E-1
6.8100E-4	9.5215E-3	5.4517E-1
6.8200E-4	9.7656E-3	5.4692E-1
6.8300E-4	9.5215E-3	5.4683E-1
6.8400E-4	9.7656E-3	5.4634E-1
6.8500E-4	9.2773E-3	5.4355E-1
6.8600E-4	1.0010E-2	5.3877E-1
6.8700E-4	9.5215E-3	5.3691E-1
6.8800E-4	9.5215E-3	5.3652E-1
6.8900E-4	9.2773E-3	5.3745E-1
6.9000E-4	9.5215E-3	5.3994E-1
6.9100E-4	1.0254E-2	5.4263E-1
6.9200E-4	9.7656E-3	5.4346E-1
6.9300E-4	9.7656E-3	5.4229E-1
6.9400E-4	9.5215E-3	5.3887E-1
6.9500E-4	9.5215E-3	5.3491E-1
6.9600E-4	1.0010E-2	5.3169E-1
6.9700E-4	9.7656E-3	5.2764E-1
6.9800E-4	9.7656E-3	5.2598E-1
6.9900E-4	1.0010E-2	5.2754E-1
7.0000E-4	9.5215E-3	5.2710E-1
7.0100E-4	9.7656E-3	5.2266E-1
7.0200E-4	9.5215E-3	5.1992E-1
7.0300E-4	9.5215E-3	5.1729E-1
7.0400E-4	9.7656E-3	5.1455E-1
7.0500E-4	1.0010E-2	5.1348E-1
7.0600E-4	9.5215E-3	5.1563E-1
7.0700E-4	8.7891E-3	5.1797E-1
7.0800E-4	9.7656E-3	5.1973E-1
7.0900E-4	1.0254E-2	5.2070E-1
7.1000E-4	1.0010E-2	5.2051E-1
7.1100E-4	1.0010E-2	5.2026E-1
7.1200E-4	1.0010E-2	5.1895E-1
7.1300E-4	1.0254E-2	5.1685E-1
7.1400E-4	1.0254E-2	5.1411E-1
7.1500E-4	9.5215E-3	5.1191E-1
7.1600E-4	9.7656E-3	5.0850E-1
7.1700E-4	9.2773E-3	5.0508E-1
7.1800E-4	9.5215E-3	5.0298E-1
7.1900E-4	9.5215E-3	5.0298E-1
7.2000E-4	9.7656E-3	5.0332E-1
7.2100E-4	1.0010E-2	5.0601E-1
7.2200E-4	9.7656E-3	5.0928E-1
7.2300E-4	9.2773E-3	5.1211E-1
7.2400E-4	1.0010E-2	5.1074E-1
7.2500E-4	9.5215E-3	5.0918E-1
7.2600E-4	1.0010E-2	5.0493E-1
7.2700E-4	1.0498E-2	5.0171E-1
7.2800E-4	1.0010E-2	4.9907E-1
7.2900E-4	9.5215E-3	4.9668E-1
7.3000E-4	9.2773E-3	4.9526E-1
7.3100E-4	9.7656E-3	4.9424E-1
7.3200E-4	9.5215E-3	4.9136E-1
7.3300E-4	9.7656E-3	4.8774E-1
7.3400E-4	9.2773E-3	4.8560E-1
7.3500E-4	9.0332E-3	4.8384E-1
7.3600E-4	9.5215E-3	4.8364E-1
7.3700E-4	9.7656E-3	4.8413E-1
7.3800E-4	9.0332E-3	4.8535E-1
7.3900E-4	1.0010E-2	4.8760E-1
7.4000E-4	9.7656E-3	4.8960E-1
7.4100E-4	9.5215E-3	4.8994E-1
7.4200E-4	9.5215E-3	4.9199E-1
7.4300E-4	1.0010E-2	4.9312E-1
7.4400E-4	1.0010E-2	4.9556E-1
7.4500E-4	9.7656E-3	4.9648E-1
7.4600E-4	9.5215E-3	4.9800E-1
7.4700E-4	1.0254E-2	4.9849E-1
7.4800E-4	1.0254E-2	4.9824E-1
7.4900E-4	9.5215E-3	4.9683E-1
7.5000E-4	1.0010E-2	4.9561E-1
7.5100E-4	1.0010E-2	4.9414E-1
7.5200E-4	9.0332E-3	4.9331E-1
7.5300E-4	9.2773E-3	4.9067E-1
7.5400E-4	9.5215E-3	4.8794E-1
7.5500E-4	9.7656E-3	4.8540E-1
7.5600E-4	9.7656E-3	4.8311E-1
7.5700E-4	9.5215E-3	4.8032E-1
7.5800E-4	9.5215E-3	4.8140E-1
7.5900E-4	9.2773E-3	4.8228E-1
7.6000E-4	9.5215E-3	4.8398E-1
7.6100E-4	9.7656E-3	4.8818E-1
7.6200E-4	9.0332E-3	4.9341E-1
7.6300E-4	9.5215E-3	4.9761E-1
7.6400E-4	9.0332E-3	5.0117E-1
7.6500E-4	9.5215E-3	5.0361E-1
7.6600E-4	9.2773E-3	5.0195E-1
7.6700E-4	9.5215E-3	5.0015E-1
7.6800E-4	9.5215E-3	4.9717E-1
7.6900E-4	9.5215E-3	4.9619E-1
7.7000E-4	9.7656E-3	4.9688E-1
7.7100E-4	9.7656E-3	5.0015E-1
7.7200E-4	9.5215E-3	5.0220E-1
7.7300E-4	9.7656E-3	5.0322E-1
7.7400E-4	9.7656E-3	5.0137E-1
7.7500E-4	9.2773E-3	4.9863E-1
7.7600E-4	9.7656E-3	4.9688E-1
7.7700E-4	1.0010E-2	4.9619E-1
7.7800E-4	9.0332E-3	4.9844E-1
7.7900E-4	1.0254E-2	5.0151E-1
7.8000E-4	9.5215E-3	5.0464E-1
7.8100E-4	1.0254E-2	5.0630E-1
7.8200E-4	9.7656E-3	5.0879E-1
7.8300E-4	9.7656E-3	5.1055E-1
7.8400E-4	9.5215E-3	5.1445E-1
7.8500E-4	1.0010E-2	5.1782E-1
7.8600E-4	9.2773E-3	5.2222E-1
7.8700E-4	9.5215E-3	5.2300E-1
7.8800E-4	9.5215E-3	5.2314E-1
7.8900E-4	1.0010E-2	5.2183E-1
7.9000E-4	1.0010E-2	5.2070E-1
7.9100E-4	9.7656E-3	5.2070E-1
7.9200E-4	9.5215E-3	5.2446E-1
7.9300E-4	1.0010E-2	5.3003E-1
7.9400E-4	1.0254E-2	5.3555E-1
7.9500E-4	9.2773E-3	5.4141E-1
7.9600E-4	1.0010E-2	5.4487E-1
7.9700E-4	9.2773E-3	5.4795E-1
7.9800E-4	9.0332E-3	5.5098E-1
7.9900E-4	1.0010E-2	5.5396E-1
8.0000E-4	1.0010E-2	5.5566E-1
8.0100E-4	9.2773E-3	5.5771E-1
8.0200E-4	9.7656E-3	5.5903E-1
8.0300E-4	9.7656E-3	5.5869E-1
8.0400E-4	1.0254E-2	5.5791E-1
8.0500E-4	9.7656E-3	5.5815E-1
8.0600E-4	9.5215E-3	5.5889E-1
8.0700E-4	9.7656E-3	5.6089E-1
8.0800E-4	9.5215E-3	5.6406E-1
8.0900E-4	9.2773E-3	5.6772E-1
8.1000E-4	9.2773E-3	5.7227E-1
8.1100E-4	1.0010E-2	5.7573E-1
8.1200E-4	9.7656E-3	5.7778E-1
8.1300E-4	9.7656E-3	5.7935E-1
8.1400E-4	9.7656E-3	5.8242E-1
8.1500E-4	9.5215E-3	5.8394E-1
8.1600E-4	1.0010E-2	5.8535E-1
8.1700E-4	9.7656E-3	5.8481E-1
8.1800E-4	9.7656E-3	5.8359E-1
8.1900E-4	9.5215E-3	5.7988E-1
8.2000E-4	9.5215E-3	5.7759E-1
8.2100E-4	1.0010E-2	5.7842E-1
8.2200E-4	9.7656E-3	5.8047E-1
8.2300E-4	1.0010E-2	5.8325E-1
8.2400E-4	1.0254E-2	5.8755E-1
8.2500E-4	9.7656E-3	5.9229E-1
8.2600E-4	9.2773E-3	5.9360E-1
8.2700E-4	1.0010E-2	5.9390E-1
8.2800E-4	9.7656E-3	5.9321E-1
8.2900E-4	9.2773E-3	5.9131E-1
8.3000E-4	9.5215E-3	5.8916E-1
8.3100E-4	1.0010E-2	5.8760E-1
8.3200E-4	9.5215E-3	5.8926E-1
8.3300E-4	1.0010E-2	5.9194E-1
8.3400E-4	9.5215E-3	5.9629E-1
8.3500E-4	1.0010E-2	5.9980E-1
8.3600E-4	9.7656E-3	6.0347E-1
8.3700E-4	9.7656E-3	6.0322E-1
8.3800E-4	9.5215E-3	6.0171E-1
8.3900E-4	9.7656E-3	5.9771E-1
8.4000E-4	1.0254E-2	5.9360E-1
8.4100E-4	9.2773E-3	5.8945E-1
8.4200E-4	9.7656E-3	5.8823E-1
8.4300E-4	9.5215E-3	5.8750E-1
8.4400E-4	1.0254E-2	5.8701E-1
8.4500E-4	9.5215E-3	5.8760E-1
8.4600E-4	1.0010E-2	5.8721E-1
8.4700E-4	9.2773E-3	5.8599E-1
8.4800E-4	1.0010E-2	5.8311E-1
8.4900E-4	9.5215E-3	5.8047E-1
8.5000E-4	9.0332E-3	5.7632E-1
8.5100E-4	9.5215E-3	5.7217E-1
8.5200E-4	1.0254E-2	5.6763E-1
8.5300E-4	9.5215E-3	5.6489E-1
8.5400E-4	9.5215E-3	5.6348E-1
8.5500E-4	9.7656E-3	5.6270E-1
8.5600E-4	9.0332E-3	5.6465E-1
8.5700E-4	1.0010E-2	5.6587E-1
8.5800E-4	1.0010E-2	5.6597E-1
8.5900E-4	9.7656E-3	5.6597E-1
8.6000E-4	1.0010E-2	5.6401E-1
8.6100E-4	9.5215E-3	5.6060E-1
8.6200E-4	9.2773E-3	5.5869E-1
8.6300E-4	1.0010E-2	5.5767E-1
8.6400E-4	9.2773E-3	5.5435E-1
8.6500E-4	9.5215E-3	5.5298E-1
8.6600E-4	9.5215E-3	5.5137E-1
8.6700E-4	1.0010E-2	5.4873E-1
8.6800E-4	1.0010E-2	5.4692E-1
8.6900E-4	9.7656E-3	5.4673E-1
8.7000E-4	9.7656E-3	5.4517E-1
8.7100E-4	9.7656E-3	5.4424E-1
8.7200E-4	1.0010E-2	5.4243E-1
8.7300E-4	9.2773E-3	5.3882E-1
8.7400E-4	1.0254E-2	5.3633E-1
8.7500E-4	9.7656E-3	5.3335E-1
8.7600E-4	9.7656E-3	5.3228E-1
8.7700E-4	9.2773E-3	5.3042E-1
8.7800E-4	9.5215E-3	5.2861E-1
8.7900E-4	1.0010E-2	5.2520E-1
8.8000E-4	9.5215E-3	5.2388E-1
8.8100E-4	9.5215E-3	5.2061E-1
8.8200E-4	9.5215E-3	5.1743E-1
8.8300E-4	9.2773E-3	5.1484E-1
8.8400E-4	9.5215E-3	5.1182E-1
8.8500E-4	9.2773E-3	5.0713E-1
8.8600E-4	9.0332E-3	5.0342E-1
8.8700E-4	1.0010E-2	5.0220E-1
8.8800E-4	1.0010E-2	5.0220E-1
8.8900E-4	1.0254E-2	5.0239E-1
8.9000E-4	9.0332E-3	5.0376E-1
8.9100E-4	1.0254E-2	5.0317E-1
8.9200E-4	9.5215E-3	5.0166E-1
8.9300E-4	9.7656E-3	4.9854E-1
8.9400E-4	9.2773E-3	4.9678E-1
8.9500E-4	9.7656E-3	4.9609E-1
8.9600E-4	9.7656E-3	4.9619E-1
8.9700E-4	9.5215E-3	4.9795E-1
8.9800E-4	9.0332E-3	4.9956E-1
8.9900E-4	9.5215E-3	5.0107E-1
9.0000E-4	9.5215E-3	5.0146E-1
9.0100E-4	1.0010E-2	5.0171E-1
9.0200E-4	1.0010E-2	4.9927E-1
9.0300E-4	9.2773E-3	4.9609E-1
9.0400E-4	1.0498E-2	4.9053E-1
9.0500E-4	1.0254E-2	4.8525E-1
9.0600E-4	9.7656E-3	4.8145E-1
9.0700E-4	1.0010E-2	4.8013E-1
9.0800E-4	1.0010E-2	4.8232E-1
9.0900E-4	9.5215E-3	4.8687E-1
9.1000E-4	9.2773E-3	4.9189E-1
9.1100E-4	9.2773E-3	4.9590E-1
9.1200E-4	1.0010E-2	4.9849E-1
9.1300E-4	9.5215E-3	4.9805E-1
9.1400E-4	9.5215E-3	4.9565E-1
9.1500E-4	1.0010E-2	4.9121E-1
9.1600E-4	9.5215E-3	4.8735E-1
9.1700E-4	1.0010E-2	4.8267E-1
9.1800E-4	1.0254E-2	4.7998E-1
9.1900E-4	9.5215E-3	4.8096E-1
9.2000E-4	9.7656E-3	4.8438E-1
9.2100E-4	9.5215E-3	4.8682E-1
9.2200E-4	9.2773E-3	4.8867E-1
9.2300E-4	8.7891E-3	4.8970E-1
9.2400E-4	9.5215E-3	4.8955E-1
9.2500E-4	1.0254E-2	4.8936E-1
9.2600E-4	9.7656E-3	4.8853E-1
9.2700E-4	9.5215E-3	4.8975E-1
9.2800E-4	9.2773E-3	4.9258E-1
9.2900E-4	9.2773E-3	4.9453E-1
9.3000E-4	1.0010E-2	4.9492E-1
9.3100E-4	9.7656E-3	4.9482E-1
9.3200E-4	1.0254E-2	4.9531E-1
9.3300E-4	1.0010E-2	4.9604E-1
9.3400E-4	9.2773E-3	4.9746E-1
9.3500E-4	9.7656E-3	5.0029E-1
9.3600E-4	9.5215E-3	5.0366E-1
9.3700E-4	1.0010E-2	5.0439E-1
9.3800E-4	9.5215E-3	5.0405E-1
9.3900E-4	9.2773E-3	5.0415E-1
9.4000E-4	1.0010E-2	5.0400E-1
9.4100E-4	1.0010E-2	5.0356E-1
9.4200E-4	9.7656E-3	5.0483E-1
9.4300E-4	9.5215E-3	5.0674E-1
9.4400E-4	1.0010E-2	5.0908E-1
9.4500E-4	9.7656E-3	5.1157E-1
9.4600E-4	9.0332E-3	5.1523E-1
9.4700E-4	9.7656E-3	5.1836E-1
9.4800E-4	9.5215E-3	5.2021E-1
9.4900E-4	9.5215E-3	5.2173E-1
9.5000E-4	1.0498E-2	5.2544E-1
9.5100E-4	9.7656E-3	5.2925E-1
9.5200E-4	9.7656E-3	5.3345E-1
9.5300E-4	1.0254E-2	5.3833E-1
9.5400E-4	9.0332E-3	5.4282E-1
9.5500E-4	9.5215E-3	5.4443E-1
9.5600E-4	9.2773E-3	5.4746E-1
9.5700E-4	1.0010E-2	5.5254E-1
9.5800E-4	1.0010E-2	5.5820E-1
9.5900E-4	9.7656E-3	5.6279E-1
9.6000E-4	9.7656E-3	5.6802E-1
9.6100E-4	9.5215E-3	5.7222E-1
9.6200E-4	1.0010E-2	5.7383E-1
9.6300E-4	9.7656E-3	5.7290E-1
9.6400E-4	1.0742E-2	5.7148E-1
9.6500E-4	9.7656E-3	5.6973E-1
9.6600E-4	9.2773E-3	5.7031E-1
9.6700E-4	9.5215E-3	5.7188E-1
9.6800E-4	9.5215E-3	5.7515E-1
9.6900E-4	1.0010E-2	5.8125E-1
9.7000E-4	9.5215E-3	5.8770E-1
9.7100E-4	1.0010E-2	5.9102E-1
9.7200E-4	9.5215E-3	5.9565E-1
9.7300E-4	9.7656E-3	6.0464E-1
9.7400E-4	9.7656E-3	6.1387E-1
9.7500E-4	1.0254E-2	6.2666E-1
9.7600E-4	9.0332E-3	6.3994E-1
9.7700E-4	1.0498E-2	6.5107E-1
9.7800E-4	9.2773E-3	6.5552E-1
9.7900E-4	9.2773E-3	6.5757E-1
9.8000E-4	9.7656E-3	6.5518E-1
9.8100E-4	1.0254E-2	6.5400E-1
9.8200E-4	9.5215E-3	6.5381E-1
9.8300E-4	9.7656E-3	6.5747E-1
9.8400E-4	9.5215E-3	6.6406E-1
9.8500E-4	9.2773E-3	6.7256E-1
9.8600E-4	9.5215E-3	6.8184E-1
9.8700E-4	9.5215E-3	6.8984E-1
9.8800E-4	1.0254E-2	6.9648E-1
9.8900E-4	9.2773E-3	7.0020E-1
9.9000E-4	1.0254E-2	7.0249E-1
9.9100E-4	9.5215E-3	7.0317E-1
9.9200E-4	9.5215E-3	7.0483E-1
9.9300E-4	1.0254E-2	7.0542E-1
9.9400E-4	9.0332E-3	7.0562E-1
9.9500E-4	9.5215E-3	7.0537E-1
9.9600E-4	9.5215E-3	7.0508E-1
9.9700E-4	9.7656E-3	7.0581E-1
9.9800E-4	9.5215E-3	7.0581E-1
9.9900E-4	1.0010E-2	7.0581E-1
