Time [s]	Aux in [V]	Main in [V]
0.0000E+0	1.0254E-2	3.0713E-2
1.0000E-6	9.7656E-3	2.7637E-2
2.0000E-6	9.2773E-3	2.3047E-2
3.0000E-6	8.7891E-3	2.1973E-2
4.0000E-6	9.5215E-3	2.4609E-2
5.0000E-6	9.2773E-3	2.6367E-2
6.0000E-6	9.5215E-3	3.1543E-2
7.0000E-6	9.5215E-3	4.0674E-2
8.0000E-6	9.7656E-3	4.6191E-2
9.0000E-6	9.2773E-3	5.3613E-2
1.0000E-5	9.2773E-3	6.3770E-2
1.1000E-5	9.2773E-3	7.4023E-2
1.2000E-5	9.7656E-3	8.9014E-2
1.3000E-5	1.0010E-2	1.1479E-1
1.4000E-5	1.0254E-2	1.4766E-1
1.5000E-5	8.7891E-3	1.8818E-1
1.6000E-5	1.0254E-2	2.4028E-1
1.7000E-5	9.5215E-3	3.0264E-1
1.8000E-5	9.2773E-3	3.7764E-1
1.9000E-5	1.0010E-2	4.6938E-1
2.0000E-5	9.7656E-3	5.7378E-1
2.1000E-5	9.7656E-3	6.7935E-1
2.2000E-5	1.0254E-2	7.7290E-1
2.3000E-5	9.2773E-3	8.4180E-1
2.4000E-5	1.0010E-2	8.7832E-1
2.5000E-5	9.5215E-3	8.7852E-1
2.6000E-5	9.5215E-3	8.4697E-1
2.7000E-5	9.2773E-3	7.9424E-1
2.8000E-5	9.2773E-3	7.2588E-1
2.9000E-5	9.5215E-3	6.4883E-1
3.0000E-5	9.2773E-3	5.7583E-1
3.1000E-5	9.2773E-3	5.1333E-1
3.2000E-5	9.5215E-3	4.6343E-1
3.3000E-5	9.5215E-3	4.2808E-1
3.4000E-5	9.5215E-3	4.0811E-1
3.5000E-5	1.0254E-2	4.0244E-1
3.6000E-5	9.2773E-3	4.1001E-1
3.7000E-5	1.0010E-2	4.2549E-1
3.8000E-5	9.5215E-3	4.4907E-1
3.9000E-5	1.0010E-2	4.7563E-1
4.0000E-5	8.7891E-3	5.0132E-1
4.1000E-5	9.7656E-3	5.2524E-1
4.2000E-5	9.5215E-3	5.4995E-1
4.3000E-5	9.2773E-3	5.7529E-1
4.4000E-5	9.7656E-3	6.0293E-1
4.5000E-5	1.0254E-2	6.3218E-1
4.6000E-5	9.7656E-3	6.5977E-1
4.7000E-5	9.5215E-3	6.8672E-1
4.8000E-5	9.0332E-3	7.1021E-1
4.9000E-5	1.0010E-2	7.3232E-1
5.0000E-5	1.0010E-2	7.5088E-1
5.1000E-5	9.5215E-3	7.6538E-1
5.2000E-5	9.5215E-3	7.7129E-1
5.3000E-5	9.5215E-3	7.7246E-1
5.4000E-5	9.7656E-3	7.6411E-1
5.5000E-5	9.7656E-3	7.4849E-1
5.6000E-5	9.7656E-3	7.2959E-1
5.7000E-5	9.0332E-3	7.0977E-1
5.8000E-5	9.2773E-3	6.8872E-1
5.9000E-5	9.0332E-3	6.6973E-1
6.0000E-5	9.2773E-3	6.5332E-1
6.1000E-5	9.7656E-3	6.3823E-1
6.2000E-5	9.7656E-3	6.2329E-1
6.3000E-5	1.0010E-2	6.1016E-1
6.4000E-5	1.0010E-2	5.9814E-1
6.5000E-5	9.2773E-3	5.8867E-1
6.6000E-5	9.5215E-3	5.8096E-1
6.7000E-5	9.7656E-3	5.7842E-1
6.8000E-5	1.0010E-2	5.7788E-1
6.9000E-5	9.7656E-3	5.8091E-1
7.0000E-5	9.5215E-3	5.8594E-1
7.1000E-5	9.2773E-3	5.9409E-1
7.2000E-5	1.0254E-2	6.0601E-1
7.3000E-5	1.0010E-2	6.2217E-1
7.4000E-5	1.0010E-2	6.4058E-1
7.5000E-5	9.2773E-3	6.6245E-1
7.6000E-5	9.0332E-3	6.8672E-1
7.7000E-5	9.2773E-3	7.0957E-1
7.8000E-5	1.0010E-2	7.2939E-1
7.9000E-5	9.2773E-3	7.4961E-1
8.0000E-5	9.5215E-3	7.6724E-1
8.1000E-5	9.7656E-3	7.8159E-1
8.2000E-5	9.7656E-3	7.9365E-1
8.3000E-5	9.7656E-3	8.0215E-1
8.4000E-5	9.2773E-3	8.0371E-1
8.5000E-5	9.5215E-3	7.9873E-1
8.6000E-5	9.5215E-3	7.8882E-1
8.7000E-5	9.0332E-3	7.7427E-1
8.8000E-5	1.0010E-2	7.5718E-1
8.9000E-5	1.0010E-2	7.3838E-1
9.0000E-5	9.0332E-3	7.1826E-1
9.1000E-5	9.5215E-3	6.9502E-1
9.2000E-5	9.2773E-3	6.7285E-1
9.3000E-5	9.7656E-3	6.4966E-1
9.4000E-5	9.7656E-3	6.2744E-1
9.5000E-5	1.0010E-2	6.0811E-1
9.6000E-5	1.0010E-2	5.9268E-1
9.7000E-5	9.7656E-3	5.7817E-1
9.8000E-5	1.0010E-2	5.6938E-1
9.9000E-5	9.0332E-3	5.6606E-1
1.0000E-4	9.7656E-3	5.6699E-1
1.0100E-4	9.7656E-3	5.7417E-1
1.0200E-4	9.0332E-3	5.8799E-1
1.0300E-4	9.7656E-3	6.0889E-1
1.0400E-4	9.7656E-3	6.3506E-1
1.0500E-4	1.0010E-2	6.6675E-1
1.0600E-4	9.2773E-3	7.0156E-1
1.0700E-4	9.5215E-3	7.3706E-1
1.0800E-4	9.5215E-3	7.6826E-1
1.0900E-4	9.5215E-3	7.9502E-1
1.1000E-4	9.5215E-3	8.1416E-1
1.1100E-4	9.5215E-3	8.2637E-1
1.1200E-4	9.5215E-3	8.3081E-1
1.1300E-4	9.0332E-3	8.3062E-1
1.1400E-4	9.0332E-3	8.2266E-1
1.1500E-4	9.5215E-3	8.0923E-1
1.1600E-4	9.7656E-3	7.8989E-1
1.1700E-4	9.2773E-3	7.6675E-1
1.1800E-4	9.5215E-3	7.3960E-1
1.1900E-4	9.7656E-3	7.1099E-1
1.2000E-4	9.5215E-3	6.8125E-1
1.2100E-4	9.5215E-3	6.5332E-1
1.2200E-4	1.0254E-2	6.2544E-1
1.2300E-4	9.5215E-3	6.0127E-1
1.2400E-4	9.2773E-3	5.8125E-1
1.2500E-4	9.2773E-3	5.6729E-1
1.2600E-4	1.0010E-2	5.6011E-1
1.2700E-4	9.7656E-3	5.6191E-1
1.2800E-4	9.5215E-3	5.6934E-1
1.2900E-4	1.0010E-2	5.8403E-1
1.3000E-4	9.5215E-3	6.0435E-1
1.3100E-4	9.5215E-3	6.3003E-1
1.3200E-4	9.2773E-3	6.5967E-1
1.3300E-4	9.7656E-3	6.9551E-1
1.3400E-4	9.7656E-3	7.3286E-1
1.3500E-4	9.7656E-3	7.6919E-1
1.3600E-4	9.5215E-3	7.9634E-1
1.3700E-4	9.5215E-3	8.1372E-1
1.3800E-4	9.0332E-3	8.1753E-1
1.3900E-4	9.7656E-3	8.1113E-1
1.4000E-4	9.7656E-3	7.9858E-1
1.4100E-4	9.5215E-3	7.8345E-1
1.4200E-4	9.7656E-3	7.6587E-1
1.4300E-4	9.7656E-3	7.4624E-1
1.4400E-4	1.0010E-2	7.2510E-1
1.4500E-4	1.0254E-2	6.9956E-1
1.4600E-4	9.2773E-3	6.7065E-1
1.4700E-4	9.5215E-3	6.4009E-1
1.4800E-4	1.0254E-2	6.0913E-1
1.4900E-4	9.2773E-3	5.7974E-1
1.5000E-4	9.5215E-3	5.5161E-1
1.5100E-4	9.5215E-3	5.2866E-1
1.5200E-4	9.5215E-3	5.1143E-1
1.5300E-4	9.5215E-3	5.0000E-1
1.5400E-4	1.0254E-2	4.9395E-1
1.5500E-4	9.7656E-3	4.9902E-1
1.5600E-4	9.7656E-3	5.1069E-1
1.5700E-4	9.7656E-3	5.3003E-1
1.5800E-4	1.0010E-2	5.5640E-1
1.5900E-4	9.2773E-3	5.8999E-1
1.6000E-4	9.7656E-3	6.2686E-1
1.6100E-4	9.7656E-3	6.6738E-1
1.6200E-4	9.5215E-3	7.0635E-1
1.6300E-4	1.0254E-2	7.4312E-1
1.6400E-4	9.2773E-3	7.6948E-1
1.6500E-4	9.5215E-3	7.8389E-1
1.6600E-4	9.2773E-3	7.8818E-1
1.6700E-4	9.2773E-3	7.8774E-1
1.6800E-4	9.2773E-3	7.8267E-1
1.6900E-4	8.7891E-3	7.7495E-1
1.7000E-4	9.7656E-3	7.6553E-1
1.7100E-4	9.7656E-3	7.5098E-1
1.7200E-4	1.0010E-2	7.3018E-1
1.7300E-4	1.0254E-2	7.0107E-1
1.7400E-4	1.0010E-2	6.6602E-1
1.7500E-4	9.5215E-3	6.2773E-1
1.7600E-4	9.7656E-3	5.9019E-1
1.7700E-4	9.2773E-3	5.5674E-1
1.7800E-4	9.7656E-3	5.3032E-1
1.7900E-4	9.5215E-3	5.1001E-1
1.8000E-4	9.7656E-3	4.9912E-1
1.8100E-4	1.0010E-2	4.9561E-1
1.8200E-4	1.0010E-2	4.9639E-1
1.8300E-4	1.0010E-2	5.0317E-1
1.8400E-4	9.7656E-3	5.1719E-1
1.8500E-4	9.7656E-3	5.3887E-1
1.8600E-4	9.5215E-3	5.6816E-1
1.8700E-4	9.2773E-3	6.0566E-1
1.8800E-4	9.5215E-3	6.5068E-1
1.8900E-4	9.2773E-3	6.9897E-1
1.9000E-4	9.7656E-3	7.4258E-1
1.9100E-4	1.0010E-2	7.7734E-1
1.9200E-4	9.7656E-3	7.9849E-1
1.9300E-4	9.7656E-3	8.0298E-1
1.9400E-4	9.5215E-3	7.9951E-1
1.9500E-4	1.0010E-2	7.9023E-1
1.9600E-4	9.7656E-3	7.7749E-1
1.9700E-4	9.2773E-3	7.6221E-1
1.9800E-4	9.5215E-3	7.4268E-1
1.9900E-4	9.5215E-3	7.1558E-1
2.0000E-4	9.7656E-3	6.7998E-1
2.0100E-4	1.0254E-2	6.3804E-1
2.0200E-4	9.5215E-3	5.9365E-1
2.0300E-4	9.7656E-3	5.5063E-1
2.0400E-4	9.5215E-3	5.1289E-1
2.0500E-4	1.0498E-2	4.8115E-1
2.0600E-4	9.5215E-3	4.5747E-1
2.0700E-4	9.5215E-3	4.4331E-1
2.0800E-4	9.7656E-3	4.3677E-1
2.0900E-4	8.7891E-3	4.3721E-1
2.1000E-4	9.5215E-3	4.4785E-1
2.1100E-4	9.7656E-3	4.6577E-1
2.1200E-4	9.7656E-3	4.8896E-1
2.1300E-4	9.2773E-3	5.2012E-1
2.1400E-4	9.0332E-3	5.5601E-1
2.1500E-4	9.5215E-3	5.9780E-1
2.1600E-4	9.7656E-3	6.4746E-1
2.1700E-4	9.7656E-3	7.0161E-1
2.1800E-4	9.5215E-3	7.5503E-1
2.1900E-4	9.7656E-3	8.0044E-1
2.2000E-4	9.5215E-3	8.2954E-1
2.2100E-4	9.2773E-3	8.4287E-1
2.2200E-4	9.2773E-3	8.4126E-1
2.2300E-4	1.0010E-2	8.2642E-1
2.2400E-4	9.7656E-3	8.0439E-1
2.2500E-4	9.7656E-3	7.7661E-1
2.2600E-4	9.7656E-3	7.4263E-1
2.2700E-4	9.5215E-3	7.0313E-1
2.2800E-4	9.5215E-3	6.5957E-1
2.2900E-4	9.7656E-3	6.1357E-1
2.3000E-4	9.2773E-3	5.6860E-1
2.3100E-4	9.5215E-3	5.2759E-1
2.3200E-4	9.7656E-3	4.9341E-1
2.3300E-4	9.2773E-3	4.6895E-1
2.3400E-4	9.0332E-3	4.5459E-1
2.3500E-4	9.7656E-3	4.5205E-1
2.3600E-4	9.5215E-3	4.5581E-1
2.3700E-4	1.0010E-2	4.6855E-1
2.3800E-4	1.0254E-2	4.8687E-1
2.3900E-4	9.2773E-3	5.1099E-1
2.4000E-4	8.7891E-3	5.4258E-1
2.4100E-4	9.7656E-3	5.8247E-1
2.4200E-4	9.7656E-3	6.2617E-1
2.4300E-4	9.7656E-3	6.7607E-1
2.4400E-4	9.2773E-3	7.2881E-1
2.4500E-4	9.2773E-3	7.7490E-1
2.4600E-4	9.5215E-3	8.1138E-1
2.4700E-4	1.0010E-2	8.3306E-1
2.4800E-4	1.0010E-2	8.3970E-1
2.4900E-4	9.5215E-3	8.3442E-1
2.5000E-4	9.0332E-3	8.1919E-1
2.5100E-4	1.0010E-2	7.9644E-1
2.5200E-4	1.0010E-2	7.7026E-1
2.5300E-4	9.7656E-3	7.3896E-1
2.5400E-4	9.5215E-3	6.9878E-1
2.5500E-4	1.0010E-2	6.5366E-1
2.5600E-4	9.7656E-3	6.0493E-1
2.5700E-4	9.2773E-3	5.5513E-1
2.5800E-4	9.7656E-3	5.0864E-1
2.5900E-4	9.7656E-3	4.7085E-1
2.6000E-4	1.0010E-2	4.4238E-1
2.6100E-4	9.5215E-3	4.2456E-1
2.6200E-4	9.7656E-3	4.1890E-1
2.6300E-4	1.0010E-2	4.2393E-1
2.6400E-4	9.5215E-3	4.3579E-1
2.6500E-4	9.0332E-3	4.5615E-1
2.6600E-4	1.0010E-2	4.8394E-1
2.6700E-4	9.2773E-3	5.1689E-1
2.6800E-4	9.5215E-3	5.5425E-1
2.6900E-4	1.0010E-2	5.9771E-1
2.7000E-4	9.2773E-3	6.4658E-1
2.7100E-4	9.7656E-3	6.9922E-1
2.7200E-4	9.5215E-3	7.4863E-1
2.7300E-4	9.5215E-3	7.8867E-1
2.7400E-4	9.5215E-3	8.1875E-1
2.7500E-4	9.7656E-3	8.3242E-1
2.7600E-4	9.2773E-3	8.3384E-1
2.7700E-4	1.0010E-2	8.2700E-1
2.7800E-4	9.7656E-3	8.1421E-1
2.7900E-4	9.7656E-3	7.9297E-1
2.8000E-4	9.2773E-3	7.6475E-1
2.8100E-4	9.5215E-3	7.2881E-1
2.8200E-4	9.2773E-3	6.8477E-1
2.8300E-4	1.0498E-2	6.3623E-1
2.8400E-4	9.7656E-3	5.8569E-1
2.8500E-4	9.5215E-3	5.4014E-1
2.8600E-4	9.7656E-3	4.9971E-1
2.8700E-4	9.5215E-3	4.6963E-1
2.8800E-4	9.7656E-3	4.5000E-1
2.8900E-4	9.5215E-3	4.4253E-1
2.9000E-4	1.0254E-2	4.4536E-1
2.9100E-4	9.0332E-3	4.5664E-1
2.9200E-4	9.5215E-3	4.7632E-1
2.9300E-4	9.5215E-3	5.0474E-1
2.9400E-4	9.7656E-3	5.3867E-1
2.9500E-4	9.7656E-3	5.7656E-1
2.9600E-4	9.7656E-3	6.2085E-1
2.9700E-4	9.5215E-3	6.7002E-1
2.9800E-4	9.5215E-3	7.2056E-1
2.9900E-4	9.0332E-3	7.6821E-1
3.0000E-4	9.7656E-3	8.0962E-1
3.0100E-4	9.7656E-3	8.3892E-1
3.0200E-4	9.7656E-3	8.5391E-1
3.0300E-4	1.0010E-2	8.5630E-1
3.0400E-4	9.7656E-3	8.4722E-1
3.0500E-4	9.0332E-3	8.3013E-1
3.0600E-4	1.0010E-2	8.0391E-1
3.0700E-4	9.7656E-3	7.7119E-1
3.0800E-4	9.5215E-3	7.2983E-1
3.0900E-4	9.2773E-3	6.8467E-1
3.1000E-4	9.5215E-3	6.3506E-1
3.1100E-4	1.0010E-2	5.8628E-1
3.1200E-4	9.5215E-3	5.3945E-1
3.1300E-4	9.7656E-3	4.9727E-1
3.1400E-4	9.7656E-3	4.6465E-1
3.1500E-4	9.7656E-3	4.4336E-1
3.1600E-4	9.5215E-3	4.3413E-1
3.1700E-4	9.5215E-3	4.3716E-1
3.1800E-4	1.0010E-2	4.5103E-1
3.1900E-4	9.5215E-3	4.7231E-1
3.2000E-4	9.5215E-3	5.0000E-1
3.2100E-4	9.7656E-3	5.3228E-1
3.2200E-4	9.2773E-3	5.6821E-1
3.2300E-4	9.0332E-3	6.0820E-1
3.2400E-4	9.5215E-3	6.5347E-1
3.2500E-4	1.0254E-2	7.0225E-1
3.2600E-4	9.0332E-3	7.5229E-1
3.2700E-4	9.5215E-3	7.9434E-1
3.2800E-4	9.2773E-3	8.2734E-1
3.2900E-4	9.2773E-3	8.4526E-1
3.3000E-4	9.5215E-3	8.5015E-1
3.3100E-4	9.7656E-3	8.4404E-1
3.3200E-4	9.0332E-3	8.3096E-1
3.3300E-4	1.0010E-2	8.1035E-1
3.3400E-4	9.5215E-3	7.8496E-1
3.3500E-4	9.7656E-3	7.5181E-1
3.3600E-4	9.7656E-3	7.1426E-1
3.3700E-4	1.0010E-2	6.7280E-1
3.3800E-4	9.5215E-3	6.2964E-1
3.3900E-4	9.2773E-3	5.8926E-1
3.4000E-4	1.0010E-2	5.5532E-1
3.4100E-4	1.0254E-2	5.2607E-1
3.4200E-4	9.2773E-3	5.0698E-1
3.4300E-4	9.5215E-3	4.9834E-1
3.4400E-4	1.0010E-2	4.9443E-1
3.4500E-4	1.0010E-2	4.9697E-1
3.4600E-4	9.5215E-3	5.0620E-1
3.4700E-4	9.5215E-3	5.1997E-1
3.4800E-4	9.7656E-3	5.4063E-1
3.4900E-4	9.2773E-3	5.7036E-1
3.5000E-4	1.0010E-2	6.0684E-1
3.5100E-4	9.7656E-3	6.4873E-1
3.5200E-4	9.7656E-3	6.9355E-1
3.5300E-4	9.2773E-3	7.3770E-1
3.5400E-4	9.7656E-3	7.7749E-1
3.5500E-4	9.5215E-3	8.0952E-1
3.5600E-4	1.0010E-2	8.2988E-1
3.5700E-4	9.7656E-3	8.3804E-1
3.5800E-4	9.2773E-3	8.3550E-1
3.5900E-4	9.5215E-3	8.2373E-1
3.6000E-4	1.0498E-2	8.0273E-1
3.6100E-4	1.0010E-2	7.7603E-1
3.6200E-4	9.5215E-3	7.4644E-1
3.6300E-4	9.7656E-3	7.1274E-1
3.6400E-4	1.0010E-2	6.7861E-1
3.6500E-4	1.0010E-2	6.4575E-1
3.6600E-4	9.2773E-3	6.1514E-1
3.6700E-4	1.0010E-2	5.8911E-1
3.6800E-4	9.5215E-3	5.6558E-1
3.6900E-4	9.5215E-3	5.4268E-1
3.7000E-4	9.7656E-3	5.2637E-1
3.7100E-4	9.7656E-3	5.1685E-1
3.7200E-4	9.7656E-3	5.1318E-1
3.7300E-4	9.7656E-3	5.1836E-1
3.7400E-4	9.7656E-3	5.3291E-1
3.7500E-4	9.7656E-3	5.5234E-1
3.7600E-4	9.5215E-3	5.7686E-1
3.7700E-4	9.5215E-3	6.0708E-1
3.7800E-4	1.0254E-2	6.4126E-1
3.7900E-4	9.5215E-3	6.8101E-1
3.8000E-4	9.7656E-3	7.2319E-1
3.8100E-4	9.2773E-3	7.6328E-1
3.8200E-4	9.7656E-3	7.9404E-1
3.8300E-4	1.0254E-2	8.1514E-1
3.8400E-4	1.0010E-2	8.2549E-1
3.8500E-4	9.0332E-3	8.2529E-1
3.8600E-4	1.0010E-2	8.1777E-1
3.8700E-4	9.7656E-3	8.0581E-1
3.8800E-4	9.7656E-3	7.9385E-1
3.8900E-4	9.5215E-3	7.7812E-1
3.9000E-4	1.0010E-2	7.6123E-1
3.9100E-4	9.5215E-3	7.4238E-1
3.9200E-4	9.5215E-3	7.2192E-1
3.9300E-4	9.7656E-3	6.9966E-1
3.9400E-4	1.0010E-2	6.7451E-1
3.9500E-4	1.0010E-2	6.4790E-1
3.9600E-4	9.7656E-3	6.2314E-1
3.9700E-4	9.2773E-3	6.0239E-1
3.9800E-4	9.5215E-3	5.8462E-1
3.9900E-4	1.0010E-2	5.7515E-1
4.0000E-4	1.0254E-2	5.7280E-1
4.0100E-4	9.0332E-3	5.7510E-1
4.0200E-4	1.0010E-2	5.8594E-1
4.0300E-4	9.2773E-3	6.0308E-1
4.0400E-4	1.0254E-2	6.2344E-1
4.0500E-4	9.5215E-3	6.4551E-1
4.0600E-4	9.5215E-3	6.7109E-1
4.0700E-4	9.5215E-3	6.9736E-1
4.0800E-4	9.2773E-3	7.2183E-1
4.0900E-4	9.2773E-3	7.4409E-1
4.1000E-4	9.2773E-3	7.6465E-1
4.1100E-4	9.5215E-3	7.7988E-1
4.1200E-4	9.5215E-3	7.8931E-1
4.1300E-4	9.0332E-3	7.9268E-1
4.1400E-4	9.7656E-3	7.9253E-1
4.1500E-4	1.0254E-2	7.8711E-1
4.1600E-4	1.0010E-2	7.7979E-1
4.1700E-4	9.5215E-3	7.6919E-1
4.1800E-4	9.2773E-3	7.5757E-1
4.1900E-4	9.0332E-3	7.4419E-1
4.2000E-4	9.7656E-3	7.3101E-1
4.2100E-4	1.0010E-2	7.1577E-1
4.2200E-4	9.7656E-3	6.9668E-1
4.2300E-4	9.5215E-3	6.7720E-1
4.2400E-4	9.7656E-3	6.5806E-1
4.2500E-4	9.0332E-3	6.4199E-1
4.2600E-4	9.7656E-3	6.2749E-1
4.2700E-4	9.7656E-3	6.2002E-1
4.2800E-4	9.7656E-3	6.1592E-1
4.2900E-4	9.5215E-3	6.1768E-1
4.3000E-4	1.0010E-2	6.2183E-1
4.3100E-4	9.2773E-3	6.2925E-1
4.3200E-4	1.0010E-2	6.3862E-1
4.3300E-4	9.2773E-3	6.5166E-1
4.3400E-4	1.0010E-2	6.6519E-1
4.3500E-4	1.0010E-2	6.7974E-1
4.3600E-4	9.7656E-3	6.9604E-1
4.3700E-4	1.0254E-2	7.1509E-1
4.3800E-4	9.5215E-3	7.3247E-1
4.3900E-4	9.2773E-3	7.4849E-1
4.4000E-4	8.7891E-3	7.6553E-1
4.4100E-4	1.0498E-2	7.8208E-1
4.4200E-4	9.0332E-3	7.9565E-1
4.4300E-4	9.0332E-3	8.0679E-1
4.4400E-4	1.0010E-2	8.1436E-1
4.4500E-4	9.2773E-3	8.1367E-1
4.4600E-4	1.0010E-2	8.0693E-1
4.4700E-4	9.5215E-3	7.9111E-1
4.4800E-4	9.7656E-3	7.7202E-1
4.4900E-4	9.5215E-3	7.4863E-1
4.5000E-4	9.0332E-3	7.2212E-1
4.5100E-4	9.5215E-3	6.9370E-1
4.5200E-4	9.2773E-3	6.6309E-1
4.5300E-4	1.0254E-2	6.2944E-1
4.5400E-4	9.5215E-3	5.9438E-1
4.5500E-4	9.7656E-3	5.6074E-1
4.5600E-4	9.5215E-3	5.2959E-1
4.5700E-4	9.5215E-3	5.0435E-1
4.5800E-4	9.5215E-3	4.8423E-1
4.5900E-4	9.2773E-3	4.7075E-1
4.6000E-4	9.7656E-3	4.6265E-1
4.6100E-4	9.2773E-3	4.5820E-1
4.6200E-4	9.7656E-3	4.5967E-1
4.6300E-4	9.5215E-3	4.6802E-1
4.6400E-4	9.0332E-3	4.8223E-1
4.6500E-4	9.0332E-3	5.0332E-1
4.6600E-4	9.5215E-3	5.3042E-1
4.6700E-4	1.0010E-2	5.6421E-1
4.6800E-4	9.0332E-3	6.0591E-1
4.6900E-4	1.0498E-2	6.5229E-1
4.7000E-4	9.2773E-3	7.0420E-1
4.7100E-4	1.0010E-2	7.5654E-1
4.7200E-4	9.7656E-3	8.0068E-1
4.7300E-4	9.5215E-3	8.2661E-1
4.7400E-4	9.7656E-3	8.3262E-1
4.7500E-4	9.7656E-3	8.1055E-1
4.7600E-4	1.0010E-2	7.6084E-1
4.7700E-4	9.5215E-3	6.8594E-1
4.7800E-4	9.5215E-3	5.9224E-1
4.7900E-4	9.5215E-3	4.9004E-1
4.8000E-4	9.7656E-3	3.8833E-1
4.8100E-4	9.5215E-3	2.9473E-1
4.8200E-4	9.7656E-3	2.1582E-1
4.8300E-4	9.5215E-3	1.5498E-1
4.8400E-4	1.0010E-2	1.0918E-1
4.8500E-4	9.5215E-3	7.7686E-2
4.8600E-4	9.2773E-3	5.7520E-2
4.8700E-4	1.0010E-2	4.8926E-2
4.8800E-4	9.7656E-3	4.6289E-2
4.8900E-4	1.0498E-2	4.7754E-2
4.9000E-4	9.7656E-3	5.2686E-2
4.9100E-4	9.5215E-3	5.8447E-2
4.9200E-4	9.5215E-3	6.0400E-2
4.9300E-4	9.2773E-3	6.0107E-2
4.9400E-4	9.5215E-3	5.7031E-2
4.9500E-4	9.5215E-3	5.1367E-2
4.9600E-4	9.5215E-3	4.5361E-2
4.9700E-4	9.7656E-3	4.1846E-2
4.9800E-4	9.2773E-3	3.9795E-2
4.9900E-4	1.0498E-2	3.7988E-2
5.0000E-4	9.5215E-3	3.4863E-2
5.0100E-4	9.7656E-3	3.3496E-2
5.0200E-4	9.5215E-3	3.0713E-2
5.0300E-4	9.0332E-3	3.0078E-2
5.0400E-4	9.7656E-3	3.2031E-2
5.0500E-4	9.2773E-3	3.7842E-2
5.0600E-4	9.7656E-3	4.3848E-2
5.0700E-4	9.2773E-3	5.0488E-2
5.0800E-4	9.5215E-3	5.7324E-2
5.0900E-4	9.5215E-3	6.4893E-2
5.1000E-4	9.5215E-3	7.2754E-2
5.1100E-4	9.0332E-3	8.3789E-2
5.1200E-4	9.2773E-3	1.0171E-1
5.1300E-4	9.5215E-3	1.2622E-1
5.1400E-4	9.5215E-3	1.6079E-1
5.1500E-4	9.5215E-3	2.0444E-1
5.1600E-4	9.5215E-3	2.5796E-1
5.1700E-4	1.0010E-2	3.2114E-1
5.1800E-4	9.5215E-3	3.9951E-1
5.1900E-4	9.2773E-3	4.9189E-1
5.2000E-4	9.2773E-3	5.9805E-1
5.2100E-4	9.2773E-3	7.0645E-1
5.2200E-4	9.7656E-3	8.0283E-1
5.2300E-4	9.5215E-3	8.7368E-1
5.2400E-4	9.7656E-3	9.1016E-1
5.2500E-4	9.0332E-3	9.0640E-1
5.2600E-4	9.7656E-3	8.6875E-1
5.2700E-4	9.5215E-3	8.0698E-1
5.2800E-4	9.5215E-3	7.3013E-1
5.2900E-4	9.2773E-3	6.4771E-1
5.3000E-4	1.0010E-2	5.6812E-1
5.3100E-4	1.0010E-2	5.0161E-1
5.3200E-4	9.2773E-3	4.5039E-1
5.3300E-4	1.0010E-2	4.1680E-1
5.3400E-4	9.2773E-3	3.9951E-1
5.3500E-4	9.5215E-3	3.9795E-1
5.3600E-4	8.7891E-3	4.0396E-1
5.3700E-4	9.0332E-3	4.1982E-1
5.3800E-4	1.0010E-2	4.4087E-1
5.3900E-4	9.2773E-3	4.6597E-1
5.4000E-4	9.5215E-3	4.9258E-1
5.4100E-4	9.2773E-3	5.2207E-1
5.4200E-4	9.5215E-3	5.5269E-1
5.4300E-4	8.7891E-3	5.8564E-1
5.4400E-4	9.7656E-3	6.1924E-1
5.4500E-4	9.5215E-3	6.5508E-1
5.4600E-4	9.2773E-3	6.9268E-1
5.4700E-4	9.2773E-3	7.2949E-1
5.4800E-4	1.0010E-2	7.6104E-1
5.4900E-4	9.2773E-3	7.8911E-1
5.5000E-4	1.0254E-2	8.1030E-1
5.5100E-4	9.7656E-3	8.2266E-1
5.5200E-4	9.5215E-3	8.2603E-1
5.5300E-4	9.5215E-3	8.2305E-1
5.5400E-4	9.0332E-3	8.1113E-1
5.5500E-4	9.0332E-3	7.9478E-1
5.5600E-4	9.5215E-3	7.7285E-1
5.5700E-4	9.7656E-3	7.4761E-1
5.5800E-4	1.0010E-2	7.2026E-1
5.5900E-4	9.5215E-3	6.9307E-1
5.6000E-4	9.7656E-3	6.6489E-1
5.6100E-4	9.7656E-3	6.3892E-1
5.6200E-4	9.2773E-3	6.1519E-1
5.6300E-4	9.2773E-3	5.9570E-1
5.6400E-4	9.5215E-3	5.8213E-1
5.6500E-4	9.5215E-3	5.7246E-1
5.6600E-4	9.7656E-3	5.6821E-1
5.6700E-4	9.7656E-3	5.6948E-1
5.6800E-4	9.2773E-3	5.7256E-1
5.6900E-4	9.5215E-3	5.7573E-1
5.7000E-4	1.0010E-2	5.8193E-1
5.7100E-4	9.7656E-3	5.8970E-1
5.7200E-4	9.0332E-3	5.9834E-1
5.7300E-4	9.5215E-3	6.0938E-1
5.7400E-4	8.7891E-3	6.2515E-1
5.7500E-4	9.7656E-3	6.4556E-1
5.7600E-4	1.0010E-2	6.6982E-1
5.7700E-4	9.5215E-3	6.9556E-1
5.7800E-4	9.2773E-3	7.2422E-1
5.7900E-4	9.5215E-3	7.5269E-1
5.8000E-4	9.7656E-3	7.7617E-1
5.8100E-4	9.0332E-3	7.9707E-1
5.8200E-4	9.0332E-3	8.1528E-1
5.8300E-4	1.0010E-2	8.2729E-1
5.8400E-4	9.2773E-3	8.3325E-1
5.8500E-4	9.5215E-3	8.3555E-1
5.8600E-4	9.5215E-3	8.2832E-1
5.8700E-4	9.5215E-3	8.1523E-1
5.8800E-4	9.7656E-3	7.9688E-1
5.8900E-4	9.5215E-3	7.7441E-1
5.9000E-4	9.7656E-3	7.4878E-1
5.9100E-4	9.2773E-3	7.2285E-1
5.9200E-4	1.0254E-2	6.9355E-1
5.9300E-4	1.0010E-2	6.6470E-1
5.9400E-4	9.2773E-3	6.3760E-1
5.9500E-4	9.5215E-3	6.1367E-1
5.9600E-4	9.2773E-3	5.9395E-1
5.9700E-4	9.5215E-3	5.8174E-1
5.9800E-4	9.2773E-3	5.7710E-1
5.9900E-4	9.5215E-3	5.7847E-1
6.0000E-4	8.7891E-3	5.8857E-1
6.0100E-4	1.0010E-2	6.0498E-1
6.0200E-4	1.0010E-2	6.2559E-1
6.0300E-4	9.7656E-3	6.4966E-1
6.0400E-4	9.2773E-3	6.7988E-1
6.0500E-4	9.0332E-3	7.1104E-1
6.0600E-4	9.7656E-3	7.4585E-1
6.0700E-4	9.0332E-3	7.8315E-1
6.0800E-4	9.2773E-3	8.1973E-1
6.0900E-4	9.5215E-3	8.5298E-1
6.1000E-4	9.5215E-3	8.7852E-1
6.1100E-4	9.2773E-3	8.9175E-1
6.1200E-4	9.7656E-3	8.9297E-1
6.1300E-4	9.5215E-3	8.8374E-1
6.1400E-4	9.0332E-3	8.6353E-1
6.1500E-4	9.5215E-3	8.3501E-1
6.1600E-4	9.5215E-3	8.0156E-1
6.1700E-4	9.7656E-3	7.6489E-1
6.1800E-4	9.7656E-3	7.2524E-1
6.1900E-4	9.2773E-3	6.8223E-1
6.2000E-4	9.2773E-3	6.3799E-1
6.2100E-4	9.5215E-3	5.9785E-1
6.2200E-4	9.5215E-3	5.6431E-1
6.2300E-4	9.5215E-3	5.3662E-1
6.2400E-4	9.5215E-3	5.1699E-1
6.2500E-4	9.7656E-3	5.0825E-1
6.2600E-4	9.5215E-3	5.0625E-1
6.2700E-4	1.0254E-2	5.0972E-1
6.2800E-4	1.0010E-2	5.2114E-1
6.2900E-4	9.5215E-3	5.3745E-1
6.3000E-4	1.0010E-2	5.5835E-1
6.3100E-4	1.0254E-2	5.8604E-1
6.3200E-4	9.2773E-3	6.1860E-1
6.3300E-4	9.2773E-3	6.5874E-1
6.3400E-4	9.5215E-3	7.0688E-1
6.3500E-4	9.5215E-3	7.6069E-1
6.3600E-4	1.0010E-2	8.1338E-1
6.3700E-4	9.0332E-3	8.6196E-1
6.3800E-4	1.0010E-2	8.9629E-1
6.3900E-4	9.7656E-3	9.1572E-1
6.4000E-4	9.7656E-3	9.1816E-1
6.4100E-4	9.0332E-3	9.0693E-1
6.4200E-4	1.0010E-2	8.8164E-1
6.4300E-4	1.0010E-2	8.4702E-1
6.4400E-4	9.0332E-3	8.0508E-1
6.4500E-4	9.5215E-3	7.5791E-1
6.4600E-4	9.5215E-3	7.0635E-1
6.4700E-4	9.5215E-3	6.5474E-1
6.4800E-4	1.0010E-2	6.0459E-1
6.4900E-4	1.0010E-2	5.5952E-1
6.5000E-4	9.2773E-3	5.2437E-1
6.5100E-4	1.0010E-2	4.9883E-1
6.5200E-4	1.0498E-2	4.8335E-1
6.5300E-4	9.5215E-3	4.7974E-1
6.5400E-4	9.5215E-3	4.8638E-1
6.5500E-4	9.5215E-3	4.9751E-1
6.5600E-4	9.2773E-3	5.1797E-1
6.5700E-4	9.7656E-3	5.4551E-1
6.5800E-4	9.7656E-3	5.8013E-1
6.5900E-4	9.5215E-3	6.2192E-1
6.6000E-4	9.7656E-3	6.7158E-1
6.6100E-4	9.5215E-3	7.2188E-1
6.6200E-4	9.5215E-3	7.7686E-1
6.6300E-4	9.2773E-3	8.2808E-1
6.6400E-4	9.2773E-3	8.7041E-1
6.6500E-4	9.2773E-3	9.0210E-1
6.6600E-4	9.2773E-3	9.2124E-1
6.6700E-4	9.7656E-3	9.2158E-1
6.6800E-4	9.2773E-3	9.0527E-1
6.6900E-4	9.2773E-3	8.7349E-1
6.7000E-4	1.0010E-2	8.2817E-1
6.7100E-4	9.7656E-3	7.7427E-1
6.7200E-4	1.0010E-2	7.1455E-1
6.7300E-4	9.5215E-3	6.5386E-1
6.7400E-4	9.5215E-3	5.9653E-1
6.7500E-4	9.5215E-3	5.4399E-1
6.7600E-4	9.5215E-3	4.9810E-1
6.7700E-4	9.5215E-3	4.6309E-1
6.7800E-4	9.5215E-3	4.3984E-1
6.7900E-4	9.5215E-3	4.2827E-1
6.8000E-4	1.0254E-2	4.2798E-1
6.8100E-4	9.7656E-3	4.3755E-1
6.8200E-4	9.5215E-3	4.5400E-1
6.8300E-4	9.0332E-3	4.7700E-1
6.8400E-4	1.0010E-2	5.0415E-1
6.8500E-4	9.5215E-3	5.3398E-1
6.8600E-4	9.7656E-3	5.6855E-1
6.8700E-4	9.5215E-3	6.0947E-1
6.8800E-4	1.0010E-2	6.5698E-1
6.8900E-4	9.5215E-3	7.0996E-1
6.9000E-4	9.0332E-3	7.6943E-1
6.9100E-4	9.5215E-3	8.2871E-1
6.9200E-4	1.0010E-2	8.7847E-1
6.9300E-4	9.5215E-3	9.1372E-1
6.9400E-4	9.7656E-3	9.2861E-1
6.9500E-4	9.2773E-3	9.2168E-1
6.9600E-4	9.5215E-3	8.9512E-1
6.9700E-4	1.0254E-2	8.5405E-1
6.9800E-4	9.2773E-3	7.9966E-1
6.9900E-4	9.5215E-3	7.3740E-1
7.0000E-4	9.5215E-3	6.7378E-1
7.0100E-4	1.0010E-2	6.0942E-1
7.0200E-4	9.7656E-3	5.5005E-1
7.0300E-4	9.5215E-3	5.0195E-1
7.0400E-4	9.7656E-3	4.6758E-1
7.0500E-4	9.7656E-3	4.4116E-1
7.0600E-4	9.2773E-3	4.2925E-1
7.0700E-4	9.2773E-3	4.2778E-1
7.0800E-4	9.7656E-3	4.3389E-1
7.0900E-4	1.0010E-2	4.4854E-1
7.1000E-4	1.0010E-2	4.7173E-1
7.1100E-4	9.5215E-3	4.9912E-1
7.1200E-4	9.7656E-3	5.3208E-1
7.1300E-4	9.0332E-3	5.7134E-1
7.1400E-4	9.5215E-3	6.1558E-1
7.1500E-4	9.5215E-3	6.6650E-1
7.1600E-4	9.5215E-3	7.2119E-1
7.1700E-4	9.0332E-3	7.7920E-1
7.1800E-4	1.0010E-2	8.3447E-1
7.1900E-4	9.7656E-3	8.8101E-1
7.2000E-4	9.2773E-3	9.1230E-1
7.2100E-4	1.0498E-2	9.2363E-1
7.2200E-4	9.0332E-3	9.1289E-1
7.2300E-4	9.5215E-3	8.8438E-1
7.2400E-4	8.7891E-3	8.3760E-1
7.2500E-4	9.7656E-3	7.7847E-1
7.2600E-4	9.2773E-3	7.1499E-1
7.2700E-4	9.2773E-3	6.4844E-1
7.2800E-4	9.5215E-3	5.8037E-1
7.2900E-4	9.2773E-3	5.2002E-1
7.3000E-4	9.7656E-3	4.7104E-1
7.3100E-4	9.7656E-3	4.3296E-1
7.3200E-4	8.7891E-3	4.0825E-1
7.3300E-4	1.0010E-2	3.9717E-1
7.3400E-4	9.2773E-3	3.9839E-1
7.3500E-4	9.5215E-3	4.0615E-1
7.3600E-4	9.7656E-3	4.2261E-1
7.3700E-4	9.0332E-3	4.4595E-1
7.3800E-4	9.7656E-3	4.7178E-1
7.3900E-4	9.2773E-3	5.0190E-1
7.4000E-4	9.5215E-3	5.3867E-1
7.4100E-4	9.7656E-3	5.7891E-1
7.4200E-4	1.0010E-2	6.2246E-1
7.4300E-4	9.7656E-3	6.7617E-1
7.4400E-4	1.0010E-2	7.3467E-1
7.4500E-4	1.0010E-2	7.9448E-1
7.4600E-4	9.0332E-3	8.4922E-1
7.4700E-4	9.5215E-3	8.9399E-1
7.4800E-4	9.7656E-3	9.2026E-1
7.4900E-4	9.2773E-3	9.2593E-1
7.5000E-4	9.5215E-3	9.0957E-1
7.5100E-4	9.2773E-3	8.7358E-1
7.5200E-4	9.5215E-3	8.2241E-1
7.5300E-4	1.0010E-2	7.6211E-1
7.5400E-4	9.5215E-3	6.9399E-1
7.5500E-4	9.5215E-3	6.2539E-1
7.5600E-4	9.7656E-3	5.6343E-1
7.5700E-4	1.0010E-2	5.1157E-1
7.5800E-4	9.7656E-3	4.6812E-1
7.5900E-4	9.5215E-3	4.3770E-1
7.6000E-4	9.5215E-3	4.2139E-1
7.6100E-4	9.5215E-3	4.1650E-1
7.6200E-4	9.5215E-3	4.2114E-1
7.6300E-4	9.5215E-3	4.3574E-1
7.6400E-4	9.5215E-3	4.5767E-1
7.6500E-4	9.2773E-3	4.8345E-1
7.6600E-4	9.5215E-3	5.1392E-1
7.6700E-4	9.2773E-3	5.4844E-1
7.6800E-4	9.7656E-3	5.8853E-1
7.6900E-4	9.5215E-3	6.3569E-1
7.7000E-4	9.5215E-3	6.9028E-1
7.7100E-4	9.7656E-3	7.5181E-1
7.7200E-4	9.2773E-3	8.1353E-1
7.7300E-4	9.2773E-3	8.6816E-1
7.7400E-4	9.2773E-3	9.0977E-1
7.7500E-4	9.7656E-3	9.3271E-1
7.7600E-4	9.5215E-3	9.3140E-1
7.7700E-4	9.5215E-3	9.1074E-1
7.7800E-4	9.7656E-3	8.7363E-1
7.7900E-4	9.0332E-3	8.2300E-1
7.8000E-4	9.5215E-3	7.6245E-1
7.8100E-4	9.5215E-3	6.9790E-1
7.8200E-4	9.5215E-3	6.3042E-1
7.8300E-4	9.5215E-3	5.6538E-1
7.8400E-4	9.5215E-3	5.0820E-1
7.8500E-4	9.7656E-3	4.6353E-1
7.8600E-4	9.5215E-3	4.2993E-1
7.8700E-4	9.7656E-3	4.1172E-1
7.8800E-4	9.2773E-3	4.0830E-1
7.8900E-4	9.5215E-3	4.1479E-1
7.9000E-4	9.2773E-3	4.2915E-1
7.9100E-4	9.2773E-3	4.5078E-1
7.9200E-4	9.7656E-3	4.7686E-1
7.9300E-4	1.0010E-2	5.0737E-1
7.9400E-4	9.2773E-3	5.4194E-1
7.9500E-4	9.7656E-3	5.7920E-1
7.9600E-4	9.0332E-3	6.2280E-1
7.9700E-4	9.2773E-3	6.7212E-1
7.9800E-4	9.7656E-3	7.2607E-1
7.9900E-4	9.5215E-3	7.8398E-1
8.0000E-4	1.0254E-2	8.4004E-1
8.0100E-4	9.7656E-3	8.8511E-1
8.0200E-4	9.5215E-3	9.1357E-1
8.0300E-4	9.5215E-3	9.2324E-1
8.0400E-4	9.7656E-3	9.1260E-1
8.0500E-4	9.2773E-3	8.8242E-1
8.0600E-4	9.5215E-3	8.3994E-1
8.0700E-4	1.0010E-2	7.8892E-1
8.0800E-4	9.7656E-3	7.2983E-1
8.0900E-4	9.7656E-3	6.6963E-1
8.1000E-4	9.2773E-3	6.1201E-1
8.1100E-4	9.7656E-3	5.6001E-1
8.1200E-4	9.7656E-3	5.1548E-1
8.1300E-4	9.7656E-3	4.8042E-1
8.1400E-4	1.0010E-2	4.5410E-1
8.1500E-4	1.0010E-2	4.3999E-1
8.1600E-4	9.5215E-3	4.3413E-1
8.1700E-4	9.7656E-3	4.4028E-1
8.1800E-4	9.5215E-3	4.5566E-1
8.1900E-4	9.2773E-3	4.7881E-1
8.2000E-4	1.0010E-2	5.0845E-1
8.2100E-4	9.0332E-3	5.4521E-1
8.2200E-4	9.5215E-3	5.8491E-1
8.2300E-4	9.5215E-3	6.2886E-1
8.2400E-4	9.7656E-3	6.7729E-1
8.2500E-4	9.2773E-3	7.3062E-1
8.2600E-4	9.7656E-3	7.8564E-1
8.2700E-4	9.0332E-3	8.3896E-1
8.2800E-4	9.5215E-3	8.8345E-1
8.2900E-4	9.2773E-3	9.1260E-1
8.3000E-4	9.5215E-3	9.2285E-1
8.3100E-4	9.2773E-3	9.1338E-1
8.3200E-4	9.7656E-3	8.8491E-1
8.3300E-4	9.5215E-3	8.4146E-1
8.3400E-4	9.2773E-3	7.9136E-1
8.3500E-4	9.2773E-3	7.3379E-1
8.3600E-4	9.7656E-3	6.7383E-1
8.3700E-4	9.7656E-3	6.1709E-1
8.3800E-4	9.5215E-3	5.6763E-1
8.3900E-4	8.7891E-3	5.2407E-1
8.4000E-4	9.5215E-3	4.9014E-1
8.4100E-4	9.5215E-3	4.6685E-1
8.4200E-4	9.2773E-3	4.5527E-1
8.4300E-4	9.2773E-3	4.5396E-1
8.4400E-4	9.5215E-3	4.6147E-1
8.4500E-4	9.7656E-3	4.7822E-1
8.4600E-4	9.2773E-3	5.0137E-1
8.4700E-4	9.5215E-3	5.2905E-1
8.4800E-4	9.5215E-3	5.5874E-1
8.4900E-4	9.5215E-3	5.9121E-1
8.5000E-4	1.0010E-2	6.2739E-1
8.5100E-4	9.5215E-3	6.6953E-1
8.5200E-4	9.5215E-3	7.1440E-1
8.5300E-4	9.5215E-3	7.6421E-1
8.5400E-4	9.2773E-3	8.1699E-1
8.5500E-4	1.0010E-2	8.6406E-1
8.5600E-4	1.0010E-2	8.9946E-1
8.5700E-4	9.2773E-3	9.2065E-1
8.5800E-4	9.5215E-3	9.2275E-1
8.5900E-4	1.0254E-2	9.0366E-1
8.6000E-4	9.5215E-3	8.6855E-1
8.6100E-4	1.0010E-2	8.2236E-1
8.6200E-4	9.2773E-3	7.7021E-1
8.6300E-4	9.0332E-3	7.1724E-1
8.6400E-4	1.0498E-2	6.6646E-1
8.6500E-4	9.5215E-3	6.2202E-1
8.6600E-4	9.0332E-3	5.8223E-1
8.6700E-4	1.0254E-2	5.4990E-1
8.6800E-4	9.5215E-3	5.2339E-1
8.6900E-4	1.0010E-2	5.0542E-1
8.7000E-4	9.7656E-3	4.9526E-1
8.7100E-4	1.0010E-2	4.9756E-1
8.7200E-4	9.7656E-3	5.0542E-1
8.7300E-4	1.0498E-2	5.2305E-1
8.7400E-4	9.2773E-3	5.4629E-1
8.7500E-4	9.7656E-3	5.7417E-1
8.7600E-4	8.7891E-3	6.0356E-1
8.7700E-4	9.0332E-3	6.3638E-1
8.7800E-4	9.7656E-3	6.7212E-1
8.7900E-4	1.0010E-2	7.1216E-1
8.8000E-4	9.7656E-3	7.5366E-1
8.8100E-4	1.0010E-2	7.9482E-1
8.8200E-4	9.0332E-3	8.3291E-1
8.8300E-4	9.5215E-3	8.6270E-1
8.8400E-4	9.7656E-3	8.7881E-1
8.8500E-4	9.5215E-3	8.8286E-1
8.8600E-4	8.7891E-3	8.7134E-1
8.8700E-4	9.5215E-3	8.4668E-1
8.8800E-4	9.7656E-3	8.1465E-1
8.8900E-4	1.0010E-2	7.7510E-1
8.9000E-4	1.0010E-2	7.3169E-1
8.9100E-4	1.0010E-2	6.8892E-1
8.9200E-4	9.5215E-3	6.4995E-1
8.9300E-4	9.5215E-3	6.1284E-1
8.9400E-4	9.5215E-3	5.8345E-1
8.9500E-4	9.2773E-3	5.6118E-1
8.9600E-4	8.7891E-3	5.4736E-1
8.9700E-4	9.5215E-3	5.3945E-1
8.9800E-4	9.5215E-3	5.3745E-1
8.9900E-4	9.5215E-3	5.4360E-1
9.0000E-4	1.0254E-2	5.5532E-1
9.0100E-4	9.7656E-3	5.7173E-1
9.0200E-4	1.0010E-2	5.9253E-1
9.0300E-4	9.5215E-3	6.1577E-1
9.0400E-4	9.2773E-3	6.4038E-1
9.0500E-4	9.7656E-3	6.6436E-1
9.0600E-4	9.5215E-3	6.8940E-1
9.0700E-4	9.2773E-3	7.1572E-1
9.0800E-4	9.7656E-3	7.4399E-1
9.0900E-4	9.5215E-3	7.7104E-1
9.1000E-4	9.2773E-3	7.9746E-1
9.1100E-4	9.5215E-3	8.2080E-1
9.1200E-4	9.7656E-3	8.3633E-1
9.1300E-4	9.5215E-3	8.4458E-1
9.1400E-4	1.0010E-2	8.4590E-1
9.1500E-4	9.2773E-3	8.3657E-1
9.1600E-4	1.0254E-2	8.1880E-1
9.1700E-4	1.0010E-2	7.9414E-1
9.1800E-4	9.0332E-3	7.6616E-1
9.1900E-4	9.5215E-3	7.3545E-1
9.2000E-4	1.0254E-2	7.0659E-1
9.2100E-4	9.7656E-3	6.7788E-1
9.2200E-4	9.5215E-3	6.5200E-1
9.2300E-4	1.0254E-2	6.2700E-1
9.2400E-4	9.5215E-3	6.0391E-1
9.2500E-4	1.0010E-2	5.8413E-1
9.2600E-4	1.0010E-2	5.6855E-1
9.2700E-4	9.2773E-3	5.5850E-1
9.2800E-4	9.7656E-3	5.5234E-1
9.2900E-4	9.7656E-3	5.5176E-1
9.3000E-4	9.2773E-3	5.5659E-1
9.3100E-4	9.0332E-3	5.6445E-1
9.3200E-4	9.7656E-3	5.7568E-1
9.3300E-4	9.7656E-3	5.8892E-1
9.3400E-4	9.0332E-3	6.0464E-1
9.3500E-4	1.0010E-2	6.2085E-1
9.3600E-4	1.0010E-2	6.3921E-1
9.3700E-4	9.5215E-3	6.5952E-1
9.3800E-4	9.7656E-3	6.8110E-1
9.3900E-4	9.5215E-3	7.0210E-1
9.4000E-4	9.5215E-3	7.2378E-1
9.4100E-4	9.5215E-3	7.4492E-1
9.4200E-4	1.0010E-2	7.6250E-1
9.4300E-4	9.7656E-3	7.7935E-1
9.4400E-4	9.5215E-3	7.9146E-1
9.4500E-4	9.7656E-3	7.9487E-1
9.4600E-4	1.0254E-2	7.9116E-1
9.4700E-4	9.7656E-3	7.7949E-1
9.4800E-4	9.5215E-3	7.5806E-1
9.4900E-4	9.5215E-3	7.2954E-1
9.5000E-4	9.5215E-3	6.9619E-1
9.5100E-4	9.5215E-3	6.5825E-1
9.5200E-4	1.0254E-2	6.1982E-1
9.5300E-4	1.0010E-2	5.8374E-1
9.5400E-4	1.0254E-2	5.5000E-1
9.5500E-4	9.7656E-3	5.2480E-1
9.5600E-4	9.7656E-3	5.0630E-1
9.5700E-4	1.0010E-2	4.9224E-1
9.5800E-4	9.2773E-3	4.8145E-1
9.5900E-4	9.7656E-3	4.7397E-1
9.6000E-4	9.5215E-3	4.6626E-1
9.6100E-4	1.0010E-2	4.6094E-1
9.6200E-4	9.5215E-3	4.6167E-1
9.6300E-4	9.2773E-3	4.7036E-1
9.6400E-4	9.2773E-3	4.8740E-1
9.6500E-4	1.0254E-2	5.1279E-1
9.6600E-4	9.2773E-3	5.4839E-1
9.6700E-4	9.5215E-3	5.9043E-1
9.6800E-4	9.5215E-3	6.3828E-1
9.6900E-4	9.5215E-3	6.9360E-1
9.7000E-4	9.2773E-3	7.5400E-1
9.7100E-4	9.5215E-3	8.0820E-1
9.7200E-4	1.0010E-2	8.5068E-1
9.7300E-4	9.7656E-3	8.6914E-1
9.7400E-4	9.5215E-3	8.5674E-1
9.7500E-4	9.2773E-3	8.0928E-1
9.7600E-4	9.2773E-3	7.2915E-1
9.7700E-4	9.5215E-3	6.2676E-1
9.7800E-4	9.5215E-3	5.1597E-1
9.7900E-4	1.0254E-2	4.0317E-1
9.8000E-4	9.2773E-3	2.9897E-1
9.8100E-4	9.2773E-3	2.1240E-1
9.8200E-4	9.7656E-3	1.4375E-1
9.8300E-4	9.5215E-3	9.1602E-2
9.8400E-4	1.0010E-2	5.6738E-2
9.8500E-4	1.0010E-2	3.5352E-2
9.8600E-4	9.7656E-3	2.3633E-2
9.8700E-4	1.0010E-2	1.8018E-2
9.8800E-4	9.5215E-3	1.5625E-2
9.8900E-4	9.7656E-3	1.6553E-2
9.9000E-4	1.0010E-2	1.9189E-2
9.9100E-4	8.7891E-3	2.5146E-2
9.9200E-4	9.5215E-3	3.2227E-2
9.9300E-4	9.5215E-3	3.8721E-2
9.9400E-4	9.5215E-3	4.2236E-2
9.9500E-4	1.0010E-2	4.3945E-2
9.9600E-4	9.5215E-3	4.1260E-2
9.9700E-4	9.0332E-3	3.5937E-2
9.9800E-4	1.0254E-2	3.5937E-2
9.9900E-4	9.5215E-3	3.5937E-2
