Time [s]	Aux in [V]	Main in [V]
0.0000E+0	9.0332E-3	1.8359E-2
1.0000E-6	9.5215E-3	1.2158E-2
2.0000E-6	9.2773E-3	5.0781E-3
3.0000E-6	9.5215E-3	4.8828E-5
4.0000E-6	9.2773E-3	-2.0996E-3
5.0000E-6	9.2773E-3	-2.2949E-3
6.0000E-6	9.7656E-3	-1.4648E-3
7.0000E-6	9.5215E-3	-8.7891E-4
8.0000E-6	1.0254E-2	-2.9785E-3
9.0000E-6	9.2773E-3	-5.5664E-3
1.0000E-5	9.0332E-3	-9.6191E-3
1.1000E-5	9.7656E-3	-1.1816E-2
1.2000E-5	9.5215E-3	-1.4160E-2
1.3000E-5	1.0254E-2	-1.1914E-2
1.4000E-5	1.0254E-2	-5.7617E-3
1.5000E-5	9.0332E-3	4.5898E-3
1.6000E-5	9.5215E-3	1.5088E-2
1.7000E-5	9.7656E-3	3.0762E-2
1.8000E-5	9.7656E-3	4.6729E-2
1.9000E-5	9.7656E-3	6.5576E-2
2.0000E-5	9.7656E-3	9.0771E-2
2.1000E-5	9.2773E-3	1.2397E-1
2.2000E-5	9.7656E-3	1.6577E-1
2.3000E-5	9.5215E-3	2.1992E-1
2.4000E-5	9.7656E-3	2.8569E-1
2.5000E-5	9.7656E-3	3.6562E-1
2.6000E-5	9.2773E-3	4.5854E-1
2.7000E-5	1.0254E-2	5.6084E-1
2.8000E-5	9.5215E-3	6.6465E-1
2.9000E-5	9.2773E-3	7.6021E-1
3.0000E-5	9.7656E-3	8.3125E-1
3.1000E-5	9.5215E-3	8.6885E-1
3.2000E-5	9.2773E-3	8.6860E-1
3.3000E-5	9.2773E-3	8.3423E-1
3.4000E-5	1.0010E-2	7.7236E-1
3.5000E-5	1.0010E-2	6.9580E-1
3.6000E-5	9.2773E-3	6.1528E-1
3.7000E-5	9.2773E-3	5.4063E-1
3.8000E-5	9.7656E-3	4.7808E-1
3.9000E-5	9.7656E-3	4.3179E-1
4.0000E-5	1.0010E-2	4.0234E-1
4.1000E-5	9.7656E-3	3.8892E-1
4.2000E-5	9.7656E-3	3.8896E-1
4.3000E-5	9.5215E-3	3.9683E-1
4.4000E-5	9.7656E-3	4.1089E-1
4.5000E-5	1.0010E-2	4.2729E-1
4.6000E-5	9.0332E-3	4.4497E-1
4.7000E-5	1.0010E-2	4.6304E-1
4.8000E-5	9.7656E-3	4.8403E-1
4.9000E-5	9.2773E-3	5.0781E-1
5.0000E-5	9.7656E-3	5.3511E-1
5.1000E-5	9.7656E-3	5.6753E-1
5.2000E-5	9.2773E-3	6.0391E-1
5.3000E-5	9.7656E-3	6.3999E-1
5.4000E-5	9.0332E-3	6.7266E-1
5.5000E-5	1.0010E-2	7.0342E-1
5.6000E-5	1.0254E-2	7.2871E-1
5.7000E-5	9.7656E-3	7.4839E-1
5.8000E-5	9.7656E-3	7.6348E-1
5.9000E-5	9.2773E-3	7.7432E-1
6.0000E-5	9.7656E-3	7.7676E-1
6.1000E-5	1.0254E-2	7.7231E-1
6.2000E-5	9.2773E-3	7.6152E-1
6.3000E-5	9.7656E-3	7.4346E-1
6.4000E-5	9.7656E-3	7.2114E-1
6.5000E-5	1.0010E-2	6.9722E-1
6.6000E-5	9.7656E-3	6.7358E-1
6.7000E-5	9.7656E-3	6.5020E-1
6.8000E-5	1.0010E-2	6.2959E-1
6.9000E-5	9.7656E-3	6.1030E-1
7.0000E-5	9.0332E-3	5.9165E-1
7.1000E-5	1.0010E-2	5.7520E-1
7.2000E-5	1.0010E-2	5.6367E-1
7.3000E-5	1.0010E-2	5.5347E-1
7.4000E-5	9.7656E-3	5.4683E-1
7.5000E-5	9.5215E-3	5.4663E-1
7.6000E-5	9.5215E-3	5.4951E-1
7.7000E-5	1.0010E-2	5.5498E-1
7.8000E-5	9.2773E-3	5.6436E-1
7.9000E-5	1.0010E-2	5.7622E-1
8.0000E-5	1.0010E-2	5.8994E-1
8.1000E-5	9.7656E-3	6.0679E-1
8.2000E-5	9.2773E-3	6.2466E-1
8.3000E-5	9.7656E-3	6.4722E-1
8.4000E-5	9.5215E-3	6.7227E-1
8.5000E-5	9.7656E-3	6.9980E-1
8.6000E-5	9.7656E-3	7.2690E-1
8.7000E-5	9.5215E-3	7.5205E-1
8.8000E-5	9.5215E-3	7.7017E-1
8.9000E-5	9.2773E-3	7.8379E-1
9.0000E-5	9.5215E-3	7.9009E-1
9.1000E-5	9.5215E-3	7.9058E-1
9.2000E-5	9.2773E-3	7.8491E-1
9.3000E-5	1.0254E-2	7.7471E-1
9.4000E-5	9.5215E-3	7.6055E-1
9.5000E-5	1.0010E-2	7.4380E-1
9.6000E-5	9.5215E-3	7.2588E-1
9.7000E-5	9.5215E-3	7.0674E-1
9.8000E-5	9.5215E-3	6.8765E-1
9.9000E-5	9.7656E-3	6.6680E-1
1.0000E-4	1.0010E-2	6.4678E-1
1.0100E-4	9.7656E-3	6.2573E-1
1.0200E-4	9.5215E-3	6.0737E-1
1.0300E-4	9.7656E-3	5.9180E-1
1.0400E-4	1.0010E-2	5.8052E-1
1.0500E-4	9.5215E-3	5.7227E-1
1.0600E-4	1.0010E-2	5.6919E-1
1.0700E-4	9.2773E-3	5.7231E-1
1.0800E-4	9.5215E-3	5.8159E-1
1.0900E-4	9.7656E-3	5.9756E-1
1.1000E-4	9.5215E-3	6.1914E-1
1.1100E-4	1.0010E-2	6.4766E-1
1.1200E-4	1.0254E-2	6.7891E-1
1.1300E-4	9.2773E-3	7.1138E-1
1.1400E-4	9.5215E-3	7.4355E-1
1.1500E-4	9.5215E-3	7.7417E-1
1.1600E-4	9.7656E-3	7.9883E-1
1.1700E-4	9.5215E-3	8.1592E-1
1.1800E-4	9.2773E-3	8.2397E-1
1.1900E-4	9.5215E-3	8.2437E-1
1.2000E-4	1.0254E-2	8.1641E-1
1.2100E-4	1.0010E-2	8.0015E-1
1.2200E-4	1.0010E-2	7.7812E-1
1.2300E-4	9.2773E-3	7.5415E-1
1.2400E-4	9.7656E-3	7.2329E-1
1.2500E-4	9.5215E-3	6.8960E-1
1.2600E-4	9.7656E-3	6.5479E-1
1.2700E-4	9.7656E-3	6.2178E-1
1.2800E-4	8.7891E-3	5.9062E-1
1.2900E-4	9.7656E-3	5.6558E-1
1.3000E-4	9.5215E-3	5.4404E-1
1.3100E-4	1.0254E-2	5.2920E-1
1.3200E-4	9.5215E-3	5.2134E-1
1.3300E-4	1.0010E-2	5.1787E-1
1.3400E-4	9.5215E-3	5.2007E-1
1.3500E-4	9.5215E-3	5.2861E-1
1.3600E-4	9.7656E-3	5.4185E-1
1.3700E-4	1.0010E-2	5.5703E-1
1.3800E-4	9.5215E-3	5.7871E-1
1.3900E-4	9.5215E-3	6.0552E-1
1.4000E-4	9.2773E-3	6.3960E-1
1.4100E-4	9.5215E-3	6.8223E-1
1.4200E-4	9.5215E-3	7.2915E-1
1.4300E-4	9.2773E-3	7.7334E-1
1.4400E-4	1.0498E-2	8.1187E-1
1.4500E-4	9.2773E-3	8.4009E-1
1.4600E-4	1.0254E-2	8.5273E-1
1.4700E-4	9.7656E-3	8.5215E-1
1.4800E-4	1.0010E-2	8.4351E-1
1.4900E-4	1.0498E-2	8.2437E-1
1.5000E-4	1.0010E-2	7.9766E-1
1.5100E-4	9.5215E-3	7.6504E-1
1.5200E-4	9.5215E-3	7.3008E-1
1.5300E-4	9.0332E-3	6.8896E-1
1.5400E-4	1.0254E-2	6.4858E-1
1.5500E-4	8.7891E-3	6.0928E-1
1.5600E-4	9.7656E-3	5.7397E-1
1.5700E-4	9.7656E-3	5.4277E-1
1.5800E-4	9.7656E-3	5.1890E-1
1.5900E-4	9.7656E-3	5.0264E-1
1.6000E-4	9.7656E-3	4.9399E-1
1.6100E-4	9.7656E-3	4.9385E-1
1.6200E-4	9.5215E-3	5.0029E-1
1.6300E-4	9.7656E-3	5.1318E-1
1.6400E-4	9.2773E-3	5.3218E-1
1.6500E-4	9.7656E-3	5.5913E-1
1.6600E-4	1.0010E-2	5.9199E-1
1.6700E-4	1.0010E-2	6.3403E-1
1.6800E-4	9.7656E-3	6.8281E-1
1.6900E-4	9.7656E-3	7.3462E-1
1.7000E-4	9.2773E-3	7.8364E-1
1.7100E-4	1.0010E-2	8.2578E-1
1.7200E-4	1.0254E-2	8.5308E-1
1.7300E-4	9.2773E-3	8.6660E-1
1.7400E-4	9.5215E-3	8.6538E-1
1.7500E-4	1.0254E-2	8.5186E-1
1.7600E-4	9.2773E-3	8.3022E-1
1.7700E-4	9.5215E-3	8.0039E-1
1.7800E-4	9.5215E-3	7.6221E-1
1.7900E-4	9.2773E-3	7.1948E-1
1.8000E-4	1.0010E-2	6.7251E-1
1.8100E-4	9.5215E-3	6.2090E-1
1.8200E-4	9.5215E-3	5.7144E-1
1.8300E-4	9.7656E-3	5.2695E-1
1.8400E-4	1.0254E-2	4.8740E-1
1.8500E-4	1.0010E-2	4.5581E-1
1.8600E-4	9.7656E-3	4.3403E-1
1.8700E-4	9.5215E-3	4.2119E-1
1.8800E-4	1.0010E-2	4.1792E-1
1.8900E-4	9.2773E-3	4.2524E-1
1.9000E-4	9.5215E-3	4.4160E-1
1.9100E-4	9.5215E-3	4.6543E-1
1.9200E-4	1.0254E-2	4.9707E-1
1.9300E-4	9.2773E-3	5.3457E-1
1.9400E-4	9.7656E-3	5.7607E-1
1.9500E-4	1.0010E-2	6.2197E-1
1.9600E-4	1.0010E-2	6.7153E-1
1.9700E-4	1.0010E-2	7.2178E-1
1.9800E-4	9.5215E-3	7.6992E-1
1.9900E-4	9.2773E-3	8.0967E-1
2.0000E-4	9.5215E-3	8.3667E-1
2.0100E-4	9.2773E-3	8.4951E-1
2.0200E-4	9.5215E-3	8.4790E-1
2.0300E-4	9.0332E-3	8.3237E-1
2.0400E-4	9.5215E-3	8.0752E-1
2.0500E-4	9.5215E-3	7.7417E-1
2.0600E-4	9.5215E-3	7.3340E-1
2.0700E-4	1.0010E-2	6.8770E-1
2.0800E-4	1.0010E-2	6.3794E-1
2.0900E-4	1.0010E-2	5.8936E-1
2.1000E-4	9.2773E-3	5.4258E-1
2.1100E-4	9.5215E-3	5.0215E-1
2.1200E-4	1.0010E-2	4.7012E-1
2.1300E-4	9.7656E-3	4.4805E-1
2.1400E-4	9.7656E-3	4.3442E-1
2.1500E-4	1.0010E-2	4.3276E-1
2.1600E-4	9.0332E-3	4.3936E-1
2.1700E-4	1.0254E-2	4.5356E-1
2.1800E-4	9.7656E-3	4.7559E-1
2.1900E-4	1.0010E-2	5.0439E-1
2.2000E-4	9.5215E-3	5.3794E-1
2.2100E-4	9.7656E-3	5.7837E-1
2.2200E-4	9.5215E-3	6.2427E-1
2.2300E-4	1.0254E-2	6.7583E-1
2.2400E-4	9.7656E-3	7.2778E-1
2.2500E-4	9.5215E-3	7.7676E-1
2.2600E-4	8.7891E-3	8.1382E-1
2.2700E-4	9.7656E-3	8.3447E-1
2.2800E-4	9.7656E-3	8.3706E-1
2.2900E-4	1.0010E-2	8.2744E-1
2.3000E-4	9.7656E-3	8.0605E-1
2.3100E-4	9.5215E-3	7.7676E-1
2.3200E-4	1.0010E-2	7.4243E-1
2.3300E-4	9.5215E-3	7.0327E-1
2.3400E-4	9.5215E-3	6.5923E-1
2.3500E-4	1.0010E-2	6.1108E-1
2.3600E-4	9.2773E-3	5.6563E-1
2.3700E-4	9.2773E-3	5.2168E-1
2.3800E-4	9.5215E-3	4.8252E-1
2.3900E-4	9.2773E-3	4.4795E-1
2.4000E-4	9.5215E-3	4.2539E-1
2.4100E-4	9.7656E-3	4.1152E-1
2.4200E-4	1.0010E-2	4.0918E-1
2.4300E-4	1.0010E-2	4.1504E-1
2.4400E-4	1.0254E-2	4.2910E-1
2.4500E-4	9.7656E-3	4.4849E-1
2.4600E-4	8.7891E-3	4.7251E-1
2.4700E-4	9.2773E-3	5.0298E-1
2.4800E-4	9.7656E-3	5.3872E-1
2.4900E-4	1.0254E-2	5.8110E-1
2.5000E-4	9.5215E-3	6.3008E-1
2.5100E-4	9.2773E-3	6.8525E-1
2.5200E-4	9.5215E-3	7.3647E-1
2.5300E-4	9.5215E-3	7.7910E-1
2.5400E-4	9.7656E-3	8.0581E-1
2.5500E-4	1.0010E-2	8.1543E-1
2.5600E-4	9.2773E-3	8.0698E-1
2.5700E-4	9.5215E-3	7.8960E-1
2.5800E-4	1.0010E-2	7.6768E-1
2.5900E-4	9.5215E-3	7.4424E-1
2.6000E-4	9.7656E-3	7.1636E-1
2.6100E-4	9.5215E-3	6.8555E-1
2.6200E-4	9.2773E-3	6.4810E-1
2.6300E-4	1.0010E-2	6.0508E-1
2.6400E-4	1.0010E-2	5.6196E-1
2.6500E-4	1.0010E-2	5.2075E-1
2.6600E-4	9.2773E-3	4.8291E-1
2.6700E-4	9.5215E-3	4.5278E-1
2.6800E-4	9.0332E-3	4.3525E-1
2.6900E-4	9.0332E-3	4.2681E-1
2.7000E-4	1.0010E-2	4.2754E-1
2.7100E-4	9.5215E-3	4.3862E-1
2.7200E-4	9.5215E-3	4.5811E-1
2.7300E-4	9.5215E-3	4.8013E-1
2.7400E-4	9.7656E-3	5.0762E-1
2.7500E-4	9.7656E-3	5.4219E-1
2.7600E-4	1.0254E-2	5.8125E-1
2.7700E-4	9.5215E-3	6.2529E-1
2.7800E-4	8.7891E-3	6.7397E-1
2.7900E-4	1.0010E-2	7.1616E-1
2.8000E-4	9.2773E-3	7.4297E-1
2.8100E-4	9.0332E-3	7.5557E-1
2.8200E-4	9.7656E-3	7.5396E-1
2.8300E-4	1.0254E-2	7.4277E-1
2.8400E-4	9.5215E-3	7.2813E-1
2.8500E-4	9.7656E-3	7.1523E-1
2.8600E-4	9.5215E-3	7.0039E-1
2.8700E-4	9.5215E-3	6.8145E-1
2.8800E-4	1.0010E-2	6.5649E-1
2.8900E-4	9.2773E-3	6.2632E-1
2.9000E-4	9.7656E-3	5.9175E-1
2.9100E-4	9.5215E-3	5.5435E-1
2.9200E-4	1.0010E-2	5.1563E-1
2.9300E-4	9.5215E-3	4.7778E-1
2.9400E-4	9.0332E-3	4.4658E-1
2.9500E-4	9.0332E-3	4.2295E-1
2.9600E-4	1.0254E-2	4.0903E-1
2.9700E-4	1.0010E-2	4.0747E-1
2.9800E-4	1.0010E-2	4.1538E-1
2.9900E-4	1.0010E-2	4.2852E-1
3.0000E-4	9.7656E-3	4.4863E-1
3.0100E-4	9.0332E-3	4.7471E-1
3.0200E-4	9.2773E-3	5.0547E-1
3.0300E-4	9.7656E-3	5.4155E-1
3.0400E-4	1.0010E-2	5.8135E-1
3.0500E-4	9.5215E-3	6.2393E-1
3.0600E-4	1.0010E-2	6.6606E-1
3.0700E-4	1.0498E-2	6.9980E-1
3.0800E-4	1.0010E-2	7.2188E-1
3.0900E-4	9.0332E-3	7.3198E-1
3.1000E-4	9.2773E-3	7.3135E-1
3.1100E-4	1.0010E-2	7.2422E-1
3.1200E-4	9.5215E-3	7.1514E-1
3.1300E-4	1.0010E-2	7.0425E-1
3.1400E-4	9.5215E-3	6.9189E-1
3.1500E-4	9.7656E-3	6.7417E-1
3.1600E-4	1.0010E-2	6.4912E-1
3.1700E-4	9.5215E-3	6.1738E-1
3.1800E-4	9.2773E-3	5.8218E-1
3.1900E-4	9.7656E-3	5.4521E-1
3.2000E-4	9.7656E-3	5.1011E-1
3.2100E-4	9.5215E-3	4.7959E-1
3.2200E-4	9.7656E-3	4.5630E-1
3.2300E-4	9.7656E-3	4.3926E-1
3.2400E-4	1.0742E-2	4.3228E-1
3.2500E-4	9.7656E-3	4.3394E-1
3.2600E-4	9.5215E-3	4.4067E-1
3.2700E-4	9.5215E-3	4.5503E-1
3.2800E-4	9.0332E-3	4.7646E-1
3.2900E-4	9.0332E-3	5.0435E-1
3.3000E-4	9.7656E-3	5.3872E-1
3.3100E-4	9.7656E-3	5.8003E-1
3.3200E-4	9.7656E-3	6.2119E-1
3.3300E-4	9.5215E-3	6.6079E-1
3.3400E-4	9.5215E-3	6.8926E-1
3.3500E-4	9.7656E-3	7.0630E-1
3.3600E-4	9.7656E-3	7.0972E-1
3.3700E-4	1.0010E-2	7.0522E-1
3.3800E-4	9.5215E-3	6.9673E-1
3.3900E-4	1.0498E-2	6.8960E-1
3.4000E-4	9.2773E-3	6.8179E-1
3.4100E-4	9.5215E-3	6.7334E-1
3.4200E-4	1.0010E-2	6.6196E-1
3.4300E-4	9.7656E-3	6.4419E-1
3.4400E-4	1.0254E-2	6.1924E-1
3.4500E-4	1.0010E-2	5.8838E-1
3.4600E-4	1.0498E-2	5.5547E-1
3.4700E-4	1.0254E-2	5.2285E-1
3.4800E-4	9.5215E-3	4.9189E-1
3.4900E-4	9.7656E-3	4.6621E-1
3.5000E-4	1.0010E-2	4.4863E-1
3.5100E-4	9.7656E-3	4.3960E-1
3.5200E-4	1.0010E-2	4.3691E-1
3.5300E-4	9.5215E-3	4.4170E-1
3.5400E-4	9.5215E-3	4.5439E-1
3.5500E-4	1.0498E-2	4.7485E-1
3.5600E-4	9.5215E-3	5.0000E-1
3.5700E-4	1.0010E-2	5.3037E-1
3.5800E-4	9.5215E-3	5.6797E-1
3.5900E-4	9.5215E-3	6.0640E-1
3.6000E-4	1.0010E-2	6.4092E-1
3.6100E-4	1.0010E-2	6.6934E-1
3.6200E-4	9.7656E-3	6.8921E-1
3.6300E-4	9.2773E-3	6.9507E-1
3.6400E-4	9.5215E-3	6.9102E-1
3.6500E-4	9.5215E-3	6.8115E-1
3.6600E-4	9.7656E-3	6.6973E-1
3.6700E-4	9.2773E-3	6.5874E-1
3.6800E-4	9.7656E-3	6.5073E-1
3.6900E-4	1.0010E-2	6.4556E-1
3.7000E-4	1.0010E-2	6.3921E-1
3.7100E-4	9.7656E-3	6.2915E-1
3.7200E-4	9.5215E-3	6.1694E-1
3.7300E-4	9.5215E-3	6.0103E-1
3.7400E-4	9.7656E-3	5.8198E-1
3.7500E-4	1.0010E-2	5.6006E-1
3.7600E-4	9.5215E-3	5.4019E-1
3.7700E-4	1.0010E-2	5.1987E-1
3.7800E-4	9.5215E-3	5.0273E-1
3.7900E-4	9.5215E-3	4.9072E-1
3.8000E-4	9.7656E-3	4.8770E-1
3.8100E-4	9.7656E-3	4.9141E-1
3.8200E-4	9.7656E-3	5.0347E-1
3.8300E-4	9.7656E-3	5.2148E-1
3.8400E-4	9.0332E-3	5.4521E-1
3.8500E-4	1.0010E-2	5.7305E-1
3.8600E-4	9.5215E-3	6.0420E-1
3.8700E-4	9.7656E-3	6.3428E-1
3.8800E-4	1.0010E-2	6.6060E-1
3.8900E-4	9.5215E-3	6.7915E-1
3.9000E-4	8.7891E-3	6.8872E-1
3.9100E-4	9.5215E-3	6.8843E-1
3.9200E-4	9.2773E-3	6.8252E-1
3.9300E-4	9.2773E-3	6.7168E-1
3.9400E-4	9.5215E-3	6.6167E-1
3.9500E-4	9.7656E-3	6.5176E-1
3.9600E-4	1.0010E-2	6.4448E-1
3.9700E-4	9.2773E-3	6.3770E-1
3.9800E-4	9.5215E-3	6.3052E-1
3.9900E-4	9.7656E-3	6.2007E-1
4.0000E-4	8.7891E-3	6.0806E-1
4.0100E-4	9.5215E-3	5.9551E-1
4.0200E-4	9.5215E-3	5.8145E-1
4.0300E-4	9.7656E-3	5.6807E-1
4.0400E-4	9.5215E-3	5.5381E-1
4.0500E-4	9.7656E-3	5.4194E-1
4.0600E-4	9.2773E-3	5.3218E-1
4.0700E-4	9.2773E-3	5.2734E-1
4.0800E-4	9.7656E-3	5.2842E-1
4.0900E-4	9.0332E-3	5.3647E-1
4.1000E-4	9.7656E-3	5.5005E-1
4.1100E-4	1.0254E-2	5.6831E-1
4.1200E-4	8.7891E-3	5.8882E-1
4.1300E-4	9.2773E-3	6.0894E-1
4.1400E-4	9.5215E-3	6.3066E-1
4.1500E-4	9.5215E-3	6.4810E-1
4.1600E-4	1.0254E-2	6.5957E-1
4.1700E-4	9.2773E-3	6.6753E-1
4.1800E-4	9.5215E-3	6.7178E-1
4.1900E-4	1.0010E-2	6.6909E-1
4.2000E-4	9.7656E-3	6.6479E-1
4.2100E-4	9.2773E-3	6.5747E-1
4.2200E-4	9.7656E-3	6.4814E-1
4.2300E-4	9.0332E-3	6.3896E-1
4.2400E-4	9.2773E-3	6.3018E-1
4.2500E-4	9.5215E-3	6.2036E-1
4.2600E-4	9.0332E-3	6.1348E-1
4.2700E-4	1.0010E-2	6.0771E-1
4.2800E-4	1.0010E-2	6.0288E-1
4.2900E-4	9.5215E-3	5.9937E-1
4.3000E-4	9.5215E-3	5.9609E-1
4.3100E-4	9.5215E-3	5.9312E-1
4.3200E-4	1.0254E-2	5.8799E-1
4.3300E-4	9.2773E-3	5.8193E-1
4.3400E-4	1.0010E-2	5.7324E-1
4.3500E-4	9.5215E-3	5.6719E-1
4.3600E-4	9.5215E-3	5.6084E-1
4.3700E-4	9.7656E-3	5.5786E-1
4.3800E-4	9.2773E-3	5.5747E-1
4.3900E-4	9.5215E-3	5.6055E-1
4.4000E-4	9.5215E-3	5.6323E-1
4.4100E-4	9.7656E-3	5.7046E-1
4.4200E-4	9.5215E-3	5.8003E-1
4.4300E-4	9.7656E-3	5.8945E-1
4.4400E-4	1.0010E-2	6.0161E-1
4.4500E-4	9.7656E-3	6.1445E-1
4.4600E-4	9.0332E-3	6.2344E-1
4.4700E-4	9.2773E-3	6.2964E-1
4.4800E-4	9.7656E-3	6.3472E-1
4.4900E-4	1.0254E-2	6.3574E-1
4.5000E-4	9.0332E-3	6.3325E-1
4.5100E-4	9.2773E-3	6.2739E-1
4.5200E-4	9.5215E-3	6.2090E-1
4.5300E-4	9.0332E-3	6.1421E-1
4.5400E-4	9.0332E-3	6.0850E-1
4.5500E-4	9.7656E-3	6.0371E-1
4.5600E-4	1.0498E-2	6.0083E-1
4.5700E-4	9.2773E-3	5.9678E-1
4.5800E-4	9.5215E-3	5.9019E-1
4.5900E-4	9.5215E-3	5.7876E-1
4.6000E-4	9.7656E-3	5.6333E-1
4.6100E-4	9.2773E-3	5.4487E-1
4.6200E-4	1.0010E-2	5.2397E-1
4.6300E-4	1.0010E-2	5.0352E-1
4.6400E-4	9.7656E-3	4.8374E-1
4.6500E-4	9.5215E-3	4.6748E-1
4.6600E-4	9.2773E-3	4.5508E-1
4.6700E-4	9.7656E-3	4.4580E-1
4.6800E-4	9.7656E-3	4.4038E-1
4.6900E-4	9.7656E-3	4.3848E-1
4.7000E-4	9.5215E-3	4.4053E-1
4.7100E-4	1.0254E-2	4.4619E-1
4.7200E-4	9.2773E-3	4.5762E-1
4.7300E-4	9.7656E-3	4.7271E-1
4.7400E-4	9.5215E-3	4.9360E-1
4.7500E-4	9.7656E-3	5.2109E-1
4.7600E-4	9.5215E-3	5.5078E-1
4.7700E-4	9.7656E-3	5.7866E-1
4.7800E-4	9.5215E-3	6.0156E-1
4.7900E-4	9.5215E-3	6.2168E-1
4.8000E-4	1.0010E-2	6.3320E-1
4.8100E-4	1.0254E-2	6.3506E-1
4.8200E-4	9.2773E-3	6.2305E-1
4.8300E-4	9.7656E-3	5.9810E-1
4.8400E-4	1.0010E-2	5.5464E-1
4.8500E-4	9.5215E-3	4.9448E-1
4.8600E-4	9.7656E-3	4.2158E-1
4.8700E-4	9.2773E-3	3.4702E-1
4.8800E-4	1.0010E-2	2.7510E-1
4.8900E-4	9.5215E-3	2.0947E-1
4.9000E-4	9.7656E-3	1.5381E-1
4.9100E-4	9.7656E-3	1.0986E-1
4.9200E-4	9.7656E-3	7.5293E-2
4.9300E-4	9.2773E-3	5.0977E-2
4.9400E-4	9.5215E-3	3.8281E-2
4.9500E-4	9.5215E-3	3.2275E-2
4.9600E-4	1.0010E-2	3.1348E-2
4.9700E-4	9.5215E-3	3.4131E-2
4.9800E-4	9.7656E-3	3.5742E-2
4.9900E-4	9.5215E-3	3.3984E-2
5.0000E-4	1.0010E-2	3.2031E-2
5.0100E-4	9.7656E-3	2.8125E-2
5.0200E-4	9.2773E-3	2.0801E-2
5.0300E-4	1.0498E-2	1.3037E-2
5.0400E-4	1.0010E-2	7.4707E-3
5.0500E-4	9.2773E-3	1.5137E-3
5.0600E-4	9.2773E-3	-3.6621E-3
5.0700E-4	9.2773E-3	-6.4453E-3
5.0800E-4	9.7656E-3	-7.7637E-3
5.0900E-4	9.7656E-3	-7.2266E-3
5.1000E-4	1.0254E-2	-4.6875E-3
5.1100E-4	9.5215E-3	1.5625E-3
5.1200E-4	9.7656E-3	1.0010E-2
5.1300E-4	1.0010E-2	2.0410E-2
5.1400E-4	9.7656E-3	2.9834E-2
5.1500E-4	9.0332E-3	3.8672E-2
5.1600E-4	1.0010E-2	4.4287E-2
5.1700E-4	9.7656E-3	5.1562E-2
5.1800E-4	1.0010E-2	6.1621E-2
5.1900E-4	9.7656E-3	7.5000E-2
5.2000E-4	1.0254E-2	9.2969E-2
5.2100E-4	9.0332E-3	1.1982E-1
5.2200E-4	9.2773E-3	1.5244E-1
5.2300E-4	1.0010E-2	1.9614E-1
5.2400E-4	9.7656E-3	2.5112E-1
5.2500E-4	9.5215E-3	3.1948E-1
5.2600E-4	1.0010E-2	3.9502E-1
5.2700E-4	9.5215E-3	4.7549E-1
5.2800E-4	1.0254E-2	5.4854E-1
5.2900E-4	1.0254E-2	6.0796E-1
5.3000E-4	9.7656E-3	6.4546E-1
5.3100E-4	9.7656E-3	6.6255E-1
5.3200E-4	1.0498E-2	6.5996E-1
5.3300E-4	9.7656E-3	6.3999E-1
5.3400E-4	9.7656E-3	6.0728E-1
5.3500E-4	9.2773E-3	5.7007E-1
5.3600E-4	9.5215E-3	5.2964E-1
5.3700E-4	9.2773E-3	4.8652E-1
5.3800E-4	9.2773E-3	4.4619E-1
5.3900E-4	9.5215E-3	4.1099E-1
5.4000E-4	1.0010E-2	3.8203E-1
5.4100E-4	9.7656E-3	3.6211E-1
5.4200E-4	9.5215E-3	3.5439E-1
5.4300E-4	9.2773E-3	3.5537E-1
5.4400E-4	9.5215E-3	3.6343E-1
5.4500E-4	9.7656E-3	3.7612E-1
5.4600E-4	9.5215E-3	3.9282E-1
5.4700E-4	1.0254E-2	4.0903E-1
5.4800E-4	9.5215E-3	4.2886E-1
5.4900E-4	1.0010E-2	4.5259E-1
5.5000E-4	9.7656E-3	4.7749E-1
5.5100E-4	9.2773E-3	4.9883E-1
5.5200E-4	9.5215E-3	5.1748E-1
5.5300E-4	9.7656E-3	5.3364E-1
5.5400E-4	9.5215E-3	5.4468E-1
5.5500E-4	9.7656E-3	5.5244E-1
5.5600E-4	9.7656E-3	5.6074E-1
5.5700E-4	9.2773E-3	5.6841E-1
5.5800E-4	9.2773E-3	5.7441E-1
5.5900E-4	9.7656E-3	5.7935E-1
5.6000E-4	9.5215E-3	5.8345E-1
5.6100E-4	1.0010E-2	5.8467E-1
5.6200E-4	9.5215E-3	5.8257E-1
5.6300E-4	9.7656E-3	5.8057E-1
5.6400E-4	9.2773E-3	5.7661E-1
5.6500E-4	9.7656E-3	5.7031E-1
5.6600E-4	9.5215E-3	5.6094E-1
5.6700E-4	9.2773E-3	5.5171E-1
5.6800E-4	1.0254E-2	5.3682E-1
5.6900E-4	1.0010E-2	5.2222E-1
5.7000E-4	9.7656E-3	5.0537E-1
5.7100E-4	1.0010E-2	4.9111E-1
5.7200E-4	9.7656E-3	4.7817E-1
5.7300E-4	9.5215E-3	4.6968E-1
5.7400E-4	9.7656E-3	4.6421E-1
5.7500E-4	1.0498E-2	4.6499E-1
5.7600E-4	9.5215E-3	4.6895E-1
5.7700E-4	1.0010E-2	4.7705E-1
5.7800E-4	9.7656E-3	4.8770E-1
5.7900E-4	9.7656E-3	5.0186E-1
5.8000E-4	1.0010E-2	5.1665E-1
5.8100E-4	9.7656E-3	5.3384E-1
5.8200E-4	9.5215E-3	5.5059E-1
5.8300E-4	9.2773E-3	5.6831E-1
5.8400E-4	9.5215E-3	5.8447E-1
5.8500E-4	1.0010E-2	5.9893E-1
5.8600E-4	1.0254E-2	6.0952E-1
5.8700E-4	9.7656E-3	6.1841E-1
5.8800E-4	1.0254E-2	6.2373E-1
5.8900E-4	9.5215E-3	6.2725E-1
5.9000E-4	1.0010E-2	6.2920E-1
5.9100E-4	9.5215E-3	6.3018E-1
5.9200E-4	9.5215E-3	6.2949E-1
5.9300E-4	9.5215E-3	6.2729E-1
5.9400E-4	1.0010E-2	6.2300E-1
5.9500E-4	9.5215E-3	6.1831E-1
5.9600E-4	1.0010E-2	6.1333E-1
5.9700E-4	9.2773E-3	6.0664E-1
5.9800E-4	1.0254E-2	5.9912E-1
5.9900E-4	1.0010E-2	5.8921E-1
6.0000E-4	1.0010E-2	5.7534E-1
6.0100E-4	9.7656E-3	5.6113E-1
6.0200E-4	9.5215E-3	5.4526E-1
6.0300E-4	1.0010E-2	5.2881E-1
6.0400E-4	9.5215E-3	5.1406E-1
6.0500E-4	1.0010E-2	5.0352E-1
6.0600E-4	1.0254E-2	4.9517E-1
6.0700E-4	9.5215E-3	4.9404E-1
6.0800E-4	8.7891E-3	4.9814E-1
6.0900E-4	9.0332E-3	5.0967E-1
6.1000E-4	9.2773E-3	5.2803E-1
6.1100E-4	9.7656E-3	5.5269E-1
6.1200E-4	1.0254E-2	5.7749E-1
6.1300E-4	9.2773E-3	6.0454E-1
6.1400E-4	9.2773E-3	6.2964E-1
6.1500E-4	9.7656E-3	6.5356E-1
6.1600E-4	1.0010E-2	6.7178E-1
6.1700E-4	9.7656E-3	6.8481E-1
6.1800E-4	9.5215E-3	6.9072E-1
6.1900E-4	9.5215E-3	6.9165E-1
6.2000E-4	9.7656E-3	6.8638E-1
6.2100E-4	9.7656E-3	6.7705E-1
6.2200E-4	9.7656E-3	6.6729E-1
6.2300E-4	9.5215E-3	6.6016E-1
6.2400E-4	1.0010E-2	6.5205E-1
6.2500E-4	9.7656E-3	6.4272E-1
6.2600E-4	9.7656E-3	6.3281E-1
6.2700E-4	9.5215E-3	6.2080E-1
6.2800E-4	1.0254E-2	6.0176E-1
6.2900E-4	1.0010E-2	5.8101E-1
6.3000E-4	9.7656E-3	5.5820E-1
6.3100E-4	1.0010E-2	5.3569E-1
6.3200E-4	1.0010E-2	5.1587E-1
6.3300E-4	9.7656E-3	5.0249E-1
6.3400E-4	9.2773E-3	4.9390E-1
6.3500E-4	9.7656E-3	4.9463E-1
6.3600E-4	1.0010E-2	5.0430E-1
6.3700E-4	9.7656E-3	5.2515E-1
6.3800E-4	9.5215E-3	5.5225E-1
6.3900E-4	9.5215E-3	5.8325E-1
6.4000E-4	1.0254E-2	6.1670E-1
6.4100E-4	9.5215E-3	6.5010E-1
6.4200E-4	9.5215E-3	6.7700E-1
6.4300E-4	9.7656E-3	6.9639E-1
6.4400E-4	9.5215E-3	7.0962E-1
6.4500E-4	1.0010E-2	7.1382E-1
6.4600E-4	9.5215E-3	7.1162E-1
6.4700E-4	9.2773E-3	7.0410E-1
6.4800E-4	9.5215E-3	6.9624E-1
6.4900E-4	9.5215E-3	6.8843E-1
6.5000E-4	9.2773E-3	6.7993E-1
6.5100E-4	9.2773E-3	6.6914E-1
6.5200E-4	9.5215E-3	6.5459E-1
6.5300E-4	9.2773E-3	6.3584E-1
6.5400E-4	8.7891E-3	6.1216E-1
6.5500E-4	9.2773E-3	5.8330E-1
6.5600E-4	9.2773E-3	5.5142E-1
6.5700E-4	9.5215E-3	5.2012E-1
6.5800E-4	9.0332E-3	4.9282E-1
6.5900E-4	9.7656E-3	4.7158E-1
6.6000E-4	9.2773E-3	4.5635E-1
6.6100E-4	1.0010E-2	4.5000E-1
6.6200E-4	9.5215E-3	4.5176E-1
6.6300E-4	9.7656E-3	4.5864E-1
6.6400E-4	9.7656E-3	4.7187E-1
6.6500E-4	9.2773E-3	4.9346E-1
6.6600E-4	1.0254E-2	5.2139E-1
6.6700E-4	9.7656E-3	5.5518E-1
6.6800E-4	1.0254E-2	5.9463E-1
6.6900E-4	1.0010E-2	6.3608E-1
6.7000E-4	1.0010E-2	6.7681E-1
6.7100E-4	1.0498E-2	7.1147E-1
6.7200E-4	9.5215E-3	7.3472E-1
6.7300E-4	9.2773E-3	7.4800E-1
6.7400E-4	9.2773E-3	7.5122E-1
6.7500E-4	9.5215E-3	7.4766E-1
6.7600E-4	9.7656E-3	7.3936E-1
6.7700E-4	1.0010E-2	7.3086E-1
6.7800E-4	1.0254E-2	7.1709E-1
6.7900E-4	9.5215E-3	6.9829E-1
6.8000E-4	9.5215E-3	6.7188E-1
6.8100E-4	1.0254E-2	6.4082E-1
6.8200E-4	1.0254E-2	6.0654E-1
6.8300E-4	1.0010E-2	5.7026E-1
6.8400E-4	9.7656E-3	5.3579E-1
6.8500E-4	1.0010E-2	5.0601E-1
6.8600E-4	1.0254E-2	4.8115E-1
6.8700E-4	9.7656E-3	4.6387E-1
6.8800E-4	9.2773E-3	4.5610E-1
6.8900E-4	1.0498E-2	4.5498E-1
6.9000E-4	9.5215E-3	4.6284E-1
6.9100E-4	9.5215E-3	4.7769E-1
6.9200E-4	9.5215E-3	4.9771E-1
6.9300E-4	9.2773E-3	5.2632E-1
6.9400E-4	9.5215E-3	5.6450E-1
6.9500E-4	9.7656E-3	6.0923E-1
6.9600E-4	9.5215E-3	6.5791E-1
6.9700E-4	1.0254E-2	7.0674E-1
6.9800E-4	1.0010E-2	7.4761E-1
6.9900E-4	9.7656E-3	7.7671E-1
7.0000E-4	1.0010E-2	7.9131E-1
7.0100E-4	9.7656E-3	7.9028E-1
7.0200E-4	9.5215E-3	7.7852E-1
7.0300E-4	9.5215E-3	7.5815E-1
7.0400E-4	1.0010E-2	7.3379E-1
7.0500E-4	1.0254E-2	7.0654E-1
7.0600E-4	9.5215E-3	6.7817E-1
7.0700E-4	9.7656E-3	6.4702E-1
7.0800E-4	9.5215E-3	6.1206E-1
7.0900E-4	1.0254E-2	5.7217E-1
7.1000E-4	9.2773E-3	5.3047E-1
7.1100E-4	9.5215E-3	4.8877E-1
7.1200E-4	9.5215E-3	4.5020E-1
7.1300E-4	9.5215E-3	4.2109E-1
7.1400E-4	9.5215E-3	4.0200E-1
7.1500E-4	9.7656E-3	3.9331E-1
7.1600E-4	1.0254E-2	3.9722E-1
7.1700E-4	9.7656E-3	4.1011E-1
7.1800E-4	9.5215E-3	4.3267E-1
7.1900E-4	9.5215E-3	4.6191E-1
7.2000E-4	9.5215E-3	4.9629E-1
7.2100E-4	1.0254E-2	5.3452E-1
7.2200E-4	9.2773E-3	5.7686E-1
7.2300E-4	9.2773E-3	6.2148E-1
7.2400E-4	1.0010E-2	6.6587E-1
7.2500E-4	1.0010E-2	7.0669E-1
7.2600E-4	9.2773E-3	7.3838E-1
7.2700E-4	1.0010E-2	7.5903E-1
7.2800E-4	9.2773E-3	7.6753E-1
7.2900E-4	1.0010E-2	7.6504E-1
7.3000E-4	9.7656E-3	7.5645E-1
7.3100E-4	1.0010E-2	7.4331E-1
7.3200E-4	9.2773E-3	7.2598E-1
7.3300E-4	9.5215E-3	7.0249E-1
7.3400E-4	9.7656E-3	6.7393E-1
7.3500E-4	1.0254E-2	6.3818E-1
7.3600E-4	1.0010E-2	5.9731E-1
7.3700E-4	9.5215E-3	5.5518E-1
7.3800E-4	9.2773E-3	5.1313E-1
7.3900E-4	9.7656E-3	4.7705E-1
7.4000E-4	9.2773E-3	4.4756E-1
7.4100E-4	9.5215E-3	4.2690E-1
7.4200E-4	9.5215E-3	4.1553E-1
7.4300E-4	1.0498E-2	4.1689E-1
7.4400E-4	1.0254E-2	4.2554E-1
7.4500E-4	9.7656E-3	4.4175E-1
7.4600E-4	9.7656E-3	4.6460E-1
7.4700E-4	9.5215E-3	4.9282E-1
7.4800E-4	1.0010E-2	5.2358E-1
7.4900E-4	1.0010E-2	5.6104E-1
7.5000E-4	9.0332E-3	6.0444E-1
7.5100E-4	1.0254E-2	6.5000E-1
7.5200E-4	9.5215E-3	6.9521E-1
7.5300E-4	9.5215E-3	7.3247E-1
7.5400E-4	9.2773E-3	7.5659E-1
7.5500E-4	9.7656E-3	7.6631E-1
7.5600E-4	1.0742E-2	7.6523E-1
7.5700E-4	9.7656E-3	7.5532E-1
7.5800E-4	9.5215E-3	7.3848E-1
7.5900E-4	9.2773E-3	7.1587E-1
7.6000E-4	9.5215E-3	6.8979E-1
7.6100E-4	9.5215E-3	6.5854E-1
7.6200E-4	9.5215E-3	6.2114E-1
7.6300E-4	1.0010E-2	5.8022E-1
7.6400E-4	9.7656E-3	5.3999E-1
7.6500E-4	8.7891E-3	4.9980E-1
7.6600E-4	9.0332E-3	4.6147E-1
7.6700E-4	9.7656E-3	4.2983E-1
7.6800E-4	9.5215E-3	4.0728E-1
7.6900E-4	9.7656E-3	3.9282E-1
7.7000E-4	9.0332E-3	3.8823E-1
7.7100E-4	9.7656E-3	3.9590E-1
7.7200E-4	9.2773E-3	4.1133E-1
7.7300E-4	9.2773E-3	4.3438E-1
7.7400E-4	9.5215E-3	4.6416E-1
7.7500E-4	9.7656E-3	4.9712E-1
7.7600E-4	1.0010E-2	5.3247E-1
7.7700E-4	1.0254E-2	5.7168E-1
7.7800E-4	9.0332E-3	6.1636E-1
7.7900E-4	9.7656E-3	6.5991E-1
7.8000E-4	9.7656E-3	6.9561E-1
7.8100E-4	1.0010E-2	7.2021E-1
7.8200E-4	1.0010E-2	7.3335E-1
7.8300E-4	9.2773E-3	7.3442E-1
7.8400E-4	1.0254E-2	7.2783E-1
7.8500E-4	9.2773E-3	7.1782E-1
7.8600E-4	9.7656E-3	7.0649E-1
7.8700E-4	9.5215E-3	6.8955E-1
7.8800E-4	1.0254E-2	6.6533E-1
7.8900E-4	9.7656E-3	6.3521E-1
7.9000E-4	9.2773E-3	5.9937E-1
7.9100E-4	8.7891E-3	5.5791E-1
7.9200E-4	9.5215E-3	5.1792E-1
7.9300E-4	1.0010E-2	4.8145E-1
7.9400E-4	9.5215E-3	4.5156E-1
7.9500E-4	9.2773E-3	4.2954E-1
7.9600E-4	9.2773E-3	4.1909E-1
7.9700E-4	9.0332E-3	4.1621E-1
7.9800E-4	1.0254E-2	4.2095E-1
7.9900E-4	1.0010E-2	4.3130E-1
8.0000E-4	9.0332E-3	4.5190E-1
8.0100E-4	9.7656E-3	4.7642E-1
8.0200E-4	9.5215E-3	5.0493E-1
8.0300E-4	9.2773E-3	5.3901E-1
8.0400E-4	9.7656E-3	5.7690E-1
8.0500E-4	1.0254E-2	6.1797E-1
8.0600E-4	9.2773E-3	6.5952E-1
8.0700E-4	9.7656E-3	6.9604E-1
8.0800E-4	9.7656E-3	7.2100E-1
8.0900E-4	9.5215E-3	7.3188E-1
8.1000E-4	9.5215E-3	7.2759E-1
8.1100E-4	9.7656E-3	7.1299E-1
8.1200E-4	9.7656E-3	6.9497E-1
8.1300E-4	9.7656E-3	6.7612E-1
8.1400E-4	9.0332E-3	6.5742E-1
8.1500E-4	9.5215E-3	6.3789E-1
8.1600E-4	1.0254E-2	6.1582E-1
8.1700E-4	9.2773E-3	5.8926E-1
8.1800E-4	9.5215E-3	5.5747E-1
8.1900E-4	9.5215E-3	5.2339E-1
8.2000E-4	9.2773E-3	4.8965E-1
8.2100E-4	9.5215E-3	4.5913E-1
8.2200E-4	9.7656E-3	4.3540E-1
8.2300E-4	9.5215E-3	4.2300E-1
8.2400E-4	9.7656E-3	4.1914E-1
8.2500E-4	9.5215E-3	4.2002E-1
8.2600E-4	9.5215E-3	4.2690E-1
8.2700E-4	1.0010E-2	4.3818E-1
8.2800E-4	9.7656E-3	4.5469E-1
8.2900E-4	1.0254E-2	4.7944E-1
8.3000E-4	9.2773E-3	5.1162E-1
8.3100E-4	1.0010E-2	5.5298E-1
8.3200E-4	1.0010E-2	5.9707E-1
8.3300E-4	9.7656E-3	6.3984E-1
8.3400E-4	9.2773E-3	6.7549E-1
8.3500E-4	9.7656E-3	7.0063E-1
8.3600E-4	9.7656E-3	7.0640E-1
8.3700E-4	9.7656E-3	7.0093E-1
8.3800E-4	9.7656E-3	6.8540E-1
8.3900E-4	9.2773E-3	6.6636E-1
8.4000E-4	9.5215E-3	6.4893E-1
8.4100E-4	9.5215E-3	6.3496E-1
8.4200E-4	9.5215E-3	6.2163E-1
8.4300E-4	9.7656E-3	6.0703E-1
8.4400E-4	1.0254E-2	5.8872E-1
8.4500E-4	1.0010E-2	5.6650E-1
8.4600E-4	9.7656E-3	5.4351E-1
8.4700E-4	9.7656E-3	5.2095E-1
8.4800E-4	1.0254E-2	4.9854E-1
8.4900E-4	9.5215E-3	4.7954E-1
8.5000E-4	9.2773E-3	4.6577E-1
8.5100E-4	9.5215E-3	4.5605E-1
8.5200E-4	1.0010E-2	4.5063E-1
8.5300E-4	1.0010E-2	4.5459E-1
8.5400E-4	9.5215E-3	4.6533E-1
8.5500E-4	9.7656E-3	4.8018E-1
8.5600E-4	9.5215E-3	5.0039E-1
8.5700E-4	1.0010E-2	5.2534E-1
8.5800E-4	9.5215E-3	5.5234E-1
8.5900E-4	1.0010E-2	5.8022E-1
8.6000E-4	9.2773E-3	6.0864E-1
8.6100E-4	9.5215E-3	6.3120E-1
8.6200E-4	1.0254E-2	6.4771E-1
8.6300E-4	9.5215E-3	6.5518E-1
8.6400E-4	1.0254E-2	6.5444E-1
8.6500E-4	9.7656E-3	6.4702E-1
8.6600E-4	9.5215E-3	6.3857E-1
8.6700E-4	1.0254E-2	6.3057E-1
8.6800E-4	9.7656E-3	6.2407E-1
8.6900E-4	9.5215E-3	6.1587E-1
8.7000E-4	1.0010E-2	6.0620E-1
8.7100E-4	1.0254E-2	5.9463E-1
8.7200E-4	9.5215E-3	5.7939E-1
8.7300E-4	9.0332E-3	5.6030E-1
8.7400E-4	9.7656E-3	5.3818E-1
8.7500E-4	9.0332E-3	5.1533E-1
8.7600E-4	9.7656E-3	4.9487E-1
8.7700E-4	1.0010E-2	4.7583E-1
8.7800E-4	9.5215E-3	4.6235E-1
8.7900E-4	1.0010E-2	4.5630E-1
8.8000E-4	9.7656E-3	4.5596E-1
8.8100E-4	1.0254E-2	4.5957E-1
8.8200E-4	9.5215E-3	4.6763E-1
8.8300E-4	9.5215E-3	4.8101E-1
8.8400E-4	9.5215E-3	4.9795E-1
8.8500E-4	9.7656E-3	5.2222E-1
8.8600E-4	9.5215E-3	5.5000E-1
8.8700E-4	9.5215E-3	5.7793E-1
8.8800E-4	1.0254E-2	6.0059E-1
8.8900E-4	1.0010E-2	6.1689E-1
8.9000E-4	9.5215E-3	6.2427E-1
8.9100E-4	9.7656E-3	6.2178E-1
8.9200E-4	1.0010E-2	6.1670E-1
8.9300E-4	9.5215E-3	6.1221E-1
8.9400E-4	9.0332E-3	6.1035E-1
8.9500E-4	9.5215E-3	6.0815E-1
8.9600E-4	9.5215E-3	6.0781E-1
8.9700E-4	1.0254E-2	6.0620E-1
8.9800E-4	9.5215E-3	6.0103E-1
8.9900E-4	9.5215E-3	5.9248E-1
9.0000E-4	1.0010E-2	5.8154E-1
9.0100E-4	1.0254E-2	5.6699E-1
9.0200E-4	9.5215E-3	5.5176E-1
9.0300E-4	1.0254E-2	5.3662E-1
9.0400E-4	9.7656E-3	5.2451E-1
9.0500E-4	9.5215E-3	5.1387E-1
9.0600E-4	9.0332E-3	5.0742E-1
9.0700E-4	1.0010E-2	5.0283E-1
9.0800E-4	1.0498E-2	5.0107E-1
9.0900E-4	9.5215E-3	5.0229E-1
9.1000E-4	9.7656E-3	5.0942E-1
9.1100E-4	9.7656E-3	5.2051E-1
9.1200E-4	1.0010E-2	5.3604E-1
9.1300E-4	9.7656E-3	5.5527E-1
9.1400E-4	9.5215E-3	5.7593E-1
9.1500E-4	9.7656E-3	5.9160E-1
9.1600E-4	9.7656E-3	6.0386E-1
9.1700E-4	9.7656E-3	6.1216E-1
9.1800E-4	9.2773E-3	6.1445E-1
9.1900E-4	1.0010E-2	6.1401E-1
9.2000E-4	9.5215E-3	6.1675E-1
9.2100E-4	9.7656E-3	6.1802E-1
9.2200E-4	9.5215E-3	6.1787E-1
9.2300E-4	1.0010E-2	6.1816E-1
9.2400E-4	9.2773E-3	6.1509E-1
9.2500E-4	1.0010E-2	6.0518E-1
9.2600E-4	9.2773E-3	5.9609E-1
9.2700E-4	1.0010E-2	5.8525E-1
9.2800E-4	9.7656E-3	5.7490E-1
9.2900E-4	9.7656E-3	5.6426E-1
9.3000E-4	9.2773E-3	5.5645E-1
9.3100E-4	9.5215E-3	5.4961E-1
9.3200E-4	9.0332E-3	5.4492E-1
9.3300E-4	1.0010E-2	5.3984E-1
9.3400E-4	9.5215E-3	5.3691E-1
9.3500E-4	9.7656E-3	5.3481E-1
9.3600E-4	9.7656E-3	5.3359E-1
9.3700E-4	9.5215E-3	5.3208E-1
9.3800E-4	9.2773E-3	5.3188E-1
9.3900E-4	9.5215E-3	5.3115E-1
9.4000E-4	9.7656E-3	5.3301E-1
9.4100E-4	9.7656E-3	5.3442E-1
9.4200E-4	1.0010E-2	5.3838E-1
9.4300E-4	1.0010E-2	5.4473E-1
9.4400E-4	9.7656E-3	5.5352E-1
9.4500E-4	1.0010E-2	5.6313E-1
9.4600E-4	1.0010E-2	5.7275E-1
9.4700E-4	9.7656E-3	5.7979E-1
9.4800E-4	9.7656E-3	5.8462E-1
9.4900E-4	9.7656E-3	5.8784E-1
9.5000E-4	9.2773E-3	5.8853E-1
9.5100E-4	9.7656E-3	5.8950E-1
9.5200E-4	9.7656E-3	5.9258E-1
9.5300E-4	1.0010E-2	5.9370E-1
9.5400E-4	9.7656E-3	5.9238E-1
9.5500E-4	9.2773E-3	5.9019E-1
9.5600E-4	9.2773E-3	5.8657E-1
9.5700E-4	1.0010E-2	5.7856E-1
9.5800E-4	9.0332E-3	5.6875E-1
9.5900E-4	9.7656E-3	5.5562E-1
9.6000E-4	9.7656E-3	5.4004E-1
9.6100E-4	9.5215E-3	5.2026E-1
9.6200E-4	9.2773E-3	4.9888E-1
9.6300E-4	1.0498E-2	4.7813E-1
9.6400E-4	9.5215E-3	4.5869E-1
9.6500E-4	9.5215E-3	4.3926E-1
9.6600E-4	9.2773E-3	4.2363E-1
9.6700E-4	9.5215E-3	4.1152E-1
9.6800E-4	9.5215E-3	4.0161E-1
9.6900E-4	9.5215E-3	3.9771E-1
9.7000E-4	9.7656E-3	3.9907E-1
9.7100E-4	9.5215E-3	4.0508E-1
9.7200E-4	1.0010E-2	4.1592E-1
9.7300E-4	1.0010E-2	4.3359E-1
9.7400E-4	9.7656E-3	4.5576E-1
9.7500E-4	1.0254E-2	4.8330E-1
9.7600E-4	9.2773E-3	5.1621E-1
9.7700E-4	9.5215E-3	5.5103E-1
9.7800E-4	9.2773E-3	5.8101E-1
9.7900E-4	9.7656E-3	6.0620E-1
9.8000E-4	9.7656E-3	6.2583E-1
9.8100E-4	9.7656E-3	6.3618E-1
9.8200E-4	9.5215E-3	6.3408E-1
9.8300E-4	1.0010E-2	6.1938E-1
9.8400E-4	9.0332E-3	5.8560E-1
9.8500E-4	9.5215E-3	5.3218E-1
9.8600E-4	9.2773E-3	4.6162E-1
9.8700E-4	9.7656E-3	3.8159E-1
9.8800E-4	1.0010E-2	2.9790E-1
9.8900E-4	1.0010E-2	2.2173E-1
9.9000E-4	9.5215E-3	1.5806E-1
9.9100E-4	9.7656E-3	1.0845E-1
9.9200E-4	9.5215E-3	7.2900E-2
9.9300E-4	9.7656E-3	5.2393E-2
9.9400E-4	9.5215E-3	4.0234E-2
9.9500E-4	9.7656E-3	3.2617E-2
9.9600E-4	9.5215E-3	2.6270E-2
9.9700E-4	1.0010E-2	2.1191E-2
9.9800E-4	1.0010E-2	2.1191E-2
9.9900E-4	9.0332E-3	2.1191E-2
