Time [s]	Aux in [V]	Main in [V]
0.0000E+0	9.7656E-3	-2.2905E-1
1.0000E-6	1.0010E-2	-2.3154E-1
2.0000E-6	9.2773E-3	-2.3374E-1
3.0000E-6	1.0254E-2	-2.3501E-1
4.0000E-6	9.2773E-3	-2.3525E-1
5.0000E-6	9.7656E-3	-2.3496E-1
6.0000E-6	9.7656E-3	-2.3125E-1
7.0000E-6	1.0010E-2	-2.2612E-1
8.0000E-6	1.0254E-2	-2.1899E-1
9.0000E-6	1.0254E-2	-2.1094E-1
1.0000E-5	1.0010E-2	-2.0000E-1
1.1000E-5	9.2773E-3	-1.8608E-1
1.2000E-5	9.7656E-3	-1.6899E-1
1.3000E-5	9.2773E-3	-1.4868E-1
1.4000E-5	9.7656E-3	-1.2178E-1
1.5000E-5	9.7656E-3	-8.6035E-2
1.6000E-5	9.2773E-3	-3.9844E-2
1.7000E-5	9.7656E-3	1.9482E-2
1.8000E-5	9.5215E-3	9.0674E-2
1.9000E-5	1.0010E-2	1.6924E-1
2.0000E-5	1.0254E-2	2.5317E-1
2.1000E-5	9.2773E-3	3.3374E-1
2.2000E-5	1.0010E-2	4.0244E-1
2.3000E-5	9.5215E-3	4.5522E-1
2.4000E-5	9.7656E-3	4.8945E-1
2.5000E-5	1.0010E-2	5.0176E-1
2.6000E-5	9.0332E-3	4.9326E-1
2.7000E-5	9.2773E-3	4.6548E-1
2.8000E-5	1.0010E-2	4.2129E-1
2.9000E-5	9.5215E-3	3.6821E-1
3.0000E-5	9.0332E-3	3.1138E-1
3.1000E-5	1.0010E-2	2.5464E-1
3.2000E-5	1.0010E-2	2.0864E-1
3.3000E-5	9.5215E-3	1.7495E-1
3.4000E-5	9.5215E-3	1.5132E-1
3.5000E-5	9.7656E-3	1.4019E-1
3.6000E-5	1.0254E-2	1.4375E-1
3.7000E-5	9.7656E-3	1.5239E-1
3.8000E-5	9.5215E-3	1.6655E-1
3.9000E-5	9.5215E-3	1.8755E-1
4.0000E-5	1.0254E-2	2.1108E-1
4.1000E-5	9.7656E-3	2.3340E-1
4.2000E-5	9.0332E-3	2.5493E-1
4.3000E-5	9.7656E-3	2.8042E-1
4.4000E-5	9.2773E-3	3.0483E-1
4.5000E-5	1.0254E-2	3.2793E-1
4.6000E-5	9.2773E-3	3.5107E-1
4.7000E-5	9.7656E-3	3.7598E-1
4.8000E-5	9.7656E-3	3.9702E-1
4.9000E-5	1.0010E-2	4.1582E-1
5.0000E-5	1.0010E-2	4.3169E-1
5.1000E-5	9.7656E-3	4.4307E-1
5.2000E-5	1.0010E-2	4.5088E-1
5.3000E-5	9.5215E-3	4.5454E-1
5.4000E-5	9.7656E-3	4.5474E-1
5.5000E-5	1.0010E-2	4.5029E-1
5.6000E-5	9.2773E-3	4.4502E-1
5.7000E-5	9.2773E-3	4.3784E-1
5.8000E-5	9.2773E-3	4.2920E-1
5.9000E-5	9.5215E-3	4.1772E-1
6.0000E-5	9.5215E-3	4.0586E-1
6.1000E-5	9.2773E-3	3.9282E-1
6.2000E-5	1.0010E-2	3.7900E-1
6.3000E-5	1.0010E-2	3.6348E-1
6.4000E-5	1.0010E-2	3.5010E-1
6.5000E-5	9.2773E-3	3.3691E-1
6.6000E-5	9.7656E-3	3.2471E-1
6.7000E-5	9.5215E-3	3.1689E-1
6.8000E-5	9.2773E-3	3.1279E-1
6.9000E-5	9.7656E-3	3.1318E-1
7.0000E-5	1.0010E-2	3.2095E-1
7.1000E-5	9.5215E-3	3.3481E-1
7.2000E-5	9.7656E-3	3.5239E-1
7.3000E-5	9.5215E-3	3.7607E-1
7.4000E-5	9.2773E-3	4.0269E-1
7.5000E-5	9.7656E-3	4.2886E-1
7.6000E-5	9.2773E-3	4.5386E-1
7.7000E-5	1.0010E-2	4.7637E-1
7.8000E-5	1.0010E-2	4.9478E-1
7.9000E-5	9.5215E-3	5.0723E-1
8.0000E-5	1.0010E-2	5.1504E-1
8.1000E-5	9.5215E-3	5.1704E-1
8.2000E-5	9.7656E-3	5.1411E-1
8.3000E-5	9.5215E-3	5.0703E-1
8.4000E-5	9.2773E-3	5.0044E-1
8.5000E-5	9.7656E-3	4.9229E-1
8.6000E-5	9.2773E-3	4.8418E-1
8.7000E-5	9.7656E-3	4.7622E-1
8.8000E-5	9.0332E-3	4.6880E-1
8.9000E-5	9.5215E-3	4.5796E-1
9.0000E-5	9.7656E-3	4.4683E-1
9.1000E-5	9.0332E-3	4.3359E-1
9.2000E-5	9.5215E-3	4.1797E-1
9.3000E-5	9.2773E-3	3.9946E-1
9.4000E-5	1.0010E-2	3.8140E-1
9.5000E-5	1.0010E-2	3.6299E-1
9.6000E-5	9.7656E-3	3.4795E-1
9.7000E-5	9.5215E-3	3.3774E-1
9.8000E-5	9.5215E-3	3.3154E-1
9.9000E-5	9.5215E-3	3.2925E-1
1.0000E-4	9.7656E-3	3.3301E-1
1.0100E-4	9.5215E-3	3.4238E-1
1.0200E-4	1.0498E-2	3.5591E-1
1.0300E-4	1.0254E-2	3.7583E-1
1.0400E-4	1.0010E-2	4.0127E-1
1.0500E-4	9.0332E-3	4.2754E-1
1.0600E-4	9.5215E-3	4.5259E-1
1.0700E-4	9.7656E-3	4.7476E-1
1.0800E-4	9.2773E-3	4.9570E-1
1.0900E-4	9.5215E-3	5.1133E-1
1.1000E-4	9.2773E-3	5.2144E-1
1.1100E-4	1.0010E-2	5.2563E-1
1.1200E-4	9.2773E-3	5.2734E-1
1.1300E-4	9.7656E-3	5.2183E-1
1.1400E-4	9.2773E-3	5.1309E-1
1.1500E-4	1.0254E-2	5.0361E-1
1.1600E-4	1.0010E-2	4.9380E-1
1.1700E-4	9.7656E-3	4.8096E-1
1.1800E-4	9.5215E-3	4.6606E-1
1.1900E-4	9.5215E-3	4.4927E-1
1.2000E-4	1.0010E-2	4.2856E-1
1.2100E-4	9.7656E-3	4.0527E-1
1.2200E-4	9.5215E-3	3.8140E-1
1.2300E-4	9.5215E-3	3.6030E-1
1.2400E-4	9.2773E-3	3.3936E-1
1.2500E-4	9.2773E-3	3.2441E-1
1.2600E-4	1.0254E-2	3.1436E-1
1.2700E-4	9.0332E-3	3.1133E-1
1.2800E-4	9.2773E-3	3.1309E-1
1.2900E-4	9.7656E-3	3.2310E-1
1.3000E-4	1.0010E-2	3.4189E-1
1.3100E-4	9.5215E-3	3.6895E-1
1.3200E-4	9.0332E-3	4.0063E-1
1.3300E-4	9.7656E-3	4.3687E-1
1.3400E-4	9.5215E-3	4.7515E-1
1.3500E-4	9.0332E-3	5.0474E-1
1.3600E-4	9.5215E-3	5.2456E-1
1.3700E-4	9.5215E-3	5.3521E-1
1.3800E-4	9.5215E-3	5.3589E-1
1.3900E-4	1.0010E-2	5.2598E-1
1.4000E-4	9.0332E-3	5.1616E-1
1.4100E-4	9.5215E-3	5.0718E-1
1.4200E-4	9.7656E-3	4.9775E-1
1.4300E-4	9.2773E-3	4.8706E-1
1.4400E-4	9.5215E-3	4.7651E-1
1.4500E-4	9.2773E-3	4.5874E-1
1.4600E-4	9.5215E-3	4.3545E-1
1.4700E-4	9.5215E-3	4.0654E-1
1.4800E-4	1.0010E-2	3.7476E-1
1.4900E-4	9.7656E-3	3.4097E-1
1.5000E-4	9.2773E-3	3.1157E-1
1.5100E-4	9.5215E-3	2.8755E-1
1.5200E-4	9.5215E-3	2.6953E-1
1.5300E-4	9.7656E-3	2.5688E-1
1.5400E-4	1.0010E-2	2.5234E-1
1.5500E-4	1.0010E-2	2.5327E-1
1.5600E-4	1.0010E-2	2.6079E-1
1.5700E-4	9.7656E-3	2.7593E-1
1.5800E-4	9.5215E-3	3.0210E-1
1.5900E-4	9.5215E-3	3.3311E-1
1.6000E-4	9.5215E-3	3.7051E-1
1.6100E-4	9.5215E-3	4.1108E-1
1.6200E-4	1.0010E-2	4.5303E-1
1.6300E-4	9.7656E-3	4.8774E-1
1.6400E-4	9.2773E-3	5.1616E-1
1.6500E-4	9.5215E-3	5.3379E-1
1.6600E-4	9.0332E-3	5.4102E-1
1.6700E-4	9.2773E-3	5.3843E-1
1.6800E-4	9.5215E-3	5.3076E-1
1.6900E-4	9.5215E-3	5.1841E-1
1.7000E-4	9.0332E-3	5.0288E-1
1.7100E-4	9.7656E-3	4.8320E-1
1.7200E-4	1.0010E-2	4.6021E-1
1.7300E-4	9.7656E-3	4.3208E-1
1.7400E-4	9.2773E-3	4.0142E-1
1.7500E-4	1.0254E-2	3.6846E-1
1.7600E-4	1.0010E-2	3.3677E-1
1.7700E-4	9.5215E-3	3.0688E-1
1.7800E-4	9.5215E-3	2.8198E-1
1.7900E-4	1.0010E-2	2.6426E-1
1.8000E-4	9.2773E-3	2.5337E-1
1.8100E-4	9.5215E-3	2.4937E-1
1.8200E-4	9.5215E-3	2.5229E-1
1.8300E-4	9.2773E-3	2.6187E-1
1.8400E-4	9.7656E-3	2.7441E-1
1.8500E-4	9.7656E-3	2.9419E-1
1.8600E-4	1.0010E-2	3.2231E-1
1.8700E-4	9.5215E-3	3.5786E-1
1.8800E-4	9.5215E-3	4.0005E-1
1.8900E-4	9.2773E-3	4.4907E-1
1.9000E-4	1.0010E-2	4.9717E-1
1.9100E-4	9.7656E-3	5.3452E-1
1.9200E-4	9.0332E-3	5.5654E-1
1.9300E-4	1.0254E-2	5.6343E-1
1.9400E-4	9.5215E-3	5.5674E-1
1.9500E-4	1.0010E-2	5.4165E-1
1.9600E-4	9.5215E-3	5.2417E-1
1.9700E-4	9.5215E-3	5.0659E-1
1.9800E-4	1.0254E-2	4.8530E-1
1.9900E-4	9.2773E-3	4.5820E-1
2.0000E-4	9.2773E-3	4.2451E-1
2.0100E-4	1.0010E-2	3.8389E-1
2.0200E-4	9.7656E-3	3.4009E-1
2.0300E-4	9.7656E-3	2.9893E-1
2.0400E-4	9.2773E-3	2.6128E-1
2.0500E-4	1.0010E-2	2.2817E-1
2.0600E-4	1.0010E-2	2.0347E-1
2.0700E-4	9.5215E-3	1.8823E-1
2.0800E-4	9.5215E-3	1.8135E-1
2.0900E-4	9.2773E-3	1.8340E-1
2.1000E-4	9.7656E-3	1.9658E-1
2.1100E-4	9.7656E-3	2.1763E-1
2.1200E-4	9.0332E-3	2.4385E-1
2.1300E-4	1.0010E-2	2.7461E-1
2.1400E-4	9.2773E-3	3.1226E-1
2.1500E-4	9.5215E-3	3.5444E-1
2.1600E-4	9.7656E-3	4.0200E-1
2.1700E-4	9.2773E-3	4.5405E-1
2.1800E-4	9.7656E-3	5.0498E-1
2.1900E-4	9.2773E-3	5.4580E-1
2.2000E-4	9.2773E-3	5.7158E-1
2.2100E-4	1.0254E-2	5.8447E-1
2.2200E-4	9.7656E-3	5.8267E-1
2.2300E-4	1.0010E-2	5.6943E-1
2.2400E-4	9.5215E-3	5.4902E-1
2.2500E-4	1.0254E-2	5.2466E-1
2.2600E-4	1.0010E-2	4.9272E-1
2.2700E-4	9.5215E-3	4.5410E-1
2.2800E-4	9.5215E-3	4.1211E-1
2.2900E-4	9.5215E-3	3.6685E-1
2.3000E-4	9.5215E-3	3.2305E-1
2.3100E-4	9.5215E-3	2.8208E-1
2.3200E-4	9.0332E-3	2.4946E-1
2.3300E-4	9.5215E-3	2.2334E-1
2.3400E-4	9.2773E-3	2.0732E-1
2.3500E-4	9.5215E-3	1.9868E-1
2.3600E-4	9.2773E-3	1.9985E-1
2.3700E-4	9.7656E-3	2.0918E-1
2.3800E-4	9.7656E-3	2.2773E-1
2.3900E-4	9.5215E-3	2.5420E-1
2.4000E-4	9.2773E-3	2.9077E-1
2.4100E-4	1.0010E-2	3.3369E-1
2.4200E-4	9.7656E-3	3.8179E-1
2.4300E-4	9.2773E-3	4.3486E-1
2.4400E-4	9.7656E-3	4.9053E-1
2.4500E-4	9.2773E-3	5.4053E-1
2.4600E-4	9.2773E-3	5.8032E-1
2.4700E-4	1.0010E-2	6.0591E-1
2.4800E-4	9.0332E-3	6.1694E-1
2.4900E-4	9.2773E-3	6.1299E-1
2.5000E-4	8.7891E-3	5.9517E-1
2.5100E-4	1.0010E-2	5.6958E-1
2.5200E-4	9.2773E-3	5.3623E-1
2.5300E-4	9.7656E-3	4.9541E-1
2.5400E-4	9.0332E-3	4.4590E-1
2.5500E-4	9.5215E-3	3.9385E-1
2.5600E-4	1.0010E-2	3.3965E-1
2.5700E-4	9.2773E-3	2.8965E-1
2.5800E-4	9.5215E-3	2.4497E-1
2.5900E-4	9.7656E-3	2.1118E-1
2.6000E-4	9.2773E-3	1.8696E-1
2.6100E-4	9.5215E-3	1.7241E-1
2.6200E-4	9.7656E-3	1.6729E-1
2.6300E-4	1.0010E-2	1.7134E-1
2.6400E-4	9.7656E-3	1.8369E-1
2.6500E-4	9.7656E-3	2.0396E-1
2.6600E-4	1.0498E-2	2.3125E-1
2.6700E-4	9.7656E-3	2.6465E-1
2.6800E-4	9.2773E-3	3.0205E-1
2.6900E-4	9.7656E-3	3.4521E-1
2.7000E-4	9.2773E-3	3.9531E-1
2.7100E-4	1.0010E-2	4.5024E-1
2.7200E-4	9.5215E-3	5.0688E-1
2.7300E-4	9.5215E-3	5.5674E-1
2.7400E-4	9.5215E-3	5.9521E-1
2.7500E-4	9.7656E-3	6.1548E-1
2.7600E-4	1.0010E-2	6.1787E-1
2.7700E-4	1.0010E-2	6.0391E-1
2.7800E-4	9.7656E-3	5.8169E-1
2.7900E-4	9.2773E-3	5.5215E-1
2.8000E-4	1.0010E-2	5.1899E-1
2.8100E-4	9.5215E-3	4.8076E-1
2.8200E-4	9.2773E-3	4.3896E-1
2.8300E-4	9.5215E-3	3.9336E-1
2.8400E-4	1.0010E-2	3.4585E-1
2.8500E-4	9.7656E-3	3.0020E-1
2.8600E-4	9.5215E-3	2.6235E-1
2.8700E-4	9.5215E-3	2.3208E-1
2.8800E-4	1.0010E-2	2.1191E-1
2.8900E-4	9.7656E-3	2.0078E-1
2.9000E-4	9.0332E-3	1.9873E-1
2.9100E-4	9.7656E-3	2.0386E-1
2.9200E-4	1.0010E-2	2.1680E-1
2.9300E-4	9.2773E-3	2.3735E-1
2.9400E-4	9.7656E-3	2.6597E-1
2.9500E-4	9.7656E-3	3.0337E-1
2.9600E-4	9.5215E-3	3.5059E-1
2.9700E-4	1.0010E-2	4.0386E-1
2.9800E-4	9.5215E-3	4.6343E-1
2.9900E-4	9.7656E-3	5.2368E-1
3.0000E-4	9.7656E-3	5.7344E-1
3.0100E-4	9.5215E-3	6.0708E-1
3.0200E-4	9.2773E-3	6.2266E-1
3.0300E-4	1.0498E-2	6.2285E-1
3.0400E-4	1.0010E-2	6.0811E-1
3.0500E-4	9.2773E-3	5.8408E-1
3.0600E-4	9.2773E-3	5.5176E-1
3.0700E-4	9.2773E-3	5.1509E-1
3.0800E-4	9.2773E-3	4.7114E-1
3.0900E-4	9.5215E-3	4.2236E-1
3.1000E-4	1.0010E-2	3.7319E-1
3.1100E-4	9.7656E-3	3.2788E-1
3.1200E-4	9.7656E-3	2.8521E-1
3.1300E-4	9.7656E-3	2.4761E-1
3.1400E-4	9.0332E-3	2.1899E-1
3.1500E-4	9.7656E-3	2.0039E-1
3.1600E-4	9.7656E-3	1.9019E-1
3.1700E-4	9.5215E-3	1.9111E-1
3.1800E-4	9.2773E-3	2.0137E-1
3.1900E-4	9.5215E-3	2.1816E-1
3.2000E-4	9.2773E-3	2.4092E-1
3.2100E-4	9.2773E-3	2.6973E-1
3.2200E-4	9.2773E-3	3.0439E-1
3.2300E-4	9.2773E-3	3.4565E-1
3.2400E-4	1.0254E-2	3.9336E-1
3.2500E-4	9.7656E-3	4.4761E-1
3.2600E-4	9.2773E-3	5.0366E-1
3.2700E-4	9.0332E-3	5.5576E-1
3.2800E-4	9.2773E-3	5.9653E-1
3.2900E-4	9.2773E-3	6.2036E-1
3.3000E-4	9.7656E-3	6.2568E-1
3.3100E-4	9.5215E-3	6.1748E-1
3.3200E-4	9.2773E-3	5.9746E-1
3.3300E-4	9.7656E-3	5.7036E-1
3.3400E-4	9.7656E-3	5.4004E-1
3.3500E-4	1.0010E-2	5.0508E-1
3.3600E-4	1.0010E-2	4.6646E-1
3.3700E-4	9.7656E-3	4.2612E-1
3.3800E-4	9.7656E-3	3.8301E-1
3.3900E-4	1.0010E-2	3.4224E-1
3.4000E-4	1.0010E-2	3.0591E-1
3.4100E-4	9.5215E-3	2.7422E-1
3.4200E-4	1.0254E-2	2.4907E-1
3.4300E-4	1.0010E-2	2.3569E-1
3.4400E-4	9.5215E-3	2.3105E-1
3.4500E-4	9.2773E-3	2.3569E-1
3.4600E-4	9.5215E-3	2.4985E-1
3.4700E-4	9.7656E-3	2.7261E-1
3.4800E-4	9.5215E-3	3.0068E-1
3.4900E-4	9.7656E-3	3.3325E-1
3.5000E-4	9.2773E-3	3.7026E-1
3.5100E-4	9.2773E-3	4.1196E-1
3.5200E-4	9.2773E-3	4.5854E-1
3.5300E-4	9.2773E-3	5.0381E-1
3.5400E-4	9.5215E-3	5.4761E-1
3.5500E-4	9.5215E-3	5.8423E-1
3.5600E-4	9.2773E-3	6.0908E-1
3.5700E-4	9.2773E-3	6.1772E-1
3.5800E-4	9.5215E-3	6.1455E-1
3.5900E-4	9.2773E-3	6.0259E-1
3.6000E-4	9.5215E-3	5.8271E-1
3.6100E-4	9.5215E-3	5.5640E-1
3.6200E-4	9.2773E-3	5.2529E-1
3.6300E-4	1.0010E-2	4.9111E-1
3.6400E-4	9.2773E-3	4.5220E-1
3.6500E-4	1.0254E-2	4.1416E-1
3.6600E-4	1.0254E-2	3.7607E-1
3.6700E-4	9.5215E-3	3.4180E-1
3.6800E-4	9.5215E-3	3.1250E-1
3.6900E-4	9.0332E-3	2.8975E-1
3.7000E-4	9.2773E-3	2.7144E-1
3.7100E-4	9.7656E-3	2.6152E-1
3.7200E-4	9.5215E-3	2.6206E-1
3.7300E-4	9.2773E-3	2.7031E-1
3.7400E-4	9.5215E-3	2.8579E-1
3.7500E-4	1.0010E-2	3.0889E-1
3.7600E-4	9.7656E-3	3.3770E-1
3.7700E-4	9.7656E-3	3.6870E-1
3.7800E-4	9.2773E-3	4.0293E-1
3.7900E-4	9.5215E-3	4.4189E-1
3.8000E-4	9.2773E-3	4.8413E-1
3.8100E-4	9.5215E-3	5.2612E-1
3.8200E-4	9.2773E-3	5.6479E-1
3.8300E-4	9.5215E-3	5.9561E-1
3.8400E-4	9.5215E-3	6.1333E-1
3.8500E-4	9.7656E-3	6.1880E-1
3.8600E-4	9.2773E-3	6.1069E-1
3.8700E-4	9.5215E-3	5.9502E-1
3.8800E-4	9.7656E-3	5.7432E-1
3.8900E-4	9.2773E-3	5.5103E-1
3.9000E-4	9.5215E-3	5.2427E-1
3.9100E-4	9.5215E-3	4.9746E-1
3.9200E-4	1.0010E-2	4.6748E-1
3.9300E-4	9.5215E-3	4.3926E-1
3.9400E-4	9.2773E-3	4.1045E-1
3.9500E-4	9.2773E-3	3.8516E-1
3.9600E-4	9.2773E-3	3.6499E-1
3.9700E-4	9.7656E-3	3.5024E-1
3.9800E-4	9.7656E-3	3.3862E-1
3.9900E-4	1.0010E-2	3.3193E-1
4.0000E-4	9.2773E-3	3.2749E-1
4.0100E-4	1.0010E-2	3.2808E-1
4.0200E-4	9.5215E-3	3.3574E-1
4.0300E-4	9.2773E-3	3.5068E-1
4.0400E-4	9.5215E-3	3.7256E-1
4.0500E-4	9.7656E-3	4.0117E-1
4.0600E-4	1.0010E-2	4.3247E-1
4.0700E-4	1.0010E-2	4.6338E-1
4.0800E-4	9.5215E-3	4.9360E-1
4.0900E-4	9.2773E-3	5.2002E-1
4.1000E-4	1.0010E-2	5.4268E-1
4.1100E-4	9.2773E-3	5.6030E-1
4.1200E-4	9.2773E-3	5.7368E-1
4.1300E-4	9.2773E-3	5.8003E-1
4.1400E-4	9.7656E-3	5.8276E-1
4.1500E-4	9.2773E-3	5.7690E-1
4.1600E-4	9.2773E-3	5.6621E-1
4.1700E-4	9.2773E-3	5.4854E-1
4.1800E-4	9.5215E-3	5.2520E-1
4.1900E-4	9.2773E-3	4.9834E-1
4.2000E-4	9.0332E-3	4.7236E-1
4.2100E-4	9.5215E-3	4.4541E-1
4.2200E-4	8.7891E-3	4.2031E-1
4.2300E-4	9.2773E-3	3.9951E-1
4.2400E-4	1.0010E-2	3.8057E-1
4.2500E-4	9.5215E-3	3.6543E-1
4.2600E-4	1.0010E-2	3.5371E-1
4.2700E-4	9.7656E-3	3.4766E-1
4.2800E-4	9.2773E-3	3.4536E-1
4.2900E-4	9.7656E-3	3.4873E-1
4.3000E-4	9.2773E-3	3.5566E-1
4.3100E-4	9.5215E-3	3.6689E-1
4.3200E-4	9.2773E-3	3.7754E-1
4.3300E-4	1.0010E-2	3.8750E-1
4.3400E-4	9.2773E-3	3.9756E-1
4.3500E-4	9.5215E-3	4.0996E-1
4.3600E-4	9.2773E-3	4.2368E-1
4.3700E-4	9.5215E-3	4.4165E-1
4.3800E-4	9.0332E-3	4.6406E-1
4.3900E-4	9.5215E-3	4.9043E-1
4.4000E-4	9.5215E-3	5.1758E-1
4.4100E-4	9.0332E-3	5.4355E-1
4.4200E-4	9.2773E-3	5.6636E-1
4.4300E-4	9.7656E-3	5.8276E-1
4.4400E-4	9.0332E-3	5.9116E-1
4.4500E-4	9.2773E-3	5.9121E-1
4.4600E-4	1.0254E-2	5.8442E-1
4.4700E-4	9.2773E-3	5.7061E-1
4.4800E-4	9.5215E-3	5.5005E-1
4.4900E-4	9.2773E-3	5.2388E-1
4.5000E-4	9.7656E-3	4.9072E-1
4.5100E-4	1.0254E-2	4.5303E-1
4.5200E-4	9.2773E-3	4.1265E-1
4.5300E-4	1.0254E-2	3.7188E-1
4.5400E-4	9.5215E-3	3.3271E-1
4.5500E-4	9.2773E-3	2.9580E-1
4.5600E-4	9.0332E-3	2.6230E-1
4.5700E-4	9.0332E-3	2.3213E-1
4.5800E-4	9.5215E-3	2.0859E-1
4.5900E-4	9.0332E-3	1.8896E-1
4.6000E-4	9.5215E-3	1.7837E-1
4.6100E-4	9.7656E-3	1.7788E-1
4.6200E-4	9.0332E-3	1.8701E-1
4.6300E-4	9.0332E-3	2.0210E-1
4.6400E-4	9.7656E-3	2.2319E-1
4.6500E-4	9.2773E-3	2.4722E-1
4.6600E-4	9.0332E-3	2.7666E-1
4.6700E-4	1.0254E-2	3.1104E-1
4.6800E-4	1.0010E-2	3.5493E-1
4.6900E-4	9.2773E-3	4.0825E-1
4.7000E-4	1.0010E-2	4.7241E-1
4.7100E-4	1.0010E-2	5.3467E-1
4.7200E-4	9.5215E-3	5.8735E-1
4.7300E-4	9.7656E-3	6.2002E-1
4.7400E-4	1.0010E-2	6.2739E-1
4.7500E-4	9.2773E-3	6.0029E-1
4.7600E-4	9.5215E-3	5.3979E-1
4.7700E-4	9.7656E-3	4.5093E-1
4.7800E-4	9.5215E-3	3.4297E-1
4.7900E-4	9.0332E-3	2.2598E-1
4.8000E-4	9.5215E-3	1.1299E-1
4.8100E-4	9.2773E-3	1.4111E-2
4.8200E-4	9.7656E-3	-6.6016E-2
4.8300E-4	9.2773E-3	-1.2705E-1
4.8400E-4	9.2773E-3	-1.7090E-1
4.8500E-4	1.0254E-2	-2.0112E-1
4.8600E-4	9.7656E-3	-2.1968E-1
4.8700E-4	9.2773E-3	-2.2847E-1
4.8800E-4	9.5215E-3	-2.2910E-1
4.8900E-4	9.5215E-3	-2.2847E-1
4.9000E-4	9.5215E-3	-2.2778E-1
4.9100E-4	9.7656E-3	-2.2808E-1
4.9200E-4	9.2773E-3	-2.2998E-1
4.9300E-4	1.0010E-2	-2.3535E-1
4.9400E-4	9.7656E-3	-2.4033E-1
4.9500E-4	9.5215E-3	-2.4492E-1
4.9600E-4	9.2773E-3	-2.5029E-1
4.9700E-4	8.7891E-3	-2.5430E-1
4.9800E-4	9.2773E-3	-2.5698E-1
4.9900E-4	1.0010E-2	-2.5806E-1
5.0000E-4	9.5215E-3	-2.5776E-1
5.0100E-4	9.5215E-3	-2.5537E-1
5.0200E-4	9.7656E-3	-2.5439E-1
5.0300E-4	9.5215E-3	-2.5205E-1
5.0400E-4	1.0254E-2	-2.5054E-1
5.0500E-4	9.5215E-3	-2.4771E-1
5.0600E-4	9.5215E-3	-2.4575E-1
5.0700E-4	9.5215E-3	-2.4111E-1
5.0800E-4	1.0010E-2	-2.3589E-1
5.0900E-4	9.5215E-3	-2.2642E-1
5.1000E-4	9.5215E-3	-2.1563E-1
5.1100E-4	9.7656E-3	-2.0156E-1
5.1200E-4	9.5215E-3	-1.8179E-1
5.1300E-4	9.7656E-3	-1.5483E-1
5.1400E-4	9.0332E-3	-1.2217E-1
5.1500E-4	9.2773E-3	-7.9541E-2
5.1600E-4	9.2773E-3	-2.4170E-2
5.1700E-4	9.5215E-3	4.3066E-2
5.1800E-4	9.5215E-3	1.2441E-1
5.1900E-4	1.0010E-2	2.2041E-1
5.2000E-4	9.5215E-3	3.2925E-1
5.2100E-4	1.0010E-2	4.4033E-1
5.2200E-4	9.5215E-3	5.3960E-1
5.2300E-4	9.5215E-3	6.1533E-1
5.2400E-4	9.0332E-3	6.5713E-1
5.2500E-4	9.5215E-3	6.5811E-1
5.2600E-4	9.2773E-3	6.2251E-1
5.2700E-4	9.7656E-3	5.5894E-1
5.2800E-4	1.0010E-2	4.7832E-1
5.2900E-4	9.0332E-3	3.9541E-1
5.3000E-4	1.0010E-2	3.1724E-1
5.3100E-4	9.5215E-3	2.5347E-1
5.3200E-4	9.5215E-3	2.0635E-1
5.3300E-4	9.5215E-3	1.7466E-1
5.3400E-4	1.0254E-2	1.5679E-1
5.3500E-4	9.5215E-3	1.5259E-1
5.3600E-4	1.0254E-2	1.5552E-1
5.3700E-4	9.5215E-3	1.6753E-1
5.3800E-4	9.2773E-3	1.8677E-1
5.3900E-4	1.0010E-2	2.0991E-1
5.4000E-4	9.5215E-3	2.3413E-1
5.4100E-4	9.5215E-3	2.6172E-1
5.4200E-4	9.5215E-3	2.8965E-1
5.4300E-4	1.0010E-2	3.1890E-1
5.4400E-4	1.0254E-2	3.4878E-1
5.4500E-4	9.5215E-3	3.8032E-1
5.4600E-4	1.0010E-2	4.1113E-1
5.4700E-4	9.5215E-3	4.4141E-1
5.4800E-4	9.7656E-3	4.6938E-1
5.4900E-4	9.2773E-3	4.9810E-1
5.5000E-4	9.7656E-3	5.2236E-1
5.5100E-4	9.7656E-3	5.4097E-1
5.5200E-4	9.7656E-3	5.5249E-1
5.5300E-4	9.7656E-3	5.5752E-1
5.5400E-4	9.2773E-3	5.5371E-1
5.5500E-4	9.7656E-3	5.4463E-1
5.5600E-4	9.7656E-3	5.3140E-1
5.5700E-4	9.2773E-3	5.1709E-1
5.5800E-4	9.5215E-3	5.0142E-1
5.5900E-4	9.5215E-3	4.8364E-1
5.6000E-4	1.0742E-2	4.6475E-1
5.6100E-4	1.0254E-2	4.4565E-1
5.6200E-4	1.0254E-2	4.2617E-1
5.6300E-4	9.7656E-3	4.0439E-1
5.6400E-4	9.2773E-3	3.8369E-1
5.6500E-4	9.5215E-3	3.6450E-1
5.6600E-4	1.0254E-2	3.4917E-1
5.6700E-4	9.7656E-3	3.3701E-1
5.6800E-4	9.5215E-3	3.2998E-1
5.6900E-4	9.7656E-3	3.2832E-1
5.7000E-4	9.5215E-3	3.3140E-1
5.7100E-4	9.7656E-3	3.3755E-1
5.7200E-4	9.5215E-3	3.4849E-1
5.7300E-4	9.7656E-3	3.6636E-1
5.7400E-4	9.2773E-3	3.8477E-1
5.7500E-4	9.2773E-3	4.0605E-1
5.7600E-4	9.5215E-3	4.2939E-1
5.7700E-4	9.5215E-3	4.5371E-1
5.7800E-4	9.5215E-3	4.7754E-1
5.7900E-4	9.5215E-3	5.0239E-1
5.8000E-4	9.7656E-3	5.2490E-1
5.8100E-4	1.0010E-2	5.4126E-1
5.8200E-4	1.0010E-2	5.5269E-1
5.8300E-4	1.0010E-2	5.5518E-1
5.8400E-4	9.7656E-3	5.5156E-1
5.8500E-4	9.7656E-3	5.4331E-1
5.8600E-4	9.7656E-3	5.3433E-1
5.8700E-4	9.5215E-3	5.2158E-1
5.8800E-4	8.7891E-3	5.0830E-1
5.8900E-4	9.5215E-3	4.9487E-1
5.9000E-4	9.5215E-3	4.8013E-1
5.9100E-4	9.0332E-3	4.6445E-1
5.9200E-4	1.0010E-2	4.4658E-1
5.9300E-4	1.0010E-2	4.2695E-1
5.9400E-4	9.7656E-3	4.0596E-1
5.9500E-4	9.5215E-3	3.8726E-1
5.9600E-4	8.7891E-3	3.7178E-1
5.9700E-4	1.0010E-2	3.6089E-1
5.9800E-4	9.7656E-3	3.5552E-1
5.9900E-4	9.7656E-3	3.5615E-1
6.0000E-4	9.2773E-3	3.6265E-1
6.0100E-4	9.5215E-3	3.7114E-1
6.0200E-4	9.2773E-3	3.8687E-1
6.0300E-4	1.0010E-2	4.0781E-1
6.0400E-4	9.7656E-3	4.3394E-1
6.0500E-4	1.0010E-2	4.6084E-1
6.0600E-4	9.5215E-3	4.9028E-1
6.0700E-4	9.2773E-3	5.1758E-1
6.0800E-4	8.7891E-3	5.4180E-1
6.0900E-4	9.2773E-3	5.5752E-1
6.1000E-4	9.5215E-3	5.6504E-1
6.1100E-4	9.7656E-3	5.6729E-1
6.1200E-4	9.2773E-3	5.6260E-1
6.1300E-4	9.2773E-3	5.5220E-1
6.1400E-4	1.0010E-2	5.4077E-1
6.1500E-4	9.7656E-3	5.2773E-1
6.1600E-4	1.0010E-2	5.1016E-1
6.1700E-4	9.7656E-3	4.8955E-1
6.1800E-4	9.5215E-3	4.6802E-1
6.1900E-4	9.2773E-3	4.4463E-1
6.2000E-4	9.0332E-3	4.1978E-1
6.2100E-4	1.0010E-2	3.9531E-1
6.2200E-4	9.7656E-3	3.7227E-1
6.2300E-4	9.7656E-3	3.4971E-1
6.2400E-4	9.5215E-3	3.2881E-1
6.2500E-4	9.7656E-3	3.1426E-1
6.2600E-4	9.2773E-3	3.0601E-1
6.2700E-4	9.7656E-3	3.0376E-1
6.2800E-4	9.5215E-3	3.0889E-1
6.2900E-4	9.7656E-3	3.2104E-1
6.3000E-4	9.7656E-3	3.4014E-1
6.3100E-4	1.0010E-2	3.6328E-1
6.3200E-4	1.0010E-2	3.9165E-1
6.3300E-4	9.5215E-3	4.2402E-1
6.3400E-4	1.0254E-2	4.5996E-1
6.3500E-4	1.0010E-2	4.9395E-1
6.3600E-4	1.0010E-2	5.2539E-1
6.3700E-4	1.0254E-2	5.5054E-1
6.3800E-4	1.0010E-2	5.6689E-1
6.3900E-4	9.2773E-3	5.7202E-1
6.4000E-4	9.2773E-3	5.7139E-1
6.4100E-4	9.5215E-3	5.6279E-1
6.4200E-4	9.2773E-3	5.5039E-1
6.4300E-4	9.5215E-3	5.3364E-1
6.4400E-4	9.7656E-3	5.1401E-1
6.4500E-4	9.7656E-3	4.8755E-1
6.4600E-4	9.5215E-3	4.5898E-1
6.4700E-4	1.0254E-2	4.2808E-1
6.4800E-4	9.5215E-3	3.9590E-1
6.4900E-4	9.7656E-3	3.6313E-1
6.5000E-4	9.0332E-3	3.3481E-1
6.5100E-4	9.5215E-3	3.0991E-1
6.5200E-4	9.7656E-3	2.8984E-1
6.5300E-4	9.2773E-3	2.7954E-1
6.5400E-4	1.0010E-2	2.7939E-1
6.5500E-4	1.0010E-2	2.8711E-1
6.5600E-4	9.5215E-3	3.0166E-1
6.5700E-4	9.0332E-3	3.2354E-1
6.5800E-4	9.7656E-3	3.5000E-1
6.5900E-4	9.5215E-3	3.8008E-1
6.6000E-4	9.2773E-3	4.1387E-1
6.6100E-4	9.5215E-3	4.5181E-1
6.6200E-4	1.0010E-2	4.8994E-1
6.6300E-4	9.7656E-3	5.2476E-1
6.6400E-4	9.5215E-3	5.5078E-1
6.6500E-4	1.0254E-2	5.6558E-1
6.6600E-4	9.2773E-3	5.7134E-1
6.6700E-4	9.0332E-3	5.6685E-1
6.6800E-4	9.7656E-3	5.5615E-1
6.6900E-4	9.7656E-3	5.4253E-1
6.7000E-4	9.2773E-3	5.2446E-1
6.7100E-4	9.5215E-3	5.0156E-1
6.7200E-4	9.2773E-3	4.7651E-1
6.7300E-4	1.0254E-2	4.4429E-1
6.7400E-4	9.5215E-3	4.0571E-1
6.7500E-4	9.2773E-3	3.6577E-1
6.7600E-4	9.5215E-3	3.2593E-1
6.7700E-4	9.2773E-3	2.8750E-1
6.7800E-4	9.0332E-3	2.5654E-1
6.7900E-4	9.2773E-3	2.3555E-1
6.8000E-4	9.7656E-3	2.2441E-1
6.8100E-4	1.0254E-2	2.2134E-1
6.8200E-4	9.2773E-3	2.2773E-1
6.8300E-4	9.7656E-3	2.4185E-1
6.8400E-4	9.5215E-3	2.6030E-1
6.8500E-4	9.5215E-3	2.8311E-1
6.8600E-4	9.5215E-3	3.1230E-1
6.8700E-4	8.7891E-3	3.4697E-1
6.8800E-4	9.2773E-3	3.8853E-1
6.8900E-4	9.7656E-3	4.3745E-1
6.9000E-4	9.5215E-3	4.8555E-1
6.9100E-4	9.7656E-3	5.2900E-1
6.9200E-4	9.5215E-3	5.6011E-1
6.9300E-4	9.5215E-3	5.7437E-1
6.9400E-4	1.0010E-2	5.7471E-1
6.9500E-4	9.7656E-3	5.6792E-1
6.9600E-4	1.0010E-2	5.5161E-1
6.9700E-4	9.5215E-3	5.3179E-1
6.9800E-4	1.0010E-2	5.0972E-1
6.9900E-4	9.2773E-3	4.8228E-1
7.0000E-4	9.2773E-3	4.4736E-1
7.0100E-4	9.7656E-3	4.0918E-1
7.0200E-4	9.7656E-3	3.6997E-1
7.0300E-4	9.0332E-3	3.3203E-1
7.0400E-4	9.2773E-3	2.9761E-1
7.0500E-4	9.0332E-3	2.7109E-1
7.0600E-4	9.5215E-3	2.5200E-1
7.0700E-4	1.0010E-2	2.3687E-1
7.0800E-4	1.0254E-2	2.2837E-1
7.0900E-4	9.5215E-3	2.2598E-1
7.1000E-4	9.5215E-3	2.3081E-1
7.1100E-4	9.2773E-3	2.4399E-1
7.1200E-4	9.5215E-3	2.6694E-1
7.1300E-4	9.7656E-3	2.9824E-1
7.1400E-4	9.7656E-3	3.3745E-1
7.1500E-4	9.5215E-3	3.8389E-1
7.1600E-4	9.2773E-3	4.3682E-1
7.1700E-4	9.7656E-3	4.9131E-1
7.1800E-4	9.5215E-3	5.3984E-1
7.1900E-4	9.5215E-3	5.7632E-1
7.2000E-4	9.2773E-3	5.9438E-1
7.2100E-4	1.0010E-2	5.9595E-1
7.2200E-4	9.5215E-3	5.8315E-1
7.2300E-4	9.2773E-3	5.5986E-1
7.2400E-4	1.0010E-2	5.3174E-1
7.2500E-4	1.0254E-2	5.0063E-1
7.2600E-4	1.0010E-2	4.6484E-1
7.2700E-4	9.5215E-3	4.2544E-1
7.2800E-4	1.0010E-2	3.8247E-1
7.2900E-4	9.7656E-3	3.4043E-1
7.3000E-4	1.0010E-2	2.9966E-1
7.3100E-4	1.0010E-2	2.6113E-1
7.3200E-4	9.5215E-3	2.2632E-1
7.3300E-4	9.5215E-3	2.0015E-1
7.3400E-4	9.2773E-3	1.8076E-1
7.3500E-4	9.5215E-3	1.7026E-1
7.3600E-4	1.0010E-2	1.6914E-1
7.3700E-4	9.7656E-3	1.7847E-1
7.3800E-4	9.5215E-3	1.9687E-1
7.3900E-4	9.5215E-3	2.2251E-1
7.4000E-4	9.2773E-3	2.5728E-1
7.4100E-4	9.5215E-3	2.9722E-1
7.4200E-4	9.2773E-3	3.4355E-1
7.4300E-4	9.5215E-3	3.9653E-1
7.4400E-4	9.7656E-3	4.5522E-1
7.4500E-4	9.5215E-3	5.1099E-1
7.4600E-4	1.0010E-2	5.6167E-1
7.4700E-4	9.5215E-3	6.0020E-1
7.4800E-4	9.5215E-3	6.2090E-1
7.4900E-4	1.0010E-2	6.2383E-1
7.5000E-4	9.5215E-3	6.1206E-1
7.5100E-4	8.7891E-3	5.8916E-1
7.5200E-4	9.7656E-3	5.5811E-1
7.5300E-4	1.0010E-2	5.2061E-1
7.5400E-4	1.0010E-2	4.7446E-1
7.5500E-4	1.0010E-2	4.2495E-1
7.5600E-4	9.2773E-3	3.7222E-1
7.5700E-4	9.5215E-3	3.1943E-1
7.5800E-4	9.2773E-3	2.7153E-1
7.5900E-4	9.7656E-3	2.3394E-1
7.6000E-4	1.0254E-2	2.0645E-1
7.6100E-4	1.0010E-2	1.8906E-1
7.6200E-4	1.0010E-2	1.8369E-1
7.6300E-4	9.7656E-3	1.8447E-1
7.6400E-4	1.0010E-2	1.9521E-1
7.6500E-4	1.0010E-2	2.1460E-1
7.6600E-4	9.2773E-3	2.4238E-1
7.6700E-4	9.5215E-3	2.7500E-1
7.6800E-4	9.7656E-3	3.1660E-1
7.6900E-4	9.5215E-3	3.6299E-1
7.7000E-4	9.7656E-3	4.1611E-1
7.7100E-4	9.2773E-3	4.7393E-1
7.7200E-4	9.7656E-3	5.3198E-1
7.7300E-4	1.0254E-2	5.8486E-1
7.7400E-4	9.7656E-3	6.2329E-1
7.7500E-4	1.0010E-2	6.4355E-1
7.7600E-4	9.5215E-3	6.4536E-1
7.7700E-4	9.2773E-3	6.2969E-1
7.7800E-4	9.7656E-3	6.0063E-1
7.7900E-4	9.7656E-3	5.6396E-1
7.8000E-4	9.2773E-3	5.1719E-1
7.8100E-4	9.5215E-3	4.6392E-1
7.8200E-4	9.0332E-3	4.0869E-1
7.8300E-4	9.7656E-3	3.5215E-1
7.8400E-4	9.0332E-3	2.9883E-1
7.8500E-4	1.0010E-2	2.5195E-1
7.8600E-4	9.5215E-3	2.1411E-1
7.8700E-4	9.7656E-3	1.8555E-1
7.8800E-4	1.0254E-2	1.6899E-1
7.8900E-4	9.5215E-3	1.6226E-1
7.9000E-4	9.5215E-3	1.6821E-1
7.9100E-4	9.7656E-3	1.8159E-1
7.9200E-4	9.5215E-3	2.0205E-1
7.9300E-4	1.0010E-2	2.2886E-1
7.9400E-4	9.2773E-3	2.6133E-1
7.9500E-4	9.5215E-3	2.9697E-1
7.9600E-4	9.2773E-3	3.4277E-1
7.9700E-4	9.5215E-3	3.9570E-1
7.9800E-4	1.0254E-2	4.5454E-1
7.9900E-4	9.5215E-3	5.1538E-1
8.0000E-4	9.7656E-3	5.7437E-1
8.0100E-4	9.2773E-3	6.1973E-1
8.0200E-4	1.0010E-2	6.4946E-1
8.0300E-4	9.2773E-3	6.5898E-1
8.0400E-4	9.7656E-3	6.4922E-1
8.0500E-4	1.0254E-2	6.2466E-1
8.0600E-4	9.2773E-3	5.9028E-1
8.0700E-4	9.2773E-3	5.4404E-1
8.0800E-4	9.2773E-3	4.9224E-1
8.0900E-4	9.5215E-3	4.4028E-1
8.1000E-4	9.7656E-3	3.8491E-1
8.1100E-4	9.2773E-3	3.2837E-1
8.1200E-4	1.0010E-2	2.8047E-1
8.1300E-4	9.7656E-3	2.4199E-1
8.1400E-4	9.2773E-3	2.1250E-1
8.1500E-4	9.2773E-3	1.9209E-1
8.1600E-4	9.2773E-3	1.8579E-1
8.1700E-4	9.7656E-3	1.9082E-1
8.1800E-4	9.5215E-3	2.0283E-1
8.1900E-4	9.5215E-3	2.2236E-1
8.2000E-4	1.0010E-2	2.5234E-1
8.2100E-4	1.0010E-2	2.8657E-1
8.2200E-4	9.7656E-3	3.2593E-1
8.2300E-4	9.7656E-3	3.7231E-1
8.2400E-4	9.7656E-3	4.2505E-1
8.2500E-4	1.0010E-2	4.8022E-1
8.2600E-4	9.7656E-3	5.3755E-1
8.2700E-4	9.5215E-3	5.9146E-1
8.2800E-4	9.2773E-3	6.3354E-1
8.2900E-4	9.5215E-3	6.6064E-1
8.3000E-4	9.5215E-3	6.7031E-1
8.3100E-4	9.7656E-3	6.6055E-1
8.3200E-4	1.0254E-2	6.3496E-1
8.3300E-4	1.0254E-2	5.9658E-1
8.3400E-4	9.2773E-3	5.4575E-1
8.3500E-4	9.2773E-3	4.8833E-1
8.3600E-4	9.2773E-3	4.2920E-1
8.3700E-4	1.0010E-2	3.6978E-1
8.3800E-4	9.5215E-3	3.1567E-1
8.3900E-4	9.2773E-3	2.7012E-1
8.4000E-4	9.5215E-3	2.3574E-1
8.4100E-4	1.0010E-2	2.1196E-1
8.4200E-4	9.2773E-3	1.9624E-1
8.4300E-4	1.0254E-2	1.8994E-1
8.4400E-4	1.0010E-2	1.9346E-1
8.4500E-4	9.7656E-3	2.0420E-1
8.4600E-4	9.5215E-3	2.2158E-1
8.4700E-4	9.5215E-3	2.4810E-1
8.4800E-4	9.5215E-3	2.8115E-1
8.4900E-4	9.2773E-3	3.1860E-1
8.5000E-4	1.0010E-2	3.6060E-1
8.5100E-4	9.0332E-3	4.0767E-1
8.5200E-4	9.2773E-3	4.5894E-1
8.5300E-4	9.5215E-3	5.1240E-1
8.5400E-4	9.5215E-3	5.6362E-1
8.5500E-4	9.0332E-3	6.0781E-1
8.5600E-4	9.5215E-3	6.4004E-1
8.5700E-4	9.5215E-3	6.5605E-1
8.5800E-4	9.5215E-3	6.5503E-1
8.5900E-4	9.7656E-3	6.4019E-1
8.6000E-4	9.7656E-3	6.1440E-1
8.6100E-4	9.5215E-3	5.7974E-1
8.6200E-4	9.5215E-3	5.3911E-1
8.6300E-4	1.0010E-2	4.9487E-1
8.6400E-4	9.5215E-3	4.4658E-1
8.6500E-4	9.5215E-3	3.9839E-1
8.6600E-4	9.5215E-3	3.5181E-1
8.6700E-4	9.0332E-3	3.0908E-1
8.6800E-4	9.0332E-3	2.7173E-1
8.6900E-4	9.2773E-3	2.4629E-1
8.7000E-4	9.5215E-3	2.3081E-1
8.7100E-4	9.7656E-3	2.2812E-1
8.7200E-4	9.2773E-3	2.3369E-1
8.7300E-4	9.5215E-3	2.5166E-1
8.7400E-4	9.5215E-3	2.7432E-1
8.7500E-4	9.5215E-3	3.0249E-1
8.7600E-4	1.0010E-2	3.3413E-1
8.7700E-4	1.0010E-2	3.7129E-1
8.7800E-4	9.7656E-3	4.0820E-1
8.7900E-4	1.0010E-2	4.4937E-1
8.8000E-4	1.0010E-2	4.9067E-1
8.8100E-4	9.5215E-3	5.3008E-1
8.8200E-4	9.0332E-3	5.6631E-1
8.8300E-4	9.2773E-3	5.9634E-1
8.8400E-4	9.2773E-3	6.1577E-1
8.8500E-4	9.0332E-3	6.2446E-1
8.8600E-4	1.0254E-2	6.2163E-1
8.8700E-4	9.2773E-3	6.0674E-1
8.8800E-4	9.2773E-3	5.8096E-1
8.8900E-4	9.2773E-3	5.4624E-1
8.9000E-4	9.0332E-3	5.0742E-1
8.9100E-4	9.7656E-3	4.6450E-1
8.9200E-4	1.0010E-2	4.2202E-1
8.9300E-4	9.7656E-3	3.8301E-1
8.9400E-4	9.2773E-3	3.4995E-1
8.9500E-4	9.0332E-3	3.2031E-1
8.9600E-4	9.7656E-3	2.9941E-1
8.9700E-4	1.0010E-2	2.8770E-1
8.9800E-4	9.7656E-3	2.8164E-1
8.9900E-4	9.7656E-3	2.8154E-1
9.0000E-4	1.0010E-2	2.8838E-1
9.0100E-4	9.7656E-3	2.9941E-1
9.0200E-4	9.5215E-3	3.1475E-1
9.0300E-4	1.0010E-2	3.3535E-1
9.0400E-4	9.2773E-3	3.6157E-1
9.0500E-4	1.0254E-2	3.9253E-1
9.0600E-4	9.5215E-3	4.2637E-1
9.0700E-4	9.5215E-3	4.5933E-1
9.0800E-4	1.0010E-2	4.9458E-1
9.0900E-4	1.0254E-2	5.2822E-1
9.1000E-4	9.2773E-3	5.5742E-1
9.1100E-4	9.5215E-3	5.8174E-1
9.1200E-4	9.7656E-3	6.0098E-1
9.1300E-4	9.7656E-3	6.0820E-1
9.1400E-4	9.5215E-3	6.0664E-1
9.1500E-4	9.5215E-3	5.9673E-1
9.1600E-4	9.0332E-3	5.7915E-1
9.1700E-4	9.5215E-3	5.5371E-1
9.1800E-4	1.0254E-2	5.2651E-1
9.1900E-4	9.7656E-3	4.9771E-1
9.2000E-4	9.5215E-3	4.6812E-1
9.2100E-4	1.0254E-2	4.3896E-1
9.2200E-4	9.5215E-3	4.1392E-1
9.2300E-4	1.0010E-2	3.9380E-1
9.2400E-4	9.7656E-3	3.7847E-1
9.2500E-4	9.7656E-3	3.6670E-1
9.2600E-4	1.0010E-2	3.5967E-1
9.2700E-4	9.7656E-3	3.5444E-1
9.2800E-4	9.5215E-3	3.5112E-1
9.2900E-4	1.0742E-2	3.4580E-1
9.3000E-4	9.7656E-3	3.4360E-1
9.3100E-4	8.7891E-3	3.4331E-1
9.3200E-4	9.5215E-3	3.4663E-1
9.3300E-4	9.7656E-3	3.5044E-1
9.3400E-4	9.2773E-3	3.5981E-1
9.3500E-4	9.0332E-3	3.7310E-1
9.3600E-4	9.7656E-3	3.9185E-1
9.3700E-4	1.0010E-2	4.1270E-1
9.3800E-4	9.0332E-3	4.3901E-1
9.3900E-4	9.7656E-3	4.6421E-1
9.4000E-4	9.0332E-3	4.8892E-1
9.4100E-4	9.7656E-3	5.1011E-1
9.4200E-4	9.5215E-3	5.3110E-1
9.4300E-4	9.0332E-3	5.4702E-1
9.4400E-4	9.0332E-3	5.6045E-1
9.4500E-4	9.7656E-3	5.6812E-1
9.4600E-4	9.5215E-3	5.6816E-1
9.4700E-4	9.2773E-3	5.5820E-1
9.4800E-4	9.2773E-3	5.4136E-1
9.4900E-4	9.7656E-3	5.1611E-1
9.5000E-4	9.7656E-3	4.8779E-1
9.5100E-4	1.0010E-2	4.5371E-1
9.5200E-4	9.0332E-3	4.1621E-1
9.5300E-4	1.0010E-2	3.7715E-1
9.5400E-4	9.7656E-3	3.4126E-1
9.5500E-4	1.0010E-2	3.0454E-1
9.5600E-4	9.7656E-3	2.7319E-1
9.5700E-4	1.0010E-2	2.4829E-1
9.5800E-4	9.5215E-3	2.3198E-1
9.5900E-4	9.0332E-3	2.1968E-1
9.6000E-4	9.7656E-3	2.1289E-1
9.6100E-4	9.5215E-3	2.1338E-1
9.6200E-4	1.0010E-2	2.2056E-1
9.6300E-4	9.5215E-3	2.3125E-1
9.6400E-4	1.0010E-2	2.4751E-1
9.6500E-4	9.7656E-3	2.6943E-1
9.6600E-4	1.0254E-2	2.9702E-1
9.6700E-4	1.0010E-2	3.3115E-1
9.6800E-4	9.5215E-3	3.7305E-1
9.6900E-4	9.2773E-3	4.2241E-1
9.7000E-4	9.5215E-3	4.7910E-1
9.7100E-4	9.2773E-3	5.3232E-1
9.7200E-4	9.5215E-3	5.7510E-1
9.7300E-4	9.2773E-3	5.9976E-1
9.7400E-4	9.7656E-3	5.9980E-1
9.7500E-4	9.5215E-3	5.6816E-1
9.7600E-4	9.5215E-3	5.0703E-1
9.7700E-4	1.0010E-2	4.2183E-1
9.7800E-4	9.5215E-3	3.1797E-1
9.7900E-4	9.5215E-3	2.0591E-1
9.8000E-4	9.2773E-3	9.5850E-2
9.8100E-4	9.2773E-3	-9.7656E-5
9.8200E-4	9.5215E-3	-7.8711E-2
9.8300E-4	9.7656E-3	-1.3677E-1
9.8400E-4	1.0254E-2	-1.7524E-1
9.8500E-4	1.0010E-2	-1.9707E-1
9.8600E-4	9.2773E-3	-2.0908E-1
9.8700E-4	9.0332E-3	-2.1504E-1
9.8800E-4	9.5215E-3	-2.1719E-1
9.8900E-4	9.5215E-3	-2.1787E-1
9.9000E-4	9.7656E-3	-2.1875E-1
9.9100E-4	9.7656E-3	-2.1978E-1
9.9200E-4	1.0010E-2	-2.2100E-1
9.9300E-4	9.2773E-3	-2.2310E-1
9.9400E-4	9.0332E-3	-2.2886E-1
9.9500E-4	9.5215E-3	-2.3555E-1
9.9600E-4	1.0010E-2	-2.4116E-1
9.9700E-4	9.5215E-3	-2.4736E-1
9.9800E-4	9.7656E-3	-2.4736E-1
9.9900E-4	9.7656E-3	-2.4736E-1
