Time [s]	Aux in [V]	Main in [V]
0.0000E+0	9.7656E-3	-8.3740E-2
1.0000E-6	1.0254E-2	-8.1445E-2
2.0000E-6	9.7656E-3	-7.7344E-2
3.0000E-6	9.7656E-3	-7.1729E-2
4.0000E-6	9.2773E-3	-6.5869E-2
5.0000E-6	9.0332E-3	-5.9082E-2
6.0000E-6	9.5215E-3	-5.2588E-2
7.0000E-6	1.0010E-2	-4.5850E-2
8.0000E-6	9.0332E-3	-3.7451E-2
9.0000E-6	9.7656E-3	-2.2803E-2
1.0000E-5	1.0010E-2	-2.7832E-3
1.1000E-5	1.0010E-2	2.4854E-2
1.2000E-5	8.7891E-3	5.9326E-2
1.3000E-5	9.7656E-3	1.0503E-1
1.4000E-5	9.2773E-3	1.6333E-1
1.5000E-5	9.0332E-3	2.3677E-1
1.6000E-5	9.5215E-3	3.2656E-1
1.7000E-5	9.5215E-3	4.3594E-1
1.8000E-5	9.7656E-3	5.5581E-1
1.9000E-5	1.0254E-2	6.7163E-1
2.0000E-5	9.5215E-3	7.6782E-1
2.1000E-5	1.0010E-2	8.2925E-1
2.2000E-5	1.0010E-2	8.4531E-1
2.3000E-5	9.2773E-3	8.1553E-1
2.4000E-5	9.0332E-3	7.5142E-1
2.5000E-5	9.5215E-3	6.6343E-1
2.6000E-5	9.7656E-3	5.6958E-1
2.7000E-5	9.7656E-3	4.8032E-1
2.8000E-5	9.5215E-3	4.0454E-1
2.9000E-5	9.5215E-3	3.4409E-1
3.0000E-5	9.0332E-3	3.0591E-1
3.1000E-5	9.0332E-3	2.8247E-1
3.2000E-5	9.2773E-3	2.7422E-1
3.3000E-5	1.0010E-2	2.7856E-1
3.4000E-5	9.5215E-3	2.9380E-1
3.5000E-5	1.0010E-2	3.1372E-1
3.6000E-5	9.2773E-3	3.4136E-1
3.7000E-5	9.7656E-3	3.7271E-1
3.8000E-5	9.2773E-3	4.0425E-1
3.9000E-5	9.5215E-3	4.3618E-1
4.0000E-5	9.5215E-3	4.6743E-1
4.1000E-5	9.7656E-3	5.0068E-1
4.2000E-5	9.0332E-3	5.3516E-1
4.3000E-5	1.0010E-2	5.7148E-1
4.4000E-5	1.0010E-2	6.0830E-1
4.5000E-5	9.5215E-3	6.4229E-1
4.6000E-5	9.5215E-3	6.6675E-1
4.7000E-5	9.5215E-3	6.8521E-1
4.8000E-5	9.5215E-3	6.9404E-1
4.9000E-5	9.2773E-3	6.9395E-1
5.0000E-5	8.7891E-3	6.8687E-1
5.1000E-5	9.0332E-3	6.7529E-1
5.2000E-5	8.7891E-3	6.5742E-1
5.3000E-5	9.2773E-3	6.3628E-1
5.4000E-5	9.5215E-3	6.1235E-1
5.5000E-5	1.0010E-2	5.8608E-1
5.6000E-5	9.2773E-3	5.5781E-1
5.7000E-5	9.2773E-3	5.2837E-1
5.8000E-5	1.0010E-2	5.0161E-1
5.9000E-5	9.5215E-3	4.7749E-1
6.0000E-5	9.5215E-3	4.5986E-1
6.1000E-5	1.0010E-2	4.5044E-1
6.2000E-5	1.0254E-2	4.4604E-1
6.3000E-5	1.0010E-2	4.4272E-1
6.4000E-5	9.7656E-3	4.4463E-1
6.5000E-5	9.7656E-3	4.4805E-1
6.6000E-5	1.0010E-2	4.5176E-1
6.7000E-5	9.2773E-3	4.5874E-1
6.8000E-5	9.5215E-3	4.7007E-1
6.9000E-5	9.2773E-3	4.8208E-1
7.0000E-5	9.5215E-3	4.9551E-1
7.1000E-5	9.5215E-3	5.0981E-1
7.2000E-5	9.5215E-3	5.2671E-1
7.3000E-5	9.5215E-3	5.4541E-1
7.4000E-5	9.5215E-3	5.6421E-1
7.5000E-5	1.0010E-2	5.8311E-1
7.6000E-5	9.5215E-3	6.0381E-1
7.7000E-5	9.2773E-3	6.2314E-1
7.8000E-5	9.2773E-3	6.4106E-1
7.9000E-5	9.5215E-3	6.5557E-1
8.0000E-5	1.0254E-2	6.6401E-1
8.1000E-5	9.2773E-3	6.6499E-1
8.2000E-5	9.2773E-3	6.5864E-1
8.3000E-5	1.0010E-2	6.4600E-1
8.4000E-5	1.0254E-2	6.2803E-1
8.5000E-5	9.7656E-3	6.0757E-1
8.6000E-5	9.2773E-3	5.8296E-1
8.7000E-5	9.7656E-3	5.5801E-1
8.8000E-5	1.0010E-2	5.2817E-1
8.9000E-5	9.5215E-3	4.9849E-1
9.0000E-5	9.5215E-3	4.7148E-1
9.1000E-5	1.0254E-2	4.5181E-1
9.2000E-5	9.0332E-3	4.3511E-1
9.3000E-5	9.7656E-3	4.2773E-1
9.4000E-5	9.5215E-3	4.2578E-1
9.5000E-5	9.5215E-3	4.2935E-1
9.6000E-5	9.5215E-3	4.3491E-1
9.7000E-5	9.7656E-3	4.4438E-1
9.8000E-5	9.5215E-3	4.5781E-1
9.9000E-5	9.0332E-3	4.7627E-1
1.0000E-4	9.7656E-3	4.9751E-1
1.0100E-4	1.0254E-2	5.2456E-1
1.0200E-4	9.2773E-3	5.5601E-1
1.0300E-4	9.5215E-3	5.9062E-1
1.0400E-4	9.5215E-3	6.2466E-1
1.0500E-4	1.0010E-2	6.5664E-1
1.0600E-4	9.0332E-3	6.8188E-1
1.0700E-4	9.0332E-3	6.9985E-1
1.0800E-4	9.7656E-3	7.0679E-1
1.0900E-4	9.0332E-3	7.0371E-1
1.1000E-4	9.5215E-3	6.9263E-1
1.1100E-4	9.7656E-3	6.7383E-1
1.1200E-4	1.0010E-2	6.4731E-1
1.1300E-4	9.5215E-3	6.1362E-1
1.1400E-4	9.2773E-3	5.7476E-1
1.1500E-4	9.5215E-3	5.3472E-1
1.1600E-4	9.7656E-3	4.9585E-1
1.1700E-4	9.7656E-3	4.5806E-1
1.1800E-4	9.2773E-3	4.2544E-1
1.1900E-4	9.5215E-3	3.9873E-1
1.2000E-4	9.2773E-3	3.7573E-1
1.2100E-4	9.7656E-3	3.6099E-1
1.2200E-4	9.2773E-3	3.5469E-1
1.2300E-4	9.5215E-3	3.5400E-1
1.2400E-4	9.5215E-3	3.6152E-1
1.2500E-4	9.5215E-3	3.7563E-1
1.2600E-4	9.2773E-3	3.9443E-1
1.2700E-4	1.0010E-2	4.1860E-1
1.2800E-4	9.2773E-3	4.4912E-1
1.2900E-4	9.5215E-3	4.8330E-1
1.3000E-4	9.0332E-3	5.1929E-1
1.3100E-4	9.5215E-3	5.5459E-1
1.3200E-4	9.2773E-3	5.9058E-1
1.3300E-4	9.5215E-3	6.2749E-1
1.3400E-4	9.5215E-3	6.6289E-1
1.3500E-4	9.7656E-3	6.9580E-1
1.3600E-4	9.2773E-3	7.1948E-1
1.3700E-4	9.7656E-3	7.2949E-1
1.3800E-4	9.5215E-3	7.2236E-1
1.3900E-4	9.2773E-3	6.9756E-1
1.4000E-4	9.2773E-3	6.6079E-1
1.4100E-4	8.7891E-3	6.1719E-1
1.4200E-4	9.7656E-3	5.6782E-1
1.4300E-4	9.0332E-3	5.2183E-1
1.4400E-4	9.2773E-3	4.7876E-1
1.4500E-4	9.0332E-3	4.3950E-1
1.4600E-4	1.0010E-2	4.0674E-1
1.4700E-4	9.2773E-3	3.8271E-1
1.4800E-4	9.2773E-3	3.6445E-1
1.4900E-4	9.5215E-3	3.5601E-1
1.5000E-4	9.5215E-3	3.5317E-1
1.5100E-4	9.7656E-3	3.5674E-1
1.5200E-4	9.0332E-3	3.6924E-1
1.5300E-4	1.0254E-2	3.8750E-1
1.5400E-4	1.0010E-2	4.0947E-1
1.5500E-4	9.0332E-3	4.3784E-1
1.5600E-4	9.7656E-3	4.7041E-1
1.5700E-4	1.0254E-2	5.0635E-1
1.5800E-4	9.7656E-3	5.4688E-1
1.5900E-4	9.7656E-3	5.9180E-1
1.6000E-4	9.2773E-3	6.3535E-1
1.6100E-4	9.0332E-3	6.7686E-1
1.6200E-4	9.2773E-3	7.0781E-1
1.6300E-4	9.5215E-3	7.2852E-1
1.6400E-4	8.7891E-3	7.3472E-1
1.6500E-4	9.0332E-3	7.2739E-1
1.6600E-4	9.0332E-3	7.0635E-1
1.6700E-4	1.0010E-2	6.7422E-1
1.6800E-4	9.7656E-3	6.3037E-1
1.6900E-4	9.7656E-3	5.8066E-1
1.7000E-4	9.7656E-3	5.2808E-1
1.7100E-4	1.0010E-2	4.7549E-1
1.7200E-4	9.5215E-3	4.2754E-1
1.7300E-4	9.5215E-3	3.8682E-1
1.7400E-4	9.0332E-3	3.5391E-1
1.7500E-4	9.5215E-3	3.3184E-1
1.7600E-4	1.0010E-2	3.1631E-1
1.7700E-4	9.5215E-3	3.1094E-1
1.7800E-4	9.2773E-3	3.1162E-1
1.7900E-4	9.2773E-3	3.2090E-1
1.8000E-4	9.0332E-3	3.3833E-1
1.8100E-4	9.5215E-3	3.6309E-1
1.8200E-4	9.5215E-3	3.9170E-1
1.8300E-4	9.2773E-3	4.2695E-1
1.8400E-4	9.7656E-3	4.6606E-1
1.8500E-4	9.2773E-3	5.0830E-1
1.8600E-4	1.0010E-2	5.5708E-1
1.8700E-4	9.7656E-3	6.0776E-1
1.8800E-4	9.2773E-3	6.5913E-1
1.8900E-4	1.0010E-2	7.0674E-1
1.9000E-4	9.2773E-3	7.4053E-1
1.9100E-4	9.2773E-3	7.5835E-1
1.9200E-4	9.5215E-3	7.6074E-1
1.9300E-4	9.2773E-3	7.4634E-1
1.9400E-4	1.0010E-2	7.1528E-1
1.9500E-4	1.0498E-2	6.7422E-1
1.9600E-4	9.2773E-3	6.2363E-1
1.9700E-4	9.2773E-3	5.6919E-1
1.9800E-4	9.7656E-3	5.1348E-1
1.9900E-4	9.5215E-3	4.5923E-1
2.0000E-4	9.2773E-3	4.1177E-1
2.0100E-4	9.0332E-3	3.7373E-1
2.0200E-4	9.2773E-3	3.4507E-1
2.0300E-4	9.2773E-3	3.2842E-1
2.0400E-4	9.5215E-3	3.2402E-1
2.0500E-4	9.2773E-3	3.2739E-1
2.0600E-4	8.7891E-3	3.4014E-1
2.0700E-4	9.0332E-3	3.5942E-1
2.0800E-4	9.2773E-3	3.8154E-1
2.0900E-4	1.0254E-2	4.0908E-1
2.1000E-4	9.2773E-3	4.4438E-1
2.1100E-4	9.7656E-3	4.8467E-1
2.1200E-4	9.2773E-3	5.2837E-1
2.1300E-4	9.5215E-3	5.7949E-1
2.1400E-4	9.2773E-3	6.3325E-1
2.1500E-4	9.2773E-3	6.8628E-1
2.1600E-4	9.7656E-3	7.3184E-1
2.1700E-4	1.0010E-2	7.6509E-1
2.1800E-4	9.0332E-3	7.7974E-1
2.1900E-4	9.5215E-3	7.7573E-1
2.2000E-4	8.7891E-3	7.5249E-1
2.2100E-4	9.5215E-3	7.1299E-1
2.2200E-4	9.5215E-3	6.6372E-1
2.2300E-4	9.0332E-3	6.0522E-1
2.2400E-4	9.5215E-3	5.4102E-1
2.2500E-4	9.5215E-3	4.7700E-1
2.2600E-4	1.0010E-2	4.1948E-1
2.2700E-4	1.0010E-2	3.7056E-1
2.2800E-4	9.7656E-3	3.3369E-1
2.2900E-4	9.0332E-3	3.0952E-1
2.3000E-4	9.7656E-3	2.9526E-1
2.3100E-4	9.2773E-3	2.8960E-1
2.3200E-4	9.7656E-3	2.9199E-1
2.3300E-4	9.5215E-3	3.0283E-1
2.3400E-4	1.0010E-2	3.2134E-1
2.3500E-4	9.2773E-3	3.4492E-1
2.3600E-4	9.2773E-3	3.7524E-1
2.3700E-4	1.0010E-2	4.1108E-1
2.3800E-4	9.0332E-3	4.5063E-1
2.3900E-4	9.5215E-3	4.9487E-1
2.4000E-4	9.5215E-3	5.4663E-1
2.4100E-4	9.5215E-3	6.0576E-1
2.4200E-4	1.0010E-2	6.6704E-1
2.4300E-4	9.2773E-3	7.2856E-1
2.4400E-4	9.2773E-3	7.7954E-1
2.4500E-4	9.7656E-3	8.1172E-1
2.4600E-4	9.2773E-3	8.2056E-1
2.4700E-4	8.7891E-3	8.0762E-1
2.4800E-4	9.5215E-3	7.7197E-1
2.4900E-4	9.7656E-3	7.2007E-1
2.5000E-4	9.5215E-3	6.6035E-1
2.5100E-4	9.5215E-3	5.9521E-1
2.5200E-4	9.0332E-3	5.3213E-1
2.5300E-4	9.7656E-3	4.7148E-1
2.5400E-4	9.7656E-3	4.1973E-1
2.5500E-4	9.5215E-3	3.7520E-1
2.5600E-4	1.0010E-2	3.4414E-1
2.5700E-4	9.2773E-3	3.2251E-1
2.5800E-4	9.7656E-3	3.1313E-1
2.5900E-4	1.0010E-2	3.1401E-1
2.6000E-4	8.7891E-3	3.2568E-1
2.6100E-4	9.5215E-3	3.4429E-1
2.6200E-4	9.5215E-3	3.6826E-1
2.6300E-4	9.7656E-3	3.9834E-1
2.6400E-4	9.5215E-3	4.3149E-1
2.6500E-4	9.2773E-3	4.6787E-1
2.6600E-4	9.0332E-3	5.0776E-1
2.6700E-4	9.5215E-3	5.5420E-1
2.6800E-4	9.5215E-3	6.0728E-1
2.6900E-4	9.0332E-3	6.6479E-1
2.7000E-4	9.5215E-3	7.2319E-1
2.7100E-4	9.2773E-3	7.7217E-1
2.7200E-4	9.7656E-3	8.0464E-1
2.7300E-4	9.2773E-3	8.1685E-1
2.7400E-4	9.0332E-3	8.0591E-1
2.7500E-4	1.0010E-2	7.7266E-1
2.7600E-4	9.0332E-3	7.2266E-1
2.7700E-4	9.5215E-3	6.6187E-1
2.7800E-4	9.2773E-3	5.9429E-1
2.7900E-4	9.2773E-3	5.2827E-1
2.8000E-4	1.0010E-2	4.6509E-1
2.8100E-4	9.5215E-3	4.1021E-1
2.8200E-4	9.5215E-3	3.6738E-1
2.8300E-4	9.7656E-3	3.3613E-1
2.8400E-4	9.2773E-3	3.1543E-1
2.8500E-4	1.0010E-2	3.0737E-1
2.8600E-4	9.5215E-3	3.0791E-1
2.8700E-4	1.0010E-2	3.1548E-1
2.8800E-4	9.2773E-3	3.2720E-1
2.8900E-4	9.2773E-3	3.4580E-1
2.9000E-4	9.5215E-3	3.7085E-1
2.9100E-4	1.0010E-2	4.0078E-1
2.9200E-4	9.0332E-3	4.3711E-1
2.9300E-4	9.2773E-3	4.8188E-1
2.9400E-4	9.2773E-3	5.3228E-1
2.9500E-4	9.0332E-3	5.8926E-1
2.9600E-4	9.2773E-3	6.5312E-1
2.9700E-4	9.7656E-3	7.1562E-1
2.9800E-4	9.5215E-3	7.6978E-1
2.9900E-4	9.2773E-3	8.0840E-1
3.0000E-4	9.0332E-3	8.2466E-1
3.0100E-4	9.2773E-3	8.1870E-1
3.0200E-4	9.0332E-3	7.9531E-1
3.0300E-4	9.5215E-3	7.5645E-1
3.0400E-4	9.2773E-3	7.0645E-1
3.0500E-4	9.5215E-3	6.5127E-1
3.0600E-4	9.7656E-3	5.9082E-1
3.0700E-4	9.7656E-3	5.2676E-1
3.0800E-4	9.5215E-3	4.6523E-1
3.0900E-4	1.0010E-2	4.1226E-1
3.1000E-4	9.2773E-3	3.6895E-1
3.1100E-4	9.5215E-3	3.3843E-1
3.1200E-4	9.5215E-3	3.2329E-1
3.1300E-4	9.5215E-3	3.2285E-1
3.1400E-4	9.7656E-3	3.3442E-1
3.1500E-4	9.2773E-3	3.5303E-1
3.1600E-4	9.2773E-3	3.7593E-1
3.1700E-4	9.5215E-3	4.0195E-1
3.1800E-4	9.2773E-3	4.3013E-1
3.1900E-4	9.5215E-3	4.6133E-1
3.2000E-4	9.5215E-3	4.9717E-1
3.2100E-4	9.5215E-3	5.4170E-1
3.2200E-4	9.5215E-3	5.9248E-1
3.2300E-4	9.7656E-3	6.4687E-1
3.2400E-4	9.5215E-3	7.0146E-1
3.2500E-4	9.7656E-3	7.5176E-1
3.2600E-4	9.2773E-3	7.8906E-1
3.2700E-4	9.5215E-3	8.0942E-1
3.2800E-4	9.5215E-3	8.1255E-1
3.2900E-4	9.5215E-3	7.9717E-1
3.3000E-4	9.7656E-3	7.6479E-1
3.3100E-4	9.0332E-3	7.1992E-1
3.3200E-4	9.7656E-3	6.6523E-1
3.3300E-4	9.2773E-3	6.0400E-1
3.3400E-4	8.7891E-3	5.4160E-1
3.3500E-4	9.5215E-3	4.8413E-1
3.3600E-4	9.7656E-3	4.3569E-1
3.3700E-4	9.5215E-3	3.9888E-1
3.3800E-4	9.5215E-3	3.7383E-1
3.3900E-4	9.2773E-3	3.5952E-1
3.4000E-4	9.0332E-3	3.5625E-1
3.4100E-4	9.5215E-3	3.6045E-1
3.4200E-4	1.0010E-2	3.7217E-1
3.4300E-4	9.2773E-3	3.8955E-1
3.4400E-4	8.7891E-3	4.1250E-1
3.4500E-4	9.0332E-3	4.3882E-1
3.4600E-4	9.2773E-3	4.6846E-1
3.4700E-4	9.5215E-3	5.0283E-1
3.4800E-4	9.5215E-3	5.4424E-1
3.4900E-4	9.7656E-3	5.8760E-1
3.5000E-4	9.2773E-3	6.3726E-1
3.5100E-4	1.0010E-2	6.8989E-1
3.5200E-4	9.2773E-3	7.3911E-1
3.5300E-4	9.5215E-3	7.8027E-1
3.5400E-4	9.2773E-3	8.1089E-1
3.5500E-4	9.2773E-3	8.2358E-1
3.5600E-4	9.2773E-3	8.1821E-1
3.5700E-4	1.0010E-2	7.9517E-1
3.5800E-4	9.5215E-3	7.5928E-1
3.5900E-4	9.7656E-3	7.1357E-1
3.6000E-4	9.0332E-3	6.6099E-1
3.6100E-4	1.0498E-2	6.0659E-1
3.6200E-4	9.5215E-3	5.5562E-1
3.6300E-4	9.5215E-3	5.0693E-1
3.6400E-4	9.2773E-3	4.6553E-1
3.6500E-4	9.7656E-3	4.3291E-1
3.6600E-4	9.2773E-3	4.1099E-1
3.6700E-4	9.5215E-3	3.9883E-1
3.6800E-4	8.7891E-3	3.9775E-1
3.6900E-4	9.2773E-3	4.0552E-1
3.7000E-4	9.0332E-3	4.1870E-1
3.7100E-4	9.0332E-3	4.3682E-1
3.7200E-4	1.0254E-2	4.5884E-1
3.7300E-4	9.0332E-3	4.8364E-1
3.7400E-4	9.2773E-3	5.1206E-1
3.7500E-4	1.0010E-2	5.4697E-1
3.7600E-4	9.0332E-3	5.8477E-1
3.7700E-4	9.2773E-3	6.2578E-1
3.7800E-4	9.5215E-3	6.6768E-1
3.7900E-4	9.2773E-3	7.0659E-1
3.8000E-4	9.2773E-3	7.3794E-1
3.8100E-4	9.2773E-3	7.6035E-1
3.8200E-4	9.5215E-3	7.6982E-1
3.8300E-4	9.5215E-3	7.6724E-1
3.8400E-4	9.0332E-3	7.5288E-1
3.8500E-4	9.2773E-3	7.3154E-1
3.8600E-4	9.5215E-3	7.0420E-1
3.8700E-4	9.7656E-3	6.7148E-1
3.8800E-4	9.5215E-3	6.3525E-1
3.8900E-4	9.5215E-3	6.0005E-1
3.9000E-4	9.7656E-3	5.6602E-1
3.9100E-4	9.2773E-3	5.3374E-1
3.9200E-4	1.0010E-2	5.0522E-1
3.9300E-4	9.7656E-3	4.7979E-1
3.9400E-4	9.2773E-3	4.5811E-1
3.9500E-4	9.7656E-3	4.4038E-1
3.9600E-4	9.5215E-3	4.2920E-1
3.9700E-4	8.7891E-3	4.2739E-1
3.9800E-4	9.5215E-3	4.3574E-1
3.9900E-4	9.7656E-3	4.5366E-1
4.0000E-4	9.2773E-3	4.7710E-1
4.0100E-4	1.0254E-2	5.0513E-1
4.0200E-4	9.2773E-3	5.3604E-1
4.0300E-4	1.0254E-2	5.6729E-1
4.0400E-4	9.7656E-3	5.9766E-1
4.0500E-4	9.2773E-3	6.2881E-1
4.0600E-4	9.0332E-3	6.5840E-1
4.0700E-4	9.7656E-3	6.8535E-1
4.0800E-4	9.2773E-3	7.0928E-1
4.0900E-4	9.7656E-3	7.2749E-1
4.1000E-4	9.0332E-3	7.4019E-1
4.1100E-4	9.7656E-3	7.4624E-1
4.1200E-4	9.2773E-3	7.4346E-1
4.1300E-4	9.7656E-3	7.3271E-1
4.1400E-4	9.5215E-3	7.1494E-1
4.1500E-4	9.7656E-3	6.9155E-1
4.1600E-4	9.7656E-3	6.6499E-1
4.1700E-4	9.7656E-3	6.3784E-1
4.1800E-4	9.5215E-3	6.1138E-1
4.1900E-4	9.5215E-3	5.8452E-1
4.2000E-4	9.0332E-3	5.5825E-1
4.2100E-4	9.2773E-3	5.3301E-1
4.2200E-4	9.5215E-3	5.0928E-1
4.2300E-4	9.7656E-3	4.8838E-1
4.2400E-4	9.5215E-3	4.7490E-1
4.2500E-4	9.5215E-3	4.6455E-1
4.2600E-4	9.0332E-3	4.5991E-1
4.2700E-4	9.7656E-3	4.6050E-1
4.2800E-4	9.7656E-3	4.6602E-1
4.2900E-4	9.7656E-3	4.7402E-1
4.3000E-4	9.5215E-3	4.8672E-1
4.3100E-4	9.5215E-3	5.0176E-1
4.3200E-4	9.2773E-3	5.1943E-1
4.3300E-4	9.2773E-3	5.3716E-1
4.3400E-4	9.5215E-3	5.5718E-1
4.3500E-4	9.7656E-3	5.7876E-1
4.3600E-4	1.0010E-2	6.0063E-1
4.3700E-4	9.5215E-3	6.2266E-1
4.3800E-4	9.7656E-3	6.4517E-1
4.3900E-4	9.2773E-3	6.6650E-1
4.4000E-4	9.2773E-3	6.8662E-1
4.4100E-4	9.2773E-3	7.0298E-1
4.4200E-4	9.2773E-3	7.1455E-1
4.4300E-4	1.0010E-2	7.1851E-1
4.4400E-4	9.7656E-3	7.1172E-1
4.4500E-4	9.7656E-3	6.9399E-1
4.4600E-4	9.5215E-3	6.6782E-1
4.4700E-4	8.7891E-3	6.3325E-1
4.4800E-4	1.0010E-2	5.9487E-1
4.4900E-4	9.5215E-3	5.5547E-1
4.5000E-4	9.7656E-3	5.1768E-1
4.5100E-4	9.2773E-3	4.8389E-1
4.5200E-4	9.2773E-3	4.5313E-1
4.5300E-4	9.7656E-3	4.2593E-1
4.5400E-4	9.7656E-3	4.0361E-1
4.5500E-4	9.2773E-3	3.8540E-1
4.5600E-4	9.0332E-3	3.7007E-1
4.5700E-4	9.5215E-3	3.6172E-1
4.5800E-4	9.5215E-3	3.5757E-1
4.5900E-4	9.2773E-3	3.5967E-1
4.6000E-4	9.7656E-3	3.6875E-1
4.6100E-4	9.5215E-3	3.8809E-1
4.6200E-4	9.2773E-3	4.1201E-1
4.6300E-4	9.5215E-3	4.4424E-1
4.6400E-4	9.5215E-3	4.8018E-1
4.6500E-4	9.2773E-3	5.2187E-1
4.6600E-4	1.0254E-2	5.6719E-1
4.6700E-4	9.7656E-3	6.1846E-1
4.6800E-4	8.7891E-3	6.7153E-1
4.6900E-4	9.5215E-3	7.2021E-1
4.7000E-4	9.2773E-3	7.5596E-1
4.7100E-4	9.2773E-3	7.6909E-1
4.7200E-4	9.5215E-3	7.5034E-1
4.7300E-4	9.2773E-3	6.9741E-1
4.7400E-4	9.0332E-3	6.1475E-1
4.7500E-4	1.0254E-2	5.1021E-1
4.7600E-4	9.7656E-3	3.9531E-1
4.7700E-4	1.0010E-2	2.8652E-1
4.7800E-4	9.5215E-3	1.8940E-1
4.7900E-4	1.0010E-2	1.1021E-1
4.8000E-4	9.7656E-3	4.9561E-2
4.8100E-4	1.0254E-2	5.3223E-3
4.8200E-4	9.5215E-3	-2.6270E-2
4.8300E-4	9.5215E-3	-4.8389E-2
4.8400E-4	9.5215E-3	-6.1475E-2
4.8500E-4	9.5215E-3	-6.8555E-2
4.8600E-4	9.2773E-3	-7.0801E-2
4.8700E-4	9.7656E-3	-7.1338E-2
4.8800E-4	9.5215E-3	-6.8311E-2
4.8900E-4	9.0332E-3	-6.5625E-2
4.9000E-4	1.0010E-2	-6.3965E-2
4.9100E-4	9.2773E-3	-6.3281E-2
4.9200E-4	9.7656E-3	-6.3428E-2
4.9300E-4	9.7656E-3	-6.6455E-2
4.9400E-4	1.0254E-2	-6.9727E-2
4.9500E-4	9.0332E-3	-7.2412E-2
4.9600E-4	1.0010E-2	-7.7246E-2
4.9700E-4	9.5215E-3	-8.2227E-2
4.9800E-4	9.2773E-3	-8.4961E-2
4.9900E-4	9.5215E-3	-8.7158E-2
5.0000E-4	9.5215E-3	-8.9453E-2
5.0100E-4	9.7656E-3	-8.6963E-2
5.0200E-4	9.2773E-3	-8.0908E-2
5.0300E-4	9.7656E-3	-7.2461E-2
5.0400E-4	9.7656E-3	-6.0156E-2
5.0500E-4	9.5215E-3	-4.5361E-2
5.0600E-4	9.7656E-3	-3.0127E-2
5.0700E-4	9.5215E-3	-1.6162E-2
5.0800E-4	9.2773E-3	6.3477E-4
5.0900E-4	9.7656E-3	1.8652E-2
5.1000E-4	9.7656E-3	4.0918E-2
5.1100E-4	9.7656E-3	6.7871E-2
5.1200E-4	9.2773E-3	1.0254E-1
5.1300E-4	9.5215E-3	1.4580E-1
5.1400E-4	9.0332E-3	2.0229E-1
5.1500E-4	9.2773E-3	2.7676E-1
5.1600E-4	9.5215E-3	3.6919E-1
5.1700E-4	9.5215E-3	4.7710E-1
5.1800E-4	9.7656E-3	5.9111E-1
5.1900E-4	9.0332E-3	6.9653E-1
5.2000E-4	9.5215E-3	7.7852E-1
5.2100E-4	9.5215E-3	8.2715E-1
5.2200E-4	9.5215E-3	8.3735E-1
5.2300E-4	9.5215E-3	8.1216E-1
5.2400E-4	9.2773E-3	7.5791E-1
5.2500E-4	9.2773E-3	6.8320E-1
5.2600E-4	8.7891E-3	6.0308E-1
5.2700E-4	1.0010E-2	5.2622E-1
5.2800E-4	1.0010E-2	4.5806E-1
5.2900E-4	9.2773E-3	4.0293E-1
5.3000E-4	9.5215E-3	3.6548E-1
5.3100E-4	1.0010E-2	3.4092E-1
5.3200E-4	9.5215E-3	3.2739E-1
5.3300E-4	9.7656E-3	3.2363E-1
5.3400E-4	1.0010E-2	3.3188E-1
5.3500E-4	1.0010E-2	3.4717E-1
5.3600E-4	1.0010E-2	3.6699E-1
5.3700E-4	9.7656E-3	3.9189E-1
5.3800E-4	1.0010E-2	4.1948E-1
5.3900E-4	9.5215E-3	4.4595E-1
5.4000E-4	9.2773E-3	4.7187E-1
5.4100E-4	1.0010E-2	4.9907E-1
5.4200E-4	9.5215E-3	5.2646E-1
5.4300E-4	1.0010E-2	5.5347E-1
5.4400E-4	9.5215E-3	5.8198E-1
5.4500E-4	9.7656E-3	6.1030E-1
5.4600E-4	9.5215E-3	6.3823E-1
5.4700E-4	9.5215E-3	6.6196E-1
5.4800E-4	9.2773E-3	6.8188E-1
5.4900E-4	9.2773E-3	6.9473E-1
5.5000E-4	9.2773E-3	7.0005E-1
5.5100E-4	9.5215E-3	6.9766E-1
5.5200E-4	9.5215E-3	6.8916E-1
5.5300E-4	9.7656E-3	6.7266E-1
5.5400E-4	9.5215E-3	6.4946E-1
5.5500E-4	1.0010E-2	6.2324E-1
5.5600E-4	9.7656E-3	5.9312E-1
5.5700E-4	9.2773E-3	5.6343E-1
5.5800E-4	9.0332E-3	5.3599E-1
5.5900E-4	9.5215E-3	5.1196E-1
5.6000E-4	9.2773E-3	4.9321E-1
5.6100E-4	1.0010E-2	4.8145E-1
5.6200E-4	9.5215E-3	4.7256E-1
5.6300E-4	9.2773E-3	4.6782E-1
5.6400E-4	1.0010E-2	4.6851E-1
5.6500E-4	9.5215E-3	4.7041E-1
5.6600E-4	9.2773E-3	4.7495E-1
5.6700E-4	9.2773E-3	4.8208E-1
5.6800E-4	9.7656E-3	4.9243E-1
5.6900E-4	9.2773E-3	5.0444E-1
5.7000E-4	9.2773E-3	5.1992E-1
5.7100E-4	9.5215E-3	5.3545E-1
5.7200E-4	9.7656E-3	5.5640E-1
5.7300E-4	9.5215E-3	5.7915E-1
5.7400E-4	9.0332E-3	6.0532E-1
5.7500E-4	9.7656E-3	6.3252E-1
5.7600E-4	9.5215E-3	6.5835E-1
5.7700E-4	9.2773E-3	6.7905E-1
5.7800E-4	9.5215E-3	6.9741E-1
5.7900E-4	9.5215E-3	7.1060E-1
5.8000E-4	9.7656E-3	7.1758E-1
5.8100E-4	9.7656E-3	7.1978E-1
5.8200E-4	1.0254E-2	7.1704E-1
5.8300E-4	9.2773E-3	7.0864E-1
5.8400E-4	8.5449E-3	6.9326E-1
5.8500E-4	9.5215E-3	6.7300E-1
5.8600E-4	9.0332E-3	6.4912E-1
5.8700E-4	1.0010E-2	6.2158E-1
5.8800E-4	1.0010E-2	5.9106E-1
5.8900E-4	9.7656E-3	5.6196E-1
5.9000E-4	8.7891E-3	5.3330E-1
5.9100E-4	9.2773E-3	5.0981E-1
5.9200E-4	9.2773E-3	4.8960E-1
5.9300E-4	9.7656E-3	4.7417E-1
5.9400E-4	9.5215E-3	4.6064E-1
5.9500E-4	1.0010E-2	4.5513E-1
5.9600E-4	1.0010E-2	4.5083E-1
5.9700E-4	9.5215E-3	4.5200E-1
5.9800E-4	9.5215E-3	4.5786E-1
5.9900E-4	1.0010E-2	4.7119E-1
6.0000E-4	9.7656E-3	4.8843E-1
6.0100E-4	9.2773E-3	5.1289E-1
6.0200E-4	9.7656E-3	5.4263E-1
6.0300E-4	1.0010E-2	5.7700E-1
6.0400E-4	9.5215E-3	6.1675E-1
6.0500E-4	9.2773E-3	6.5850E-1
6.0600E-4	1.0254E-2	6.9922E-1
6.0700E-4	1.0010E-2	7.3496E-1
6.0800E-4	1.0010E-2	7.6289E-1
6.0900E-4	9.7656E-3	7.7852E-1
6.1000E-4	1.0010E-2	7.8145E-1
6.1100E-4	9.5215E-3	7.7178E-1
6.1200E-4	9.5215E-3	7.5254E-1
6.1300E-4	9.5215E-3	7.2710E-1
6.1400E-4	9.7656E-3	6.9517E-1
6.1500E-4	8.7891E-3	6.5957E-1
6.1600E-4	8.7891E-3	6.2168E-1
6.1700E-4	9.7656E-3	5.8364E-1
6.1800E-4	9.7656E-3	5.4531E-1
6.1900E-4	9.7656E-3	5.0913E-1
6.2000E-4	9.0332E-3	4.7642E-1
6.2100E-4	1.0010E-2	4.5200E-1
6.2200E-4	9.2773E-3	4.3335E-1
6.2300E-4	9.2773E-3	4.2319E-1
6.2400E-4	9.0332E-3	4.2241E-1
6.2500E-4	9.5215E-3	4.3247E-1
6.2600E-4	9.2773E-3	4.4937E-1
6.2700E-4	1.0010E-2	4.7524E-1
6.2800E-4	9.5215E-3	5.0474E-1
6.2900E-4	9.7656E-3	5.3828E-1
6.3000E-4	9.5215E-3	5.7485E-1
6.3100E-4	9.5215E-3	6.1763E-1
6.3200E-4	9.5215E-3	6.6074E-1
6.3300E-4	1.0010E-2	7.0483E-1
6.3400E-4	9.2773E-3	7.4824E-1
6.3500E-4	1.0254E-2	7.8022E-1
6.3600E-4	9.5215E-3	7.9736E-1
6.3700E-4	9.2773E-3	8.0337E-1
6.3800E-4	9.7656E-3	7.9614E-1
6.3900E-4	9.5215E-3	7.7197E-1
6.4000E-4	9.7656E-3	7.3906E-1
6.4100E-4	9.2773E-3	6.9819E-1
6.4200E-4	9.5215E-3	6.5195E-1
6.4300E-4	9.5215E-3	6.0376E-1
6.4400E-4	9.2773E-3	5.5630E-1
6.4500E-4	9.2773E-3	5.0962E-1
6.4600E-4	9.2773E-3	4.6777E-1
6.4700E-4	1.0010E-2	4.3247E-1
6.4800E-4	9.5215E-3	4.0288E-1
6.4900E-4	9.2773E-3	3.8452E-1
6.5000E-4	1.0010E-2	3.7549E-1
6.5100E-4	9.2773E-3	3.7485E-1
6.5200E-4	1.0010E-2	3.8052E-1
6.5300E-4	9.2773E-3	3.9355E-1
6.5400E-4	9.5215E-3	4.0957E-1
6.5500E-4	1.0498E-2	4.3403E-1
6.5600E-4	9.0332E-3	4.6357E-1
6.5700E-4	9.5215E-3	5.0117E-1
6.5800E-4	9.5215E-3	5.4541E-1
6.5900E-4	9.7656E-3	5.9658E-1
6.6000E-4	9.5215E-3	6.5254E-1
6.6100E-4	9.7656E-3	7.0874E-1
6.6200E-4	9.7656E-3	7.5679E-1
6.6300E-4	9.2773E-3	7.9253E-1
6.6400E-4	9.2773E-3	8.1357E-1
6.6500E-4	9.2773E-3	8.1724E-1
6.6600E-4	9.7656E-3	8.0352E-1
6.6700E-4	9.2773E-3	7.7563E-1
6.6800E-4	9.2773E-3	7.3882E-1
6.6900E-4	9.2773E-3	6.9326E-1
6.7000E-4	9.5215E-3	6.4092E-1
6.7100E-4	1.0254E-2	5.8633E-1
6.7200E-4	9.0332E-3	5.3110E-1
6.7300E-4	9.2773E-3	4.8105E-1
6.7400E-4	9.7656E-3	4.3721E-1
6.7500E-4	1.0254E-2	4.0259E-1
6.7600E-4	9.2773E-3	3.7827E-1
6.7700E-4	1.0742E-2	3.6621E-1
6.7800E-4	1.0010E-2	3.6211E-1
6.7900E-4	9.5215E-3	3.6895E-1
6.8000E-4	9.7656E-3	3.8267E-1
6.8100E-4	1.0010E-2	4.0469E-1
6.8200E-4	9.5215E-3	4.3154E-1
6.8300E-4	1.0010E-2	4.6543E-1
6.8400E-4	9.2773E-3	5.0552E-1
6.8500E-4	9.5215E-3	5.5117E-1
6.8600E-4	9.2773E-3	6.0239E-1
6.8700E-4	9.2773E-3	6.6025E-1
6.8800E-4	9.5215E-3	7.1670E-1
6.8900E-4	9.7656E-3	7.6655E-1
6.9000E-4	9.2773E-3	8.0308E-1
6.9100E-4	9.5215E-3	8.2231E-1
6.9200E-4	9.5215E-3	8.2104E-1
6.9300E-4	1.0010E-2	8.0142E-1
6.9400E-4	9.5215E-3	7.6484E-1
6.9500E-4	9.7656E-3	7.1763E-1
6.9600E-4	9.0332E-3	6.6133E-1
6.9700E-4	9.0332E-3	5.9668E-1
6.9800E-4	9.2773E-3	5.3115E-1
6.9900E-4	9.5215E-3	4.7178E-1
7.0000E-4	9.2773E-3	4.2168E-1
7.0100E-4	9.5215E-3	3.8096E-1
7.0200E-4	9.2773E-3	3.5508E-1
7.0300E-4	9.0332E-3	3.4155E-1
7.0400E-4	9.0332E-3	3.3628E-1
7.0500E-4	9.5215E-3	3.3613E-1
7.0600E-4	9.2773E-3	3.4521E-1
7.0700E-4	9.7656E-3	3.6255E-1
7.0800E-4	9.0332E-3	3.8433E-1
7.0900E-4	9.2773E-3	4.1069E-1
7.1000E-4	9.7656E-3	4.4399E-1
7.1100E-4	9.2773E-3	4.8037E-1
7.1200E-4	9.5215E-3	5.2290E-1
7.1300E-4	9.0332E-3	5.7026E-1
7.1400E-4	9.0332E-3	6.2578E-1
7.1500E-4	9.5215E-3	6.8647E-1
7.1600E-4	9.5215E-3	7.4683E-1
7.1700E-4	1.0010E-2	7.9497E-1
7.1800E-4	9.0332E-3	8.2788E-1
7.1900E-4	9.5215E-3	8.3857E-1
7.2000E-4	9.0332E-3	8.2739E-1
7.2100E-4	9.7656E-3	7.9497E-1
7.2200E-4	9.2773E-3	7.4717E-1
7.2300E-4	9.5215E-3	6.9023E-1
7.2400E-4	9.5215E-3	6.2803E-1
7.2500E-4	9.7656E-3	5.6201E-1
7.2600E-4	9.2773E-3	4.9976E-1
7.2700E-4	9.7656E-3	4.4282E-1
7.2800E-4	9.7656E-3	3.9521E-1
7.2900E-4	9.2773E-3	3.5723E-1
7.3000E-4	1.0010E-2	3.3389E-1
7.3100E-4	9.5215E-3	3.2129E-1
7.3200E-4	9.5215E-3	3.2227E-1
7.3300E-4	9.7656E-3	3.3130E-1
7.3400E-4	9.5215E-3	3.4741E-1
7.3500E-4	9.5215E-3	3.6763E-1
7.3600E-4	9.2773E-3	3.9692E-1
7.3700E-4	9.7656E-3	4.3013E-1
7.3800E-4	1.0010E-2	4.7207E-1
7.3900E-4	1.0010E-2	5.2061E-1
7.4000E-4	9.2773E-3	5.7661E-1
7.4100E-4	1.0010E-2	6.3745E-1
7.4200E-4	9.7656E-3	7.0103E-1
7.4300E-4	9.5215E-3	7.5903E-1
7.4400E-4	9.2773E-3	8.0503E-1
7.4500E-4	9.5215E-3	8.3306E-1
7.4600E-4	9.2773E-3	8.3813E-1
7.4700E-4	9.7656E-3	8.2168E-1
7.4800E-4	9.5215E-3	7.8325E-1
7.4900E-4	8.7891E-3	7.3276E-1
7.5000E-4	9.2773E-3	6.7173E-1
7.5100E-4	8.5449E-3	6.0488E-1
7.5200E-4	8.5449E-3	5.3428E-1
7.5300E-4	9.5215E-3	4.6914E-1
7.5400E-4	9.5215E-3	4.0913E-1
7.5500E-4	9.2773E-3	3.6221E-1
7.5600E-4	9.5215E-3	3.2964E-1
7.5700E-4	9.7656E-3	3.0981E-1
7.5800E-4	9.5215E-3	3.0210E-1
7.5900E-4	9.0332E-3	3.0596E-1
7.6000E-4	9.5215E-3	3.1660E-1
7.6100E-4	1.0010E-2	3.3237E-1
7.6200E-4	9.5215E-3	3.5640E-1
7.6300E-4	9.7656E-3	3.8403E-1
7.6400E-4	9.5215E-3	4.1768E-1
7.6500E-4	9.2773E-3	4.5474E-1
7.6600E-4	9.5215E-3	4.9624E-1
7.6700E-4	9.5215E-3	5.4321E-1
7.6800E-4	9.0332E-3	5.9658E-1
7.6900E-4	9.5215E-3	6.5498E-1
7.7000E-4	9.5215E-3	7.1650E-1
7.7100E-4	9.5215E-3	7.7168E-1
7.7200E-4	9.2773E-3	8.1162E-1
7.7300E-4	9.5215E-3	8.3276E-1
7.7400E-4	1.0010E-2	8.2959E-1
7.7500E-4	9.2773E-3	8.0049E-1
7.7600E-4	9.2773E-3	7.5347E-1
7.7700E-4	9.2773E-3	6.9443E-1
7.7800E-4	9.7656E-3	6.2930E-1
7.7900E-4	9.2773E-3	5.6372E-1
7.8000E-4	9.2773E-3	5.0430E-1
7.8100E-4	1.0010E-2	4.5122E-1
7.8200E-4	9.2773E-3	4.0767E-1
7.8300E-4	9.7656E-3	3.7275E-1
7.8400E-4	9.5215E-3	3.4771E-1
7.8500E-4	1.0254E-2	3.3398E-1
7.8600E-4	9.0332E-3	3.2900E-1
7.8700E-4	9.2773E-3	3.3311E-1
7.8800E-4	9.2773E-3	3.4722E-1
7.8900E-4	9.2773E-3	3.6841E-1
7.9000E-4	9.5215E-3	3.9263E-1
7.9100E-4	9.2773E-3	4.2485E-1
7.9200E-4	1.0010E-2	4.6221E-1
7.9300E-4	9.5215E-3	5.0415E-1
7.9400E-4	9.5215E-3	5.5249E-1
7.9500E-4	9.0332E-3	6.0962E-1
7.9600E-4	9.5215E-3	6.7065E-1
7.9700E-4	8.5449E-3	7.3271E-1
7.9800E-4	9.5215E-3	7.8530E-1
7.9900E-4	9.2773E-3	8.2109E-1
8.0000E-4	9.7656E-3	8.3672E-1
8.0100E-4	9.5215E-3	8.2666E-1
8.0200E-4	1.0010E-2	7.9692E-1
8.0300E-4	9.5215E-3	7.5127E-1
8.0400E-4	9.2773E-3	6.9429E-1
8.0500E-4	9.5215E-3	6.3057E-1
8.0600E-4	9.5215E-3	5.6470E-1
8.0700E-4	9.7656E-3	4.9741E-1
8.0800E-4	9.7656E-3	4.3740E-1
8.0900E-4	9.2773E-3	3.8877E-1
8.1000E-4	9.2773E-3	3.5142E-1
8.1100E-4	1.0010E-2	3.2822E-1
8.1200E-4	9.0332E-3	3.2017E-1
8.1300E-4	8.7891E-3	3.2461E-1
8.1400E-4	9.5215E-3	3.3687E-1
8.1500E-4	9.2773E-3	3.5645E-1
8.1600E-4	9.7656E-3	3.8169E-1
8.1700E-4	9.7656E-3	4.1030E-1
8.1800E-4	9.7656E-3	4.3740E-1
8.1900E-4	9.7656E-3	4.6816E-1
8.2000E-4	9.2773E-3	5.0244E-1
8.2100E-4	9.2773E-3	5.4282E-1
8.2200E-4	9.0332E-3	5.8799E-1
8.2300E-4	1.0010E-2	6.4170E-1
8.2400E-4	9.7656E-3	6.9658E-1
8.2500E-4	9.2773E-3	7.4751E-1
8.2600E-4	9.7656E-3	7.8784E-1
8.2700E-4	9.2773E-3	8.1353E-1
8.2800E-4	9.0332E-3	8.2036E-1
8.2900E-4	9.5215E-3	8.0923E-1
8.3000E-4	9.7656E-3	7.7842E-1
8.3100E-4	1.0254E-2	7.3237E-1
8.3200E-4	1.0254E-2	6.7539E-1
8.3300E-4	9.0332E-3	6.1479E-1
8.3400E-4	9.2773E-3	5.5366E-1
8.3500E-4	9.0332E-3	4.9976E-1
8.3600E-4	9.2773E-3	4.5479E-1
8.3700E-4	1.0010E-2	4.1680E-1
8.3800E-4	9.2773E-3	3.8560E-1
8.3900E-4	9.5215E-3	3.6279E-1
8.4000E-4	9.5215E-3	3.4761E-1
8.4100E-4	1.0010E-2	3.4170E-1
8.4200E-4	9.7656E-3	3.4771E-1
8.4300E-4	1.0010E-2	3.6416E-1
8.4400E-4	9.7656E-3	3.8877E-1
8.4500E-4	9.2773E-3	4.2163E-1
8.4600E-4	9.2773E-3	4.6099E-1
8.4700E-4	9.0332E-3	5.0464E-1
8.4800E-4	9.0332E-3	5.5161E-1
8.4900E-4	1.0010E-2	5.9937E-1
8.5000E-4	9.5215E-3	6.4819E-1
8.5100E-4	9.5215E-3	6.9536E-1
8.5200E-4	9.2773E-3	7.3823E-1
8.5300E-4	9.0332E-3	7.7324E-1
8.5400E-4	9.7656E-3	7.9912E-1
8.5500E-4	9.7656E-3	8.0850E-1
8.5600E-4	8.7891E-3	8.0112E-1
8.5700E-4	9.2773E-3	7.7490E-1
8.5800E-4	9.7656E-3	7.3203E-1
8.5900E-4	9.7656E-3	6.7925E-1
8.6000E-4	9.5215E-3	6.2051E-1
8.6100E-4	9.7656E-3	5.6025E-1
8.6200E-4	9.0332E-3	5.0513E-1
8.6300E-4	9.5215E-3	4.5908E-1
8.6400E-4	9.2773E-3	4.1904E-1
8.6500E-4	9.0332E-3	3.8940E-1
8.6600E-4	8.7891E-3	3.7129E-1
8.6700E-4	1.0010E-2	3.6230E-1
8.6800E-4	9.2773E-3	3.6304E-1
8.6900E-4	9.7656E-3	3.7402E-1
8.7000E-4	9.0332E-3	3.9243E-1
8.7100E-4	1.0010E-2	4.1509E-1
8.7200E-4	9.5215E-3	4.4307E-1
8.7300E-4	9.5215E-3	4.7319E-1
8.7400E-4	9.2773E-3	5.0649E-1
8.7500E-4	9.7656E-3	5.4307E-1
8.7600E-4	9.0332E-3	5.8501E-1
8.7700E-4	9.5215E-3	6.2983E-1
8.7800E-4	9.0332E-3	6.7329E-1
8.7900E-4	9.2773E-3	7.1479E-1
8.8000E-4	9.5215E-3	7.4937E-1
8.8100E-4	9.7656E-3	7.7397E-1
8.8200E-4	9.2773E-3	7.8428E-1
8.8300E-4	1.0010E-2	7.8389E-1
8.8400E-4	9.5215E-3	7.6719E-1
8.8500E-4	9.7656E-3	7.4048E-1
8.8600E-4	9.5215E-3	7.0244E-1
8.8700E-4	9.7656E-3	6.5938E-1
8.8800E-4	9.5215E-3	6.1143E-1
8.8900E-4	1.0254E-2	5.6782E-1
8.9000E-4	9.7656E-3	5.2642E-1
8.9100E-4	9.2773E-3	4.9297E-1
8.9200E-4	9.2773E-3	4.6660E-1
8.9300E-4	1.0010E-2	4.4775E-1
8.9400E-4	9.5215E-3	4.3413E-1
8.9500E-4	1.0010E-2	4.2837E-1
8.9600E-4	9.2773E-3	4.2729E-1
8.9700E-4	1.0010E-2	4.3071E-1
8.9800E-4	1.0010E-2	4.3921E-1
8.9900E-4	9.5215E-3	4.5400E-1
9.0000E-4	9.7656E-3	4.7187E-1
9.0100E-4	9.5215E-3	4.9102E-1
9.0200E-4	9.7656E-3	5.1377E-1
9.0300E-4	1.0010E-2	5.3960E-1
9.0400E-4	9.7656E-3	5.6509E-1
9.0500E-4	9.0332E-3	5.9316E-1
9.0600E-4	9.5215E-3	6.2432E-1
9.0700E-4	9.2773E-3	6.5332E-1
9.0800E-4	9.5215E-3	6.7676E-1
9.0900E-4	9.7656E-3	6.9541E-1
9.1000E-4	9.2773E-3	7.0762E-1
9.1100E-4	9.5215E-3	7.1196E-1
9.1200E-4	9.2773E-3	7.1104E-1
9.1300E-4	9.5215E-3	7.0322E-1
9.1400E-4	8.7891E-3	6.8838E-1
9.1500E-4	9.2773E-3	6.6528E-1
9.1600E-4	9.5215E-3	6.3511E-1
9.1700E-4	9.2773E-3	6.0186E-1
9.1800E-4	9.7656E-3	5.7041E-1
9.1900E-4	9.0332E-3	5.4180E-1
9.2000E-4	9.5215E-3	5.1758E-1
9.2100E-4	9.5215E-3	4.9663E-1
9.2200E-4	8.7891E-3	4.8145E-1
9.2300E-4	9.7656E-3	4.7251E-1
9.2400E-4	9.7656E-3	4.6777E-1
9.2500E-4	9.7656E-3	4.6519E-1
9.2600E-4	9.0332E-3	4.6807E-1
9.2700E-4	9.2773E-3	4.7236E-1
9.2800E-4	9.5215E-3	4.7837E-1
9.2900E-4	9.7656E-3	4.8677E-1
9.3000E-4	9.0332E-3	4.9810E-1
9.3100E-4	9.2773E-3	5.1372E-1
9.3200E-4	9.2773E-3	5.3188E-1
9.3300E-4	9.5215E-3	5.5210E-1
9.3400E-4	9.5215E-3	5.7354E-1
9.3500E-4	9.5215E-3	5.9692E-1
9.3600E-4	9.2773E-3	6.1875E-1
9.3700E-4	1.0010E-2	6.4141E-1
9.3800E-4	9.5215E-3	6.6245E-1
9.3900E-4	9.5215E-3	6.8057E-1
9.4000E-4	9.2773E-3	6.9580E-1
9.4100E-4	9.5215E-3	7.0742E-1
9.4200E-4	9.5215E-3	7.1245E-1
9.4300E-4	9.7656E-3	7.0796E-1
9.4400E-4	1.0010E-2	6.9629E-1
9.4500E-4	9.2773E-3	6.7739E-1
9.4600E-4	1.0498E-2	6.5034E-1
9.4700E-4	9.2773E-3	6.1812E-1
9.4800E-4	9.7656E-3	5.8062E-1
9.4900E-4	1.0010E-2	5.3921E-1
9.5000E-4	9.7656E-3	4.9390E-1
9.5100E-4	9.7656E-3	4.5059E-1
9.5200E-4	9.2773E-3	4.0898E-1
9.5300E-4	9.0332E-3	3.7593E-1
9.5400E-4	9.5215E-3	3.5171E-1
9.5500E-4	9.7656E-3	3.3813E-1
9.5600E-4	9.7656E-3	3.3105E-1
9.5700E-4	1.0010E-2	3.3120E-1
9.5800E-4	9.5215E-3	3.3706E-1
9.5900E-4	9.5215E-3	3.4551E-1
9.6000E-4	9.0332E-3	3.5962E-1
9.6100E-4	9.7656E-3	3.7832E-1
9.6200E-4	9.0332E-3	3.9980E-1
9.6300E-4	9.7656E-3	4.2568E-1
9.6400E-4	9.5215E-3	4.5908E-1
9.6500E-4	9.0332E-3	4.9531E-1
9.6600E-4	1.0254E-2	5.4004E-1
9.6700E-4	1.0254E-2	5.9385E-1
9.6800E-4	9.2773E-3	6.5483E-1
9.6900E-4	9.5215E-3	7.1133E-1
9.7000E-4	9.0332E-3	7.5547E-1
9.7100E-4	9.7656E-3	7.7427E-1
9.7200E-4	9.5215E-3	7.5991E-1
9.7300E-4	9.5215E-3	7.0635E-1
9.7400E-4	9.5215E-3	6.2271E-1
9.7500E-4	9.0332E-3	5.1890E-1
9.7600E-4	9.7656E-3	4.0596E-1
9.7700E-4	9.2773E-3	2.9526E-1
9.7800E-4	9.5215E-3	1.9526E-1
9.7900E-4	1.0254E-2	1.1006E-1
9.8000E-4	9.5215E-3	4.4189E-2
9.8100E-4	9.0332E-3	-2.4414E-3
9.8200E-4	9.5215E-3	-3.5254E-2
9.8300E-4	9.5215E-3	-5.1172E-2
9.8400E-4	9.0332E-3	-5.4834E-2
9.8500E-4	9.7656E-3	-5.3369E-2
9.8600E-4	9.2773E-3	-5.0391E-2
9.8700E-4	9.2773E-3	-4.4141E-2
9.8800E-4	9.0332E-3	-4.0967E-2
9.8900E-4	9.5215E-3	-4.0137E-2
9.9000E-4	9.5215E-3	-4.0332E-2
9.9100E-4	9.2773E-3	-3.9795E-2
9.9200E-4	9.2773E-3	-3.9746E-2
9.9300E-4	9.7656E-3	-4.0723E-2
9.9400E-4	9.2773E-3	-4.3896E-2
9.9500E-4	9.7656E-3	-4.9072E-2
9.9600E-4	9.2773E-3	-5.6396E-2
9.9700E-4	9.7656E-3	-6.6064E-2
9.9800E-4	9.2773E-3	-6.6064E-2
9.9900E-4	9.5215E-3	-6.6064E-2
