Time [s]	Aux in [V]	Main in [V]
0.0000E+0	9.7656E-3	-2.8052E-1
1.0000E-6	9.2773E-3	-2.8354E-1
2.0000E-6	9.2773E-3	-2.8979E-1
3.0000E-6	9.5215E-3	-2.9590E-1
4.0000E-6	1.0010E-2	-3.0171E-1
5.0000E-6	9.2773E-3	-3.0366E-1
6.0000E-6	9.5215E-3	-3.0762E-1
7.0000E-6	9.5215E-3	-3.0786E-1
8.0000E-6	9.5215E-3	-3.0786E-1
9.0000E-6	9.5215E-3	-3.0547E-1
1.0000E-5	9.5215E-3	-3.0659E-1
1.1000E-5	1.0498E-2	-3.0454E-1
1.2000E-5	9.5215E-3	-3.0103E-1
1.3000E-5	9.2773E-3	-2.9561E-1
1.4000E-5	1.0254E-2	-2.8921E-1
1.5000E-5	9.2773E-3	-2.7881E-1
1.6000E-5	9.5215E-3	-2.6626E-1
1.7000E-5	9.2773E-3	-2.4761E-1
1.8000E-5	9.5215E-3	-2.2314E-1
1.9000E-5	1.0010E-2	-1.9019E-1
2.0000E-5	9.5215E-3	-1.4756E-1
2.1000E-5	9.5215E-3	-9.4238E-2
2.2000E-5	9.5215E-3	-3.2422E-2
2.3000E-5	9.7656E-3	4.1797E-2
2.4000E-5	1.0254E-2	1.2847E-1
2.5000E-5	9.5215E-3	2.3037E-1
2.6000E-5	9.5215E-3	3.3955E-1
2.7000E-5	9.5215E-3	4.4741E-1
2.8000E-5	9.7656E-3	5.3960E-1
2.9000E-5	9.2773E-3	6.0317E-1
3.0000E-5	9.7656E-3	6.2939E-1
3.1000E-5	1.0010E-2	6.1650E-1
3.2000E-5	9.2773E-3	5.6758E-1
3.3000E-5	9.5215E-3	4.9644E-1
3.4000E-5	9.2773E-3	4.1602E-1
3.5000E-5	1.0010E-2	3.3428E-1
3.6000E-5	9.2773E-3	2.5942E-1
3.7000E-5	1.0010E-2	1.9824E-1
3.8000E-5	9.5215E-3	1.5239E-1
3.9000E-5	9.5215E-3	1.1924E-1
4.0000E-5	9.5215E-3	1.0039E-1
4.1000E-5	9.5215E-3	9.6191E-2
4.2000E-5	9.2773E-3	1.0391E-1
4.3000E-5	9.2773E-3	1.1685E-1
4.4000E-5	9.5215E-3	1.3838E-1
4.5000E-5	9.5215E-3	1.6523E-1
4.6000E-5	1.0254E-2	1.9375E-1
4.7000E-5	9.5215E-3	2.2524E-1
4.8000E-5	1.0254E-2	2.5962E-1
4.9000E-5	9.2773E-3	2.9214E-1
5.0000E-5	9.5215E-3	3.2271E-1
5.1000E-5	9.5215E-3	3.5313E-1
5.2000E-5	9.7656E-3	3.8232E-1
5.3000E-5	9.2773E-3	4.1069E-1
5.4000E-5	1.0010E-2	4.3950E-1
5.5000E-5	9.5215E-3	4.6499E-1
5.6000E-5	9.7656E-3	4.8701E-1
5.7000E-5	9.2773E-3	5.0283E-1
5.8000E-5	9.5215E-3	5.1191E-1
5.9000E-5	9.0332E-3	5.1069E-1
6.0000E-5	9.5215E-3	5.0410E-1
6.1000E-5	9.5215E-3	4.9048E-1
6.2000E-5	8.7891E-3	4.7163E-1
6.3000E-5	9.7656E-3	4.5059E-1
6.4000E-5	9.7656E-3	4.3032E-1
6.5000E-5	9.2773E-3	4.0659E-1
6.6000E-5	1.0254E-2	3.8413E-1
6.7000E-5	8.7891E-3	3.6396E-1
6.8000E-5	9.5215E-3	3.4526E-1
6.9000E-5	9.2773E-3	3.2910E-1
7.0000E-5	9.5215E-3	3.1772E-1
7.1000E-5	9.2773E-3	3.0830E-1
7.2000E-5	1.0254E-2	3.0059E-1
7.3000E-5	9.5215E-3	2.9561E-1
7.4000E-5	9.5215E-3	2.9326E-1
7.5000E-5	9.5215E-3	2.9385E-1
7.6000E-5	9.7656E-3	2.9746E-1
7.7000E-5	9.2773E-3	3.0630E-1
7.8000E-5	9.5215E-3	3.1934E-1
7.9000E-5	9.5215E-3	3.3564E-1
8.0000E-5	9.7656E-3	3.5615E-1
8.1000E-5	9.5215E-3	3.7856E-1
8.2000E-5	9.7656E-3	4.0327E-1
8.3000E-5	9.5215E-3	4.2964E-1
8.4000E-5	1.0254E-2	4.5747E-1
8.5000E-5	9.2773E-3	4.8359E-1
8.6000E-5	9.7656E-3	5.0815E-1
8.7000E-5	1.0010E-2	5.2515E-1
8.8000E-5	9.2773E-3	5.3354E-1
8.9000E-5	9.2773E-3	5.3501E-1
9.0000E-5	1.0010E-2	5.3052E-1
9.1000E-5	9.2773E-3	5.1963E-1
9.2000E-5	9.5215E-3	5.0635E-1
9.3000E-5	9.7656E-3	4.8984E-1
9.4000E-5	9.2773E-3	4.6948E-1
9.5000E-5	9.2773E-3	4.4468E-1
9.6000E-5	1.0010E-2	4.1772E-1
9.7000E-5	9.7656E-3	3.8926E-1
9.8000E-5	9.5215E-3	3.6235E-1
9.9000E-5	9.2773E-3	3.3540E-1
1.0000E-4	9.7656E-3	3.1284E-1
1.0100E-4	9.2773E-3	2.9595E-1
1.0200E-4	9.7656E-3	2.8145E-1
1.0300E-4	9.2773E-3	2.7046E-1
1.0400E-4	8.7891E-3	2.6475E-1
1.0500E-4	9.2773E-3	2.6343E-1
1.0600E-4	9.2773E-3	2.6729E-1
1.0700E-4	9.5215E-3	2.7939E-1
1.0800E-4	9.5215E-3	2.9629E-1
1.0900E-4	9.5215E-3	3.1821E-1
1.1000E-4	9.5215E-3	3.4546E-1
1.1100E-4	9.2773E-3	3.7759E-1
1.1200E-4	1.0010E-2	4.1055E-1
1.1300E-4	9.5215E-3	4.4653E-1
1.1400E-4	9.2773E-3	4.8242E-1
1.1500E-4	1.0010E-2	5.1245E-1
1.1600E-4	9.7656E-3	5.3169E-1
1.1700E-4	9.5215E-3	5.4395E-1
1.1800E-4	9.0332E-3	5.4512E-1
1.1900E-4	1.0254E-2	5.3735E-1
1.2000E-4	9.5215E-3	5.2300E-1
1.2100E-4	9.5215E-3	5.0566E-1
1.2200E-4	9.7656E-3	4.8481E-1
1.2300E-4	9.5215E-3	4.6299E-1
1.2400E-4	1.0010E-2	4.3789E-1
1.2500E-4	9.0332E-3	4.0859E-1
1.2600E-4	9.5215E-3	3.7930E-1
1.2700E-4	9.5215E-3	3.5015E-1
1.2800E-4	9.7656E-3	3.2046E-1
1.2900E-4	9.2773E-3	2.9575E-1
1.3000E-4	9.2773E-3	2.7734E-1
1.3100E-4	9.2773E-3	2.6514E-1
1.3200E-4	1.0010E-2	2.5942E-1
1.3300E-4	9.7656E-3	2.6187E-1
1.3400E-4	1.0010E-2	2.7070E-1
1.3500E-4	9.7656E-3	2.8818E-1
1.3600E-4	9.5215E-3	3.1011E-1
1.3700E-4	9.7656E-3	3.3730E-1
1.3800E-4	1.0010E-2	3.6743E-1
1.3900E-4	9.2773E-3	4.0073E-1
1.4000E-4	1.0498E-2	4.3545E-1
1.4100E-4	8.5449E-3	4.6738E-1
1.4200E-4	9.0332E-3	4.9351E-1
1.4300E-4	9.2773E-3	5.1528E-1
1.4400E-4	9.5215E-3	5.2769E-1
1.4500E-4	1.0010E-2	5.3096E-1
1.4600E-4	9.5215E-3	5.2803E-1
1.4700E-4	1.0010E-2	5.1914E-1
1.4800E-4	9.5215E-3	5.0220E-1
1.4900E-4	9.2773E-3	4.8052E-1
1.5000E-4	9.5215E-3	4.5200E-1
1.5100E-4	9.2773E-3	4.1929E-1
1.5200E-4	9.7656E-3	3.8203E-1
1.5300E-4	9.2773E-3	3.4482E-1
1.5400E-4	9.2773E-3	3.0610E-1
1.5500E-4	9.5215E-3	2.7158E-1
1.5600E-4	9.5215E-3	2.4097E-1
1.5700E-4	9.2773E-3	2.1685E-1
1.5800E-4	9.5215E-3	1.9868E-1
1.5900E-4	9.7656E-3	1.8911E-1
1.6000E-4	9.7656E-3	1.8755E-1
1.6100E-4	9.5215E-3	1.9468E-1
1.6200E-4	9.7656E-3	2.0903E-1
1.6300E-4	9.5215E-3	2.2998E-1
1.6400E-4	9.5215E-3	2.6030E-1
1.6500E-4	1.0010E-2	2.9673E-1
1.6600E-4	9.2773E-3	3.3701E-1
1.6700E-4	9.2773E-3	3.8330E-1
1.6800E-4	1.0010E-2	4.3169E-1
1.6900E-4	9.7656E-3	4.7568E-1
1.7000E-4	9.5215E-3	5.1216E-1
1.7100E-4	9.2773E-3	5.3682E-1
1.7200E-4	9.7656E-3	5.4658E-1
1.7300E-4	9.0332E-3	5.4409E-1
1.7400E-4	1.0254E-2	5.3037E-1
1.7500E-4	9.5215E-3	5.0996E-1
1.7600E-4	9.5215E-3	4.8589E-1
1.7700E-4	9.0332E-3	4.5830E-1
1.7800E-4	9.5215E-3	4.2681E-1
1.7900E-4	9.2773E-3	3.9346E-1
1.8000E-4	1.0254E-2	3.5781E-1
1.8100E-4	9.5215E-3	3.1982E-1
1.8200E-4	9.5215E-3	2.8481E-1
1.8300E-4	9.2773E-3	2.5420E-1
1.8400E-4	9.7656E-3	2.2964E-1
1.8500E-4	9.7656E-3	2.1187E-1
1.8600E-4	1.0254E-2	2.0205E-1
1.8700E-4	9.2773E-3	1.9771E-1
1.8800E-4	9.7656E-3	2.0078E-1
1.8900E-4	9.5215E-3	2.1094E-1
1.9000E-4	1.0254E-2	2.2808E-1
1.9100E-4	9.2773E-3	2.5522E-1
1.9200E-4	9.5215E-3	2.8872E-1
1.9300E-4	9.7656E-3	3.3008E-1
1.9400E-4	9.5215E-3	3.7642E-1
1.9500E-4	9.7656E-3	4.2495E-1
1.9600E-4	9.5215E-3	4.6943E-1
1.9700E-4	9.5215E-3	5.0737E-1
1.9800E-4	9.5215E-3	5.2935E-1
1.9900E-4	1.0010E-2	5.3721E-1
2.0000E-4	1.0254E-2	5.3247E-1
2.0100E-4	1.0010E-2	5.1914E-1
2.0200E-4	9.7656E-3	4.9956E-1
2.0300E-4	9.5215E-3	4.7622E-1
2.0400E-4	9.2773E-3	4.4712E-1
2.0500E-4	9.2773E-3	4.0981E-1
2.0600E-4	9.2773E-3	3.6729E-1
2.0700E-4	1.0254E-2	3.2134E-1
2.0800E-4	9.5215E-3	2.7446E-1
2.0900E-4	9.2773E-3	2.2871E-1
2.1000E-4	8.7891E-3	1.9102E-1
2.1100E-4	9.5215E-3	1.6099E-1
2.1200E-4	9.5215E-3	1.4092E-1
2.1300E-4	9.2773E-3	1.3188E-1
2.1400E-4	9.7656E-3	1.3560E-1
2.1500E-4	9.5215E-3	1.4634E-1
2.1600E-4	9.2773E-3	1.6226E-1
2.1700E-4	9.5215E-3	1.8428E-1
2.1800E-4	9.0332E-3	2.1201E-1
2.1900E-4	9.2773E-3	2.4453E-1
2.2000E-4	9.5215E-3	2.8418E-1
2.2100E-4	9.5215E-3	3.3242E-1
2.2200E-4	9.7656E-3	3.8452E-1
2.2300E-4	9.7656E-3	4.3989E-1
2.2400E-4	1.0010E-2	4.9097E-1
2.2500E-4	9.5215E-3	5.2964E-1
2.2600E-4	9.7656E-3	5.5137E-1
2.2700E-4	1.0254E-2	5.5913E-1
2.2800E-4	9.0332E-3	5.5098E-1
2.2900E-4	1.0254E-2	5.3267E-1
2.3000E-4	9.5215E-3	5.0718E-1
2.3100E-4	9.2773E-3	4.7559E-1
2.3200E-4	9.5215E-3	4.3501E-1
2.3300E-4	9.5215E-3	3.8921E-1
2.3400E-4	9.7656E-3	3.3721E-1
2.3500E-4	9.2773E-3	2.8838E-1
2.3600E-4	9.5215E-3	2.4624E-1
2.3700E-4	1.0010E-2	2.1177E-1
2.3800E-4	9.5215E-3	1.8384E-1
2.3900E-4	9.0332E-3	1.6655E-1
2.4000E-4	9.5215E-3	1.5649E-1
2.4100E-4	9.5215E-3	1.5151E-1
2.4200E-4	9.5215E-3	1.5664E-1
2.4300E-4	9.5215E-3	1.7065E-1
2.4400E-4	9.7656E-3	1.9204E-1
2.4500E-4	9.5215E-3	2.1987E-1
2.4600E-4	9.5215E-3	2.5664E-1
2.4700E-4	9.7656E-3	2.9819E-1
2.4800E-4	9.7656E-3	3.4590E-1
2.4900E-4	9.5215E-3	3.9873E-1
2.5000E-4	9.5215E-3	4.5342E-1
2.5100E-4	9.0332E-3	5.0068E-1
2.5200E-4	1.0010E-2	5.3438E-1
2.5300E-4	9.7656E-3	5.5107E-1
2.5400E-4	9.5215E-3	5.5054E-1
2.5500E-4	9.5215E-3	5.3682E-1
2.5600E-4	9.5215E-3	5.1567E-1
2.5700E-4	9.7656E-3	4.9023E-1
2.5800E-4	1.0010E-2	4.6016E-1
2.5900E-4	9.5215E-3	4.2427E-1
2.6000E-4	1.0010E-2	3.8169E-1
2.6100E-4	9.5215E-3	3.3252E-1
2.6200E-4	1.0010E-2	2.8096E-1
2.6300E-4	9.0332E-3	2.3359E-1
2.6400E-4	1.0010E-2	1.9429E-1
2.6500E-4	9.7656E-3	1.6304E-1
2.6600E-4	1.0254E-2	1.4277E-1
2.6700E-4	9.5215E-3	1.3379E-1
2.6800E-4	1.0254E-2	1.3193E-1
2.6900E-4	9.5215E-3	1.3740E-1
2.7000E-4	9.7656E-3	1.5259E-1
2.7100E-4	9.7656E-3	1.7437E-1
2.7200E-4	9.2773E-3	1.9985E-1
2.7300E-4	9.2773E-3	2.3325E-1
2.7400E-4	9.7656E-3	2.7305E-1
2.7500E-4	9.7656E-3	3.1572E-1
2.7600E-4	9.5215E-3	3.6470E-1
2.7700E-4	9.7656E-3	4.2231E-1
2.7800E-4	9.5215E-3	4.8057E-1
2.7900E-4	9.2773E-3	5.2676E-1
2.8000E-4	9.2773E-3	5.5991E-1
2.8100E-4	9.5215E-3	5.7896E-1
2.8200E-4	9.5215E-3	5.7896E-1
2.8300E-4	9.7656E-3	5.6328E-1
2.8400E-4	1.0498E-2	5.4121E-1
2.8500E-4	9.2773E-3	5.1235E-1
2.8600E-4	9.5215E-3	4.7310E-1
2.8700E-4	9.2773E-3	4.2573E-1
2.8800E-4	9.7656E-3	3.7314E-1
2.8900E-4	9.5215E-3	3.1816E-1
2.9000E-4	9.5215E-3	2.6392E-1
2.9100E-4	9.7656E-3	2.1724E-1
2.9200E-4	9.0332E-3	1.8267E-1
2.9300E-4	9.5215E-3	1.5986E-1
2.9400E-4	1.0010E-2	1.4839E-1
2.9500E-4	9.2773E-3	1.4844E-1
2.9600E-4	1.0010E-2	1.5767E-1
2.9700E-4	9.7656E-3	1.7378E-1
2.9800E-4	9.5215E-3	1.9551E-1
2.9900E-4	9.0332E-3	2.2285E-1
3.0000E-4	9.5215E-3	2.5586E-1
3.0100E-4	1.0498E-2	2.9116E-1
3.0200E-4	1.0254E-2	3.3267E-1
3.0300E-4	9.2773E-3	3.8232E-1
3.0400E-4	9.5215E-3	4.3804E-1
3.0500E-4	9.7656E-3	4.9336E-1
3.0600E-4	9.5215E-3	5.4238E-1
3.0700E-4	9.5215E-3	5.7456E-1
3.0800E-4	9.5215E-3	5.8911E-1
3.0900E-4	9.7656E-3	5.8745E-1
3.1000E-4	9.2773E-3	5.7124E-1
3.1100E-4	8.7891E-3	5.4497E-1
3.1200E-4	9.7656E-3	5.1143E-1
3.1300E-4	9.7656E-3	4.6890E-1
3.1400E-4	9.7656E-3	4.2065E-1
3.1500E-4	9.5215E-3	3.6802E-1
3.1600E-4	9.7656E-3	3.1392E-1
3.1700E-4	9.5215E-3	2.6333E-1
3.1800E-4	9.0332E-3	2.2007E-1
3.1900E-4	9.2773E-3	1.8291E-1
3.2000E-4	1.0010E-2	1.5527E-1
3.2100E-4	9.5215E-3	1.3940E-1
3.2200E-4	9.5215E-3	1.3721E-1
3.2300E-4	8.5449E-3	1.4590E-1
3.2400E-4	9.5215E-3	1.6133E-1
3.2500E-4	9.0332E-3	1.8438E-1
3.2600E-4	9.5215E-3	2.1357E-1
3.2700E-4	9.0332E-3	2.4639E-1
3.2800E-4	9.5215E-3	2.8218E-1
3.2900E-4	9.2773E-3	3.2612E-1
3.3000E-4	1.0010E-2	3.7769E-1
3.3100E-4	1.0010E-2	4.3345E-1
3.3200E-4	9.0332E-3	4.9082E-1
3.3300E-4	9.2773E-3	5.4336E-1
3.3400E-4	9.5215E-3	5.8423E-1
3.3500E-4	9.7656E-3	6.0933E-1
3.3600E-4	9.5215E-3	6.1772E-1
3.3700E-4	9.5215E-3	6.0825E-1
3.3800E-4	9.7656E-3	5.8540E-1
3.3900E-4	9.0332E-3	5.5215E-1
3.4000E-4	9.7656E-3	5.1016E-1
3.4100E-4	9.0332E-3	4.6245E-1
3.4200E-4	9.7656E-3	4.1123E-1
3.4300E-4	9.5215E-3	3.6050E-1
3.4400E-4	1.0010E-2	3.1133E-1
3.4500E-4	9.0332E-3	2.6777E-1
3.4600E-4	9.0332E-3	2.2959E-1
3.4700E-4	9.7656E-3	1.9980E-1
3.4800E-4	9.5215E-3	1.7788E-1
3.4900E-4	1.0254E-2	1.6704E-1
3.5000E-4	9.7656E-3	1.6523E-1
3.5100E-4	9.5215E-3	1.7324E-1
3.5200E-4	9.7656E-3	1.9077E-1
3.5300E-4	9.2773E-3	2.1714E-1
3.5400E-4	9.5215E-3	2.5161E-1
3.5500E-4	9.7656E-3	2.9146E-1
3.5600E-4	9.7656E-3	3.3618E-1
3.5700E-4	9.5215E-3	3.8657E-1
3.5800E-4	9.2773E-3	4.4106E-1
3.5900E-4	9.5215E-3	4.9473E-1
3.6000E-4	9.2773E-3	5.4272E-1
3.6100E-4	9.2773E-3	5.8145E-1
3.6200E-4	9.2773E-3	6.0527E-1
3.6300E-4	9.2773E-3	6.1221E-1
3.6400E-4	9.7656E-3	6.0142E-1
3.6500E-4	9.5215E-3	5.7769E-1
3.6600E-4	9.5215E-3	5.4175E-1
3.6700E-4	9.2773E-3	4.9795E-1
3.6800E-4	9.7656E-3	4.4824E-1
3.6900E-4	9.0332E-3	3.9785E-1
3.7000E-4	9.5215E-3	3.4458E-1
3.7100E-4	9.7656E-3	2.9707E-1
3.7200E-4	9.7656E-3	2.5342E-1
3.7300E-4	9.2773E-3	2.1890E-1
3.7400E-4	9.5215E-3	1.9126E-1
3.7500E-4	9.0332E-3	1.7598E-1
3.7600E-4	1.0010E-2	1.7153E-1
3.7700E-4	9.7656E-3	1.7793E-1
3.7800E-4	1.0010E-2	1.9072E-1
3.7900E-4	9.5215E-3	2.1182E-1
3.8000E-4	1.0254E-2	2.3906E-1
3.8100E-4	1.0010E-2	2.7012E-1
3.8200E-4	9.7656E-3	3.0303E-1
3.8300E-4	9.5215E-3	3.4092E-1
3.8400E-4	9.5215E-3	3.8110E-1
3.8500E-4	9.7656E-3	4.2388E-1
3.8600E-4	9.5215E-3	4.6685E-1
3.8700E-4	9.7656E-3	5.1123E-1
3.8800E-4	9.0332E-3	5.4956E-1
3.8900E-4	9.7656E-3	5.7900E-1
3.9000E-4	9.5215E-3	5.9468E-1
3.9100E-4	1.0254E-2	5.9351E-1
3.9200E-4	9.2773E-3	5.7710E-1
3.9300E-4	9.5215E-3	5.4839E-1
3.9400E-4	9.2773E-3	5.0977E-1
3.9500E-4	9.0332E-3	4.6616E-1
3.9600E-4	9.7656E-3	4.2378E-1
3.9700E-4	9.2773E-3	3.8228E-1
3.9800E-4	1.0498E-2	3.4272E-1
3.9900E-4	9.2773E-3	3.0786E-1
4.0000E-4	9.7656E-3	2.7793E-1
4.0100E-4	9.2773E-3	2.5327E-1
4.0200E-4	9.5215E-3	2.3330E-1
4.0300E-4	9.7656E-3	2.2095E-1
4.0400E-4	9.2773E-3	2.1606E-1
4.0500E-4	9.5215E-3	2.1992E-1
4.0600E-4	9.2773E-3	2.2788E-1
4.0700E-4	9.2773E-3	2.4131E-1
4.0800E-4	9.5215E-3	2.5859E-1
4.0900E-4	9.5215E-3	2.7920E-1
4.1000E-4	1.0010E-2	3.0269E-1
4.1100E-4	9.2773E-3	3.2935E-1
4.1200E-4	9.7656E-3	3.5742E-1
4.1300E-4	9.7656E-3	3.8618E-1
4.1400E-4	9.5215E-3	4.1499E-1
4.1500E-4	9.0332E-3	4.4082E-1
4.1600E-4	9.2773E-3	4.6357E-1
4.1700E-4	9.0332E-3	4.7964E-1
4.1800E-4	9.7656E-3	4.9121E-1
4.1900E-4	9.7656E-3	4.9272E-1
4.2000E-4	9.2773E-3	4.8667E-1
4.2100E-4	9.2773E-3	4.7310E-1
4.2200E-4	1.0010E-2	4.5386E-1
4.2300E-4	9.2773E-3	4.2920E-1
4.2400E-4	9.5215E-3	4.0293E-1
4.2500E-4	9.7656E-3	3.7437E-1
4.2600E-4	9.5215E-3	3.4551E-1
4.2700E-4	8.7891E-3	3.1836E-1
4.2800E-4	9.7656E-3	2.9155E-1
4.2900E-4	1.0010E-2	2.7070E-1
4.3000E-4	9.5215E-3	2.5386E-1
4.3100E-4	9.2773E-3	2.4155E-1
4.3200E-4	9.2773E-3	2.3472E-1
4.3300E-4	9.7656E-3	2.3242E-1
4.3400E-4	1.0010E-2	2.3193E-1
4.3500E-4	9.7656E-3	2.3691E-1
4.3600E-4	9.7656E-3	2.4453E-1
4.3700E-4	9.0332E-3	2.5610E-1
4.3800E-4	9.7656E-3	2.7090E-1
4.3900E-4	9.2773E-3	2.9019E-1
4.4000E-4	9.2773E-3	3.0698E-1
4.4100E-4	9.2773E-3	3.2598E-1
4.4200E-4	9.5215E-3	3.4434E-1
4.4300E-4	9.7656E-3	3.6313E-1
4.4400E-4	1.0254E-2	3.8154E-1
4.4500E-4	1.0010E-2	4.0269E-1
4.4600E-4	9.0332E-3	4.2354E-1
4.4700E-4	9.7656E-3	4.4312E-1
4.4800E-4	9.7656E-3	4.5620E-1
4.4900E-4	9.2773E-3	4.6235E-1
4.5000E-4	9.7656E-3	4.6079E-1
4.5100E-4	1.0010E-2	4.4834E-1
4.5200E-4	9.7656E-3	4.2725E-1
4.5300E-4	9.5215E-3	4.0156E-1
4.5400E-4	9.5215E-3	3.6768E-1
4.5500E-4	9.7656E-3	3.3276E-1
4.5600E-4	9.2773E-3	2.9927E-1
4.5700E-4	9.7656E-3	2.6538E-1
4.5800E-4	9.7656E-3	2.3223E-1
4.5900E-4	9.5215E-3	2.0444E-1
4.6000E-4	1.0254E-2	1.7656E-1
4.6100E-4	9.5215E-3	1.5054E-1
4.6200E-4	9.2773E-3	1.2808E-1
4.6300E-4	8.7891E-3	1.1108E-1
4.6400E-4	9.2773E-3	9.7705E-2
4.6500E-4	9.7656E-3	9.0088E-2
4.6600E-4	1.0254E-2	8.8916E-2
4.6700E-4	9.7656E-3	9.2383E-2
4.6800E-4	1.0010E-2	9.9756E-2
4.6900E-4	9.2773E-3	1.1367E-1
4.7000E-4	9.2773E-3	1.3330E-1
4.7100E-4	9.7656E-3	1.5796E-1
4.7200E-4	1.0010E-2	1.9126E-1
4.7300E-4	9.7656E-3	2.3252E-1
4.7400E-4	9.2773E-3	2.8154E-1
4.7500E-4	9.5215E-3	3.3711E-1
4.7600E-4	1.0010E-2	3.9448E-1
4.7700E-4	9.5215E-3	4.4575E-1
4.7800E-4	9.5215E-3	4.8223E-1
4.7900E-4	9.5215E-3	4.9399E-1
4.8000E-4	9.2773E-3	4.7554E-1
4.8100E-4	9.5215E-3	4.2529E-1
4.8200E-4	1.0010E-2	3.4736E-1
4.8300E-4	9.5215E-3	2.5073E-1
4.8400E-4	9.5215E-3	1.4443E-1
4.8500E-4	9.7656E-3	3.8330E-2
4.8600E-4	9.5215E-3	-5.6348E-2
4.8700E-4	9.2773E-3	-1.3716E-1
4.8800E-4	9.5215E-3	-2.0122E-1
4.8900E-4	9.2773E-3	-2.4858E-1
4.9000E-4	9.2773E-3	-2.7920E-1
4.9100E-4	9.2773E-3	-2.9946E-1
4.9200E-4	9.7656E-3	-3.0962E-1
4.9300E-4	8.7891E-3	-3.1211E-1
4.9400E-4	9.2773E-3	-3.0835E-1
4.9500E-4	9.5215E-3	-3.0435E-1
4.9600E-4	9.2773E-3	-2.9683E-1
4.9700E-4	9.5215E-3	-2.9248E-1
4.9800E-4	9.5215E-3	-2.9092E-1
4.9900E-4	9.2773E-3	-2.9351E-1
5.0000E-4	9.7656E-3	-2.9688E-1
5.0100E-4	9.2773E-3	-3.0542E-1
5.0200E-4	9.2773E-3	-3.1167E-1
5.0300E-4	1.0010E-2	-3.1709E-1
5.0400E-4	9.7656E-3	-3.1899E-1
5.0500E-4	9.5215E-3	-3.2129E-1
5.0600E-4	9.7656E-3	-3.2144E-1
5.0700E-4	9.0332E-3	-3.1899E-1
5.0800E-4	9.0332E-3	-3.1807E-1
5.0900E-4	9.2773E-3	-3.1943E-1
5.1000E-4	9.7656E-3	-3.1860E-1
5.1100E-4	9.7656E-3	-3.1680E-1
5.1200E-4	1.0010E-2	-3.1392E-1
5.1300E-4	9.2773E-3	-3.0854E-1
5.1400E-4	1.0010E-2	-3.0176E-1
5.1500E-4	9.7656E-3	-2.9346E-1
5.1600E-4	9.7656E-3	-2.8179E-1
5.1700E-4	9.5215E-3	-2.6968E-1
5.1800E-4	1.0498E-2	-2.5195E-1
5.1900E-4	9.2773E-3	-2.2803E-1
5.2000E-4	1.0254E-2	-1.9702E-1
5.2100E-4	9.5215E-3	-1.5649E-1
5.2200E-4	9.5215E-3	-1.0190E-1
5.2300E-4	9.2773E-3	-3.1250E-2
5.2400E-4	9.0332E-3	5.9619E-2
5.2500E-4	1.0010E-2	1.6406E-1
5.2600E-4	9.7656E-3	2.7212E-1
5.2700E-4	9.7656E-3	3.7056E-1
5.2800E-4	1.0010E-2	4.4707E-1
5.2900E-4	9.0332E-3	4.9321E-1
5.3000E-4	9.7656E-3	5.0591E-1
5.3100E-4	1.0010E-2	4.8535E-1
5.3200E-4	9.7656E-3	4.4028E-1
5.3300E-4	9.5215E-3	3.7861E-1
5.3400E-4	9.5215E-3	3.0493E-1
5.3500E-4	9.5215E-3	2.3223E-1
5.3600E-4	9.5215E-3	1.6699E-1
5.3700E-4	1.0254E-2	1.1484E-1
5.3800E-4	9.0332E-3	7.6758E-2
5.3900E-4	9.0332E-3	5.5029E-2
5.4000E-4	9.5215E-3	4.5605E-2
5.4100E-4	9.2773E-3	4.8535E-2
5.4200E-4	9.5215E-3	5.9229E-2
5.4300E-4	9.2773E-3	7.5635E-2
5.4400E-4	1.0254E-2	9.6875E-2
5.4500E-4	1.0010E-2	1.2153E-1
5.4600E-4	1.0010E-2	1.5000E-1
5.4700E-4	9.5215E-3	1.8047E-1
5.4800E-4	1.0010E-2	2.1538E-1
5.4900E-4	9.2773E-3	2.4980E-1
5.5000E-4	9.7656E-3	2.8408E-1
5.5100E-4	9.5215E-3	3.1621E-1
5.5200E-4	1.0010E-2	3.4673E-1
5.5300E-4	9.2773E-3	3.7236E-1
5.5400E-4	9.0332E-3	3.9175E-1
5.5500E-4	9.7656E-3	4.0347E-1
5.5600E-4	9.5215E-3	4.0601E-1
5.5700E-4	9.7656E-3	3.9956E-1
5.5800E-4	1.0010E-2	3.8540E-1
5.5900E-4	9.0332E-3	3.6851E-1
5.6000E-4	9.7656E-3	3.4956E-1
5.6100E-4	9.5215E-3	3.3276E-1
5.6200E-4	9.7656E-3	3.1646E-1
5.6300E-4	9.0332E-3	3.0132E-1
5.6400E-4	9.2773E-3	2.8452E-1
5.6500E-4	8.7891E-3	2.7026E-1
5.6600E-4	9.5215E-3	2.5400E-1
5.6700E-4	9.2773E-3	2.4072E-1
5.6800E-4	9.5215E-3	2.2817E-1
5.6900E-4	8.7891E-3	2.2134E-1
5.7000E-4	9.7656E-3	2.1353E-1
5.7100E-4	9.7656E-3	2.1123E-1
5.7200E-4	9.2773E-3	2.0703E-1
5.7300E-4	9.7656E-3	2.0542E-1
5.7400E-4	9.0332E-3	2.0488E-1
5.7500E-4	9.5215E-3	2.0894E-1
5.7600E-4	9.7656E-3	2.1362E-1
5.7700E-4	9.0332E-3	2.2329E-1
5.7800E-4	9.7656E-3	2.3320E-1
5.7900E-4	9.7656E-3	2.4648E-1
5.8000E-4	9.2773E-3	2.6030E-1
5.8100E-4	1.0010E-2	2.7686E-1
5.8200E-4	9.0332E-3	2.9507E-1
5.8300E-4	8.7891E-3	3.1567E-1
5.8400E-4	1.0010E-2	3.3545E-1
5.8500E-4	9.0332E-3	3.5498E-1
5.8600E-4	8.7891E-3	3.7314E-1
5.8700E-4	1.0010E-2	3.8765E-1
5.8800E-4	9.0332E-3	3.9766E-1
5.8900E-4	9.5215E-3	4.0093E-1
5.9000E-4	9.2773E-3	3.9702E-1
5.9100E-4	9.0332E-3	3.8784E-1
5.9200E-4	1.0010E-2	3.7490E-1
5.9300E-4	9.5215E-3	3.5728E-1
5.9400E-4	1.0010E-2	3.3745E-1
5.9500E-4	9.7656E-3	3.1689E-1
5.9600E-4	9.5215E-3	2.9141E-1
5.9700E-4	9.2773E-3	2.6533E-1
5.9800E-4	9.5215E-3	2.4087E-1
5.9900E-4	9.5215E-3	2.2144E-1
6.0000E-4	9.2773E-3	2.0684E-1
6.0100E-4	9.2773E-3	1.9707E-1
6.0200E-4	1.0254E-2	1.9561E-1
6.0300E-4	9.5215E-3	1.9927E-1
6.0400E-4	9.0332E-3	2.0547E-1
6.0500E-4	1.0010E-2	2.1445E-1
6.0600E-4	9.2773E-3	2.2964E-1
6.0700E-4	9.5215E-3	2.4639E-1
6.0800E-4	1.0010E-2	2.6719E-1
6.0900E-4	9.7656E-3	2.9155E-1
6.1000E-4	1.0010E-2	3.1782E-1
6.1100E-4	9.5215E-3	3.4546E-1
6.1200E-4	9.2773E-3	3.7349E-1
6.1300E-4	9.7656E-3	4.0186E-1
6.1400E-4	9.5215E-3	4.2715E-1
6.1500E-4	9.5215E-3	4.4829E-1
6.1600E-4	9.2773E-3	4.6216E-1
6.1700E-4	8.7891E-3	4.6504E-1
6.1800E-4	9.2773E-3	4.5449E-1
6.1900E-4	9.7656E-3	4.3560E-1
6.2000E-4	9.5215E-3	4.0962E-1
6.2100E-4	9.5215E-3	3.7549E-1
6.2200E-4	9.2773E-3	3.3989E-1
6.2300E-4	9.0332E-3	3.0693E-1
6.2400E-4	9.5215E-3	2.7173E-1
6.2500E-4	9.7656E-3	2.4028E-1
6.2600E-4	9.7656E-3	2.1284E-1
6.2700E-4	9.5215E-3	1.8843E-1
6.2800E-4	1.0010E-2	1.6924E-1
6.2900E-4	9.7656E-3	1.5684E-1
6.3000E-4	9.7656E-3	1.4766E-1
6.3100E-4	9.7656E-3	1.4810E-1
6.3200E-4	1.0254E-2	1.5527E-1
6.3300E-4	9.5215E-3	1.6787E-1
6.3400E-4	9.5215E-3	1.8843E-1
6.3500E-4	9.5215E-3	2.1294E-1
6.3600E-4	9.2773E-3	2.3867E-1
6.3700E-4	9.7656E-3	2.6787E-1
6.3800E-4	1.0010E-2	3.0264E-1
6.3900E-4	9.5215E-3	3.3838E-1
6.4000E-4	9.2773E-3	3.7720E-1
6.4100E-4	9.5215E-3	4.1519E-1
6.4200E-4	9.7656E-3	4.5132E-1
6.4300E-4	9.5215E-3	4.7881E-1
6.4400E-4	1.0010E-2	4.9453E-1
6.4500E-4	9.5215E-3	4.9927E-1
6.4600E-4	9.5215E-3	4.9556E-1
6.4700E-4	9.2773E-3	4.7935E-1
6.4800E-4	1.0010E-2	4.5581E-1
6.4900E-4	9.5215E-3	4.2446E-1
6.5000E-4	9.5215E-3	3.8750E-1
6.5100E-4	9.7656E-3	3.4536E-1
6.5200E-4	9.7656E-3	3.0386E-1
6.5300E-4	9.2773E-3	2.6196E-1
6.5400E-4	9.7656E-3	2.2603E-1
6.5500E-4	9.5215E-3	1.9585E-1
6.5600E-4	9.2773E-3	1.6992E-1
6.5700E-4	9.5215E-3	1.5098E-1
6.5800E-4	9.7656E-3	1.4067E-1
6.5900E-4	1.0010E-2	1.3872E-1
6.6000E-4	8.7891E-3	1.4639E-1
6.6100E-4	1.0010E-2	1.6519E-1
6.6200E-4	9.5215E-3	1.9189E-1
6.6300E-4	9.0332E-3	2.2549E-1
6.6400E-4	9.5215E-3	2.6533E-1
6.6500E-4	9.5215E-3	3.0835E-1
6.6600E-4	1.0010E-2	3.5391E-1
6.6700E-4	9.0332E-3	4.0059E-1
6.6800E-4	9.5215E-3	4.4775E-1
6.6900E-4	9.2773E-3	4.9126E-1
6.7000E-4	1.0010E-2	5.2842E-1
6.7100E-4	1.0010E-2	5.5474E-1
6.7200E-4	9.7656E-3	5.6577E-1
6.7300E-4	9.5215E-3	5.5693E-1
6.7400E-4	9.2773E-3	5.3159E-1
6.7500E-4	9.7656E-3	4.9087E-1
6.7600E-4	9.2773E-3	4.3887E-1
6.7700E-4	1.0010E-2	3.8101E-1
6.7800E-4	9.5215E-3	3.2061E-1
6.7900E-4	9.5215E-3	2.6240E-1
6.8000E-4	9.2773E-3	2.0972E-1
6.8100E-4	9.0332E-3	1.6606E-1
6.8200E-4	9.2773E-3	1.3311E-1
6.8300E-4	9.2773E-3	1.1279E-1
6.8400E-4	9.5215E-3	1.0249E-1
6.8500E-4	9.5215E-3	1.0288E-1
6.8600E-4	9.2773E-3	1.0981E-1
6.8700E-4	1.0010E-2	1.2314E-1
6.8800E-4	9.5215E-3	1.4258E-1
6.8900E-4	9.2773E-3	1.6680E-1
6.9000E-4	1.0010E-2	1.9443E-1
6.9100E-4	9.5215E-3	2.2788E-1
6.9200E-4	9.2773E-3	2.6714E-1
6.9300E-4	9.0332E-3	3.0967E-1
6.9400E-4	9.2773E-3	3.5552E-1
6.9500E-4	9.0332E-3	4.0420E-1
6.9600E-4	9.5215E-3	4.5601E-1
6.9700E-4	9.5215E-3	5.0142E-1
6.9800E-4	9.5215E-3	5.3862E-1
6.9900E-4	9.5215E-3	5.6343E-1
7.0000E-4	1.0254E-2	5.7329E-1
7.0100E-4	1.0010E-2	5.6455E-1
7.0200E-4	1.0498E-2	5.3872E-1
7.0300E-4	9.0332E-3	4.9878E-1
7.0400E-4	9.5215E-3	4.4697E-1
7.0500E-4	9.5215E-3	3.8706E-1
7.0600E-4	9.7656E-3	3.2275E-1
7.0700E-4	9.5215E-3	2.6113E-1
7.0800E-4	1.0010E-2	2.0513E-1
7.0900E-4	9.5215E-3	1.6211E-1
7.1000E-4	9.7656E-3	1.3022E-1
7.1100E-4	1.0010E-2	1.0903E-1
7.1200E-4	9.7656E-3	1.0127E-1
7.1300E-4	9.0332E-3	1.0361E-1
7.1400E-4	9.7656E-3	1.1387E-1
7.1500E-4	9.2773E-3	1.3013E-1
7.1600E-4	9.5215E-3	1.5508E-1
7.1700E-4	9.2773E-3	1.8389E-1
7.1800E-4	9.5215E-3	2.1880E-1
7.1900E-4	9.7656E-3	2.5854E-1
7.2000E-4	9.2773E-3	3.0591E-1
7.2100E-4	9.7656E-3	3.5728E-1
7.2200E-4	1.0010E-2	4.1455E-1
7.2300E-4	9.5215E-3	4.7446E-1
7.2400E-4	9.5215E-3	5.2798E-1
7.2500E-4	9.7656E-3	5.6890E-1
7.2600E-4	9.2773E-3	5.9238E-1
7.2700E-4	9.7656E-3	5.9429E-1
7.2800E-4	9.5215E-3	5.7373E-1
7.2900E-4	1.0010E-2	5.3442E-1
7.3000E-4	9.7656E-3	4.8237E-1
7.3100E-4	9.7656E-3	4.2300E-1
7.3200E-4	1.0010E-2	3.5815E-1
7.3300E-4	1.0010E-2	2.9424E-1
7.3400E-4	9.7656E-3	2.3589E-1
7.3500E-4	9.2773E-3	1.8564E-1
7.3600E-4	9.5215E-3	1.4424E-1
7.3700E-4	1.0010E-2	1.1626E-1
7.3800E-4	9.5215E-3	9.8389E-2
7.3900E-4	9.2773E-3	9.0332E-2
7.4000E-4	9.7656E-3	9.0723E-2
7.4100E-4	9.7656E-3	9.8096E-2
7.4200E-4	9.7656E-3	1.1021E-1
7.4300E-4	9.7656E-3	1.2749E-1
7.4400E-4	1.0010E-2	1.5190E-1
7.4500E-4	9.2773E-3	1.8384E-1
7.4600E-4	9.7656E-3	2.2417E-1
7.4700E-4	9.0332E-3	2.7178E-1
7.4800E-4	9.2773E-3	3.2612E-1
7.4900E-4	9.5215E-3	3.8696E-1
7.5000E-4	9.7656E-3	4.5034E-1
7.5100E-4	9.5215E-3	5.1147E-1
7.5200E-4	9.5215E-3	5.6353E-1
7.5300E-4	9.2773E-3	5.9990E-1
7.5400E-4	9.7656E-3	6.1367E-1
7.5500E-4	9.5215E-3	6.0327E-1
7.5600E-4	1.0010E-2	5.7100E-1
7.5700E-4	9.2773E-3	5.2139E-1
7.5800E-4	1.0010E-2	4.6162E-1
7.5900E-4	9.7656E-3	3.9482E-1
7.6000E-4	1.0010E-2	3.2788E-1
7.6100E-4	9.7656E-3	2.6445E-1
7.6200E-4	9.5215E-3	2.0933E-1
7.6300E-4	9.5215E-3	1.6343E-1
7.6400E-4	9.7656E-3	1.3076E-1
7.6500E-4	9.7656E-3	1.1304E-1
7.6600E-4	1.0010E-2	1.0747E-1
7.6700E-4	9.0332E-3	1.0913E-1
7.6800E-4	9.5215E-3	1.1797E-1
7.6900E-4	9.0332E-3	1.3203E-1
7.7000E-4	9.5215E-3	1.4683E-1
7.7100E-4	1.0010E-2	1.6675E-1
7.7200E-4	9.5215E-3	1.9556E-1
7.7300E-4	1.0010E-2	2.3286E-1
7.7400E-4	9.5215E-3	2.8062E-1
7.7500E-4	9.5215E-3	3.3643E-1
7.7600E-4	1.0254E-2	3.9541E-1
7.7700E-4	9.2773E-3	4.5698E-1
7.7800E-4	9.7656E-3	5.1455E-1
7.7900E-4	9.7656E-3	5.6064E-1
7.8000E-4	9.7656E-3	5.9102E-1
7.8100E-4	9.5215E-3	6.0444E-1
7.8200E-4	9.2773E-3	5.9829E-1
7.8300E-4	8.7891E-3	5.7275E-1
7.8400E-4	1.0010E-2	5.2769E-1
7.8500E-4	9.0332E-3	4.7227E-1
7.8600E-4	1.0254E-2	4.0732E-1
7.8700E-4	9.5215E-3	3.3721E-1
7.8800E-4	9.7656E-3	2.6719E-1
7.8900E-4	1.0254E-2	2.0649E-1
7.9000E-4	1.0010E-2	1.5659E-1
7.9100E-4	9.5215E-3	1.2222E-1
7.9200E-4	9.2773E-3	1.0034E-1
7.9300E-4	1.0010E-2	9.2334E-2
7.9400E-4	9.0332E-3	9.3652E-2
7.9500E-4	9.5215E-3	1.0303E-1
7.9600E-4	9.2773E-3	1.1782E-1
7.9700E-4	9.2773E-3	1.3774E-1
7.9800E-4	9.7656E-3	1.6489E-1
7.9900E-4	1.0010E-2	1.9805E-1
8.0000E-4	9.5215E-3	2.3530E-1
8.0100E-4	9.5215E-3	2.7847E-1
8.0200E-4	1.0010E-2	3.2925E-1
8.0300E-4	9.0332E-3	3.8145E-1
8.0400E-4	9.5215E-3	4.3848E-1
8.0500E-4	9.5215E-3	4.9863E-1
8.0600E-4	1.0254E-2	5.5278E-1
8.0700E-4	9.0332E-3	5.9429E-1
8.0800E-4	1.0010E-2	6.1992E-1
8.0900E-4	9.5215E-3	6.2466E-1
8.1000E-4	9.7656E-3	6.0659E-1
8.1100E-4	9.5215E-3	5.7168E-1
8.1200E-4	9.5215E-3	5.2383E-1
8.1300E-4	9.5215E-3	4.6890E-1
8.1400E-4	9.5215E-3	4.0913E-1
8.1500E-4	1.0254E-2	3.4902E-1
8.1600E-4	1.0254E-2	2.9033E-1
8.1700E-4	9.0332E-3	2.3740E-1
8.1800E-4	9.5215E-3	1.9341E-1
8.1900E-4	1.0010E-2	1.5977E-1
8.2000E-4	9.2773E-3	1.3779E-1
8.2100E-4	1.0010E-2	1.2817E-1
8.2200E-4	9.0332E-3	1.2993E-1
8.2300E-4	9.2773E-3	1.4019E-1
8.2400E-4	9.7656E-3	1.5937E-1
8.2500E-4	9.5215E-3	1.8511E-1
8.2600E-4	9.7656E-3	2.1636E-1
8.2700E-4	9.5215E-3	2.5493E-1
8.2800E-4	9.2773E-3	2.9946E-1
8.2900E-4	9.7656E-3	3.4697E-1
8.3000E-4	9.5215E-3	3.9775E-1
8.3100E-4	9.7656E-3	4.5381E-1
8.3200E-4	1.0254E-2	5.0815E-1
8.3300E-4	9.7656E-3	5.5562E-1
8.3400E-4	9.5215E-3	5.9380E-1
8.3500E-4	9.7656E-3	6.1509E-1
8.3600E-4	9.0332E-3	6.1504E-1
8.3700E-4	1.0254E-2	5.9639E-1
8.3800E-4	1.0010E-2	5.6177E-1
8.3900E-4	9.5215E-3	5.1406E-1
8.4000E-4	1.0010E-2	4.6089E-1
8.4100E-4	9.2773E-3	4.0327E-1
8.4200E-4	9.0332E-3	3.4512E-1
8.4300E-4	9.5215E-3	2.8931E-1
8.4400E-4	9.2773E-3	2.4063E-1
8.4500E-4	9.5215E-3	2.0034E-1
8.4600E-4	1.0254E-2	1.7070E-1
8.4700E-4	9.7656E-3	1.5059E-1
8.4800E-4	9.7656E-3	1.4229E-1
8.4900E-4	9.7656E-3	1.4463E-1
8.5000E-4	9.7656E-3	1.5571E-1
8.5100E-4	9.5215E-3	1.7412E-1
8.5200E-4	9.5215E-3	1.9824E-1
8.5300E-4	9.5215E-3	2.2578E-1
8.5400E-4	9.0332E-3	2.5723E-1
8.5500E-4	9.7656E-3	2.9175E-1
8.5600E-4	9.5215E-3	3.2993E-1
8.5700E-4	9.7656E-3	3.7207E-1
8.5800E-4	9.5215E-3	4.2051E-1
8.5900E-4	9.7656E-3	4.7275E-1
8.6000E-4	9.7656E-3	5.2490E-1
8.6100E-4	9.7656E-3	5.7070E-1
8.6200E-4	9.2773E-3	6.0439E-1
8.6300E-4	9.7656E-3	6.1987E-1
8.6400E-4	9.2773E-3	6.1421E-1
8.6500E-4	9.2773E-3	5.9014E-1
8.6600E-4	9.7656E-3	5.5352E-1
8.6700E-4	9.5215E-3	5.0986E-1
8.6800E-4	9.5215E-3	4.6050E-1
8.6900E-4	9.5215E-3	4.0879E-1
8.7000E-4	8.7891E-3	3.6006E-1
8.7100E-4	9.2773E-3	3.1284E-1
8.7200E-4	1.0742E-2	2.6802E-1
8.7300E-4	9.7656E-3	2.3218E-1
8.7400E-4	9.7656E-3	2.0464E-1
8.7500E-4	9.2773E-3	1.8491E-1
8.7600E-4	9.7656E-3	1.7603E-1
8.7700E-4	9.7656E-3	1.7837E-1
8.7800E-4	1.0010E-2	1.8838E-1
8.7900E-4	9.5215E-3	2.0635E-1
8.8000E-4	9.0332E-3	2.3140E-1
8.8100E-4	9.2773E-3	2.6040E-1
8.8200E-4	9.5215E-3	2.9292E-1
8.8300E-4	9.7656E-3	3.2876E-1
8.8400E-4	9.0332E-3	3.6978E-1
8.8500E-4	9.7656E-3	4.1191E-1
8.8600E-4	9.5215E-3	4.5479E-1
8.8700E-4	9.5215E-3	4.9497E-1
8.8800E-4	9.5215E-3	5.3062E-1
8.8900E-4	1.0010E-2	5.5547E-1
8.9000E-4	9.5215E-3	5.6899E-1
8.9100E-4	9.5215E-3	5.7188E-1
8.9200E-4	1.0254E-2	5.6230E-1
8.9300E-4	1.0010E-2	5.4092E-1
8.9400E-4	9.2773E-3	5.1143E-1
8.9500E-4	9.5215E-3	4.7324E-1
8.9600E-4	9.5215E-3	4.2837E-1
8.9700E-4	9.7656E-3	3.8159E-1
8.9800E-4	9.7656E-3	3.3750E-1
8.9900E-4	9.5215E-3	2.9585E-1
9.0000E-4	9.7656E-3	2.6396E-1
9.0100E-4	9.2773E-3	2.4043E-1
9.0200E-4	9.5215E-3	2.2617E-1
9.0300E-4	9.5215E-3	2.2017E-1
9.0400E-4	1.0010E-2	2.2217E-1
9.0500E-4	9.5215E-3	2.2822E-1
9.0600E-4	9.5215E-3	2.4033E-1
9.0700E-4	9.7656E-3	2.5571E-1
9.0800E-4	9.5215E-3	2.7412E-1
9.0900E-4	9.5215E-3	2.9546E-1
9.1000E-4	1.0254E-2	3.2070E-1
9.1100E-4	9.5215E-3	3.4937E-1
9.1200E-4	9.2773E-3	3.7998E-1
9.1300E-4	9.5215E-3	4.1182E-1
9.1400E-4	9.5215E-3	4.4434E-1
9.1500E-4	9.7656E-3	4.7407E-1
9.1600E-4	9.5215E-3	4.9912E-1
9.1700E-4	9.2773E-3	5.1943E-1
9.1800E-4	9.2773E-3	5.3262E-1
9.1900E-4	9.2773E-3	5.3931E-1
9.2000E-4	9.5215E-3	5.3726E-1
9.2100E-4	1.0254E-2	5.2593E-1
9.2200E-4	9.0332E-3	5.0669E-1
9.2300E-4	9.5215E-3	4.8076E-1
9.2400E-4	9.5215E-3	4.5024E-1
9.2500E-4	9.5215E-3	4.1802E-1
9.2600E-4	9.5215E-3	3.8740E-1
9.2700E-4	9.7656E-3	3.5854E-1
9.2800E-4	1.0010E-2	3.3330E-1
9.2900E-4	9.0332E-3	3.0874E-1
9.3000E-4	1.0254E-2	2.8813E-1
9.3100E-4	9.7656E-3	2.6909E-1
9.3200E-4	9.5215E-3	2.5586E-1
9.3300E-4	1.0254E-2	2.4580E-1
9.3400E-4	1.0010E-2	2.4194E-1
9.3500E-4	9.0332E-3	2.4263E-1
9.3600E-4	9.7656E-3	2.4795E-1
9.3700E-4	9.5215E-3	2.5806E-1
9.3800E-4	9.0332E-3	2.7129E-1
9.3900E-4	1.0010E-2	2.8804E-1
9.4000E-4	9.5215E-3	3.0547E-1
9.4100E-4	9.5215E-3	3.2598E-1
9.4200E-4	1.0254E-2	3.4443E-1
9.4300E-4	9.2773E-3	3.6548E-1
9.4400E-4	1.0254E-2	3.8511E-1
9.4500E-4	1.0010E-2	4.0464E-1
9.4600E-4	9.0332E-3	4.2222E-1
9.4700E-4	1.0010E-2	4.3833E-1
9.4800E-4	9.5215E-3	4.5244E-1
9.4900E-4	9.5215E-3	4.6470E-1
9.5000E-4	9.7656E-3	4.7471E-1
9.5100E-4	1.0010E-2	4.7930E-1
9.5200E-4	9.7656E-3	4.7671E-1
9.5300E-4	9.5215E-3	4.6211E-1
9.5400E-4	9.7656E-3	4.3867E-1
9.5500E-4	9.2773E-3	4.0508E-1
9.5600E-4	9.2773E-3	3.6704E-1
9.5700E-4	9.2773E-3	3.2642E-1
9.5800E-4	1.0010E-2	2.8833E-1
9.5900E-4	1.0010E-2	2.5205E-1
9.6000E-4	1.0010E-2	2.2026E-1
9.6100E-4	9.5215E-3	1.9004E-1
9.6200E-4	1.0254E-2	1.6763E-1
9.6300E-4	9.7656E-3	1.5034E-1
9.6400E-4	9.7656E-3	1.3735E-1
9.6500E-4	9.0332E-3	1.3301E-1
9.6600E-4	9.5215E-3	1.3716E-1
9.6700E-4	9.7656E-3	1.4365E-1
9.6800E-4	1.0010E-2	1.5142E-1
9.6900E-4	8.7891E-3	1.6592E-1
9.7000E-4	9.5215E-3	1.8369E-1
9.7100E-4	9.7656E-3	2.0654E-1
9.7200E-4	9.2773E-3	2.3711E-1
9.7300E-4	9.7656E-3	2.7979E-1
9.7400E-4	1.0010E-2	3.3042E-1
9.7500E-4	9.2773E-3	3.8960E-1
9.7600E-4	9.5215E-3	4.5054E-1
9.7700E-4	9.7656E-3	5.0469E-1
9.7800E-4	1.0254E-2	5.4170E-1
9.7900E-4	1.0498E-2	5.5103E-1
9.8000E-4	9.5215E-3	5.2490E-1
9.8100E-4	1.0010E-2	4.6582E-1
9.8200E-4	9.2773E-3	3.7910E-1
9.8300E-4	9.5215E-3	2.7446E-1
9.8400E-4	9.7656E-3	1.6133E-1
9.8500E-4	9.5215E-3	5.1074E-2
9.8600E-4	9.2773E-3	-5.0244E-2
9.8700E-4	9.2773E-3	-1.3638E-1
9.8800E-4	9.7656E-3	-2.0396E-1
9.8900E-4	9.5215E-3	-2.5054E-1
9.9000E-4	1.0498E-2	-2.8032E-1
9.9100E-4	9.2773E-3	-2.9683E-1
9.9200E-4	1.0254E-2	-3.0498E-1
9.9300E-4	9.2773E-3	-3.0625E-1
9.9400E-4	9.7656E-3	-3.0469E-1
9.9500E-4	9.2773E-3	-3.0029E-1
9.9600E-4	9.5215E-3	-2.9722E-1
9.9700E-4	9.7656E-3	-2.9307E-1
9.9800E-4	9.5215E-3	-2.9307E-1
9.9900E-4	9.7656E-3	-2.9307E-1
