Time [s]	Aux in [V]	Main in [V]
0.0000E+0	9.2773E-3	5.7148E-1
1.0000E-6	9.5215E-3	5.7095E-1
2.0000E-6	9.5215E-3	5.7144E-1
3.0000E-6	1.0010E-2	5.7349E-1
4.0000E-6	9.0332E-3	5.7593E-1
5.0000E-6	9.5215E-3	5.7881E-1
6.0000E-6	9.7656E-3	5.7949E-1
7.0000E-6	1.0010E-2	5.7793E-1
8.0000E-6	1.0010E-2	5.7402E-1
9.0000E-6	9.2773E-3	5.7300E-1
1.0000E-5	9.7656E-3	5.7388E-1
1.1000E-5	9.7656E-3	5.7632E-1
1.2000E-5	8.7891E-3	5.8086E-1
1.3000E-5	1.0010E-2	5.8511E-1
1.4000E-5	1.0010E-2	5.8774E-1
1.5000E-5	9.0332E-3	5.8989E-1
1.6000E-5	9.7656E-3	5.9253E-1
1.7000E-5	9.5215E-3	5.9292E-1
1.8000E-5	1.0010E-2	5.9380E-1
1.9000E-5	1.0010E-2	5.9302E-1
2.0000E-5	1.0010E-2	5.9062E-1
2.1000E-5	1.0010E-2	5.8989E-1
2.2000E-5	9.5215E-3	5.8960E-1
2.3000E-5	9.5215E-3	5.8916E-1
2.4000E-5	1.0254E-2	5.9033E-1
2.5000E-5	9.2773E-3	5.9277E-1
2.6000E-5	9.7656E-3	5.9248E-1
2.7000E-5	9.0332E-3	5.9360E-1
2.8000E-5	9.7656E-3	5.9448E-1
2.9000E-5	9.2773E-3	5.9580E-1
3.0000E-5	9.7656E-3	5.9624E-1
3.1000E-5	9.5215E-3	5.9751E-1
3.2000E-5	9.5215E-3	5.9751E-1
3.3000E-5	9.5215E-3	5.9819E-1
3.4000E-5	9.5215E-3	5.9644E-1
3.5000E-5	9.7656E-3	5.9604E-1
3.6000E-5	1.0254E-2	5.9707E-1
3.7000E-5	1.0010E-2	5.9849E-1
3.8000E-5	9.2773E-3	6.0029E-1
3.9000E-5	1.0010E-2	6.0186E-1
4.0000E-5	9.7656E-3	6.0190E-1
4.1000E-5	9.2773E-3	5.9961E-1
4.2000E-5	1.0010E-2	5.9751E-1
4.3000E-5	9.2773E-3	5.9512E-1
4.4000E-5	1.0010E-2	5.9556E-1
4.5000E-5	1.0254E-2	5.9531E-1
4.6000E-5	9.5215E-3	5.9619E-1
4.7000E-5	1.0010E-2	5.9746E-1
4.8000E-5	9.2773E-3	5.9775E-1
4.9000E-5	9.5215E-3	5.9727E-1
5.0000E-5	1.0254E-2	5.9673E-1
5.1000E-5	1.0010E-2	5.9634E-1
5.2000E-5	9.5215E-3	5.9487E-1
5.3000E-5	1.0254E-2	5.9473E-1
5.4000E-5	9.2773E-3	5.9580E-1
5.5000E-5	1.0010E-2	5.9727E-1
5.6000E-5	1.0010E-2	5.9873E-1
5.7000E-5	1.0254E-2	6.0039E-1
5.8000E-5	9.5215E-3	6.0112E-1
5.9000E-5	9.0332E-3	6.0239E-1
6.0000E-5	9.7656E-3	6.0229E-1
6.1000E-5	1.0010E-2	6.0103E-1
6.2000E-5	1.0010E-2	6.0020E-1
6.3000E-5	9.7656E-3	5.9854E-1
6.4000E-5	9.0332E-3	5.9492E-1
6.5000E-5	9.2773E-3	5.9214E-1
6.6000E-5	1.0010E-2	5.9126E-1
6.7000E-5	9.2773E-3	5.9097E-1
6.8000E-5	9.2773E-3	5.9341E-1
6.9000E-5	9.7656E-3	5.9585E-1
7.0000E-5	1.0010E-2	5.9995E-1
7.1000E-5	9.7656E-3	6.0273E-1
7.2000E-5	1.0010E-2	6.0396E-1
7.3000E-5	1.0254E-2	6.0356E-1
7.4000E-5	9.0332E-3	6.0293E-1
7.5000E-5	9.5215E-3	5.9995E-1
7.6000E-5	9.5215E-3	5.9658E-1
7.7000E-5	9.5215E-3	5.9478E-1
7.8000E-5	9.2773E-3	5.9409E-1
7.9000E-5	9.2773E-3	5.9438E-1
8.0000E-5	9.2773E-3	5.9570E-1
8.1000E-5	9.0332E-3	5.9844E-1
8.2000E-5	9.2773E-3	6.0112E-1
8.3000E-5	9.0332E-3	6.0342E-1
8.4000E-5	9.0332E-3	6.0327E-1
8.5000E-5	9.5215E-3	6.0244E-1
8.6000E-5	9.5215E-3	6.0146E-1
8.7000E-5	9.0332E-3	5.9956E-1
8.8000E-5	9.5215E-3	5.9800E-1
8.9000E-5	9.5215E-3	5.9888E-1
9.0000E-5	9.5215E-3	6.0229E-1
9.1000E-5	9.2773E-3	6.0474E-1
9.2000E-5	9.5215E-3	6.0820E-1
9.3000E-5	9.5215E-3	6.1030E-1
9.4000E-5	9.0332E-3	6.1270E-1
9.5000E-5	9.5215E-3	6.1372E-1
9.6000E-5	9.5215E-3	6.1382E-1
9.7000E-5	9.7656E-3	6.1387E-1
9.8000E-5	9.0332E-3	6.1641E-1
9.9000E-5	9.2773E-3	6.1670E-1
1.0000E-4	9.2773E-3	6.1763E-1
1.0100E-4	9.7656E-3	6.2002E-1
1.0200E-4	1.0010E-2	6.2148E-1
1.0300E-4	9.7656E-3	6.2095E-1
1.0400E-4	9.2773E-3	6.2295E-1
1.0500E-4	9.2773E-3	6.2358E-1
1.0600E-4	9.7656E-3	6.2324E-1
1.0700E-4	9.2773E-3	6.2383E-1
1.0800E-4	9.5215E-3	6.2432E-1
1.0900E-4	9.2773E-3	6.2461E-1
1.1000E-4	9.5215E-3	6.2539E-1
1.1100E-4	1.0254E-2	6.2793E-1
1.1200E-4	1.0010E-2	6.3037E-1
1.1300E-4	9.7656E-3	6.3496E-1
1.1400E-4	9.7656E-3	6.3818E-1
1.1500E-4	9.0332E-3	6.4214E-1
1.1600E-4	9.5215E-3	6.4644E-1
1.1700E-4	9.5215E-3	6.4927E-1
1.1800E-4	9.7656E-3	6.4980E-1
1.1900E-4	9.2773E-3	6.5093E-1
1.2000E-4	9.2773E-3	6.5190E-1
1.2100E-4	1.0254E-2	6.5244E-1
1.2200E-4	9.5215E-3	6.5571E-1
1.2300E-4	1.0010E-2	6.5771E-1
1.2400E-4	1.0010E-2	6.6045E-1
1.2500E-4	9.7656E-3	6.6250E-1
1.2600E-4	9.7656E-3	6.6353E-1
1.2700E-4	9.7656E-3	6.6411E-1
1.2800E-4	9.5215E-3	6.6777E-1
1.2900E-4	9.7656E-3	6.7114E-1
1.3000E-4	9.7656E-3	6.7402E-1
1.3100E-4	9.2773E-3	6.7627E-1
1.3200E-4	1.0254E-2	6.7861E-1
1.3300E-4	1.0010E-2	6.8149E-1
1.3400E-4	9.2773E-3	6.8740E-1
1.3500E-4	9.5215E-3	6.9180E-1
1.3600E-4	9.2773E-3	7.0063E-1
1.3700E-4	1.0010E-2	7.0698E-1
1.3800E-4	1.0010E-2	7.1060E-1
1.3900E-4	8.7891E-3	7.1084E-1
1.4000E-4	9.5215E-3	7.1372E-1
1.4100E-4	1.0010E-2	7.1460E-1
1.4200E-4	9.2773E-3	7.1812E-1
1.4300E-4	9.7656E-3	7.2310E-1
1.4400E-4	1.0010E-2	7.2720E-1
1.4500E-4	1.0010E-2	7.3213E-1
1.4600E-4	9.2773E-3	7.3564E-1
1.4700E-4	9.5215E-3	7.3862E-1
1.4800E-4	1.0010E-2	7.4238E-1
1.4900E-4	9.0332E-3	7.4727E-1
1.5000E-4	9.5215E-3	7.5112E-1
1.5100E-4	1.0254E-2	7.5562E-1
1.5200E-4	9.5215E-3	7.6084E-1
1.5300E-4	1.0010E-2	7.6523E-1
1.5400E-4	9.5215E-3	7.6875E-1
1.5500E-4	9.7656E-3	7.7222E-1
1.5600E-4	9.5215E-3	7.7432E-1
1.5700E-4	9.5215E-3	7.7568E-1
1.5800E-4	9.7656E-3	7.7827E-1
1.5900E-4	9.5215E-3	7.8115E-1
1.6000E-4	9.5215E-3	7.8374E-1
1.6100E-4	9.7656E-3	7.8574E-1
1.6200E-4	1.0010E-2	7.8730E-1
1.6300E-4	9.7656E-3	7.8730E-1
1.6400E-4	9.5215E-3	7.8706E-1
1.6500E-4	1.0010E-2	7.8813E-1
1.6600E-4	9.2773E-3	7.8945E-1
1.6700E-4	1.0010E-2	7.8965E-1
1.6800E-4	1.0254E-2	7.8984E-1
1.6900E-4	8.7891E-3	7.9048E-1
1.7000E-4	1.0010E-2	7.9116E-1
1.7100E-4	9.5215E-3	7.9355E-1
1.7200E-4	9.5215E-3	7.9766E-1
1.7300E-4	9.5215E-3	8.0039E-1
1.7400E-4	1.0010E-2	8.0112E-1
1.7500E-4	9.7656E-3	7.9883E-1
1.7600E-4	9.7656E-3	7.9482E-1
1.7700E-4	9.2773E-3	7.9033E-1
1.7800E-4	9.5215E-3	7.8643E-1
1.7900E-4	9.7656E-3	7.8477E-1
1.8000E-4	9.7656E-3	7.8447E-1
1.8100E-4	9.2773E-3	7.8433E-1
1.8200E-4	1.0010E-2	7.8452E-1
1.8300E-4	1.0010E-2	7.8638E-1
1.8400E-4	9.5215E-3	7.8862E-1
1.8500E-4	9.5215E-3	7.9219E-1
1.8600E-4	9.5215E-3	7.9624E-1
1.8700E-4	9.5215E-3	7.9819E-1
1.8800E-4	9.7656E-3	7.9902E-1
1.8900E-4	9.2773E-3	7.9824E-1
1.9000E-4	9.5215E-3	7.9673E-1
1.9100E-4	9.7656E-3	7.9302E-1
1.9200E-4	1.0010E-2	7.8940E-1
1.9300E-4	8.7891E-3	7.8584E-1
1.9400E-4	9.5215E-3	7.8433E-1
1.9500E-4	9.5215E-3	7.8335E-1
1.9600E-4	9.2773E-3	7.8599E-1
1.9700E-4	1.0010E-2	7.9121E-1
1.9800E-4	9.5215E-3	7.9663E-1
1.9900E-4	1.0010E-2	8.0059E-1
2.0000E-4	9.5215E-3	8.0234E-1
2.0100E-4	9.7656E-3	8.0107E-1
2.0200E-4	1.0010E-2	7.9966E-1
2.0300E-4	9.5215E-3	7.9785E-1
2.0400E-4	9.7656E-3	7.9644E-1
2.0500E-4	9.0332E-3	7.9619E-1
2.0600E-4	9.7656E-3	7.9424E-1
2.0700E-4	9.0332E-3	7.9165E-1
2.0800E-4	9.5215E-3	7.9048E-1
2.0900E-4	1.0010E-2	7.8813E-1
2.1000E-4	9.5215E-3	7.8560E-1
2.1100E-4	9.2773E-3	7.8496E-1
2.1200E-4	9.2773E-3	7.8433E-1
2.1300E-4	1.0010E-2	7.8164E-1
2.1400E-4	9.2773E-3	7.8042E-1
2.1500E-4	9.5215E-3	7.7964E-1
2.1600E-4	1.0010E-2	7.7876E-1
2.1700E-4	1.0254E-2	7.7505E-1
2.1800E-4	9.5215E-3	7.7163E-1
2.1900E-4	9.2773E-3	7.6729E-1
2.2000E-4	1.0010E-2	7.6177E-1
2.2100E-4	9.7656E-3	7.5752E-1
2.2200E-4	9.7656E-3	7.5571E-1
2.2300E-4	9.7656E-3	7.5366E-1
2.2400E-4	1.0742E-2	7.5107E-1
2.2500E-4	9.7656E-3	7.4702E-1
2.2600E-4	1.0010E-2	7.4155E-1
2.2700E-4	1.0254E-2	7.3550E-1
2.2800E-4	9.2773E-3	7.2954E-1
2.2900E-4	9.5215E-3	7.2505E-1
2.3000E-4	9.2773E-3	7.2397E-1
2.3100E-4	9.7656E-3	7.2480E-1
2.3200E-4	1.0010E-2	7.2417E-1
2.3300E-4	9.2773E-3	7.2373E-1
2.3400E-4	9.2773E-3	7.2124E-1
2.3500E-4	9.7656E-3	7.1709E-1
2.3600E-4	9.5215E-3	7.1191E-1
2.3700E-4	9.2773E-3	7.0737E-1
2.3800E-4	9.7656E-3	7.0186E-1
2.3900E-4	9.5215E-3	6.9795E-1
2.4000E-4	9.2773E-3	6.9502E-1
2.4100E-4	1.0010E-2	6.9102E-1
2.4200E-4	9.5215E-3	6.8628E-1
2.4300E-4	9.2773E-3	6.8301E-1
2.4400E-4	1.0010E-2	6.7876E-1
2.4500E-4	9.2773E-3	6.7505E-1
2.4600E-4	1.0254E-2	6.7388E-1
2.4700E-4	1.0254E-2	6.7510E-1
2.4800E-4	1.0254E-2	6.7568E-1
2.4900E-4	9.7656E-3	6.7588E-1
2.5000E-4	9.5215E-3	6.7432E-1
2.5100E-4	9.5215E-3	6.7144E-1
2.5200E-4	9.7656E-3	6.6685E-1
2.5300E-4	1.0010E-2	6.6167E-1
2.5400E-4	9.7656E-3	6.5742E-1
2.5500E-4	9.5215E-3	6.5596E-1
2.5600E-4	9.7656E-3	6.5288E-1
2.5700E-4	9.7656E-3	6.5181E-1
2.5800E-4	9.2773E-3	6.5244E-1
2.5900E-4	9.2773E-3	6.5176E-1
2.6000E-4	1.0010E-2	6.5005E-1
2.6100E-4	1.0010E-2	6.4937E-1
2.6200E-4	9.2773E-3	6.4702E-1
2.6300E-4	9.5215E-3	6.4312E-1
2.6400E-4	1.0010E-2	6.4180E-1
2.6500E-4	9.2773E-3	6.3896E-1
2.6600E-4	1.0010E-2	6.3706E-1
2.6700E-4	9.2773E-3	6.3716E-1
2.6800E-4	1.0254E-2	6.3813E-1
2.6900E-4	9.2773E-3	6.3843E-1
2.7000E-4	9.2773E-3	6.4116E-1
2.7100E-4	9.2773E-3	6.4370E-1
2.7200E-4	9.5215E-3	6.4482E-1
2.7300E-4	9.5215E-3	6.4624E-1
2.7400E-4	9.5215E-3	6.4668E-1
2.7500E-4	9.7656E-3	6.4429E-1
2.7600E-4	9.5215E-3	6.4131E-1
2.7700E-4	9.5215E-3	6.3848E-1
2.7800E-4	9.5215E-3	6.3462E-1
2.7900E-4	9.5215E-3	6.3154E-1
2.8000E-4	9.2773E-3	6.3125E-1
2.8100E-4	9.5215E-3	6.3164E-1
2.8200E-4	1.0010E-2	6.3418E-1
2.8300E-4	1.0254E-2	6.3926E-1
2.8400E-4	1.0254E-2	6.4448E-1
2.8500E-4	9.7656E-3	6.4868E-1
2.8600E-4	1.0010E-2	6.5327E-1
2.8700E-4	9.2773E-3	6.5547E-1
2.8800E-4	9.5215E-3	6.5654E-1
2.8900E-4	1.0010E-2	6.5845E-1
2.9000E-4	9.5215E-3	6.6050E-1
2.9100E-4	9.2773E-3	6.6216E-1
2.9200E-4	9.2773E-3	6.6436E-1
2.9300E-4	9.5215E-3	6.6567E-1
2.9400E-4	9.2773E-3	6.6436E-1
2.9500E-4	1.0010E-2	6.6245E-1
2.9600E-4	8.7891E-3	6.6040E-1
2.9700E-4	9.7656E-3	6.5830E-1
2.9800E-4	1.0254E-2	6.5684E-1
2.9900E-4	1.0010E-2	6.5786E-1
3.0000E-4	9.7656E-3	6.6035E-1
3.0100E-4	1.0254E-2	6.6509E-1
3.0200E-4	1.0010E-2	6.7085E-1
3.0300E-4	9.5215E-3	6.7803E-1
3.0400E-4	9.2773E-3	6.8442E-1
3.0500E-4	9.7656E-3	6.8999E-1
3.0600E-4	9.5215E-3	6.9321E-1
3.0700E-4	9.5215E-3	6.9668E-1
3.0800E-4	9.5215E-3	7.0015E-1
3.0900E-4	9.5215E-3	7.0464E-1
3.1000E-4	1.0010E-2	7.0854E-1
3.1100E-4	9.7656E-3	7.1270E-1
3.1200E-4	9.7656E-3	7.1416E-1
3.1300E-4	9.7656E-3	7.1416E-1
3.1400E-4	9.5215E-3	7.1406E-1
3.1500E-4	1.0254E-2	7.1406E-1
3.1600E-4	9.5215E-3	7.1606E-1
3.1700E-4	9.7656E-3	7.2075E-1
3.1800E-4	9.7656E-3	7.2666E-1
3.1900E-4	1.0254E-2	7.3335E-1
3.2000E-4	1.0254E-2	7.3887E-1
3.2100E-4	9.7656E-3	7.4478E-1
3.2200E-4	1.0010E-2	7.4858E-1
3.2300E-4	1.0010E-2	7.5132E-1
3.2400E-4	9.7656E-3	7.5557E-1
3.2500E-4	9.2773E-3	7.6230E-1
3.2600E-4	1.0010E-2	7.6675E-1
3.2700E-4	9.2773E-3	7.7349E-1
3.2800E-4	9.0332E-3	7.8091E-1
3.2900E-4	9.5215E-3	7.8535E-1
3.3000E-4	9.7656E-3	7.8999E-1
3.3100E-4	9.7656E-3	7.9561E-1
3.3200E-4	9.5215E-3	8.0127E-1
3.3300E-4	9.2773E-3	8.0601E-1
3.3400E-4	1.0010E-2	8.1074E-1
3.3500E-4	9.7656E-3	8.1460E-1
3.3600E-4	9.5215E-3	8.1626E-1
3.3700E-4	1.0254E-2	8.1694E-1
3.3800E-4	9.7656E-3	8.1777E-1
3.3900E-4	9.7656E-3	8.2031E-1
3.4000E-4	9.5215E-3	8.2290E-1
3.4100E-4	9.5215E-3	8.2666E-1
3.4200E-4	9.5215E-3	8.3193E-1
3.4300E-4	9.5215E-3	8.3696E-1
3.4400E-4	9.7656E-3	8.4023E-1
3.4500E-4	9.7656E-3	8.4229E-1
3.4600E-4	1.0010E-2	8.4346E-1
3.4700E-4	1.0742E-2	8.4351E-1
3.4800E-4	9.2773E-3	8.4360E-1
3.4900E-4	1.0254E-2	8.4463E-1
3.5000E-4	9.5215E-3	8.4609E-1
3.5100E-4	9.5215E-3	8.4995E-1
3.5200E-4	9.7656E-3	8.5386E-1
3.5300E-4	9.5215E-3	8.5825E-1
3.5400E-4	9.5215E-3	8.6147E-1
3.5500E-4	9.7656E-3	8.6338E-1
3.5600E-4	9.7656E-3	8.6299E-1
3.5700E-4	9.0332E-3	8.6040E-1
3.5800E-4	9.7656E-3	8.5630E-1
3.5900E-4	1.0010E-2	8.5176E-1
3.6000E-4	9.0332E-3	8.4873E-1
3.6100E-4	9.5215E-3	8.4668E-1
3.6200E-4	9.5215E-3	8.4507E-1
3.6300E-4	1.0010E-2	8.4434E-1
3.6400E-4	9.5215E-3	8.4209E-1
3.6500E-4	9.0332E-3	8.3936E-1
3.6600E-4	9.7656E-3	8.3608E-1
3.6700E-4	9.7656E-3	8.3159E-1
3.6800E-4	9.5215E-3	8.2671E-1
3.6900E-4	9.0332E-3	8.2314E-1
3.7000E-4	9.7656E-3	8.1816E-1
3.7100E-4	9.2773E-3	8.1475E-1
3.7200E-4	1.0010E-2	8.1094E-1
3.7300E-4	9.0332E-3	8.0645E-1
3.7400E-4	1.0010E-2	8.0186E-1
3.7500E-4	9.2773E-3	7.9946E-1
3.7600E-4	1.0254E-2	7.9629E-1
3.7700E-4	1.0498E-2	7.9385E-1
3.7800E-4	9.7656E-3	7.9263E-1
3.7900E-4	9.2773E-3	7.8975E-1
3.8000E-4	1.0010E-2	7.8486E-1
3.8100E-4	9.5215E-3	7.7764E-1
3.8200E-4	9.7656E-3	7.7036E-1
3.8300E-4	1.0010E-2	7.6157E-1
3.8400E-4	9.5215E-3	7.5278E-1
3.8500E-4	9.5215E-3	7.4429E-1
3.8600E-4	9.2773E-3	7.3701E-1
3.8700E-4	9.5215E-3	7.3237E-1
3.8800E-4	9.5215E-3	7.3086E-1
3.8900E-4	9.2773E-3	7.3066E-1
3.9000E-4	9.5215E-3	7.3057E-1
3.9100E-4	9.7656E-3	7.3018E-1
3.9200E-4	9.5215E-3	7.2837E-1
3.9300E-4	9.5215E-3	7.2378E-1
3.9400E-4	9.5215E-3	7.1812E-1
3.9500E-4	1.0010E-2	7.1260E-1
3.9600E-4	9.5215E-3	7.0708E-1
3.9700E-4	9.5215E-3	7.0098E-1
3.9800E-4	9.5215E-3	6.9497E-1
3.9900E-4	9.2773E-3	6.9092E-1
4.0000E-4	1.0010E-2	6.8623E-1
4.0100E-4	9.5215E-3	6.8188E-1
4.0200E-4	9.7656E-3	6.7778E-1
4.0300E-4	1.0254E-2	6.7295E-1
4.0400E-4	1.0254E-2	6.6948E-1
4.0500E-4	1.0254E-2	6.6543E-1
4.0600E-4	9.7656E-3	6.6079E-1
4.0700E-4	9.0332E-3	6.5762E-1
4.0800E-4	9.7656E-3	6.5537E-1
4.0900E-4	1.0010E-2	6.5176E-1
4.1000E-4	9.7656E-3	6.4868E-1
4.1100E-4	1.0010E-2	6.4658E-1
4.1200E-4	1.0254E-2	6.4199E-1
4.1300E-4	9.2773E-3	6.3823E-1
4.1400E-4	9.7656E-3	6.3403E-1
4.1500E-4	9.0332E-3	6.3159E-1
4.1600E-4	1.0010E-2	6.2739E-1
4.1700E-4	9.5215E-3	6.2500E-1
4.1800E-4	9.5215E-3	6.2246E-1
4.1900E-4	9.7656E-3	6.1919E-1
4.2000E-4	9.5215E-3	6.1704E-1
4.2100E-4	9.2773E-3	6.1753E-1
4.2200E-4	1.0010E-2	6.1753E-1
4.2300E-4	9.2773E-3	6.1792E-1
4.2400E-4	9.2773E-3	6.1875E-1
4.2500E-4	9.2773E-3	6.1641E-1
4.2600E-4	9.5215E-3	6.1250E-1
4.2700E-4	9.5215E-3	6.0801E-1
4.2800E-4	1.0498E-2	6.0352E-1
4.2900E-4	9.7656E-3	5.9927E-1
4.3000E-4	1.0254E-2	5.9482E-1
4.3100E-4	1.0010E-2	5.9229E-1
4.3200E-4	9.2773E-3	5.9180E-1
4.3300E-4	9.5215E-3	5.9126E-1
4.3400E-4	9.5215E-3	5.8906E-1
4.3500E-4	9.7656E-3	5.8994E-1
4.3600E-4	9.2773E-3	5.8984E-1
4.3700E-4	9.5215E-3	5.8794E-1
4.3800E-4	9.2773E-3	5.8584E-1
4.3900E-4	9.5215E-3	5.8604E-1
4.4000E-4	9.5215E-3	5.8628E-1
4.4100E-4	9.5215E-3	5.8716E-1
4.4200E-4	9.7656E-3	5.8887E-1
4.4300E-4	9.0332E-3	5.9009E-1
4.4400E-4	1.0010E-2	5.9282E-1
4.4500E-4	9.2773E-3	5.9360E-1
4.4600E-4	9.0332E-3	5.9331E-1
4.4700E-4	1.0010E-2	5.9316E-1
4.4800E-4	9.7656E-3	5.9370E-1
4.4900E-4	9.2773E-3	5.9019E-1
4.5000E-4	9.7656E-3	5.8955E-1
4.5100E-4	9.2773E-3	5.8784E-1
4.5200E-4	8.7891E-3	5.8545E-1
4.5300E-4	9.2773E-3	5.8350E-1
4.5400E-4	1.0254E-2	5.8389E-1
4.5500E-4	9.5215E-3	5.8184E-1
4.5600E-4	1.0254E-2	5.8164E-1
4.5700E-4	9.7656E-3	5.8145E-1
4.5800E-4	9.2773E-3	5.8223E-1
4.5900E-4	9.5215E-3	5.8184E-1
4.6000E-4	9.7656E-3	5.8237E-1
4.6100E-4	9.2773E-3	5.8330E-1
4.6200E-4	9.2773E-3	5.8369E-1
4.6300E-4	9.7656E-3	5.8301E-1
4.6400E-4	9.7656E-3	5.8291E-1
4.6500E-4	9.2773E-3	5.8374E-1
4.6600E-4	8.7891E-3	5.8428E-1
4.6700E-4	9.5215E-3	5.8560E-1
4.6800E-4	1.0010E-2	5.8604E-1
4.6900E-4	8.7891E-3	5.8740E-1
4.7000E-4	1.0254E-2	5.8877E-1
4.7100E-4	9.7656E-3	5.9067E-1
4.7200E-4	1.0010E-2	5.9404E-1
4.7300E-4	9.5215E-3	5.9751E-1
4.7400E-4	9.5215E-3	6.0088E-1
4.7500E-4	9.2773E-3	6.0283E-1
4.7600E-4	9.7656E-3	6.0215E-1
4.7700E-4	9.7656E-3	5.9922E-1
4.7800E-4	1.0010E-2	5.9634E-1
4.7900E-4	9.2773E-3	5.9287E-1
4.8000E-4	9.5215E-3	5.8887E-1
4.8100E-4	9.5215E-3	5.8740E-1
4.8200E-4	1.0010E-2	5.8877E-1
4.8300E-4	9.7656E-3	5.9106E-1
4.8400E-4	9.5215E-3	5.9468E-1
4.8500E-4	9.7656E-3	6.0024E-1
4.8600E-4	9.7656E-3	6.0547E-1
4.8700E-4	9.7656E-3	6.0894E-1
4.8800E-4	9.7656E-3	6.1138E-1
4.8900E-4	9.5215E-3	6.1304E-1
4.9000E-4	9.5215E-3	6.1196E-1
4.9100E-4	9.0332E-3	6.1177E-1
4.9200E-4	1.0254E-2	6.1177E-1
4.9300E-4	9.7656E-3	6.1265E-1
4.9400E-4	9.5215E-3	6.1357E-1
4.9500E-4	9.2773E-3	6.1519E-1
4.9600E-4	1.0010E-2	6.1436E-1
4.9700E-4	9.0332E-3	6.1250E-1
4.9800E-4	1.0010E-2	6.1191E-1
4.9900E-4	1.0254E-2	6.1113E-1
5.0000E-4	9.7656E-3	6.1343E-1
5.0100E-4	9.5215E-3	6.1680E-1
5.0200E-4	1.0010E-2	6.2144E-1
5.0300E-4	1.0254E-2	6.2446E-1
5.0400E-4	9.5215E-3	6.2759E-1
5.0500E-4	9.2773E-3	6.2959E-1
5.0600E-4	1.0010E-2	6.3081E-1
5.0700E-4	9.7656E-3	6.3115E-1
5.0800E-4	1.0254E-2	6.3154E-1
5.0900E-4	9.2773E-3	6.3135E-1
5.1000E-4	9.5215E-3	6.2949E-1
5.1100E-4	9.7656E-3	6.2920E-1
5.1200E-4	1.0010E-2	6.2891E-1
5.1300E-4	9.0332E-3	6.2837E-1
5.1400E-4	1.0498E-2	6.2720E-1
5.1500E-4	9.7656E-3	6.2603E-1
5.1600E-4	9.7656E-3	6.2466E-1
5.1700E-4	9.7656E-3	6.2349E-1
5.1800E-4	9.7656E-3	6.2231E-1
5.1900E-4	9.2773E-3	6.2363E-1
5.2000E-4	9.2773E-3	6.2632E-1
5.2100E-4	9.5215E-3	6.2886E-1
5.2200E-4	9.5215E-3	6.2954E-1
5.2300E-4	9.0332E-3	6.3076E-1
5.2400E-4	9.7656E-3	6.3223E-1
5.2500E-4	9.5215E-3	6.3311E-1
5.2600E-4	9.5215E-3	6.3428E-1
5.2700E-4	9.5215E-3	6.3838E-1
5.2800E-4	9.5215E-3	6.3999E-1
5.2900E-4	9.2773E-3	6.4146E-1
5.3000E-4	9.5215E-3	6.4087E-1
5.3100E-4	9.5215E-3	6.3970E-1
5.3200E-4	9.2773E-3	6.3857E-1
5.3300E-4	9.2773E-3	6.3857E-1
5.3400E-4	9.7656E-3	6.3638E-1
5.3500E-4	9.5215E-3	6.3584E-1
5.3600E-4	9.5215E-3	6.3555E-1
5.3700E-4	9.2773E-3	6.3511E-1
5.3800E-4	9.0332E-3	6.3418E-1
5.3900E-4	1.0010E-2	6.3296E-1
5.4000E-4	9.7656E-3	6.3350E-1
5.4100E-4	9.7656E-3	6.3203E-1
5.4200E-4	9.7656E-3	6.3071E-1
5.4300E-4	1.0010E-2	6.3169E-1
5.4400E-4	9.5215E-3	6.3291E-1
5.4500E-4	9.7656E-3	6.3213E-1
5.4600E-4	9.5215E-3	6.3188E-1
5.4700E-4	9.0332E-3	6.2959E-1
5.4800E-4	9.5215E-3	6.2666E-1
5.4900E-4	9.7656E-3	6.2314E-1
5.5000E-4	1.0010E-2	6.1992E-1
5.5100E-4	9.0332E-3	6.1685E-1
5.5200E-4	1.0010E-2	6.1445E-1
5.5300E-4	1.0254E-2	6.1299E-1
5.5400E-4	9.5215E-3	6.1382E-1
5.5500E-4	1.0010E-2	6.1558E-1
5.5600E-4	9.7656E-3	6.1909E-1
5.5700E-4	9.0332E-3	6.2290E-1
5.5800E-4	9.5215E-3	6.2559E-1
5.5900E-4	9.0332E-3	6.2666E-1
5.6000E-4	9.2773E-3	6.2490E-1
5.6100E-4	9.5215E-3	6.2139E-1
5.6200E-4	1.0010E-2	6.1792E-1
5.6300E-4	1.0010E-2	6.1538E-1
5.6400E-4	9.5215E-3	6.1484E-1
5.6500E-4	9.2773E-3	6.1680E-1
5.6600E-4	9.5215E-3	6.2134E-1
5.6700E-4	9.5215E-3	6.2476E-1
5.6800E-4	9.7656E-3	6.2510E-1
5.6900E-4	9.5215E-3	6.2368E-1
5.7000E-4	9.5215E-3	6.1963E-1
5.7100E-4	9.2773E-3	6.1401E-1
5.7200E-4	9.5215E-3	6.0996E-1
5.7300E-4	1.0010E-2	6.0884E-1
5.7400E-4	9.2773E-3	6.0811E-1
5.7500E-4	9.0332E-3	6.1030E-1
5.7600E-4	9.5215E-3	6.1348E-1
5.7700E-4	9.5215E-3	6.1548E-1
5.7800E-4	1.0254E-2	6.1694E-1
5.7900E-4	9.5215E-3	6.1807E-1
5.8000E-4	9.2773E-3	6.1577E-1
5.8100E-4	9.7656E-3	6.1338E-1
5.8200E-4	9.2773E-3	6.1162E-1
5.8300E-4	9.7656E-3	6.0884E-1
5.8400E-4	1.0010E-2	6.0693E-1
5.8500E-4	1.0010E-2	6.0757E-1
5.8600E-4	9.5215E-3	6.0801E-1
5.8700E-4	1.0010E-2	6.0781E-1
5.8800E-4	9.2773E-3	6.0674E-1
5.8900E-4	1.0010E-2	6.0596E-1
5.9000E-4	9.5215E-3	6.0708E-1
5.9100E-4	9.7656E-3	6.0728E-1
5.9200E-4	1.0498E-2	6.0840E-1
5.9300E-4	9.7656E-3	6.1104E-1
5.9400E-4	9.7656E-3	6.1362E-1
5.9500E-4	9.5215E-3	6.1475E-1
5.9600E-4	1.0254E-2	6.1729E-1
5.9700E-4	9.5215E-3	6.1997E-1
5.9800E-4	1.0010E-2	6.2163E-1
5.9900E-4	9.7656E-3	6.2290E-1
6.0000E-4	9.7656E-3	6.2324E-1
6.0100E-4	9.7656E-3	6.2402E-1
6.0200E-4	9.2773E-3	6.2451E-1
6.0300E-4	1.0010E-2	6.2437E-1
6.0400E-4	1.0010E-2	6.2358E-1
6.0500E-4	9.5215E-3	6.2358E-1
6.0600E-4	1.0010E-2	6.2070E-1
6.0700E-4	1.0010E-2	6.1831E-1
6.0800E-4	9.7656E-3	6.1953E-1
6.0900E-4	1.0010E-2	6.2207E-1
6.1000E-4	9.5215E-3	6.2451E-1
6.1100E-4	1.0010E-2	6.2930E-1
6.1200E-4	1.0010E-2	6.3462E-1
6.1300E-4	9.2773E-3	6.3799E-1
6.1400E-4	9.7656E-3	6.4106E-1
6.1500E-4	9.7656E-3	6.4336E-1
6.1600E-4	1.0010E-2	6.4497E-1
6.1700E-4	9.5215E-3	6.4512E-1
6.1800E-4	1.0010E-2	6.4570E-1
6.1900E-4	1.0010E-2	6.4521E-1
6.2000E-4	9.7656E-3	6.4604E-1
6.2100E-4	1.0254E-2	6.4639E-1
6.2200E-4	9.5215E-3	6.4839E-1
6.2300E-4	9.7656E-3	6.4961E-1
6.2400E-4	1.0498E-2	6.5342E-1
6.2500E-4	9.5215E-3	6.5703E-1
6.2600E-4	9.7656E-3	6.5986E-1
6.2700E-4	1.0010E-2	6.6289E-1
6.2800E-4	9.0332E-3	6.6826E-1
6.2900E-4	9.5215E-3	6.7231E-1
6.3000E-4	1.0254E-2	6.7651E-1
6.3100E-4	9.5215E-3	6.8115E-1
6.3200E-4	9.7656E-3	6.8433E-1
6.3300E-4	1.0010E-2	6.8564E-1
6.3400E-4	9.2773E-3	6.8682E-1
6.3500E-4	9.5215E-3	6.8813E-1
6.3600E-4	9.5215E-3	6.9185E-1
6.3700E-4	9.5215E-3	6.9556E-1
6.3800E-4	1.0010E-2	6.9839E-1
6.3900E-4	9.0332E-3	7.0327E-1
6.4000E-4	9.7656E-3	7.0894E-1
6.4100E-4	9.5215E-3	7.1475E-1
6.4200E-4	1.0010E-2	7.2104E-1
6.4300E-4	9.5215E-3	7.2803E-1
6.4400E-4	1.0010E-2	7.3159E-1
6.4500E-4	9.7656E-3	7.3281E-1
6.4600E-4	9.7656E-3	7.3228E-1
6.4700E-4	9.2773E-3	7.3267E-1
6.4800E-4	9.7656E-3	7.3555E-1
6.4900E-4	9.2773E-3	7.3823E-1
6.5000E-4	9.7656E-3	7.4268E-1
6.5100E-4	9.5215E-3	7.4863E-1
6.5200E-4	9.2773E-3	7.5435E-1
6.5300E-4	9.5215E-3	7.5967E-1
6.5400E-4	9.5215E-3	7.6724E-1
6.5500E-4	9.5215E-3	7.7441E-1
6.5600E-4	9.5215E-3	7.8218E-1
6.5700E-4	9.2773E-3	7.8818E-1
6.5800E-4	9.7656E-3	7.9478E-1
6.5900E-4	1.0010E-2	8.0063E-1
6.6000E-4	1.0010E-2	8.0371E-1
6.6100E-4	9.5215E-3	8.0391E-1
6.6200E-4	9.5215E-3	8.0591E-1
6.6300E-4	1.0254E-2	8.0601E-1
6.6400E-4	9.5215E-3	8.0586E-1
6.6500E-4	9.5215E-3	8.0869E-1
6.6600E-4	9.5215E-3	8.1094E-1
6.6700E-4	1.0010E-2	8.1343E-1
6.6800E-4	9.2773E-3	8.1602E-1
6.6900E-4	9.5215E-3	8.1880E-1
6.7000E-4	9.5215E-3	8.2188E-1
6.7100E-4	1.0010E-2	8.2710E-1
6.7200E-4	9.7656E-3	8.3198E-1
6.7300E-4	9.5215E-3	8.3633E-1
6.7400E-4	1.0010E-2	8.3989E-1
6.7500E-4	9.5215E-3	8.4316E-1
6.7600E-4	9.5215E-3	8.4409E-1
6.7700E-4	1.0010E-2	8.4272E-1
6.7800E-4	1.0010E-2	8.4180E-1
6.7900E-4	9.5215E-3	8.4067E-1
6.8000E-4	9.0332E-3	8.3779E-1
6.8100E-4	9.5215E-3	8.3486E-1
6.8200E-4	9.2773E-3	8.3364E-1
6.8300E-4	9.7656E-3	8.3154E-1
6.8400E-4	9.7656E-3	8.2837E-1
6.8500E-4	9.5215E-3	8.2539E-1
6.8600E-4	9.2773E-3	8.2505E-1
6.8700E-4	9.7656E-3	8.2515E-1
6.8800E-4	1.0010E-2	8.2534E-1
6.8900E-4	9.2773E-3	8.2778E-1
6.9000E-4	1.0010E-2	8.2988E-1
6.9100E-4	9.7656E-3	8.3232E-1
6.9200E-4	1.0254E-2	8.3364E-1
6.9300E-4	9.0332E-3	8.3530E-1
6.9400E-4	9.2773E-3	8.3433E-1
6.9500E-4	9.2773E-3	8.3384E-1
6.9600E-4	9.5215E-3	8.3091E-1
6.9700E-4	1.0010E-2	8.2764E-1
6.9800E-4	1.0010E-2	8.2378E-1
6.9900E-4	9.2773E-3	8.2217E-1
7.0000E-4	9.2773E-3	8.2051E-1
7.0100E-4	9.2773E-3	8.1909E-1
7.0200E-4	9.0332E-3	8.1797E-1
7.0300E-4	9.0332E-3	8.1792E-1
7.0400E-4	1.0010E-2	8.1724E-1
7.0500E-4	9.2773E-3	8.1621E-1
7.0600E-4	9.0332E-3	8.1270E-1
7.0700E-4	9.5215E-3	8.0908E-1
7.0800E-4	9.7656E-3	8.0547E-1
7.0900E-4	1.0254E-2	7.9995E-1
7.1000E-4	1.0254E-2	7.9453E-1
7.1100E-4	9.7656E-3	7.9116E-1
7.1200E-4	9.2773E-3	7.8862E-1
7.1300E-4	9.5215E-3	7.8408E-1
7.1400E-4	9.0332E-3	7.8052E-1
7.1500E-4	9.0332E-3	7.7720E-1
7.1600E-4	9.5215E-3	7.7290E-1
7.1700E-4	9.2773E-3	7.6777E-1
7.1800E-4	1.0010E-2	7.6431E-1
7.1900E-4	9.0332E-3	7.5991E-1
7.2000E-4	9.5215E-3	7.5454E-1
7.2100E-4	9.5215E-3	7.4961E-1
7.2200E-4	9.5215E-3	7.4321E-1
7.2300E-4	9.5215E-3	7.3486E-1
7.2400E-4	1.0010E-2	7.2852E-1
7.2500E-4	9.2773E-3	7.2427E-1
7.2600E-4	9.5215E-3	7.2148E-1
7.2700E-4	9.5215E-3	7.2007E-1
7.2800E-4	1.0010E-2	7.2056E-1
7.2900E-4	1.0010E-2	7.1938E-1
7.3000E-4	9.7656E-3	7.1558E-1
7.3100E-4	9.0332E-3	7.1104E-1
7.3200E-4	1.0010E-2	7.0591E-1
7.3300E-4	9.2773E-3	7.0020E-1
7.3400E-4	9.2773E-3	6.9600E-1
7.3500E-4	9.0332E-3	6.9502E-1
7.3600E-4	1.0010E-2	6.9429E-1
7.3700E-4	9.5215E-3	6.9346E-1
7.3800E-4	1.0254E-2	6.9297E-1
7.3900E-4	9.7656E-3	6.9077E-1
7.4000E-4	9.2773E-3	6.8672E-1
7.4100E-4	9.5215E-3	6.8135E-1
7.4200E-4	9.7656E-3	6.7578E-1
7.4300E-4	9.0332E-3	6.7036E-1
7.4400E-4	9.7656E-3	6.6675E-1
7.4500E-4	9.7656E-3	6.6240E-1
7.4600E-4	9.7656E-3	6.6079E-1
7.4700E-4	9.5215E-3	6.6025E-1
7.4800E-4	9.7656E-3	6.5825E-1
7.4900E-4	9.5215E-3	6.5576E-1
7.5000E-4	9.2773E-3	6.5615E-1
7.5100E-4	9.7656E-3	6.5493E-1
7.5200E-4	9.5215E-3	6.5303E-1
7.5300E-4	9.5215E-3	6.5195E-1
7.5400E-4	1.0010E-2	6.5166E-1
7.5500E-4	9.5215E-3	6.4819E-1
7.5600E-4	9.7656E-3	6.4429E-1
7.5700E-4	9.7656E-3	6.4121E-1
7.5800E-4	9.7656E-3	6.3877E-1
7.5900E-4	1.0010E-2	6.3633E-1
7.6000E-4	1.0010E-2	6.3657E-1
7.6100E-4	9.2773E-3	6.3638E-1
7.6200E-4	9.5215E-3	6.3384E-1
7.6300E-4	9.2773E-3	6.3130E-1
7.6400E-4	9.7656E-3	6.2896E-1
7.6500E-4	9.5215E-3	6.2520E-1
7.6600E-4	9.7656E-3	6.2539E-1
7.6700E-4	1.0010E-2	6.2939E-1
7.6800E-4	9.7656E-3	6.3281E-1
7.6900E-4	1.0010E-2	6.3608E-1
7.7000E-4	9.7656E-3	6.4023E-1
7.7100E-4	9.7656E-3	6.4219E-1
7.7200E-4	1.0498E-2	6.4365E-1
7.7300E-4	9.5215E-3	6.4541E-1
7.7400E-4	9.2773E-3	6.4683E-1
7.7500E-4	9.2773E-3	6.4790E-1
7.7600E-4	9.7656E-3	6.4854E-1
7.7700E-4	9.2773E-3	6.4683E-1
7.7800E-4	9.2773E-3	6.4590E-1
7.7900E-4	9.5215E-3	6.4482E-1
7.8000E-4	1.0010E-2	6.4487E-1
7.8100E-4	9.0332E-3	6.4375E-1
7.8200E-4	1.0010E-2	6.4438E-1
7.8300E-4	1.0010E-2	6.4375E-1
7.8400E-4	9.5215E-3	6.4399E-1
7.8500E-4	9.5215E-3	6.4380E-1
7.8600E-4	9.5215E-3	6.4702E-1
7.8700E-4	9.2773E-3	6.4956E-1
7.8800E-4	9.5215E-3	6.5176E-1
7.8900E-4	9.2773E-3	6.5137E-1
7.9000E-4	9.0332E-3	6.4805E-1
7.9100E-4	8.7891E-3	6.4419E-1
7.9200E-4	9.0332E-3	6.4341E-1
7.9300E-4	9.2773E-3	6.4321E-1
7.9400E-4	9.5215E-3	6.4595E-1
7.9500E-4	9.2773E-3	6.5283E-1
7.9600E-4	1.0254E-2	6.5928E-1
7.9700E-4	9.7656E-3	6.6533E-1
7.9800E-4	9.7656E-3	6.7358E-1
7.9900E-4	9.5215E-3	6.7852E-1
8.0000E-4	9.5215E-3	6.8052E-1
8.0100E-4	9.2773E-3	6.8242E-1
8.0200E-4	9.7656E-3	6.8364E-1
8.0300E-4	1.0254E-2	6.8267E-1
8.0400E-4	9.5215E-3	6.8301E-1
8.0500E-4	9.7656E-3	6.8530E-1
8.0600E-4	9.5215E-3	6.8730E-1
8.0700E-4	9.5215E-3	6.8867E-1
8.0800E-4	9.0332E-3	6.9038E-1
8.0900E-4	9.2773E-3	6.9600E-1
8.1000E-4	1.0010E-2	7.0181E-1
8.1100E-4	9.7656E-3	7.0698E-1
8.1200E-4	1.0010E-2	7.1104E-1
8.1300E-4	9.0332E-3	7.1553E-1
8.1400E-4	1.0010E-2	7.1748E-1
8.1500E-4	1.0010E-2	7.1968E-1
8.1600E-4	9.7656E-3	7.2427E-1
8.1700E-4	9.2773E-3	7.2925E-1
8.1800E-4	9.2773E-3	7.3423E-1
8.1900E-4	9.2773E-3	7.3940E-1
8.2000E-4	9.5215E-3	7.4424E-1
8.2100E-4	9.5215E-3	7.4751E-1
8.2200E-4	9.5215E-3	7.5195E-1
8.2300E-4	9.5215E-3	7.5679E-1
8.2400E-4	9.7656E-3	7.6021E-1
8.2500E-4	9.5215E-3	7.6265E-1
8.2600E-4	9.7656E-3	7.6533E-1
8.2700E-4	1.0010E-2	7.6851E-1
8.2800E-4	9.7656E-3	7.7251E-1
8.2900E-4	9.5215E-3	7.7856E-1
8.3000E-4	1.0010E-2	7.8643E-1
8.3100E-4	9.7656E-3	7.9346E-1
8.3200E-4	9.5215E-3	7.9897E-1
8.3300E-4	9.5215E-3	8.0278E-1
8.3400E-4	9.5215E-3	8.0610E-1
8.3500E-4	9.7656E-3	8.0796E-1
8.3600E-4	9.0332E-3	8.1006E-1
8.3700E-4	1.0254E-2	8.1289E-1
8.3800E-4	9.5215E-3	8.1606E-1
8.3900E-4	9.7656E-3	8.1919E-1
8.4000E-4	9.5215E-3	8.2383E-1
8.4100E-4	9.7656E-3	8.2935E-1
8.4200E-4	9.2773E-3	8.3389E-1
8.4300E-4	9.7656E-3	8.3887E-1
8.4400E-4	9.5215E-3	8.4370E-1
8.4500E-4	9.2773E-3	8.4673E-1
8.4600E-4	8.3008E-3	8.4619E-1
8.4700E-4	9.7656E-3	8.4541E-1
8.4800E-4	9.2773E-3	8.4473E-1
8.4900E-4	9.5215E-3	8.4287E-1
8.5000E-4	9.7656E-3	8.4058E-1
8.5100E-4	1.0010E-2	8.4160E-1
8.5200E-4	9.7656E-3	8.4258E-1
8.5300E-4	9.5215E-3	8.4287E-1
8.5400E-4	9.7656E-3	8.4341E-1
8.5500E-4	9.2773E-3	8.4272E-1
8.5600E-4	9.7656E-3	8.4087E-1
8.5700E-4	9.2773E-3	8.3984E-1
8.5800E-4	9.7656E-3	8.3901E-1
8.5900E-4	9.5215E-3	8.3867E-1
8.6000E-4	9.2773E-3	8.4082E-1
8.6100E-4	9.5215E-3	8.4233E-1
8.6200E-4	1.0254E-2	8.4385E-1
8.6300E-4	9.5215E-3	8.4331E-1
8.6400E-4	1.0254E-2	8.4214E-1
8.6500E-4	9.7656E-3	8.3975E-1
8.6600E-4	1.0010E-2	8.3745E-1
8.6700E-4	9.5215E-3	8.3496E-1
8.6800E-4	9.7656E-3	8.3276E-1
8.6900E-4	9.7656E-3	8.3208E-1
8.7000E-4	9.5215E-3	8.3340E-1
8.7100E-4	9.5215E-3	8.3618E-1
8.7200E-4	9.7656E-3	8.3774E-1
8.7300E-4	9.2773E-3	8.3730E-1
8.7400E-4	9.7656E-3	8.3437E-1
8.7500E-4	9.0332E-3	8.2896E-1
8.7600E-4	1.0010E-2	8.2173E-1
8.7700E-4	9.2773E-3	8.1362E-1
8.7800E-4	1.0010E-2	8.0791E-1
8.7900E-4	9.7656E-3	8.0322E-1
8.8000E-4	1.0254E-2	7.9858E-1
8.8100E-4	9.7656E-3	7.9341E-1
8.8200E-4	9.2773E-3	7.8877E-1
8.8300E-4	9.5215E-3	7.8452E-1
8.8400E-4	9.2773E-3	7.8003E-1
8.8500E-4	1.0010E-2	7.7524E-1
8.8600E-4	1.0498E-2	7.6958E-1
8.8700E-4	9.7656E-3	7.6445E-1
8.8800E-4	9.7656E-3	7.5918E-1
8.8900E-4	9.5215E-3	7.5400E-1
8.9000E-4	1.0010E-2	7.5137E-1
8.9100E-4	9.5215E-3	7.5132E-1
8.9200E-4	1.0254E-2	7.5205E-1
8.9300E-4	9.5215E-3	7.5249E-1
8.9400E-4	9.7656E-3	7.5112E-1
8.9500E-4	9.2773E-3	7.4570E-1
8.9600E-4	9.5215E-3	7.3955E-1
8.9700E-4	9.5215E-3	7.3110E-1
8.9800E-4	1.0010E-2	7.2334E-1
8.9900E-4	9.7656E-3	7.1831E-1
9.0000E-4	9.2773E-3	7.1489E-1
9.0100E-4	9.0332E-3	7.1099E-1
9.0200E-4	1.0010E-2	7.0918E-1
9.0300E-4	9.5215E-3	7.0547E-1
9.0400E-4	1.0254E-2	7.0083E-1
9.0500E-4	1.0010E-2	6.9517E-1
9.0600E-4	1.0010E-2	6.8921E-1
9.0700E-4	1.0010E-2	6.8218E-1
9.0800E-4	1.0498E-2	6.7495E-1
9.0900E-4	9.5215E-3	6.6992E-1
9.1000E-4	9.5215E-3	6.6597E-1
9.1100E-4	9.2773E-3	6.6240E-1
9.1200E-4	9.2773E-3	6.6113E-1
9.1300E-4	9.5215E-3	6.6108E-1
9.1400E-4	9.7656E-3	6.5977E-1
9.1500E-4	9.2773E-3	6.5898E-1
9.1600E-4	1.0254E-2	6.5767E-1
9.1700E-4	9.7656E-3	6.5527E-1
9.1800E-4	9.7656E-3	6.5293E-1
9.1900E-4	9.7656E-3	6.4951E-1
9.2000E-4	9.7656E-3	6.4351E-1
9.2100E-4	1.0010E-2	6.3877E-1
9.2200E-4	9.7656E-3	6.3301E-1
9.2300E-4	1.0010E-2	6.2827E-1
9.2400E-4	9.7656E-3	6.2495E-1
9.2500E-4	1.0010E-2	6.2432E-1
9.2600E-4	1.0010E-2	6.2290E-1
9.2700E-4	9.5215E-3	6.2236E-1
9.2800E-4	9.5215E-3	6.1997E-1
9.2900E-4	9.2773E-3	6.1685E-1
9.3000E-4	9.5215E-3	6.1494E-1
9.3100E-4	9.5215E-3	6.1250E-1
9.3200E-4	9.7656E-3	6.1108E-1
9.3300E-4	9.5215E-3	6.1245E-1
9.3400E-4	9.5215E-3	6.1294E-1
9.3500E-4	9.7656E-3	6.1357E-1
9.3600E-4	1.0010E-2	6.1567E-1
9.3700E-4	9.2773E-3	6.1587E-1
9.3800E-4	8.7891E-3	6.1445E-1
9.3900E-4	9.7656E-3	6.1309E-1
9.4000E-4	9.7656E-3	6.0786E-1
9.4100E-4	9.5215E-3	6.0254E-1
9.4200E-4	9.7656E-3	5.9941E-1
9.4300E-4	9.5215E-3	5.9551E-1
9.4400E-4	9.5215E-3	5.9048E-1
9.4500E-4	9.7656E-3	5.8994E-1
9.4600E-4	9.5215E-3	5.8896E-1
9.4700E-4	9.5215E-3	5.8784E-1
9.4800E-4	9.2773E-3	5.8945E-1
9.4900E-4	9.5215E-3	5.9165E-1
9.5000E-4	9.5215E-3	5.9238E-1
9.5100E-4	1.0010E-2	5.9409E-1
9.5200E-4	9.2773E-3	5.9448E-1
9.5300E-4	1.0254E-2	5.9395E-1
9.5400E-4	9.7656E-3	5.9468E-1
9.5500E-4	9.5215E-3	5.9429E-1
9.5600E-4	9.5215E-3	5.9194E-1
9.5700E-4	9.7656E-3	5.8965E-1
9.5800E-4	9.7656E-3	5.8813E-1
9.5900E-4	9.7656E-3	5.8608E-1
9.6000E-4	9.5215E-3	5.8472E-1
9.6100E-4	9.7656E-3	5.8667E-1
9.6200E-4	1.0010E-2	5.8867E-1
9.6300E-4	9.0332E-3	5.8999E-1
9.6400E-4	9.7656E-3	5.9194E-1
9.6500E-4	9.7656E-3	5.9302E-1
9.6600E-4	1.0010E-2	5.9204E-1
9.6700E-4	9.7656E-3	5.9209E-1
9.6800E-4	9.5215E-3	5.9116E-1
9.6900E-4	9.5215E-3	5.9180E-1
9.7000E-4	9.5215E-3	5.9312E-1
9.7100E-4	9.2773E-3	5.9482E-1
9.7200E-4	9.2773E-3	5.9438E-1
9.7300E-4	9.2773E-3	5.9590E-1
9.7400E-4	9.7656E-3	5.9482E-1
9.7500E-4	9.5215E-3	5.9414E-1
9.7600E-4	9.7656E-3	5.9331E-1
9.7700E-4	9.2773E-3	5.9531E-1
9.7800E-4	9.5215E-3	5.9395E-1
9.7900E-4	9.5215E-3	5.9497E-1
9.8000E-4	9.2773E-3	5.9746E-1
9.8100E-4	9.7656E-3	6.0024E-1
9.8200E-4	9.2773E-3	6.0137E-1
9.8300E-4	1.0010E-2	6.0396E-1
9.8400E-4	9.2773E-3	6.0479E-1
9.8500E-4	9.5215E-3	6.0342E-1
9.8600E-4	9.7656E-3	6.0146E-1
9.8700E-4	9.0332E-3	5.9922E-1
9.8800E-4	9.2773E-3	5.9658E-1
9.8900E-4	9.2773E-3	5.9424E-1
9.9000E-4	9.2773E-3	5.9316E-1
9.9100E-4	9.0332E-3	5.9238E-1
9.9200E-4	1.0010E-2	5.9331E-1
9.9300E-4	9.5215E-3	5.9790E-1
9.9400E-4	9.2773E-3	6.0327E-1
9.9500E-4	9.5215E-3	6.0913E-1
9.9600E-4	9.5215E-3	6.1377E-1
9.9700E-4	9.7656E-3	6.1694E-1
9.9800E-4	9.7656E-3	6.1694E-1
9.9900E-4	9.5215E-3	6.1694E-1
