Time [s]	Aux in [V]	Main in [V]
0.0000E+0	1.0010E-2	6.2910E-1
1.0000E-6	9.7656E-3	6.2905E-1
2.0000E-6	9.0332E-3	6.2866E-1
3.0000E-6	9.2773E-3	6.2856E-1
4.0000E-6	1.0010E-2	6.2725E-1
5.0000E-6	1.0254E-2	6.2554E-1
6.0000E-6	9.2773E-3	6.2437E-1
7.0000E-6	9.7656E-3	6.2510E-1
8.0000E-6	9.5215E-3	6.2407E-1
9.0000E-6	9.5215E-3	6.2202E-1
1.0000E-5	9.2773E-3	6.2046E-1
1.1000E-5	9.7656E-3	6.1934E-1
1.2000E-5	9.2773E-3	6.1797E-1
1.3000E-5	9.5215E-3	6.1792E-1
1.4000E-5	1.0254E-2	6.2129E-1
1.5000E-5	9.7656E-3	6.2534E-1
1.6000E-5	9.5215E-3	6.2832E-1
1.7000E-5	1.0010E-2	6.2983E-1
1.8000E-5	9.5215E-3	6.3184E-1
1.9000E-5	9.5215E-3	6.3091E-1
2.0000E-5	9.5215E-3	6.2856E-1
2.1000E-5	9.2773E-3	6.2417E-1
2.2000E-5	9.7656E-3	6.1904E-1
2.3000E-5	9.5215E-3	6.1318E-1
2.4000E-5	9.2773E-3	6.0913E-1
2.5000E-5	9.5215E-3	6.0664E-1
2.6000E-5	9.5215E-3	6.0610E-1
2.7000E-5	9.2773E-3	6.0664E-1
2.8000E-5	9.2773E-3	6.0718E-1
2.9000E-5	9.0332E-3	6.0781E-1
3.0000E-5	1.0010E-2	6.0864E-1
3.1000E-5	8.3008E-3	6.1069E-1
3.2000E-5	9.7656E-3	6.1094E-1
3.3000E-5	1.0010E-2	6.1011E-1
3.4000E-5	9.7656E-3	6.0977E-1
3.5000E-5	9.7656E-3	6.0820E-1
3.6000E-5	9.7656E-3	6.0708E-1
3.7000E-5	9.0332E-3	6.0757E-1
3.8000E-5	1.0254E-2	6.0977E-1
3.9000E-5	9.2773E-3	6.1191E-1
4.0000E-5	9.7656E-3	6.1416E-1
4.1000E-5	9.0332E-3	6.1382E-1
4.2000E-5	1.0010E-2	6.1221E-1
4.3000E-5	9.5215E-3	6.1050E-1
4.4000E-5	9.5215E-3	6.0786E-1
4.5000E-5	9.5215E-3	6.0518E-1
4.6000E-5	9.7656E-3	6.0293E-1
4.7000E-5	9.7656E-3	6.0288E-1
4.8000E-5	9.5215E-3	6.0303E-1
4.9000E-5	1.0010E-2	6.0327E-1
5.0000E-5	9.7656E-3	6.0415E-1
5.1000E-5	9.2773E-3	6.0562E-1
5.2000E-5	1.0010E-2	6.0571E-1
5.3000E-5	9.2773E-3	6.0508E-1
5.4000E-5	9.2773E-3	6.0264E-1
5.5000E-5	9.2773E-3	5.9966E-1
5.6000E-5	9.0332E-3	5.9727E-1
5.7000E-5	9.2773E-3	5.9492E-1
5.8000E-5	1.0010E-2	5.9507E-1
5.9000E-5	1.0010E-2	5.9766E-1
6.0000E-5	1.0010E-2	6.0073E-1
6.1000E-5	9.5215E-3	6.0430E-1
6.2000E-5	9.5215E-3	6.0928E-1
6.3000E-5	1.0010E-2	6.1421E-1
6.4000E-5	9.5215E-3	6.1792E-1
6.5000E-5	1.0010E-2	6.2183E-1
6.6000E-5	9.5215E-3	6.2393E-1
6.7000E-5	9.5215E-3	6.2358E-1
6.8000E-5	1.0010E-2	6.2070E-1
6.9000E-5	1.0254E-2	6.1694E-1
7.0000E-5	1.0254E-2	6.1045E-1
7.1000E-5	1.0010E-2	6.0640E-1
7.2000E-5	1.0010E-2	6.0518E-1
7.3000E-5	9.5215E-3	6.0552E-1
7.4000E-5	9.0332E-3	6.0723E-1
7.5000E-5	9.2773E-3	6.1211E-1
7.6000E-5	9.5215E-3	6.1636E-1
7.7000E-5	9.5215E-3	6.1978E-1
7.8000E-5	9.2773E-3	6.2310E-1
7.9000E-5	9.7656E-3	6.2534E-1
8.0000E-5	9.2773E-3	6.2720E-1
8.1000E-5	9.2773E-3	6.2881E-1
8.2000E-5	1.0254E-2	6.3013E-1
8.3000E-5	9.5215E-3	6.3208E-1
8.4000E-5	9.2773E-3	6.3599E-1
8.5000E-5	9.7656E-3	6.3911E-1
8.6000E-5	9.0332E-3	6.4224E-1
8.7000E-5	9.2773E-3	6.4595E-1
8.8000E-5	9.7656E-3	6.4771E-1
8.9000E-5	9.7656E-3	6.4800E-1
9.0000E-5	9.5215E-3	6.4829E-1
9.1000E-5	1.0010E-2	6.4854E-1
9.2000E-5	9.7656E-3	6.4883E-1
9.3000E-5	9.7656E-3	6.5063E-1
9.4000E-5	9.2773E-3	6.5430E-1
9.5000E-5	9.7656E-3	6.5903E-1
9.6000E-5	9.2773E-3	6.6250E-1
9.7000E-5	9.7656E-3	6.6548E-1
9.8000E-5	9.5215E-3	6.6768E-1
9.9000E-5	9.7656E-3	6.6772E-1
1.0000E-4	9.7656E-3	6.6924E-1
1.0100E-4	9.5215E-3	6.7383E-1
1.0200E-4	9.5215E-3	6.8032E-1
1.0300E-4	1.0254E-2	6.8765E-1
1.0400E-4	9.5215E-3	6.9614E-1
1.0500E-4	9.5215E-3	7.0547E-1
1.0600E-4	9.5215E-3	7.1123E-1
1.0700E-4	9.2773E-3	7.1523E-1
1.0800E-4	9.5215E-3	7.1851E-1
1.0900E-4	9.5215E-3	7.2139E-1
1.1000E-4	1.0254E-2	7.2236E-1
1.1100E-4	9.2773E-3	7.2534E-1
1.1200E-4	9.7656E-3	7.2661E-1
1.1300E-4	1.0254E-2	7.2778E-1
1.1400E-4	1.0010E-2	7.2964E-1
1.1500E-4	9.5215E-3	7.3301E-1
1.1600E-4	9.2773E-3	7.3701E-1
1.1700E-4	9.5215E-3	7.4341E-1
1.1800E-4	9.7656E-3	7.5107E-1
1.1900E-4	9.7656E-3	7.5962E-1
1.2000E-4	1.0010E-2	7.6631E-1
1.2100E-4	9.2773E-3	7.7266E-1
1.2200E-4	9.2773E-3	7.7783E-1
1.2300E-4	9.5215E-3	7.8193E-1
1.2400E-4	1.0254E-2	7.8535E-1
1.2500E-4	1.0010E-2	7.9019E-1
1.2600E-4	9.7656E-3	7.9370E-1
1.2700E-4	9.2773E-3	7.9785E-1
1.2800E-4	9.5215E-3	8.0049E-1
1.2900E-4	9.7656E-3	8.0234E-1
1.3000E-4	9.5215E-3	8.0283E-1
1.3100E-4	9.7656E-3	8.0566E-1
1.3200E-4	9.2773E-3	8.0854E-1
1.3300E-4	9.5215E-3	8.1367E-1
1.3400E-4	9.7656E-3	8.1992E-1
1.3500E-4	1.0010E-2	8.2725E-1
1.3600E-4	9.7656E-3	8.3223E-1
1.3700E-4	9.2773E-3	8.3662E-1
1.3800E-4	9.5215E-3	8.4072E-1
1.3900E-4	9.2773E-3	8.4399E-1
1.4000E-4	1.0010E-2	8.4624E-1
1.4100E-4	1.0010E-2	8.4961E-1
1.4200E-4	9.5215E-3	8.5127E-1
1.4300E-4	1.0010E-2	8.5200E-1
1.4400E-4	9.7656E-3	8.5186E-1
1.4500E-4	9.7656E-3	8.5176E-1
1.4600E-4	9.7656E-3	8.5151E-1
1.4700E-4	1.0254E-2	8.5308E-1
1.4800E-4	9.5215E-3	8.5586E-1
1.4900E-4	9.5215E-3	8.5913E-1
1.5000E-4	9.5215E-3	8.6235E-1
1.5100E-4	1.0010E-2	8.6455E-1
1.5200E-4	9.7656E-3	8.6626E-1
1.5300E-4	1.0010E-2	8.6421E-1
1.5400E-4	9.2773E-3	8.5947E-1
1.5500E-4	9.5215E-3	8.5366E-1
1.5600E-4	1.0010E-2	8.4585E-1
1.5700E-4	9.7656E-3	8.3833E-1
1.5800E-4	9.5215E-3	8.3350E-1
1.5900E-4	9.5215E-3	8.3218E-1
1.6000E-4	9.5215E-3	8.3188E-1
1.6100E-4	9.0332E-3	8.3511E-1
1.6200E-4	9.7656E-3	8.3740E-1
1.6300E-4	1.0010E-2	8.3916E-1
1.6400E-4	1.0010E-2	8.4009E-1
1.6500E-4	1.0010E-2	8.3911E-1
1.6600E-4	1.0010E-2	8.3652E-1
1.6700E-4	9.7656E-3	8.3252E-1
1.6800E-4	1.0010E-2	8.2778E-1
1.6900E-4	9.5215E-3	8.2300E-1
1.7000E-4	9.2773E-3	8.2046E-1
1.7100E-4	9.7656E-3	8.1748E-1
1.7200E-4	1.0010E-2	8.1611E-1
1.7300E-4	9.7656E-3	8.1416E-1
1.7400E-4	9.2773E-3	8.0908E-1
1.7500E-4	9.2773E-3	8.0239E-1
1.7600E-4	9.2773E-3	7.9492E-1
1.7700E-4	9.2773E-3	7.8755E-1
1.7800E-4	1.0010E-2	7.8125E-1
1.7900E-4	9.7656E-3	7.7769E-1
1.8000E-4	9.7656E-3	7.7339E-1
1.8100E-4	9.5215E-3	7.7002E-1
1.8200E-4	9.5215E-3	7.6719E-1
1.8300E-4	9.5215E-3	7.6333E-1
1.8400E-4	9.2773E-3	7.5815E-1
1.8500E-4	9.5215E-3	7.5317E-1
1.8600E-4	9.5215E-3	7.4600E-1
1.8700E-4	9.5215E-3	7.3774E-1
1.8800E-4	9.5215E-3	7.3188E-1
1.8900E-4	1.0254E-2	7.2788E-1
1.9000E-4	9.2773E-3	7.2661E-1
1.9100E-4	9.7656E-3	7.2700E-1
1.9200E-4	9.2773E-3	7.2998E-1
1.9300E-4	9.5215E-3	7.3013E-1
1.9400E-4	1.0254E-2	7.2979E-1
1.9500E-4	9.5215E-3	7.2568E-1
1.9600E-4	9.2773E-3	7.2231E-1
1.9700E-4	9.7656E-3	7.1641E-1
1.9800E-4	9.5215E-3	7.1138E-1
1.9900E-4	9.5215E-3	7.0483E-1
2.0000E-4	9.7656E-3	6.9868E-1
2.0100E-4	9.7656E-3	6.9102E-1
2.0200E-4	9.5215E-3	6.8325E-1
2.0300E-4	9.5215E-3	6.7710E-1
2.0400E-4	9.5215E-3	6.7344E-1
2.0500E-4	1.0254E-2	6.7188E-1
2.0600E-4	9.7656E-3	6.7275E-1
2.0700E-4	9.5215E-3	6.7393E-1
2.0800E-4	9.5215E-3	6.7485E-1
2.0900E-4	9.5215E-3	6.7393E-1
2.1000E-4	9.5215E-3	6.7104E-1
2.1100E-4	1.0254E-2	6.6372E-1
2.1200E-4	9.0332E-3	6.5762E-1
2.1300E-4	1.0010E-2	6.5117E-1
2.1400E-4	9.2773E-3	6.4663E-1
2.1500E-4	9.5215E-3	6.4321E-1
2.1600E-4	8.5449E-3	6.4272E-1
2.1700E-4	9.5215E-3	6.4131E-1
2.1800E-4	9.5215E-3	6.3965E-1
2.1900E-4	9.0332E-3	6.3745E-1
2.2000E-4	9.2773E-3	6.3452E-1
2.2100E-4	9.2773E-3	6.3267E-1
2.2200E-4	9.5215E-3	6.3135E-1
2.2300E-4	9.7656E-3	6.3037E-1
2.2400E-4	9.2773E-3	6.2871E-1
2.2500E-4	9.0332E-3	6.2832E-1
2.2600E-4	9.2773E-3	6.2749E-1
2.2700E-4	9.5215E-3	6.2886E-1
2.2800E-4	9.2773E-3	6.3159E-1
2.2900E-4	8.7891E-3	6.3389E-1
2.3000E-4	9.7656E-3	6.3521E-1
2.3100E-4	1.0254E-2	6.3579E-1
2.3200E-4	9.2773E-3	6.3535E-1
2.3300E-4	9.5215E-3	6.3267E-1
2.3400E-4	9.7656E-3	6.3164E-1
2.3500E-4	1.0010E-2	6.2949E-1
2.3600E-4	8.7891E-3	6.2817E-1
2.3700E-4	9.7656E-3	6.2559E-1
2.3800E-4	9.0332E-3	6.2417E-1
2.3900E-4	1.0254E-2	6.2168E-1
2.4000E-4	9.5215E-3	6.2114E-1
2.4100E-4	9.7656E-3	6.1948E-1
2.4200E-4	8.7891E-3	6.1924E-1
2.4300E-4	1.0254E-2	6.2002E-1
2.4400E-4	9.0332E-3	6.2319E-1
2.4500E-4	9.5215E-3	6.2695E-1
2.4600E-4	1.0010E-2	6.3252E-1
2.4700E-4	9.5215E-3	6.3486E-1
2.4800E-4	1.0010E-2	6.3623E-1
2.4900E-4	9.7656E-3	6.3472E-1
2.5000E-4	1.0010E-2	6.3276E-1
2.5100E-4	9.7656E-3	6.3057E-1
2.5200E-4	9.2773E-3	6.2998E-1
2.5300E-4	1.0010E-2	6.3149E-1
2.5400E-4	9.2773E-3	6.3423E-1
2.5500E-4	9.7656E-3	6.3789E-1
2.5600E-4	9.5215E-3	6.4155E-1
2.5700E-4	9.5215E-3	6.4512E-1
2.5800E-4	1.0010E-2	6.4644E-1
2.5900E-4	9.0332E-3	6.4687E-1
2.6000E-4	9.7656E-3	6.4814E-1
2.6100E-4	9.5215E-3	6.4917E-1
2.6200E-4	9.2773E-3	6.5210E-1
2.6300E-4	9.7656E-3	6.5439E-1
2.6400E-4	1.0254E-2	6.5708E-1
2.6500E-4	9.5215E-3	6.5830E-1
2.6600E-4	9.2773E-3	6.6016E-1
2.6700E-4	1.0498E-2	6.6196E-1
2.6800E-4	9.5215E-3	6.6553E-1
2.6900E-4	1.0254E-2	6.6982E-1
2.7000E-4	9.5215E-3	6.7266E-1
2.7100E-4	9.5215E-3	6.7729E-1
2.7200E-4	9.5215E-3	6.8120E-1
2.7300E-4	8.7891E-3	6.8315E-1
2.7400E-4	9.2773E-3	6.8452E-1
2.7500E-4	9.5215E-3	6.8633E-1
2.7600E-4	9.5215E-3	6.8633E-1
2.7700E-4	9.7656E-3	6.8755E-1
2.7800E-4	1.0010E-2	6.9038E-1
2.7900E-4	9.5215E-3	6.9268E-1
2.8000E-4	1.0010E-2	6.9785E-1
2.8100E-4	9.5215E-3	7.0361E-1
2.8200E-4	8.7891E-3	7.0864E-1
2.8300E-4	9.7656E-3	7.1377E-1
2.8400E-4	9.2773E-3	7.1992E-1
2.8500E-4	9.7656E-3	7.2417E-1
2.8600E-4	1.0010E-2	7.2813E-1
2.8700E-4	9.2773E-3	7.3101E-1
2.8800E-4	9.5215E-3	7.3408E-1
2.8900E-4	1.0254E-2	7.3550E-1
2.9000E-4	9.7656E-3	7.3862E-1
2.9100E-4	9.5215E-3	7.3975E-1
2.9200E-4	9.2773E-3	7.4375E-1
2.9300E-4	9.7656E-3	7.4614E-1
2.9400E-4	9.2773E-3	7.5288E-1
2.9500E-4	9.5215E-3	7.5820E-1
2.9600E-4	9.5215E-3	7.6372E-1
2.9700E-4	9.5215E-3	7.6763E-1
2.9800E-4	9.7656E-3	7.7495E-1
2.9900E-4	9.5215E-3	7.7979E-1
3.0000E-4	8.7891E-3	7.8467E-1
3.0100E-4	9.7656E-3	7.9194E-1
3.0200E-4	9.2773E-3	7.9897E-1
3.0300E-4	9.5215E-3	8.0425E-1
3.0400E-4	9.5215E-3	8.0918E-1
3.0500E-4	9.7656E-3	8.1250E-1
3.0600E-4	9.5215E-3	8.1519E-1
3.0700E-4	9.5215E-3	8.1787E-1
3.0800E-4	9.5215E-3	8.1753E-1
3.0900E-4	9.5215E-3	8.1758E-1
3.1000E-4	1.0010E-2	8.1851E-1
3.1100E-4	1.0010E-2	8.1787E-1
3.1200E-4	9.0332E-3	8.1543E-1
3.1300E-4	1.0010E-2	8.1558E-1
3.1400E-4	9.5215E-3	8.1582E-1
3.1500E-4	1.0254E-2	8.1802E-1
3.1600E-4	1.0010E-2	8.1919E-1
3.1700E-4	9.5215E-3	8.2310E-1
3.1800E-4	9.7656E-3	8.2700E-1
3.1900E-4	9.2773E-3	8.3105E-1
3.2000E-4	9.2773E-3	8.3208E-1
3.2100E-4	9.7656E-3	8.3618E-1
3.2200E-4	9.2773E-3	8.3848E-1
3.2300E-4	9.5215E-3	8.3857E-1
3.2400E-4	9.2773E-3	8.3740E-1
3.2500E-4	9.7656E-3	8.3696E-1
3.2600E-4	9.5215E-3	8.3496E-1
3.2700E-4	9.5215E-3	8.3257E-1
3.2800E-4	9.2773E-3	8.3032E-1
3.2900E-4	9.7656E-3	8.2744E-1
3.3000E-4	9.7656E-3	8.2388E-1
3.3100E-4	9.2773E-3	8.2075E-1
3.3200E-4	9.5215E-3	8.1641E-1
3.3300E-4	9.5215E-3	8.1279E-1
3.3400E-4	1.0010E-2	8.0898E-1
3.3500E-4	9.5215E-3	8.0547E-1
3.3600E-4	9.5215E-3	8.0098E-1
3.3700E-4	1.0254E-2	7.9619E-1
3.3800E-4	9.5215E-3	7.9199E-1
3.3900E-4	1.0254E-2	7.8735E-1
3.4000E-4	9.2773E-3	7.8306E-1
3.4100E-4	9.5215E-3	7.7939E-1
3.4200E-4	9.5215E-3	7.7622E-1
3.4300E-4	9.5215E-3	7.7314E-1
3.4400E-4	9.5215E-3	7.6953E-1
3.4500E-4	9.5215E-3	7.6455E-1
3.4600E-4	9.5215E-3	7.5771E-1
3.4700E-4	9.5215E-3	7.5098E-1
3.4800E-4	1.0010E-2	7.4487E-1
3.4900E-4	9.0332E-3	7.3970E-1
3.5000E-4	9.2773E-3	7.3647E-1
3.5100E-4	9.2773E-3	7.3423E-1
3.5200E-4	1.0254E-2	7.3237E-1
3.5300E-4	9.5215E-3	7.2793E-1
3.5400E-4	9.7656E-3	7.2266E-1
3.5500E-4	9.2773E-3	7.1587E-1
3.5600E-4	9.5215E-3	7.0908E-1
3.5700E-4	9.2773E-3	7.0078E-1
3.5800E-4	1.0254E-2	6.9414E-1
3.5900E-4	9.7656E-3	6.8984E-1
3.6000E-4	9.7656E-3	6.8589E-1
3.6100E-4	9.2773E-3	6.8120E-1
3.6200E-4	9.7656E-3	6.7856E-1
3.6300E-4	9.7656E-3	6.7314E-1
3.6400E-4	1.0010E-2	6.6860E-1
3.6500E-4	8.7891E-3	6.6636E-1
3.6600E-4	1.0010E-2	6.6563E-1
3.6700E-4	1.0010E-2	6.6406E-1
3.6800E-4	9.5215E-3	6.6450E-1
3.6900E-4	1.0010E-2	6.6362E-1
3.7000E-4	1.0010E-2	6.6030E-1
3.7100E-4	9.7656E-3	6.5586E-1
3.7200E-4	9.0332E-3	6.5122E-1
3.7300E-4	9.5215E-3	6.4741E-1
3.7400E-4	9.5215E-3	6.4365E-1
3.7500E-4	9.2773E-3	6.4106E-1
3.7600E-4	9.7656E-3	6.3721E-1
3.7700E-4	9.7656E-3	6.3335E-1
3.7800E-4	9.5215E-3	6.2969E-1
3.7900E-4	9.5215E-3	6.2666E-1
3.8000E-4	9.5215E-3	6.2310E-1
3.8100E-4	9.7656E-3	6.2134E-1
3.8200E-4	9.2773E-3	6.1875E-1
3.8300E-4	9.5215E-3	6.1670E-1
3.8400E-4	1.0010E-2	6.1309E-1
3.8500E-4	9.5215E-3	6.0864E-1
3.8600E-4	1.0010E-2	6.0566E-1
3.8700E-4	9.2773E-3	6.0410E-1
3.8800E-4	1.0010E-2	6.0293E-1
3.8900E-4	8.7891E-3	6.0229E-1
3.9000E-4	1.0010E-2	6.0376E-1
3.9100E-4	1.0010E-2	6.0298E-1
3.9200E-4	1.0010E-2	6.0220E-1
3.9300E-4	9.7656E-3	5.9893E-1
3.9400E-4	9.5215E-3	5.9487E-1
3.9500E-4	9.7656E-3	5.9111E-1
3.9600E-4	9.5215E-3	5.8867E-1
3.9700E-4	9.2773E-3	5.8667E-1
3.9800E-4	9.7656E-3	5.8770E-1
3.9900E-4	9.5215E-3	5.8916E-1
4.0000E-4	9.5215E-3	5.8857E-1
4.0100E-4	9.5215E-3	5.8745E-1
4.0200E-4	9.2773E-3	5.8691E-1
4.0300E-4	9.2773E-3	5.8330E-1
4.0400E-4	9.7656E-3	5.8027E-1
4.0500E-4	9.7656E-3	5.7749E-1
4.0600E-4	9.7656E-3	5.7578E-1
4.0700E-4	9.5215E-3	5.7378E-1
4.0800E-4	9.0332E-3	5.7422E-1
4.0900E-4	9.2773E-3	5.7368E-1
4.1000E-4	1.0010E-2	5.7344E-1
4.1100E-4	9.5215E-3	5.7363E-1
4.1200E-4	1.0254E-2	5.7397E-1
4.1300E-4	9.7656E-3	5.7241E-1
4.1400E-4	9.0332E-3	5.7178E-1
4.1500E-4	9.0332E-3	5.7197E-1
4.1600E-4	1.0010E-2	5.7139E-1
4.1700E-4	9.2773E-3	5.7114E-1
4.1800E-4	9.7656E-3	5.7227E-1
4.1900E-4	9.5215E-3	5.7358E-1
4.2000E-4	9.5215E-3	5.7524E-1
4.2100E-4	1.0254E-2	5.7568E-1
4.2200E-4	9.5215E-3	5.7549E-1
4.2300E-4	9.5215E-3	5.7539E-1
4.2400E-4	9.2773E-3	5.7383E-1
4.2500E-4	1.0254E-2	5.7241E-1
4.2600E-4	9.5215E-3	5.7354E-1
4.2700E-4	9.7656E-3	5.7441E-1
4.2800E-4	9.2773E-3	5.7583E-1
4.2900E-4	9.2773E-3	5.7788E-1
4.3000E-4	9.7656E-3	5.7920E-1
4.3100E-4	9.7656E-3	5.7871E-1
4.3200E-4	9.5215E-3	5.7891E-1
4.3300E-4	9.2773E-3	5.7837E-1
4.3400E-4	9.7656E-3	5.7905E-1
4.3500E-4	9.7656E-3	5.8086E-1
4.3600E-4	9.5215E-3	5.8496E-1
4.3700E-4	9.2773E-3	5.8799E-1
4.3800E-4	1.0010E-2	5.8901E-1
4.3900E-4	9.2773E-3	5.9009E-1
4.4000E-4	9.7656E-3	5.8789E-1
4.4100E-4	9.2773E-3	5.8408E-1
4.4200E-4	1.0010E-2	5.8110E-1
4.4300E-4	1.0010E-2	5.7871E-1
4.4400E-4	9.5215E-3	5.7520E-1
4.4500E-4	9.5215E-3	5.7397E-1
4.4600E-4	9.5215E-3	5.7310E-1
4.4700E-4	9.5215E-3	5.7344E-1
4.4800E-4	9.7656E-3	5.7876E-1
4.4900E-4	9.7656E-3	5.8364E-1
4.5000E-4	9.5215E-3	5.9014E-1
4.5100E-4	9.7656E-3	5.9639E-1
4.5200E-4	1.0254E-2	5.9941E-1
4.5300E-4	9.7656E-3	5.9854E-1
4.5400E-4	1.0010E-2	5.9873E-1
4.5500E-4	1.0010E-2	5.9839E-1
4.5600E-4	9.7656E-3	5.9717E-1
4.5700E-4	9.2773E-3	5.9878E-1
4.5800E-4	1.0010E-2	6.0161E-1
4.5900E-4	9.5215E-3	6.0435E-1
4.6000E-4	9.7656E-3	6.0576E-1
4.6100E-4	1.0010E-2	6.0757E-1
4.6200E-4	9.0332E-3	6.0815E-1
4.6300E-4	9.7656E-3	6.0620E-1
4.6400E-4	9.5215E-3	6.0542E-1
4.6500E-4	1.0010E-2	6.0386E-1
4.6600E-4	9.2773E-3	6.0254E-1
4.6700E-4	9.2773E-3	6.0176E-1
4.6800E-4	1.0010E-2	6.0259E-1
4.6900E-4	9.5215E-3	6.0313E-1
4.7000E-4	9.7656E-3	6.0518E-1
4.7100E-4	9.2773E-3	6.0811E-1
4.7200E-4	1.0498E-2	6.1050E-1
4.7300E-4	1.0010E-2	6.1362E-1
4.7400E-4	9.5215E-3	6.1641E-1
4.7500E-4	9.7656E-3	6.1909E-1
4.7600E-4	9.2773E-3	6.2148E-1
4.7700E-4	9.5215E-3	6.2378E-1
4.7800E-4	9.2773E-3	6.2437E-1
4.7900E-4	9.5215E-3	6.2383E-1
4.8000E-4	9.0332E-3	6.2222E-1
4.8100E-4	1.0010E-2	6.2080E-1
4.8200E-4	9.5215E-3	6.1938E-1
4.8300E-4	9.5215E-3	6.1919E-1
4.8400E-4	9.2773E-3	6.1914E-1
4.8500E-4	9.7656E-3	6.2124E-1
4.8600E-4	9.5215E-3	6.2021E-1
4.8700E-4	9.5215E-3	6.1924E-1
4.8800E-4	9.5215E-3	6.1611E-1
4.8900E-4	9.0332E-3	6.1499E-1
4.9000E-4	9.5215E-3	6.1318E-1
4.9100E-4	9.0332E-3	6.1416E-1
4.9200E-4	9.7656E-3	6.1523E-1
4.9300E-4	9.2773E-3	6.1895E-1
4.9400E-4	9.7656E-3	6.2144E-1
4.9500E-4	9.5215E-3	6.2373E-1
4.9600E-4	9.5215E-3	6.2554E-1
4.9700E-4	9.2773E-3	6.2710E-1
4.9800E-4	9.7656E-3	6.2925E-1
4.9900E-4	9.0332E-3	6.2959E-1
5.0000E-4	1.0010E-2	6.2788E-1
5.0100E-4	9.5215E-3	6.2583E-1
5.0200E-4	9.7656E-3	6.2373E-1
5.0300E-4	9.7656E-3	6.2002E-1
5.0400E-4	9.2773E-3	6.1836E-1
5.0500E-4	1.0254E-2	6.1782E-1
5.0600E-4	9.5215E-3	6.1792E-1
5.0700E-4	9.7656E-3	6.1758E-1
5.0800E-4	9.5215E-3	6.1865E-1
5.0900E-4	9.0332E-3	6.1978E-1
5.1000E-4	9.5215E-3	6.2070E-1
5.1100E-4	9.5215E-3	6.2031E-1
5.1200E-4	1.0254E-2	6.1953E-1
5.1300E-4	9.7656E-3	6.1572E-1
5.1400E-4	9.5215E-3	6.1084E-1
5.1500E-4	9.7656E-3	6.0693E-1
5.1600E-4	9.7656E-3	6.0317E-1
5.1700E-4	9.5215E-3	6.0181E-1
5.1800E-4	9.5215E-3	6.0259E-1
5.1900E-4	9.7656E-3	6.0649E-1
5.2000E-4	9.7656E-3	6.0869E-1
5.2100E-4	1.0010E-2	6.1128E-1
5.2200E-4	9.5215E-3	6.1309E-1
5.2300E-4	9.5215E-3	6.1494E-1
5.2400E-4	9.7656E-3	6.1621E-1
5.2500E-4	9.7656E-3	6.1943E-1
5.2600E-4	9.2773E-3	6.1958E-1
5.2700E-4	1.0254E-2	6.1865E-1
5.2800E-4	9.2773E-3	6.1611E-1
5.2900E-4	9.2773E-3	6.1094E-1
5.3000E-4	1.0254E-2	6.0708E-1
5.3100E-4	9.5215E-3	6.0713E-1
5.3200E-4	1.0010E-2	6.0835E-1
5.3300E-4	9.5215E-3	6.1011E-1
5.3400E-4	1.0010E-2	6.1196E-1
5.3500E-4	9.5215E-3	6.1055E-1
5.3600E-4	9.5215E-3	6.0864E-1
5.3700E-4	9.5215E-3	6.0649E-1
5.3800E-4	1.0254E-2	6.0430E-1
5.3900E-4	9.7656E-3	6.0234E-1
5.4000E-4	9.0332E-3	6.0322E-1
5.4100E-4	9.2773E-3	6.0415E-1
5.4200E-4	9.7656E-3	6.0386E-1
5.4300E-4	9.2773E-3	6.0186E-1
5.4400E-4	1.0010E-2	6.0078E-1
5.4500E-4	9.5215E-3	5.9761E-1
5.4600E-4	9.5215E-3	5.9619E-1
5.4700E-4	9.2773E-3	5.9668E-1
5.4800E-4	1.0254E-2	6.0024E-1
5.4900E-4	9.5215E-3	6.0210E-1
5.5000E-4	9.0332E-3	6.0601E-1
5.5100E-4	1.0010E-2	6.0806E-1
5.5200E-4	9.5215E-3	6.0840E-1
5.5300E-4	9.7656E-3	6.0898E-1
5.5400E-4	1.0010E-2	6.1138E-1
5.5500E-4	9.2773E-3	6.1030E-1
5.5600E-4	9.2773E-3	6.0757E-1
5.5700E-4	9.2773E-3	6.0552E-1
5.5800E-4	1.0010E-2	6.0171E-1
5.5900E-4	1.0010E-2	5.9780E-1
5.6000E-4	9.7656E-3	5.9590E-1
5.6100E-4	9.2773E-3	5.9829E-1
5.6200E-4	9.5215E-3	6.0137E-1
5.6300E-4	9.7656E-3	6.0586E-1
5.6400E-4	9.5215E-3	6.1035E-1
5.6500E-4	1.0010E-2	6.1504E-1
5.6600E-4	9.2773E-3	6.1660E-1
5.6700E-4	9.7656E-3	6.1870E-1
5.6800E-4	9.2773E-3	6.1934E-1
5.6900E-4	9.7656E-3	6.1929E-1
5.7000E-4	9.5215E-3	6.1978E-1
5.7100E-4	9.2773E-3	6.2173E-1
5.7200E-4	9.5215E-3	6.2275E-1
5.7300E-4	9.7656E-3	6.2544E-1
5.7400E-4	9.2773E-3	6.2783E-1
5.7500E-4	9.5215E-3	6.2998E-1
5.7600E-4	9.5215E-3	6.3037E-1
5.7700E-4	9.0332E-3	6.2949E-1
5.7800E-4	9.2773E-3	6.2871E-1
5.7900E-4	9.5215E-3	6.3037E-1
5.8000E-4	1.0010E-2	6.3130E-1
5.8100E-4	9.5215E-3	6.3320E-1
5.8200E-4	9.5215E-3	6.3550E-1
5.8300E-4	9.5215E-3	6.3809E-1
5.8400E-4	9.7656E-3	6.3892E-1
5.8500E-4	1.0010E-2	6.4111E-1
5.8600E-4	9.7656E-3	6.4492E-1
5.8700E-4	9.5215E-3	6.5029E-1
5.8800E-4	9.5215E-3	6.5322E-1
5.8900E-4	1.0010E-2	6.5601E-1
5.9000E-4	9.5215E-3	6.5669E-1
5.9100E-4	1.0010E-2	6.5645E-1
5.9200E-4	9.5215E-3	6.5581E-1
5.9300E-4	9.5215E-3	6.5718E-1
5.9400E-4	9.2773E-3	6.5879E-1
5.9500E-4	1.0010E-2	6.6318E-1
5.9600E-4	9.2773E-3	6.6689E-1
5.9700E-4	9.2773E-3	6.6865E-1
5.9800E-4	1.0254E-2	6.7222E-1
5.9900E-4	9.0332E-3	6.7632E-1
6.0000E-4	1.0010E-2	6.8032E-1
6.0100E-4	9.0332E-3	6.8374E-1
6.0200E-4	1.0498E-2	6.8926E-1
6.0300E-4	9.7656E-3	6.9106E-1
6.0400E-4	9.7656E-3	6.9473E-1
6.0500E-4	9.5215E-3	6.9751E-1
6.0600E-4	9.7656E-3	7.0361E-1
6.0700E-4	9.0332E-3	7.0933E-1
6.0800E-4	9.7656E-3	7.1670E-1
6.0900E-4	9.7656E-3	7.2246E-1
6.1000E-4	9.2773E-3	7.2793E-1
6.1100E-4	9.5215E-3	7.3286E-1
6.1200E-4	9.7656E-3	7.3623E-1
6.1300E-4	9.5215E-3	7.4028E-1
6.1400E-4	1.0254E-2	7.4326E-1
6.1500E-4	9.5215E-3	7.4653E-1
6.1600E-4	9.0332E-3	7.4658E-1
6.1700E-4	1.0010E-2	7.5049E-1
6.1800E-4	9.2773E-3	7.5386E-1
6.1900E-4	1.0010E-2	7.5649E-1
6.2000E-4	9.5215E-3	7.5918E-1
6.2100E-4	9.5215E-3	7.6533E-1
6.2200E-4	9.5215E-3	7.7021E-1
6.2300E-4	1.0010E-2	7.7349E-1
6.2400E-4	1.0254E-2	7.7681E-1
6.2500E-4	9.2773E-3	7.8091E-1
6.2600E-4	1.0010E-2	7.8457E-1
6.2700E-4	9.7656E-3	7.8970E-1
6.2800E-4	9.7656E-3	7.9648E-1
6.2900E-4	9.5215E-3	8.0547E-1
6.3000E-4	9.2773E-3	8.1338E-1
6.3100E-4	9.5215E-3	8.1978E-1
6.3200E-4	9.5215E-3	8.2461E-1
6.3300E-4	8.7891E-3	8.2822E-1
6.3400E-4	9.7656E-3	8.2925E-1
6.3500E-4	9.7656E-3	8.3179E-1
6.3600E-4	9.5215E-3	8.3447E-1
6.3700E-4	9.7656E-3	8.3428E-1
6.3800E-4	9.5215E-3	8.3535E-1
6.3900E-4	9.2773E-3	8.3872E-1
6.4000E-4	9.5215E-3	8.4067E-1
6.4100E-4	9.7656E-3	8.4248E-1
6.4200E-4	9.5215E-3	8.4521E-1
6.4300E-4	9.2773E-3	8.4946E-1
6.4400E-4	9.7656E-3	8.5283E-1
6.4500E-4	9.5215E-3	8.5522E-1
6.4600E-4	9.7656E-3	8.5698E-1
6.4700E-4	9.2773E-3	8.6035E-1
6.4800E-4	9.7656E-3	8.5977E-1
6.4900E-4	9.7656E-3	8.6074E-1
6.5000E-4	9.5215E-3	8.6211E-1
6.5100E-4	9.5215E-3	8.6260E-1
6.5200E-4	9.5215E-3	8.6118E-1
6.5300E-4	9.7656E-3	8.6123E-1
6.5400E-4	1.0010E-2	8.5845E-1
6.5500E-4	9.5215E-3	8.5493E-1
6.5600E-4	9.2773E-3	8.5205E-1
6.5700E-4	9.5215E-3	8.5010E-1
6.5800E-4	9.5215E-3	8.4688E-1
6.5900E-4	9.7656E-3	8.4580E-1
6.6000E-4	1.0010E-2	8.4585E-1
6.6100E-4	9.7656E-3	8.4668E-1
6.6200E-4	1.0010E-2	8.4658E-1
6.6300E-4	1.0010E-2	8.4854E-1
6.6400E-4	9.2773E-3	8.4624E-1
6.6500E-4	1.0010E-2	8.4185E-1
6.6600E-4	9.5215E-3	8.3623E-1
6.6700E-4	1.0010E-2	8.3062E-1
6.6800E-4	9.5215E-3	8.2339E-1
6.6900E-4	9.5215E-3	8.1929E-1
6.7000E-4	9.5215E-3	8.1567E-1
6.7100E-4	9.7656E-3	8.1191E-1
6.7200E-4	9.5215E-3	8.0571E-1
6.7300E-4	9.2773E-3	7.9956E-1
6.7400E-4	9.2773E-3	7.9238E-1
6.7500E-4	9.5215E-3	7.8574E-1
6.7600E-4	9.7656E-3	7.7969E-1
6.7700E-4	9.5215E-3	7.7695E-1
6.7800E-4	1.0254E-2	7.7495E-1
6.7900E-4	1.0010E-2	7.7261E-1
6.8000E-4	9.7656E-3	7.7017E-1
6.8100E-4	9.2773E-3	7.6729E-1
6.8200E-4	9.2773E-3	7.6328E-1
6.8300E-4	9.5215E-3	7.5679E-1
6.8400E-4	9.5215E-3	7.4868E-1
6.8500E-4	9.0332E-3	7.3955E-1
6.8600E-4	9.5215E-3	7.3125E-1
6.8700E-4	1.0010E-2	7.2451E-1
6.8800E-4	1.0010E-2	7.2207E-1
6.8900E-4	9.5215E-3	7.2217E-1
6.9000E-4	9.0332E-3	7.2368E-1
6.9100E-4	9.5215E-3	7.2378E-1
6.9200E-4	9.7656E-3	7.2227E-1
6.9300E-4	9.5215E-3	7.1831E-1
6.9400E-4	9.5215E-3	7.1348E-1
6.9500E-4	8.7891E-3	7.0718E-1
6.9600E-4	9.5215E-3	7.0044E-1
6.9700E-4	9.5215E-3	6.9390E-1
6.9800E-4	8.3008E-3	6.8745E-1
6.9900E-4	9.5215E-3	6.8208E-1
7.0000E-4	9.2773E-3	6.7891E-1
7.0100E-4	9.5215E-3	6.7734E-1
7.0200E-4	9.2773E-3	6.7642E-1
7.0300E-4	1.0010E-2	6.7471E-1
7.0400E-4	9.0332E-3	6.7188E-1
7.0500E-4	9.7656E-3	6.6729E-1
7.0600E-4	9.5215E-3	6.6265E-1
7.0700E-4	9.2773E-3	6.5732E-1
7.0800E-4	1.0010E-2	6.5386E-1
7.0900E-4	9.7656E-3	6.5156E-1
7.1000E-4	1.0010E-2	6.4937E-1
7.1100E-4	1.0010E-2	6.4800E-1
7.1200E-4	9.7656E-3	6.4658E-1
7.1300E-4	9.2773E-3	6.4521E-1
7.1400E-4	9.0332E-3	6.4375E-1
7.1500E-4	9.5215E-3	6.4478E-1
7.1600E-4	9.7656E-3	6.4424E-1
7.1700E-4	9.5215E-3	6.4551E-1
7.1800E-4	9.7656E-3	6.4487E-1
7.1900E-4	9.2773E-3	6.4263E-1
7.2000E-4	9.2773E-3	6.3867E-1
7.2100E-4	9.7656E-3	6.3608E-1
7.2200E-4	9.5215E-3	6.3218E-1
7.2300E-4	1.0010E-2	6.2876E-1
7.2400E-4	1.0010E-2	6.2573E-1
7.2500E-4	8.7891E-3	6.2251E-1
7.2600E-4	9.2773E-3	6.2158E-1
7.2700E-4	9.5215E-3	6.1958E-1
7.2800E-4	9.5215E-3	6.1860E-1
7.2900E-4	1.0254E-2	6.2007E-1
7.3000E-4	9.2773E-3	6.2236E-1
7.3100E-4	9.5215E-3	6.2148E-1
7.3200E-4	9.7656E-3	6.2173E-1
7.3300E-4	9.5215E-3	6.2080E-1
7.3400E-4	8.7891E-3	6.1895E-1
7.3500E-4	9.5215E-3	6.1592E-1
7.3600E-4	1.0010E-2	6.1187E-1
7.3700E-4	1.0010E-2	6.0942E-1
7.3800E-4	9.7656E-3	6.1104E-1
7.3900E-4	1.0010E-2	6.1426E-1
7.4000E-4	9.2773E-3	6.1772E-1
7.4100E-4	9.5215E-3	6.2354E-1
7.4200E-4	1.0010E-2	6.2827E-1
7.4300E-4	1.0254E-2	6.2974E-1
7.4400E-4	1.0010E-2	6.2949E-1
7.4500E-4	9.2773E-3	6.3066E-1
7.4600E-4	1.0254E-2	6.3105E-1
7.4700E-4	9.7656E-3	6.3228E-1
7.4800E-4	1.0254E-2	6.3257E-1
7.4900E-4	9.5215E-3	6.3262E-1
7.5000E-4	9.5215E-3	6.3188E-1
7.5100E-4	9.0332E-3	6.2964E-1
7.5200E-4	9.0332E-3	6.2773E-1
7.5300E-4	9.7656E-3	6.3052E-1
7.5400E-4	9.7656E-3	6.3472E-1
7.5500E-4	9.5215E-3	6.4038E-1
7.5600E-4	9.7656E-3	6.4697E-1
7.5700E-4	9.5215E-3	6.5151E-1
7.5800E-4	1.0254E-2	6.5352E-1
7.5900E-4	9.5215E-3	6.5542E-1
7.6000E-4	9.7656E-3	6.5474E-1
7.6100E-4	9.7656E-3	6.5410E-1
7.6200E-4	9.2773E-3	6.5498E-1
7.6300E-4	8.7891E-3	6.5518E-1
7.6400E-4	9.2773E-3	6.5508E-1
7.6500E-4	9.7656E-3	6.5708E-1
7.6600E-4	9.2773E-3	6.5781E-1
7.6700E-4	9.2773E-3	6.5879E-1
7.6800E-4	9.5215E-3	6.5894E-1
7.6900E-4	9.2773E-3	6.5962E-1
7.7000E-4	1.0254E-2	6.5991E-1
7.7100E-4	9.7656E-3	6.6406E-1
7.7200E-4	9.7656E-3	6.6938E-1
7.7300E-4	9.7656E-3	6.7534E-1
7.7400E-4	9.7656E-3	6.8076E-1
7.7500E-4	9.7656E-3	6.8682E-1
7.7600E-4	1.0010E-2	6.9131E-1
7.7700E-4	1.0010E-2	6.9321E-1
7.7800E-4	9.2773E-3	6.9526E-1
7.7900E-4	8.7891E-3	6.9648E-1
7.8000E-4	9.2773E-3	6.9736E-1
7.8100E-4	9.5215E-3	6.9756E-1
7.8200E-4	9.7656E-3	6.9922E-1
7.8300E-4	9.5215E-3	7.0127E-1
7.8400E-4	8.5449E-3	7.0430E-1
7.8500E-4	9.0332E-3	7.1162E-1
7.8600E-4	9.5215E-3	7.2095E-1
7.8700E-4	9.5215E-3	7.3032E-1
7.8800E-4	9.2773E-3	7.3921E-1
7.8900E-4	9.7656E-3	7.4780E-1
7.9000E-4	9.2773E-3	7.5059E-1
7.9100E-4	9.5215E-3	7.5220E-1
7.9200E-4	1.0010E-2	7.5415E-1
7.9300E-4	9.2773E-3	7.5688E-1
7.9400E-4	9.5215E-3	7.6152E-1
7.9500E-4	9.7656E-3	7.6841E-1
7.9600E-4	9.5215E-3	7.7559E-1
7.9700E-4	1.0254E-2	7.8042E-1
7.9800E-4	9.2773E-3	7.8389E-1
7.9900E-4	9.5215E-3	7.8423E-1
8.0000E-4	9.7656E-3	7.8452E-1
8.0100E-4	9.7656E-3	7.8579E-1
8.0200E-4	9.7656E-3	7.8857E-1
8.0300E-4	1.0254E-2	7.9258E-1
8.0400E-4	1.0010E-2	7.9644E-1
8.0500E-4	9.7656E-3	7.9976E-1
8.0600E-4	9.5215E-3	8.0303E-1
8.0700E-4	9.2773E-3	8.0767E-1
8.0800E-4	9.5215E-3	8.1196E-1
8.0900E-4	9.5215E-3	8.1675E-1
8.1000E-4	9.5215E-3	8.2231E-1
8.1100E-4	9.2773E-3	8.2744E-1
8.1200E-4	1.0010E-2	8.3359E-1
8.1300E-4	1.0010E-2	8.4009E-1
8.1400E-4	9.2773E-3	8.4492E-1
8.1500E-4	1.0010E-2	8.4839E-1
8.1600E-4	9.5215E-3	8.5000E-1
8.1700E-4	9.5215E-3	8.4736E-1
8.1800E-4	9.7656E-3	8.4419E-1
8.1900E-4	1.0010E-2	8.4204E-1
8.2000E-4	1.0010E-2	8.3916E-1
8.2100E-4	9.5215E-3	8.3813E-1
8.2200E-4	9.7656E-3	8.3760E-1
8.2300E-4	9.5215E-3	8.3638E-1
8.2400E-4	9.7656E-3	8.3413E-1
8.2500E-4	9.2773E-3	8.3110E-1
8.2600E-4	9.2773E-3	8.2808E-1
8.2700E-4	9.2773E-3	8.2573E-1
8.2800E-4	8.7891E-3	8.2334E-1
8.2900E-4	9.2773E-3	8.2383E-1
8.3000E-4	9.5215E-3	8.2495E-1
8.3100E-4	9.5215E-3	8.2446E-1
8.3200E-4	9.7656E-3	8.2324E-1
8.3300E-4	1.0254E-2	8.2158E-1
8.3400E-4	9.0332E-3	8.2065E-1
8.3500E-4	9.2773E-3	8.2095E-1
8.3600E-4	1.0254E-2	8.1968E-1
8.3700E-4	9.0332E-3	8.1929E-1
8.3800E-4	9.0332E-3	8.1851E-1
8.3900E-4	1.0010E-2	8.1445E-1
8.4000E-4	9.5215E-3	8.0830E-1
8.4100E-4	9.2773E-3	8.0342E-1
8.4200E-4	9.5215E-3	7.9712E-1
8.4300E-4	9.5215E-3	7.9175E-1
8.4400E-4	9.5215E-3	7.8521E-1
8.4500E-4	9.7656E-3	7.7939E-1
8.4600E-4	1.0010E-2	7.7192E-1
8.4700E-4	9.5215E-3	7.6567E-1
8.4800E-4	9.7656E-3	7.5942E-1
8.4900E-4	9.7656E-3	7.5635E-1
8.5000E-4	9.7656E-3	7.5410E-1
8.5100E-4	9.5215E-3	7.5410E-1
8.5200E-4	9.7656E-3	7.5356E-1
8.5300E-4	9.0332E-3	7.5088E-1
8.5400E-4	9.2773E-3	7.4585E-1
8.5500E-4	9.2773E-3	7.3784E-1
8.5600E-4	9.5215E-3	7.2900E-1
8.5700E-4	9.7656E-3	7.2061E-1
8.5800E-4	9.5215E-3	7.1255E-1
8.5900E-4	9.7656E-3	7.0728E-1
8.6000E-4	9.7656E-3	7.0278E-1
8.6100E-4	9.2773E-3	6.9922E-1
8.6200E-4	1.0010E-2	6.9531E-1
8.6300E-4	9.0332E-3	6.9316E-1
8.6400E-4	9.7656E-3	6.9023E-1
8.6500E-4	1.0010E-2	6.8882E-1
8.6600E-4	9.2773E-3	6.8657E-1
8.6700E-4	9.5215E-3	6.8486E-1
8.6800E-4	1.0010E-2	6.8174E-1
8.6900E-4	9.7656E-3	6.7588E-1
8.7000E-4	9.5215E-3	6.6982E-1
8.7100E-4	9.5215E-3	6.6377E-1
8.7200E-4	9.2773E-3	6.5723E-1
8.7300E-4	9.7656E-3	6.5205E-1
8.7400E-4	1.0010E-2	6.4941E-1
8.7500E-4	8.7891E-3	6.4829E-1
8.7600E-4	9.7656E-3	6.4829E-1
8.7700E-4	9.2773E-3	6.4795E-1
8.7800E-4	1.0010E-2	6.4678E-1
8.7900E-4	9.5215E-3	6.4404E-1
8.8000E-4	9.0332E-3	6.3838E-1
8.8100E-4	1.0010E-2	6.3442E-1
8.8200E-4	9.7656E-3	6.3462E-1
8.8300E-4	9.7656E-3	6.3613E-1
8.8400E-4	9.5215E-3	6.3882E-1
8.8500E-4	9.7656E-3	6.4160E-1
8.8600E-4	9.2773E-3	6.3872E-1
8.8700E-4	9.7656E-3	6.3076E-1
8.8800E-4	1.0010E-2	6.2173E-1
8.8900E-4	9.2773E-3	6.1265E-1
8.9000E-4	9.2773E-3	6.0576E-1
8.9100E-4	9.7656E-3	6.0034E-1
8.9200E-4	9.2773E-3	5.9800E-1
8.9300E-4	9.5215E-3	5.9712E-1
8.9400E-4	9.7656E-3	5.9634E-1
8.9500E-4	9.0332E-3	5.9609E-1
8.9600E-4	9.7656E-3	5.9746E-1
8.9700E-4	9.7656E-3	5.9873E-1
8.9800E-4	9.2773E-3	5.9966E-1
8.9900E-4	9.7656E-3	6.0073E-1
9.0000E-4	9.7656E-3	6.0044E-1
9.0100E-4	9.5215E-3	5.9834E-1
9.0200E-4	9.7656E-3	5.9551E-1
9.0300E-4	9.7656E-3	5.9106E-1
9.0400E-4	9.7656E-3	5.8740E-1
9.0500E-4	9.7656E-3	5.8682E-1
9.0600E-4	9.5215E-3	5.9038E-1
9.0700E-4	9.5215E-3	5.9302E-1
9.0800E-4	9.2773E-3	5.9575E-1
9.0900E-4	9.5215E-3	5.9746E-1
9.1000E-4	1.0010E-2	5.9551E-1
9.1100E-4	9.5215E-3	5.9053E-1
9.1200E-4	9.5215E-3	5.8467E-1
9.1300E-4	9.5215E-3	5.7998E-1
9.1400E-4	9.2773E-3	5.7661E-1
9.1500E-4	1.0010E-2	5.7549E-1
9.1600E-4	1.0010E-2	5.7783E-1
9.1700E-4	9.7656E-3	5.8184E-1
9.1800E-4	9.5215E-3	5.8359E-1
9.1900E-4	1.0010E-2	5.8491E-1
9.2000E-4	9.2773E-3	5.8442E-1
9.2100E-4	1.0010E-2	5.8223E-1
9.2200E-4	9.5215E-3	5.8032E-1
9.2300E-4	9.7656E-3	5.7998E-1
9.2400E-4	1.0010E-2	5.7935E-1
9.2500E-4	9.2773E-3	5.8076E-1
9.2600E-4	8.7891E-3	5.8008E-1
9.2700E-4	9.0332E-3	5.7813E-1
9.2800E-4	9.2773E-3	5.7822E-1
9.2900E-4	1.0010E-2	5.7920E-1
9.3000E-4	9.5215E-3	5.8110E-1
9.3100E-4	9.5215E-3	5.8599E-1
9.3200E-4	9.7656E-3	5.9155E-1
9.3300E-4	9.7656E-3	5.9551E-1
9.3400E-4	9.5215E-3	5.9727E-1
9.3500E-4	9.5215E-3	5.9536E-1
9.3600E-4	1.0010E-2	5.9233E-1
9.3700E-4	9.2773E-3	5.8989E-1
9.3800E-4	9.5215E-3	5.8955E-1
9.3900E-4	9.7656E-3	5.9155E-1
9.4000E-4	9.5215E-3	5.9399E-1
9.4100E-4	9.7656E-3	5.9619E-1
9.4200E-4	9.2773E-3	5.9668E-1
9.4300E-4	1.0254E-2	5.9541E-1
9.4400E-4	9.5215E-3	5.9204E-1
9.4500E-4	9.7656E-3	5.8921E-1
9.4600E-4	9.2773E-3	5.8735E-1
9.4700E-4	9.5215E-3	5.9033E-1
9.4800E-4	9.7656E-3	5.9473E-1
9.4900E-4	9.0332E-3	6.0020E-1
9.5000E-4	1.0010E-2	6.0576E-1
9.5100E-4	1.0010E-2	6.0898E-1
9.5200E-4	9.7656E-3	6.0801E-1
9.5300E-4	9.7656E-3	6.0591E-1
9.5400E-4	9.2773E-3	6.0356E-1
9.5500E-4	9.2773E-3	6.0005E-1
9.5600E-4	9.2773E-3	5.9946E-1
9.5700E-4	9.7656E-3	6.0049E-1
9.5800E-4	1.0010E-2	6.0122E-1
9.5900E-4	9.2773E-3	6.0171E-1
9.6000E-4	9.5215E-3	6.0332E-1
9.6100E-4	1.0010E-2	6.0298E-1
9.6200E-4	1.0010E-2	6.0415E-1
9.6300E-4	1.0010E-2	6.0659E-1
9.6400E-4	9.5215E-3	6.1040E-1
9.6500E-4	9.7656E-3	6.1387E-1
9.6600E-4	9.2773E-3	6.1631E-1
9.6700E-4	9.2773E-3	6.1436E-1
9.6800E-4	1.0010E-2	6.1143E-1
9.6900E-4	1.0010E-2	6.0898E-1
9.7000E-4	1.0010E-2	6.0752E-1
9.7100E-4	1.0010E-2	6.0664E-1
9.7200E-4	9.2773E-3	6.0977E-1
9.7300E-4	1.0010E-2	6.1387E-1
9.7400E-4	9.2773E-3	6.1543E-1
9.7500E-4	9.7656E-3	6.1577E-1
9.7600E-4	9.7656E-3	6.1641E-1
9.7700E-4	9.0332E-3	6.1372E-1
9.7800E-4	9.7656E-3	6.1016E-1
9.7900E-4	9.5215E-3	6.1118E-1
9.8000E-4	9.2773E-3	6.1460E-1
9.8100E-4	9.0332E-3	6.2017E-1
9.8200E-4	8.7891E-3	6.2651E-1
9.8300E-4	1.0010E-2	6.3223E-1
9.8400E-4	8.7891E-3	6.3369E-1
9.8500E-4	9.5215E-3	6.3320E-1
9.8600E-4	9.2773E-3	6.3218E-1
9.8700E-4	1.0254E-2	6.3140E-1
9.8800E-4	9.5215E-3	6.2998E-1
9.8900E-4	9.2773E-3	6.2944E-1
9.9000E-4	9.7656E-3	6.2964E-1
9.9100E-4	9.0332E-3	6.2871E-1
9.9200E-4	9.0332E-3	6.2676E-1
9.9300E-4	1.0254E-2	6.2500E-1
9.9400E-4	1.0010E-2	6.2378E-1
9.9500E-4	9.7656E-3	6.2183E-1
9.9600E-4	9.5215E-3	6.2041E-1
9.9700E-4	9.7656E-3	6.1865E-1
9.9800E-4	9.0332E-3	6.1865E-1
9.9900E-4	9.5215E-3	6.1865E-1
