Time [s]	Aux in [V]	Main in [V]
0.0000E+0	9.0332E-3	7.3110E-1
1.0000E-6	9.5215E-3	7.3203E-1
2.0000E-6	9.5215E-3	7.3418E-1
3.0000E-6	9.0332E-3	7.3403E-1
4.0000E-6	9.2773E-3	7.3394E-1
5.0000E-6	9.5215E-3	7.3169E-1
6.0000E-6	9.7656E-3	7.3052E-1
7.0000E-6	1.0010E-2	7.2856E-1
8.0000E-6	9.7656E-3	7.2905E-1
9.0000E-6	9.7656E-3	7.2983E-1
1.0000E-5	9.7656E-3	7.3252E-1
1.1000E-5	1.0010E-2	7.3345E-1
1.2000E-5	9.0332E-3	7.3481E-1
1.3000E-5	9.2773E-3	7.3521E-1
1.4000E-5	8.7891E-3	7.3511E-1
1.5000E-5	9.5215E-3	7.3555E-1
1.6000E-5	9.5215E-3	7.3730E-1
1.7000E-5	9.2773E-3	7.3838E-1
1.8000E-5	9.5215E-3	7.4043E-1
1.9000E-5	9.5215E-3	7.4395E-1
2.0000E-5	8.5449E-3	7.4683E-1
2.1000E-5	9.0332E-3	7.4800E-1
2.2000E-5	9.5215E-3	7.4893E-1
2.3000E-5	9.5215E-3	7.4941E-1
2.4000E-5	9.2773E-3	7.4727E-1
2.5000E-5	9.7656E-3	7.4497E-1
2.6000E-5	8.7891E-3	7.4360E-1
2.7000E-5	9.2773E-3	7.4258E-1
2.8000E-5	1.0010E-2	7.4150E-1
2.9000E-5	1.0010E-2	7.4092E-1
3.0000E-5	9.5215E-3	7.4097E-1
3.1000E-5	9.5215E-3	7.4219E-1
3.2000E-5	9.5215E-3	7.4263E-1
3.3000E-5	9.2773E-3	7.4331E-1
3.4000E-5	9.5215E-3	7.4399E-1
3.5000E-5	9.0332E-3	7.4380E-1
3.6000E-5	9.7656E-3	7.4248E-1
3.7000E-5	9.2773E-3	7.4175E-1
3.8000E-5	9.5215E-3	7.4058E-1
3.9000E-5	9.7656E-3	7.3882E-1
4.0000E-5	9.7656E-3	7.3794E-1
4.1000E-5	8.7891E-3	7.3745E-1
4.2000E-5	9.7656E-3	7.3555E-1
4.3000E-5	1.0010E-2	7.3389E-1
4.4000E-5	9.2773E-3	7.3511E-1
4.5000E-5	9.5215E-3	7.3413E-1
4.6000E-5	9.2773E-3	7.3350E-1
4.7000E-5	1.0010E-2	7.3423E-1
4.8000E-5	9.7656E-3	7.3345E-1
4.9000E-5	9.5215E-3	7.3101E-1
5.0000E-5	9.0332E-3	7.2959E-1
5.1000E-5	9.5215E-3	7.2676E-1
5.2000E-5	9.7656E-3	7.2358E-1
5.3000E-5	9.5215E-3	7.2339E-1
5.4000E-5	9.7656E-3	7.2227E-1
5.5000E-5	1.0254E-2	7.2100E-1
5.6000E-5	9.5215E-3	7.2080E-1
5.7000E-5	9.5215E-3	7.1982E-1
5.8000E-5	1.0010E-2	7.1914E-1
5.9000E-5	9.2773E-3	7.2026E-1
6.0000E-5	9.5215E-3	7.2222E-1
6.1000E-5	9.2773E-3	7.2227E-1
6.2000E-5	1.0010E-2	7.2358E-1
6.3000E-5	9.7656E-3	7.2339E-1
6.4000E-5	9.2773E-3	7.2207E-1
6.5000E-5	9.2773E-3	7.1992E-1
6.6000E-5	9.5215E-3	7.1831E-1
6.7000E-5	9.7656E-3	7.1924E-1
6.8000E-5	9.7656E-3	7.1772E-1
6.9000E-5	9.5215E-3	7.1504E-1
7.0000E-5	9.2773E-3	7.1157E-1
7.1000E-5	9.7656E-3	7.0835E-1
7.2000E-5	9.2773E-3	7.0371E-1
7.3000E-5	9.7656E-3	7.0127E-1
7.4000E-5	9.7656E-3	7.0068E-1
7.5000E-5	9.5215E-3	6.9976E-1
7.6000E-5	8.7891E-3	7.0029E-1
7.7000E-5	9.2773E-3	6.9961E-1
7.8000E-5	1.0254E-2	7.0103E-1
7.9000E-5	9.2773E-3	7.0186E-1
8.0000E-5	9.7656E-3	7.0420E-1
8.1000E-5	9.5215E-3	7.0420E-1
8.2000E-5	1.0254E-2	7.0488E-1
8.3000E-5	9.7656E-3	7.0522E-1
8.4000E-5	9.5215E-3	7.0483E-1
8.5000E-5	1.0010E-2	7.0508E-1
8.6000E-5	9.7656E-3	7.0654E-1
8.7000E-5	9.2773E-3	7.0684E-1
8.8000E-5	1.0010E-2	7.0591E-1
8.9000E-5	9.2773E-3	7.0718E-1
9.0000E-5	1.0254E-2	7.0625E-1
9.1000E-5	1.0254E-2	7.0576E-1
9.2000E-5	9.7656E-3	7.0493E-1
9.3000E-5	9.2773E-3	7.0356E-1
9.4000E-5	9.5215E-3	7.0210E-1
9.5000E-5	9.5215E-3	7.0171E-1
9.6000E-5	9.5215E-3	7.0015E-1
9.7000E-5	9.5215E-3	6.9897E-1
9.8000E-5	9.7656E-3	6.9917E-1
9.9000E-5	9.5215E-3	6.9897E-1
1.0000E-4	9.7656E-3	6.9907E-1
1.0100E-4	1.0254E-2	7.0039E-1
1.0200E-4	9.2773E-3	7.0303E-1
1.0300E-4	9.7656E-3	7.0435E-1
1.0400E-4	1.0010E-2	7.0610E-1
1.0500E-4	9.2773E-3	7.0732E-1
1.0600E-4	9.5215E-3	7.0879E-1
1.0700E-4	9.7656E-3	7.0952E-1
1.0800E-4	9.2773E-3	7.1060E-1
1.0900E-4	9.7656E-3	7.0825E-1
1.1000E-4	9.5215E-3	7.0503E-1
1.1100E-4	9.7656E-3	7.0269E-1
1.1200E-4	9.2773E-3	6.9995E-1
1.1300E-4	9.2773E-3	6.9829E-1
1.1400E-4	1.0254E-2	6.9780E-1
1.1500E-4	9.5215E-3	7.0103E-1
1.1600E-4	8.7891E-3	7.0498E-1
1.1700E-4	9.7656E-3	7.0962E-1
1.1800E-4	9.2773E-3	7.1392E-1
1.1900E-4	9.2773E-3	7.2041E-1
1.2000E-4	9.5215E-3	7.2578E-1
1.2100E-4	9.2773E-3	7.3008E-1
1.2200E-4	9.5215E-3	7.3413E-1
1.2300E-4	9.7656E-3	7.3633E-1
1.2400E-4	1.0254E-2	7.3652E-1
1.2500E-4	9.2773E-3	7.3340E-1
1.2600E-4	1.0010E-2	7.2993E-1
1.2700E-4	9.5215E-3	7.2612E-1
1.2800E-4	9.5215E-3	7.2456E-1
1.2900E-4	9.2773E-3	7.2554E-1
1.3000E-4	9.5215E-3	7.2954E-1
1.3100E-4	9.2773E-3	7.3472E-1
1.3200E-4	9.0332E-3	7.4121E-1
1.3300E-4	9.5215E-3	7.4692E-1
1.3400E-4	9.5215E-3	7.5229E-1
1.3500E-4	9.7656E-3	7.5791E-1
1.3600E-4	1.0010E-2	7.6191E-1
1.3700E-4	9.7656E-3	7.6479E-1
1.3800E-4	9.2773E-3	7.6787E-1
1.3900E-4	1.0010E-2	7.7012E-1
1.4000E-4	9.5215E-3	7.7168E-1
1.4100E-4	9.5215E-3	7.7422E-1
1.4200E-4	9.0332E-3	7.7505E-1
1.4300E-4	9.5215E-3	7.7480E-1
1.4400E-4	9.7656E-3	7.7314E-1
1.4500E-4	1.0254E-2	7.7241E-1
1.4600E-4	9.5215E-3	7.7183E-1
1.4700E-4	9.7656E-3	7.7510E-1
1.4800E-4	9.7656E-3	7.8169E-1
1.4900E-4	9.5215E-3	7.9048E-1
1.5000E-4	9.5215E-3	7.9951E-1
1.5100E-4	9.5215E-3	8.0811E-1
1.5200E-4	1.0010E-2	8.1465E-1
1.5300E-4	9.5215E-3	8.1880E-1
1.5400E-4	9.5215E-3	8.2188E-1
1.5500E-4	9.7656E-3	8.2534E-1
1.5600E-4	9.5215E-3	8.2842E-1
1.5700E-4	9.5215E-3	8.3076E-1
1.5800E-4	8.5449E-3	8.3350E-1
1.5900E-4	9.2773E-3	8.3804E-1
1.6000E-4	1.0010E-2	8.4102E-1
1.6100E-4	9.0332E-3	8.4399E-1
1.6200E-4	9.2773E-3	8.4731E-1
1.6300E-4	1.0010E-2	8.5098E-1
1.6400E-4	9.2773E-3	8.5381E-1
1.6500E-4	9.5215E-3	8.5859E-1
1.6600E-4	9.5215E-3	8.6499E-1
1.6700E-4	1.0010E-2	8.7314E-1
1.6800E-4	9.2773E-3	8.7817E-1
1.6900E-4	9.7656E-3	8.8086E-1
1.7000E-4	9.2773E-3	8.8291E-1
1.7100E-4	1.0010E-2	8.8418E-1
1.7200E-4	9.5215E-3	8.8530E-1
1.7300E-4	9.7656E-3	8.8882E-1
1.7400E-4	9.2773E-3	8.9287E-1
1.7500E-4	9.5215E-3	8.9644E-1
1.7600E-4	9.2773E-3	9.0181E-1
1.7700E-4	9.5215E-3	9.0659E-1
1.7800E-4	9.5215E-3	9.0991E-1
1.7900E-4	1.0010E-2	9.1523E-1
1.8000E-4	9.2773E-3	9.1904E-1
1.8100E-4	9.7656E-3	9.1875E-1
1.8200E-4	9.2773E-3	9.1768E-1
1.8300E-4	9.5215E-3	9.1982E-1
1.8400E-4	9.5215E-3	9.1987E-1
1.8500E-4	1.0010E-2	9.1992E-1
1.8600E-4	9.7656E-3	9.2061E-1
1.8700E-4	9.0332E-3	9.2124E-1
1.8800E-4	9.2773E-3	9.2056E-1
1.8900E-4	9.5215E-3	9.2153E-1
1.9000E-4	1.0010E-2	9.2212E-1
1.9100E-4	9.5215E-3	9.2261E-1
1.9200E-4	9.0332E-3	9.2314E-1
1.9300E-4	9.7656E-3	9.2241E-1
1.9400E-4	9.5215E-3	9.2144E-1
1.9500E-4	9.5215E-3	9.2266E-1
1.9600E-4	9.2773E-3	9.2275E-1
1.9700E-4	9.2773E-3	9.2119E-1
1.9800E-4	9.7656E-3	9.2065E-1
1.9900E-4	9.7656E-3	9.1992E-1
2.0000E-4	9.7656E-3	9.1636E-1
2.0100E-4	9.5215E-3	9.1450E-1
2.0200E-4	9.5215E-3	9.1426E-1
2.0300E-4	9.5215E-3	9.1343E-1
2.0400E-4	9.7656E-3	9.1162E-1
2.0500E-4	9.5215E-3	9.1006E-1
2.0600E-4	1.0010E-2	9.0659E-1
2.0700E-4	1.0010E-2	9.0107E-1
2.0800E-4	9.5215E-3	8.9580E-1
2.0900E-4	1.0254E-2	8.8921E-1
2.1000E-4	9.2773E-3	8.8325E-1
2.1100E-4	9.2773E-3	8.7764E-1
2.1200E-4	1.0010E-2	8.7402E-1
2.1300E-4	9.5215E-3	8.6963E-1
2.1400E-4	9.5215E-3	8.6582E-1
2.1500E-4	1.0010E-2	8.6162E-1
2.1600E-4	9.0332E-3	8.5840E-1
2.1700E-4	9.0332E-3	8.5381E-1
2.1800E-4	1.0010E-2	8.4712E-1
2.1900E-4	9.0332E-3	8.4028E-1
2.2000E-4	9.2773E-3	8.3472E-1
2.2100E-4	9.2773E-3	8.3003E-1
2.2200E-4	1.0254E-2	8.2642E-1
2.2300E-4	9.7656E-3	8.2290E-1
2.2400E-4	9.0332E-3	8.2041E-1
2.2500E-4	1.0254E-2	8.1782E-1
2.2600E-4	9.2773E-3	8.1416E-1
2.2700E-4	9.7656E-3	8.0894E-1
2.2800E-4	1.0010E-2	8.0557E-1
2.2900E-4	9.5215E-3	8.0054E-1
2.3000E-4	8.7891E-3	7.9653E-1
2.3100E-4	9.2773E-3	7.9160E-1
2.3200E-4	9.2773E-3	7.8833E-1
2.3300E-4	9.5215E-3	7.8550E-1
2.3400E-4	9.5215E-3	7.8379E-1
2.3500E-4	9.7656E-3	7.8057E-1
2.3600E-4	9.2773E-3	7.7886E-1
2.3700E-4	9.2773E-3	7.7739E-1
2.3800E-4	1.0010E-2	7.7563E-1
2.3900E-4	9.7656E-3	7.7529E-1
2.4000E-4	9.2773E-3	7.7412E-1
2.4100E-4	9.2773E-3	7.7124E-1
2.4200E-4	9.2773E-3	7.6738E-1
2.4300E-4	9.2773E-3	7.6309E-1
2.4400E-4	9.7656E-3	7.5791E-1
2.4500E-4	1.0010E-2	7.5317E-1
2.4600E-4	1.0010E-2	7.4873E-1
2.4700E-4	9.7656E-3	7.4517E-1
2.4800E-4	9.7656E-3	7.4146E-1
2.4900E-4	1.0254E-2	7.3867E-1
2.5000E-4	9.5215E-3	7.3682E-1
2.5100E-4	9.2773E-3	7.3530E-1
2.5200E-4	9.0332E-3	7.3394E-1
2.5300E-4	9.0332E-3	7.3442E-1
2.5400E-4	9.7656E-3	7.3374E-1
2.5500E-4	9.5215E-3	7.3213E-1
2.5600E-4	9.0332E-3	7.3140E-1
2.5700E-4	9.5215E-3	7.3091E-1
2.5800E-4	9.5215E-3	7.2920E-1
2.5900E-4	9.7656E-3	7.2847E-1
2.6000E-4	1.0010E-2	7.2773E-1
2.6100E-4	9.5215E-3	7.2705E-1
2.6200E-4	8.7891E-3	7.2485E-1
2.6300E-4	9.7656E-3	7.2329E-1
2.6400E-4	9.5215E-3	7.2017E-1
2.6500E-4	9.2773E-3	7.1787E-1
2.6600E-4	9.7656E-3	7.1655E-1
2.6700E-4	9.2773E-3	7.1689E-1
2.6800E-4	9.2773E-3	7.1641E-1
2.6900E-4	9.7656E-3	7.1802E-1
2.7000E-4	9.5215E-3	7.2080E-1
2.7100E-4	9.7656E-3	7.2310E-1
2.7200E-4	1.0010E-2	7.2622E-1
2.7300E-4	9.7656E-3	7.2915E-1
2.7400E-4	9.5215E-3	7.3076E-1
2.7500E-4	9.2773E-3	7.3027E-1
2.7600E-4	9.0332E-3	7.2915E-1
2.7700E-4	9.2773E-3	7.2603E-1
2.7800E-4	9.5215E-3	7.2319E-1
2.7900E-4	9.0332E-3	7.2217E-1
2.8000E-4	8.5449E-3	7.2144E-1
2.8100E-4	1.0254E-2	7.2036E-1
2.8200E-4	9.2773E-3	7.2100E-1
2.8300E-4	9.7656E-3	7.2075E-1
2.8400E-4	9.5215E-3	7.2026E-1
2.8500E-4	1.0010E-2	7.2070E-1
2.8600E-4	1.0254E-2	7.2397E-1
2.8700E-4	9.7656E-3	7.2661E-1
2.8800E-4	1.0010E-2	7.2939E-1
2.8900E-4	9.0332E-3	7.3193E-1
2.9000E-4	9.7656E-3	7.3574E-1
2.9100E-4	9.2773E-3	7.3828E-1
2.9200E-4	9.5215E-3	7.4067E-1
2.9300E-4	9.5215E-3	7.4507E-1
2.9400E-4	9.5215E-3	7.4780E-1
2.9500E-4	9.2773E-3	7.4692E-1
2.9600E-4	8.7891E-3	7.4536E-1
2.9700E-4	9.5215E-3	7.4355E-1
2.9800E-4	9.7656E-3	7.3936E-1
2.9900E-4	9.5215E-3	7.3555E-1
3.0000E-4	9.5215E-3	7.3486E-1
3.0100E-4	9.5215E-3	7.3394E-1
3.0200E-4	9.7656E-3	7.3521E-1
3.0300E-4	9.5215E-3	7.3896E-1
3.0400E-4	8.7891E-3	7.4380E-1
3.0500E-4	9.0332E-3	7.4902E-1
3.0600E-4	9.2773E-3	7.5703E-1
3.0700E-4	9.0332E-3	7.6421E-1
3.0800E-4	9.7656E-3	7.7075E-1
3.0900E-4	1.0010E-2	7.7642E-1
3.1000E-4	9.5215E-3	7.7935E-1
3.1100E-4	9.0332E-3	7.8047E-1
3.1200E-4	9.5215E-3	7.8135E-1
3.1300E-4	9.5215E-3	7.8271E-1
3.1400E-4	9.7656E-3	7.8389E-1
3.1500E-4	1.0010E-2	7.8779E-1
3.1600E-4	9.0332E-3	7.9194E-1
3.1700E-4	9.5215E-3	7.9443E-1
3.1800E-4	9.2773E-3	7.9639E-1
3.1900E-4	9.7656E-3	8.0049E-1
3.2000E-4	9.7656E-3	8.0435E-1
3.2100E-4	1.0010E-2	8.0762E-1
3.2200E-4	9.5215E-3	8.1289E-1
3.2300E-4	9.2773E-3	8.1860E-1
3.2400E-4	9.5215E-3	8.2441E-1
3.2500E-4	9.5215E-3	8.2896E-1
3.2600E-4	9.5215E-3	8.3555E-1
3.2700E-4	9.7656E-3	8.4141E-1
3.2800E-4	9.7656E-3	8.4712E-1
3.2900E-4	1.0010E-2	8.5137E-1
3.3000E-4	9.2773E-3	8.5596E-1
3.3100E-4	9.5215E-3	8.5884E-1
3.3200E-4	8.7891E-3	8.6055E-1
3.3300E-4	9.2773E-3	8.6479E-1
3.3400E-4	9.2773E-3	8.6948E-1
3.3500E-4	9.2773E-3	8.7451E-1
3.3600E-4	9.0332E-3	8.8003E-1
3.3700E-4	9.2773E-3	8.8662E-1
3.3800E-4	9.5215E-3	8.9165E-1
3.3900E-4	9.5215E-3	8.9585E-1
3.4000E-4	9.5215E-3	9.0195E-1
3.4100E-4	9.7656E-3	9.0693E-1
3.4200E-4	9.2773E-3	9.1035E-1
3.4300E-4	9.2773E-3	9.1465E-1
3.4400E-4	9.5215E-3	9.1968E-1
3.4500E-4	8.7891E-3	9.2266E-1
3.4600E-4	9.7656E-3	9.2607E-1
3.4700E-4	1.0254E-2	9.3135E-1
3.4800E-4	1.0254E-2	9.3481E-1
3.4900E-4	1.0254E-2	9.3950E-1
3.5000E-4	9.5215E-3	9.4492E-1
3.5100E-4	9.7656E-3	9.4902E-1
3.5200E-4	9.2773E-3	9.5215E-1
3.5300E-4	1.0254E-2	9.5542E-1
3.5400E-4	1.0010E-2	9.5483E-1
3.5500E-4	9.5215E-3	9.5400E-1
3.5600E-4	9.7656E-3	9.5298E-1
3.5700E-4	9.2773E-3	9.5371E-1
3.5800E-4	8.7891E-3	9.5391E-1
3.5900E-4	9.2773E-3	9.5737E-1
3.6000E-4	9.2773E-3	9.5894E-1
3.6100E-4	9.2773E-3	9.6079E-1
3.6200E-4	9.2773E-3	9.6201E-1
3.6300E-4	9.0332E-3	9.6201E-1
3.6400E-4	9.0332E-3	9.6143E-1
3.6500E-4	9.5215E-3	9.6055E-1
3.6600E-4	9.2773E-3	9.5796E-1
3.6700E-4	9.7656E-3	9.5396E-1
3.6800E-4	9.0332E-3	9.4922E-1
3.6900E-4	9.5215E-3	9.4497E-1
3.7000E-4	9.2773E-3	9.4365E-1
3.7100E-4	9.2773E-3	9.4360E-1
3.7200E-4	8.7891E-3	9.4380E-1
3.7300E-4	9.5215E-3	9.4546E-1
3.7400E-4	9.7656E-3	9.4419E-1
3.7500E-4	9.0332E-3	9.4067E-1
3.7600E-4	9.7656E-3	9.3706E-1
3.7700E-4	9.2773E-3	9.3364E-1
3.7800E-4	9.7656E-3	9.3032E-1
3.7900E-4	1.0498E-2	9.2754E-1
3.8000E-4	9.5215E-3	9.2568E-1
3.8100E-4	9.5215E-3	9.2397E-1
3.8200E-4	9.2773E-3	9.2217E-1
3.8300E-4	9.5215E-3	9.1865E-1
3.8400E-4	9.5215E-3	9.1519E-1
3.8500E-4	9.5215E-3	9.1118E-1
3.8600E-4	9.2773E-3	9.0786E-1
3.8700E-4	9.5215E-3	9.0288E-1
3.8800E-4	8.7891E-3	8.9902E-1
3.8900E-4	9.2773E-3	8.9595E-1
3.9000E-4	9.7656E-3	8.8999E-1
3.9100E-4	9.0332E-3	8.8428E-1
3.9200E-4	8.0566E-3	8.7793E-1
3.9300E-4	9.7656E-3	8.7319E-1
3.9400E-4	9.2773E-3	8.6724E-1
3.9500E-4	9.2773E-3	8.6416E-1
3.9600E-4	9.7656E-3	8.5942E-1
3.9700E-4	9.0332E-3	8.5503E-1
3.9800E-4	9.5215E-3	8.4878E-1
3.9900E-4	9.7656E-3	8.4277E-1
4.0000E-4	9.7656E-3	8.3706E-1
4.0100E-4	9.2773E-3	8.3105E-1
4.0200E-4	9.5215E-3	8.2617E-1
4.0300E-4	9.5215E-3	8.2080E-1
4.0400E-4	9.7656E-3	8.1611E-1
4.0500E-4	9.5215E-3	8.1157E-1
4.0600E-4	9.7656E-3	8.0747E-1
4.0700E-4	9.2773E-3	8.0317E-1
4.0800E-4	9.2773E-3	7.9902E-1
4.0900E-4	1.0254E-2	7.9551E-1
4.1000E-4	9.7656E-3	7.9131E-1
4.1100E-4	8.5449E-3	7.8989E-1
4.1200E-4	9.2773E-3	7.8892E-1
4.1300E-4	9.2773E-3	7.8921E-1
4.1400E-4	9.7656E-3	7.8770E-1
4.1500E-4	9.5215E-3	7.8516E-1
4.1600E-4	9.2773E-3	7.8008E-1
4.1700E-4	9.0332E-3	7.7354E-1
4.1800E-4	9.2773E-3	7.6558E-1
4.1900E-4	9.7656E-3	7.5962E-1
4.2000E-4	9.2773E-3	7.5430E-1
4.2100E-4	9.5215E-3	7.5112E-1
4.2200E-4	1.0010E-2	7.4932E-1
4.2300E-4	9.5215E-3	7.5015E-1
4.2400E-4	9.7656E-3	7.5063E-1
4.2500E-4	9.2773E-3	7.5112E-1
4.2600E-4	1.0254E-2	7.4961E-1
4.2700E-4	9.7656E-3	7.4653E-1
4.2800E-4	9.2773E-3	7.4146E-1
4.2900E-4	9.7656E-3	7.3711E-1
4.3000E-4	9.5215E-3	7.3364E-1
4.3100E-4	9.0332E-3	7.3096E-1
4.3200E-4	9.5215E-3	7.3042E-1
4.3300E-4	9.7656E-3	7.3047E-1
4.3400E-4	9.2773E-3	7.2891E-1
4.3500E-4	1.0498E-2	7.2661E-1
4.3600E-4	9.7656E-3	7.2407E-1
4.3700E-4	9.2773E-3	7.2183E-1
4.3800E-4	9.7656E-3	7.1865E-1
4.3900E-4	9.2773E-3	7.1548E-1
4.4000E-4	9.7656E-3	7.1362E-1
4.4100E-4	1.0010E-2	7.1133E-1
4.4200E-4	9.5215E-3	7.1079E-1
4.4300E-4	9.7656E-3	7.1201E-1
4.4400E-4	9.2773E-3	7.1514E-1
4.4500E-4	9.7656E-3	7.1831E-1
4.4600E-4	9.2773E-3	7.1958E-1
4.4700E-4	9.7656E-3	7.1885E-1
4.4800E-4	9.5215E-3	7.1704E-1
4.4900E-4	9.2773E-3	7.1465E-1
4.5000E-4	9.5215E-3	7.1143E-1
4.5100E-4	9.7656E-3	7.1245E-1
4.5200E-4	9.2773E-3	7.1255E-1
4.5300E-4	9.7656E-3	7.1260E-1
4.5400E-4	1.0254E-2	7.1201E-1
4.5500E-4	1.0010E-2	7.1016E-1
4.5600E-4	9.0332E-3	7.0811E-1
4.5700E-4	9.5215E-3	7.0718E-1
4.5800E-4	9.7656E-3	7.0396E-1
4.5900E-4	9.5215E-3	6.9897E-1
4.6000E-4	8.7891E-3	6.9536E-1
4.6100E-4	9.7656E-3	6.9102E-1
4.6200E-4	1.0254E-2	6.8730E-1
4.6300E-4	9.7656E-3	6.8721E-1
4.6400E-4	9.5215E-3	6.9053E-1
4.6500E-4	9.2773E-3	6.9272E-1
4.6600E-4	9.2773E-3	6.9561E-1
4.6700E-4	8.7891E-3	6.9819E-1
4.6800E-4	9.5215E-3	6.9966E-1
4.6900E-4	9.7656E-3	6.9917E-1
4.7000E-4	9.2773E-3	7.0146E-1
4.7100E-4	1.0010E-2	7.0405E-1
4.7200E-4	9.7656E-3	7.0591E-1
4.7300E-4	9.5215E-3	7.0806E-1
4.7400E-4	9.5215E-3	7.0903E-1
4.7500E-4	9.2773E-3	7.0781E-1
4.7600E-4	9.2773E-3	7.0664E-1
4.7700E-4	9.5215E-3	7.0571E-1
4.7800E-4	9.0332E-3	7.0420E-1
4.7900E-4	9.5215E-3	7.0400E-1
4.8000E-4	8.7891E-3	7.0269E-1
4.8100E-4	9.2773E-3	7.0039E-1
4.8200E-4	1.0010E-2	6.9854E-1
4.8300E-4	1.0010E-2	6.9829E-1
4.8400E-4	9.2773E-3	6.9961E-1
4.8500E-4	9.7656E-3	7.0356E-1
4.8600E-4	9.5215E-3	7.0635E-1
4.8700E-4	9.2773E-3	7.0981E-1
4.8800E-4	9.5215E-3	7.1367E-1
4.8900E-4	9.5215E-3	7.1611E-1
4.9000E-4	9.5215E-3	7.1675E-1
4.9100E-4	1.0010E-2	7.1963E-1
4.9200E-4	9.2773E-3	7.2124E-1
4.9300E-4	9.7656E-3	7.2144E-1
4.9400E-4	9.7656E-3	7.1968E-1
4.9500E-4	9.5215E-3	7.1938E-1
4.9600E-4	9.2773E-3	7.1753E-1
4.9700E-4	1.0010E-2	7.1616E-1
4.9800E-4	9.2773E-3	7.1519E-1
4.9900E-4	9.5215E-3	7.1665E-1
5.0000E-4	9.0332E-3	7.1831E-1
5.0100E-4	9.2773E-3	7.2158E-1
5.0200E-4	9.0332E-3	7.2397E-1
5.0300E-4	9.5215E-3	7.2598E-1
5.0400E-4	9.2773E-3	7.2612E-1
5.0500E-4	9.5215E-3	7.2466E-1
5.0600E-4	9.2773E-3	7.2026E-1
5.0700E-4	9.2773E-3	7.1655E-1
5.0800E-4	1.0010E-2	7.1279E-1
5.0900E-4	8.5449E-3	7.1099E-1
5.1000E-4	9.5215E-3	7.1201E-1
5.1100E-4	8.7891E-3	7.1558E-1
5.1200E-4	9.0332E-3	7.2041E-1
5.1300E-4	9.7656E-3	7.2451E-1
5.1400E-4	9.5215E-3	7.2871E-1
5.1500E-4	9.5215E-3	7.3076E-1
5.1600E-4	9.2773E-3	7.3174E-1
5.1700E-4	9.2773E-3	7.3198E-1
5.1800E-4	9.5215E-3	7.3052E-1
5.1900E-4	8.7891E-3	7.2925E-1
5.2000E-4	9.2773E-3	7.2734E-1
5.2100E-4	9.5215E-3	7.2456E-1
5.2200E-4	9.5215E-3	7.2212E-1
5.2300E-4	9.2773E-3	7.2363E-1
5.2400E-4	8.7891E-3	7.2437E-1
5.2500E-4	9.7656E-3	7.2607E-1
5.2600E-4	1.0010E-2	7.2759E-1
5.2700E-4	9.5215E-3	7.2891E-1
5.2800E-4	9.5215E-3	7.2988E-1
5.2900E-4	9.2773E-3	7.3101E-1
5.3000E-4	9.0332E-3	7.3291E-1
5.3100E-4	9.0332E-3	7.3643E-1
5.3200E-4	9.2773E-3	7.3701E-1
5.3300E-4	9.5215E-3	7.3438E-1
5.3400E-4	9.5215E-3	7.3135E-1
5.3500E-4	9.2773E-3	7.2744E-1
5.3600E-4	9.5215E-3	7.2295E-1
5.3700E-4	9.7656E-3	7.2100E-1
5.3800E-4	9.2773E-3	7.2139E-1
5.3900E-4	9.2773E-3	7.2104E-1
5.4000E-4	9.5215E-3	7.2090E-1
5.4100E-4	9.2773E-3	7.2031E-1
5.4200E-4	8.7891E-3	7.1865E-1
5.4300E-4	9.7656E-3	7.1880E-1
5.4400E-4	9.2773E-3	7.2026E-1
5.4500E-4	9.7656E-3	7.2231E-1
5.4600E-4	9.2773E-3	7.2485E-1
5.4700E-4	9.2773E-3	7.2852E-1
5.4800E-4	9.7656E-3	7.2915E-1
5.4900E-4	9.0332E-3	7.2822E-1
5.5000E-4	9.7656E-3	7.2695E-1
5.5100E-4	9.0332E-3	7.2505E-1
5.5200E-4	9.5215E-3	7.2168E-1
5.5300E-4	9.2773E-3	7.1948E-1
5.5400E-4	1.0254E-2	7.1782E-1
5.5500E-4	1.0010E-2	7.1611E-1
5.5600E-4	9.7656E-3	7.1318E-1
5.5700E-4	9.7656E-3	7.1226E-1
5.5800E-4	9.2773E-3	7.1152E-1
5.5900E-4	1.0010E-2	7.1089E-1
5.6000E-4	9.2773E-3	7.0977E-1
5.6100E-4	9.7656E-3	7.1021E-1
5.6200E-4	9.5215E-3	7.0977E-1
5.6300E-4	9.2773E-3	7.0840E-1
5.6400E-4	9.2773E-3	7.0742E-1
5.6500E-4	9.2773E-3	7.0454E-1
5.6600E-4	1.0010E-2	7.0166E-1
5.6700E-4	9.2773E-3	6.9824E-1
5.6800E-4	9.0332E-3	6.9600E-1
5.6900E-4	9.7656E-3	6.9404E-1
5.7000E-4	9.7656E-3	6.9512E-1
5.7100E-4	9.2773E-3	6.9663E-1
5.7200E-4	9.2773E-3	6.9956E-1
5.7300E-4	1.0010E-2	7.0322E-1
5.7400E-4	9.2773E-3	7.0527E-1
5.7500E-4	9.2773E-3	7.0542E-1
5.7600E-4	9.2773E-3	7.0381E-1
5.7700E-4	9.5215E-3	7.0283E-1
5.7800E-4	9.5215E-3	6.9917E-1
5.7900E-4	9.7656E-3	6.9663E-1
5.8000E-4	9.5215E-3	6.9595E-1
5.8100E-4	9.2773E-3	6.9561E-1
5.8200E-4	9.5215E-3	6.9355E-1
5.8300E-4	9.5215E-3	6.9268E-1
5.8400E-4	9.0332E-3	6.9370E-1
5.8500E-4	9.7656E-3	6.9219E-1
5.8600E-4	9.7656E-3	6.9199E-1
5.8700E-4	9.0332E-3	6.9175E-1
5.8800E-4	9.5215E-3	6.9160E-1
5.8900E-4	9.2773E-3	6.8975E-1
5.9000E-4	9.7656E-3	6.8833E-1
5.9100E-4	9.5215E-3	6.8589E-1
5.9200E-4	9.7656E-3	6.8594E-1
5.9300E-4	9.5215E-3	6.8511E-1
5.9400E-4	9.7656E-3	6.8462E-1
5.9500E-4	1.0010E-2	6.8633E-1
5.9600E-4	1.0010E-2	6.8970E-1
5.9700E-4	9.0332E-3	6.8828E-1
5.9800E-4	9.0332E-3	6.8862E-1
5.9900E-4	1.0010E-2	6.8911E-1
6.0000E-4	9.2773E-3	6.8896E-1
6.0100E-4	9.7656E-3	6.8818E-1
6.0200E-4	9.7656E-3	6.9106E-1
6.0300E-4	9.7656E-3	6.9468E-1
6.0400E-4	9.7656E-3	6.9917E-1
6.0500E-4	9.5215E-3	7.0273E-1
6.0600E-4	9.7656E-3	7.0562E-1
6.0700E-4	9.7656E-3	7.0635E-1
6.0800E-4	9.2773E-3	7.0464E-1
6.0900E-4	9.0332E-3	7.0020E-1
6.1000E-4	1.0010E-2	6.9814E-1
6.1100E-4	9.7656E-3	6.9746E-1
6.1200E-4	1.0010E-2	6.9746E-1
6.1300E-4	9.7656E-3	6.9868E-1
6.1400E-4	1.0010E-2	7.0181E-1
6.1500E-4	1.0010E-2	7.0239E-1
6.1600E-4	9.5215E-3	7.0269E-1
6.1700E-4	9.0332E-3	7.0356E-1
6.1800E-4	9.2773E-3	7.0532E-1
6.1900E-4	9.2773E-3	7.0718E-1
6.2000E-4	9.5215E-3	7.0972E-1
6.2100E-4	9.5215E-3	7.1191E-1
6.2200E-4	9.7656E-3	7.1489E-1
6.2300E-4	9.7656E-3	7.1699E-1
6.2400E-4	9.2773E-3	7.1890E-1
6.2500E-4	9.7656E-3	7.2144E-1
6.2600E-4	9.7656E-3	7.2393E-1
6.2700E-4	8.7891E-3	7.2544E-1
6.2800E-4	9.5215E-3	7.2896E-1
6.2900E-4	9.2773E-3	7.3242E-1
6.3000E-4	9.5215E-3	7.3716E-1
6.3100E-4	1.0254E-2	7.4214E-1
6.3200E-4	9.5215E-3	7.4731E-1
6.3300E-4	1.0010E-2	7.5063E-1
6.3400E-4	9.7656E-3	7.5415E-1
6.3500E-4	9.7656E-3	7.5615E-1
6.3600E-4	9.2773E-3	7.5854E-1
6.3700E-4	9.2773E-3	7.6035E-1
6.3800E-4	9.5215E-3	7.6309E-1
6.3900E-4	9.2773E-3	7.6602E-1
6.4000E-4	9.7656E-3	7.6758E-1
6.4100E-4	9.2773E-3	7.6929E-1
6.4200E-4	9.2773E-3	7.7388E-1
6.4300E-4	1.0254E-2	7.7612E-1
6.4400E-4	9.0332E-3	7.8018E-1
6.4500E-4	9.2773E-3	7.8623E-1
6.4600E-4	1.0254E-2	7.9180E-1
6.4700E-4	9.5215E-3	7.9473E-1
6.4800E-4	9.7656E-3	8.0059E-1
6.4900E-4	1.0254E-2	8.0376E-1
6.5000E-4	9.5215E-3	8.0576E-1
6.5100E-4	9.2773E-3	8.0762E-1
6.5200E-4	9.5215E-3	8.0947E-1
6.5300E-4	9.2773E-3	8.0884E-1
6.5400E-4	9.7656E-3	8.0996E-1
6.5500E-4	1.0498E-2	8.1206E-1
6.5600E-4	9.5215E-3	8.1440E-1
6.5700E-4	9.5215E-3	8.1982E-1
6.5800E-4	9.5215E-3	8.2744E-1
6.5900E-4	9.2773E-3	8.3530E-1
6.6000E-4	9.5215E-3	8.4277E-1
6.6100E-4	9.2773E-3	8.5127E-1
6.6200E-4	9.2773E-3	8.5737E-1
6.6300E-4	9.5215E-3	8.6187E-1
6.6400E-4	9.7656E-3	8.6577E-1
6.6500E-4	9.5215E-3	8.6987E-1
6.6600E-4	9.7656E-3	8.7354E-1
6.6700E-4	1.0254E-2	8.7705E-1
6.6800E-4	9.5215E-3	8.8223E-1
6.6900E-4	9.5215E-3	8.8779E-1
6.7000E-4	9.7656E-3	8.9302E-1
6.7100E-4	9.7656E-3	8.9795E-1
6.7200E-4	9.5215E-3	9.0410E-1
6.7300E-4	9.2773E-3	9.0923E-1
6.7400E-4	9.5215E-3	9.1348E-1
6.7500E-4	1.0010E-2	9.1689E-1
6.7600E-4	9.2773E-3	9.2017E-1
6.7700E-4	1.0010E-2	9.2139E-1
6.7800E-4	1.0010E-2	9.2295E-1
6.7900E-4	9.2773E-3	9.2407E-1
6.8000E-4	9.0332E-3	9.2544E-1
6.8100E-4	9.5215E-3	9.2734E-1
6.8200E-4	9.2773E-3	9.3027E-1
6.8300E-4	8.7891E-3	9.3306E-1
6.8400E-4	9.2773E-3	9.3633E-1
6.8500E-4	9.5215E-3	9.3818E-1
6.8600E-4	1.0498E-2	9.3931E-1
6.8700E-4	9.5215E-3	9.3945E-1
6.8800E-4	9.5215E-3	9.3979E-1
6.8900E-4	9.2773E-3	9.3999E-1
6.9000E-4	9.7656E-3	9.4028E-1
6.9100E-4	9.5215E-3	9.4175E-1
6.9200E-4	1.0010E-2	9.4380E-1
6.9300E-4	9.5215E-3	9.4438E-1
6.9400E-4	9.7656E-3	9.4521E-1
6.9500E-4	9.5215E-3	9.4722E-1
6.9600E-4	8.5449E-3	9.4834E-1
6.9700E-4	9.0332E-3	9.4712E-1
6.9800E-4	1.0254E-2	9.4736E-1
6.9900E-4	9.2773E-3	9.4604E-1
7.0000E-4	9.0332E-3	9.4243E-1
7.0100E-4	9.7656E-3	9.3740E-1
7.0200E-4	9.7656E-3	9.3369E-1
7.0300E-4	9.0332E-3	9.2837E-1
7.0400E-4	9.7656E-3	9.2349E-1
7.0500E-4	9.5215E-3	9.2007E-1
7.0600E-4	9.5215E-3	9.1606E-1
7.0700E-4	1.0254E-2	9.1270E-1
7.0800E-4	9.2773E-3	9.0942E-1
7.0900E-4	9.2773E-3	9.0547E-1
7.1000E-4	1.0254E-2	9.0278E-1
7.1100E-4	9.2773E-3	9.0151E-1
7.1200E-4	9.2773E-3	8.9893E-1
7.1300E-4	9.7656E-3	8.9644E-1
7.1400E-4	9.2773E-3	8.9443E-1
7.1500E-4	9.7656E-3	8.9077E-1
7.1600E-4	8.7891E-3	8.8623E-1
7.1700E-4	9.5215E-3	8.8325E-1
7.1800E-4	1.0254E-2	8.7910E-1
7.1900E-4	1.0010E-2	8.7432E-1
7.2000E-4	9.7656E-3	8.7012E-1
7.2100E-4	9.2773E-3	8.6616E-1
7.2200E-4	9.7656E-3	8.6001E-1
7.2300E-4	9.5215E-3	8.5508E-1
7.2400E-4	9.0332E-3	8.4824E-1
7.2500E-4	9.5215E-3	8.4248E-1
7.2600E-4	1.0010E-2	8.3613E-1
7.2700E-4	9.2773E-3	8.3228E-1
7.2800E-4	9.5215E-3	8.2690E-1
7.2900E-4	9.7656E-3	8.2456E-1
7.3000E-4	1.0498E-2	8.2104E-1
7.3100E-4	9.7656E-3	8.1870E-1
7.3200E-4	9.2773E-3	8.1567E-1
7.3300E-4	9.5215E-3	8.1426E-1
7.3400E-4	9.7656E-3	8.1255E-1
7.3500E-4	1.0010E-2	8.1191E-1
7.3600E-4	9.7656E-3	8.1108E-1
7.3700E-4	9.7656E-3	8.0737E-1
7.3800E-4	9.7656E-3	8.0132E-1
7.3900E-4	9.7656E-3	7.9609E-1
7.4000E-4	9.2773E-3	7.8857E-1
7.4100E-4	9.7656E-3	7.8062E-1
7.4200E-4	9.2773E-3	7.7573E-1
7.4300E-4	1.0010E-2	7.7417E-1
7.4400E-4	1.0010E-2	7.7256E-1
7.4500E-4	1.0254E-2	7.7065E-1
7.4600E-4	9.5215E-3	7.6934E-1
7.4700E-4	9.2773E-3	7.6606E-1
7.4800E-4	9.2773E-3	7.6201E-1
7.4900E-4	9.7656E-3	7.5918E-1
7.5000E-4	1.0498E-2	7.5693E-1
7.5100E-4	9.7656E-3	7.5430E-1
7.5200E-4	9.5215E-3	7.5415E-1
7.5300E-4	9.5215E-3	7.5449E-1
7.5400E-4	9.5215E-3	7.5400E-1
7.5500E-4	9.5215E-3	7.5498E-1
7.5600E-4	9.7656E-3	7.5552E-1
7.5700E-4	9.2773E-3	7.5469E-1
7.5800E-4	9.5215E-3	7.5186E-1
7.5900E-4	9.2773E-3	7.4795E-1
7.6000E-4	9.7656E-3	7.4424E-1
7.6100E-4	9.5215E-3	7.3960E-1
7.6200E-4	9.5215E-3	7.3687E-1
7.6300E-4	9.7656E-3	7.3491E-1
7.6400E-4	9.2773E-3	7.3359E-1
7.6500E-4	9.7656E-3	7.3262E-1
7.6600E-4	9.5215E-3	7.3491E-1
7.6700E-4	9.0332E-3	7.3633E-1
7.6800E-4	9.5215E-3	7.3799E-1
7.6900E-4	9.5215E-3	7.3965E-1
7.7000E-4	9.2773E-3	7.4062E-1
7.7100E-4	9.5215E-3	7.3896E-1
7.7200E-4	9.5215E-3	7.3696E-1
7.7300E-4	1.0254E-2	7.3442E-1
7.7400E-4	9.5215E-3	7.3174E-1
7.7500E-4	9.7656E-3	7.3047E-1
7.7600E-4	1.0010E-2	7.3066E-1
7.7700E-4	9.7656E-3	7.3135E-1
7.7800E-4	1.0010E-2	7.3340E-1
7.7900E-4	9.7656E-3	7.3564E-1
7.8000E-4	9.5215E-3	7.3657E-1
7.8100E-4	9.2773E-3	7.3486E-1
7.8200E-4	1.0010E-2	7.3276E-1
7.8300E-4	9.7656E-3	7.3169E-1
7.8400E-4	9.2773E-3	7.3013E-1
7.8500E-4	9.5215E-3	7.2871E-1
7.8600E-4	9.7656E-3	7.2944E-1
7.8700E-4	9.2773E-3	7.3169E-1
7.8800E-4	9.0332E-3	7.3418E-1
7.8900E-4	9.2773E-3	7.3755E-1
7.9000E-4	9.5215E-3	7.4160E-1
7.9100E-4	9.7656E-3	7.4565E-1
7.9200E-4	9.2773E-3	7.4731E-1
7.9300E-4	9.7656E-3	7.4551E-1
7.9400E-4	9.0332E-3	7.4375E-1
7.9500E-4	9.7656E-3	7.4302E-1
7.9600E-4	9.7656E-3	7.4321E-1
7.9700E-4	1.0254E-2	7.4414E-1
7.9800E-4	9.5215E-3	7.4785E-1
7.9900E-4	1.0498E-2	7.5161E-1
8.0000E-4	9.0332E-3	7.5508E-1
8.0100E-4	1.0254E-2	7.5845E-1
8.0200E-4	9.5215E-3	7.6226E-1
8.0300E-4	9.7656E-3	7.6641E-1
8.0400E-4	9.7656E-3	7.6982E-1
8.0500E-4	9.2773E-3	7.7207E-1
8.0600E-4	9.5215E-3	7.7402E-1
8.0700E-4	9.7656E-3	7.7666E-1
8.0800E-4	9.0332E-3	7.7910E-1
8.0900E-4	8.5449E-3	7.8257E-1
8.1000E-4	9.5215E-3	7.8560E-1
8.1100E-4	9.5215E-3	7.8960E-1
8.1200E-4	9.2773E-3	7.9312E-1
8.1300E-4	9.7656E-3	7.9624E-1
8.1400E-4	9.5215E-3	8.0005E-1
8.1500E-4	9.2773E-3	8.0552E-1
8.1600E-4	9.2773E-3	8.1001E-1
8.1700E-4	9.7656E-3	8.1499E-1
8.1800E-4	9.7656E-3	8.1880E-1
8.1900E-4	1.0010E-2	8.2402E-1
8.2000E-4	9.5215E-3	8.2822E-1
8.2100E-4	9.2773E-3	8.3198E-1
8.2200E-4	1.0254E-2	8.3398E-1
8.2300E-4	9.2773E-3	8.3799E-1
8.2400E-4	9.2773E-3	8.3994E-1
8.2500E-4	9.7656E-3	8.4263E-1
8.2600E-4	9.5215E-3	8.4502E-1
8.2700E-4	9.2773E-3	8.4907E-1
8.2800E-4	9.2773E-3	8.5298E-1
8.2900E-4	9.2773E-3	8.5664E-1
8.3000E-4	9.2773E-3	8.6035E-1
8.3100E-4	9.2773E-3	8.6587E-1
8.3200E-4	1.0010E-2	8.7236E-1
8.3300E-4	9.5215E-3	8.7949E-1
8.3400E-4	9.7656E-3	8.8696E-1
8.3500E-4	9.7656E-3	8.9326E-1
8.3600E-4	9.2773E-3	8.9819E-1
8.3700E-4	9.2773E-3	9.0151E-1
8.3800E-4	9.5215E-3	9.0361E-1
8.3900E-4	9.5215E-3	9.0479E-1
8.4000E-4	9.2773E-3	9.0654E-1
8.4100E-4	9.5215E-3	9.0918E-1
8.4200E-4	9.5215E-3	9.1226E-1
8.4300E-4	9.7656E-3	9.1797E-1
8.4400E-4	9.0332E-3	9.2271E-1
8.4500E-4	9.2773E-3	9.2832E-1
8.4600E-4	9.5215E-3	9.3481E-1
8.4700E-4	9.0332E-3	9.3975E-1
8.4800E-4	1.0010E-2	9.4038E-1
8.4900E-4	9.2773E-3	9.4224E-1
8.5000E-4	9.5215E-3	9.4355E-1
8.5100E-4	9.5215E-3	9.4277E-1
8.5200E-4	9.0332E-3	9.4209E-1
8.5300E-4	1.0010E-2	9.4106E-1
8.5400E-4	9.0332E-3	9.3965E-1
8.5500E-4	9.7656E-3	9.3682E-1
8.5600E-4	9.7656E-3	9.3379E-1
8.5700E-4	9.2773E-3	9.3149E-1
8.5800E-4	9.5215E-3	9.3110E-1
8.5900E-4	1.0010E-2	9.3022E-1
8.6000E-4	9.0332E-3	9.2983E-1
8.6100E-4	1.0742E-2	9.2983E-1
8.6200E-4	8.7891E-3	9.3135E-1
8.6300E-4	9.5215E-3	9.3398E-1
8.6400E-4	8.7891E-3	9.3813E-1
8.6500E-4	1.0010E-2	9.4170E-1
8.6600E-4	9.5215E-3	9.4585E-1
8.6700E-4	9.7656E-3	9.4751E-1
8.6800E-4	9.5215E-3	9.4634E-1
8.6900E-4	9.7656E-3	9.4160E-1
8.7000E-4	9.0332E-3	9.3613E-1
8.7100E-4	1.0010E-2	9.2939E-1
8.7200E-4	9.2773E-3	9.2251E-1
8.7300E-4	9.5215E-3	9.1772E-1
8.7400E-4	9.5215E-3	9.1548E-1
8.7500E-4	9.2773E-3	9.1558E-1
8.7600E-4	9.5215E-3	9.1768E-1
8.7700E-4	9.5215E-3	9.2207E-1
8.7800E-4	9.2773E-3	9.2373E-1
8.7900E-4	1.0010E-2	9.2544E-1
8.8000E-4	9.5215E-3	9.2437E-1
8.8100E-4	9.5215E-3	9.1899E-1
8.8200E-4	9.5215E-3	9.1299E-1
8.8300E-4	9.5215E-3	9.0864E-1
8.8400E-4	9.2773E-3	9.0488E-1
8.8500E-4	1.0010E-2	9.0122E-1
8.8600E-4	8.7891E-3	8.9941E-1
8.8700E-4	1.0254E-2	8.9458E-1
8.8800E-4	9.5215E-3	8.8833E-1
8.8900E-4	9.5215E-3	8.7949E-1
8.9000E-4	1.0010E-2	8.7144E-1
8.9100E-4	9.5215E-3	8.6367E-1
8.9200E-4	9.0332E-3	8.5830E-1
8.9300E-4	9.2773E-3	8.5464E-1
8.9400E-4	9.5215E-3	8.5244E-1
8.9500E-4	1.0010E-2	8.5044E-1
8.9600E-4	9.7656E-3	8.4829E-1
8.9700E-4	9.2773E-3	8.4487E-1
8.9800E-4	9.0332E-3	8.3999E-1
8.9900E-4	9.2773E-3	8.3423E-1
9.0000E-4	9.2773E-3	8.2974E-1
9.0100E-4	9.2773E-3	8.2642E-1
9.0200E-4	9.2773E-3	8.2119E-1
9.0300E-4	1.0010E-2	8.1689E-1
9.0400E-4	9.2773E-3	8.1465E-1
9.0500E-4	1.0010E-2	8.1021E-1
9.0600E-4	9.5215E-3	8.0503E-1
9.0700E-4	9.5215E-3	8.0366E-1
9.0800E-4	9.5215E-3	8.0332E-1
9.0900E-4	8.7891E-3	8.0186E-1
9.1000E-4	9.5215E-3	8.0059E-1
9.1100E-4	9.2773E-3	7.9839E-1
9.1200E-4	1.0010E-2	7.9341E-1
9.1300E-4	9.5215E-3	7.8545E-1
9.1400E-4	9.5215E-3	7.7705E-1
9.1500E-4	9.2773E-3	7.7075E-1
9.1600E-4	9.5215E-3	7.6543E-1
9.1700E-4	9.2773E-3	7.6245E-1
9.1800E-4	1.0010E-2	7.6060E-1
9.1900E-4	9.7656E-3	7.5713E-1
9.2000E-4	9.5215E-3	7.5317E-1
9.2100E-4	9.7656E-3	7.4985E-1
9.2200E-4	1.0010E-2	7.4712E-1
9.2300E-4	9.5215E-3	7.4546E-1
9.2400E-4	9.5215E-3	7.4634E-1
9.2500E-4	9.5215E-3	7.4536E-1
9.2600E-4	9.2773E-3	7.4331E-1
9.2700E-4	9.5215E-3	7.3970E-1
9.2800E-4	9.5215E-3	7.3608E-1
9.2900E-4	9.2773E-3	7.3135E-1
9.3000E-4	9.5215E-3	7.2627E-1
9.3100E-4	1.0010E-2	7.2100E-1
9.3200E-4	9.2773E-3	7.1631E-1
9.3300E-4	9.5215E-3	7.1274E-1
9.3400E-4	9.7656E-3	7.1172E-1
9.3500E-4	9.0332E-3	7.1387E-1
9.3600E-4	9.0332E-3	7.1768E-1
9.3700E-4	9.7656E-3	7.2119E-1
9.3800E-4	1.0010E-2	7.2407E-1
9.3900E-4	9.7656E-3	7.2373E-1
9.4000E-4	9.7656E-3	7.2412E-1
9.4100E-4	1.0254E-2	7.2437E-1
9.4200E-4	9.5215E-3	7.2402E-1
9.4300E-4	9.5215E-3	7.2256E-1
9.4400E-4	9.5215E-3	7.2197E-1
9.4500E-4	1.0010E-2	7.1992E-1
9.4600E-4	9.2773E-3	7.1694E-1
9.4700E-4	9.2773E-3	7.1465E-1
9.4800E-4	9.2773E-3	7.1021E-1
9.4900E-4	9.5215E-3	7.0674E-1
9.5000E-4	9.0332E-3	7.0239E-1
9.5100E-4	9.5215E-3	6.9883E-1
9.5200E-4	9.5215E-3	6.9580E-1
9.5300E-4	1.0010E-2	6.9526E-1
9.5400E-4	9.2773E-3	6.9453E-1
9.5500E-4	9.2773E-3	6.9502E-1
9.5600E-4	9.5215E-3	6.9688E-1
9.5700E-4	9.5215E-3	6.9863E-1
9.5800E-4	9.2773E-3	7.0078E-1
9.5900E-4	9.2773E-3	7.0156E-1
9.6000E-4	9.2773E-3	7.0107E-1
9.6100E-4	9.2773E-3	6.9985E-1
9.6200E-4	1.0010E-2	6.9761E-1
9.6300E-4	8.7891E-3	6.9468E-1
9.6400E-4	9.5215E-3	6.9316E-1
9.6500E-4	1.0010E-2	6.9268E-1
9.6600E-4	1.0254E-2	6.9097E-1
9.6700E-4	9.0332E-3	6.9072E-1
9.6800E-4	9.2773E-3	6.9189E-1
9.6900E-4	9.2773E-3	6.9360E-1
9.7000E-4	8.7891E-3	6.9658E-1
9.7100E-4	9.5215E-3	6.9844E-1
9.7200E-4	9.0332E-3	6.9907E-1
9.7300E-4	9.2773E-3	6.9800E-1
9.7400E-4	9.5215E-3	6.9663E-1
9.7500E-4	9.2773E-3	6.9482E-1
9.7600E-4	9.7656E-3	6.9443E-1
9.7700E-4	9.5215E-3	6.9702E-1
9.7800E-4	9.7656E-3	7.0010E-1
9.7900E-4	9.5215E-3	7.0181E-1
9.8000E-4	9.7656E-3	7.0293E-1
9.8100E-4	9.5215E-3	7.0488E-1
9.8200E-4	9.0332E-3	7.0493E-1
9.8300E-4	9.0332E-3	7.0527E-1
9.8400E-4	9.0332E-3	7.0674E-1
9.8500E-4	9.2773E-3	7.0737E-1
9.8600E-4	9.7656E-3	7.0581E-1
9.8700E-4	1.0498E-2	7.0205E-1
9.8800E-4	1.0010E-2	6.9868E-1
9.8900E-4	9.7656E-3	6.9761E-1
9.9000E-4	9.2773E-3	6.9561E-1
9.9100E-4	9.2773E-3	6.9663E-1
9.9200E-4	8.5449E-3	6.9897E-1
9.9300E-4	9.5215E-3	7.0308E-1
9.9400E-4	1.0010E-2	7.0527E-1
9.9500E-4	9.7656E-3	7.0923E-1
9.9600E-4	9.7656E-3	7.1250E-1
9.9700E-4	9.5215E-3	7.1553E-1
9.9800E-4	9.2773E-3	7.1553E-1
9.9900E-4	9.2773E-3	7.1553E-1
