Time [s]	Aux in [V]	Main in [V]
0.0000E+0	9.2773E-3	-3.7109E-3
1.0000E-6	9.2773E-3	-4.5898E-3
2.0000E-6	9.7656E-3	-6.4453E-3
3.0000E-6	8.7891E-3	-9.4727E-3
4.0000E-6	9.7656E-3	-1.2842E-2
5.0000E-6	1.0010E-2	-1.4893E-2
6.0000E-6	9.5215E-3	-1.5869E-2
7.0000E-6	9.7656E-3	-1.6357E-2
8.0000E-6	9.2773E-3	-1.5527E-2
9.0000E-6	9.5215E-3	-1.3086E-2
1.0000E-5	9.2773E-3	-1.0742E-2
1.1000E-5	9.2773E-3	-8.3496E-3
1.2000E-5	9.2773E-3	-4.5410E-3
1.3000E-5	1.0010E-2	-7.8125E-4
1.4000E-5	9.5215E-3	3.6133E-3
1.5000E-5	9.2773E-3	4.7852E-3
1.6000E-5	9.7656E-3	5.2734E-3
1.7000E-5	1.0010E-2	5.7129E-3
1.8000E-5	1.0010E-2	7.8125E-3
1.9000E-5	9.7656E-3	1.1230E-2
2.0000E-5	9.7656E-3	2.1533E-2
2.1000E-5	9.5215E-3	3.3496E-2
2.2000E-5	9.5215E-3	4.8145E-2
2.3000E-5	9.7656E-3	6.5430E-2
2.4000E-5	9.5215E-3	8.7061E-2
2.5000E-5	9.2773E-3	1.1147E-1
2.6000E-5	9.5215E-3	1.4375E-1
2.7000E-5	9.5215E-3	1.8530E-1
2.8000E-5	1.0010E-2	2.3853E-1
2.9000E-5	9.2773E-3	3.0645E-1
3.0000E-5	9.7656E-3	3.8999E-1
3.1000E-5	9.5215E-3	4.8677E-1
3.2000E-5	9.5215E-3	5.8428E-1
3.3000E-5	9.2773E-3	6.7173E-1
3.4000E-5	9.7656E-3	7.3213E-1
3.5000E-5	9.2773E-3	7.5889E-1
3.6000E-5	9.0332E-3	7.4580E-1
3.7000E-5	9.2773E-3	6.9902E-1
3.8000E-5	9.2773E-3	6.2891E-1
3.9000E-5	9.2773E-3	5.4722E-1
4.0000E-5	9.2773E-3	4.6113E-1
4.1000E-5	9.5215E-3	3.7852E-1
4.2000E-5	9.2773E-3	3.0698E-1
4.3000E-5	1.0010E-2	2.4673E-1
4.4000E-5	9.2773E-3	2.0239E-1
4.5000E-5	9.5215E-3	1.7231E-1
4.6000E-5	9.2773E-3	1.5640E-1
4.7000E-5	1.0254E-2	1.5449E-1
4.8000E-5	9.7656E-3	1.6299E-1
4.9000E-5	9.2773E-3	1.7749E-1
5.0000E-5	1.0254E-2	1.9849E-1
5.1000E-5	1.0254E-2	2.2515E-1
5.2000E-5	1.0010E-2	2.5322E-1
5.3000E-5	9.7656E-3	2.8433E-1
5.4000E-5	1.0010E-2	3.2329E-1
5.5000E-5	9.5215E-3	3.7144E-1
5.6000E-5	9.2773E-3	4.2744E-1
5.7000E-5	9.2773E-3	4.9263E-1
5.8000E-5	9.2773E-3	5.6431E-1
5.9000E-5	9.0332E-3	6.3213E-1
6.0000E-5	9.2773E-3	6.8721E-1
6.1000E-5	1.0010E-2	7.2559E-1
6.2000E-5	1.0010E-2	7.4600E-1
6.3000E-5	9.5215E-3	7.4331E-1
6.4000E-5	9.2773E-3	7.1899E-1
6.5000E-5	9.7656E-3	6.7935E-1
6.6000E-5	9.0332E-3	6.2759E-1
6.7000E-5	9.5215E-3	5.6597E-1
6.8000E-5	9.2773E-3	5.0200E-1
6.9000E-5	9.7656E-3	4.3921E-1
7.0000E-5	9.5215E-3	3.8218E-1
7.1000E-5	9.5215E-3	3.3511E-1
7.2000E-5	9.7656E-3	2.9761E-1
7.3000E-5	9.5215E-3	2.7422E-1
7.4000E-5	9.5215E-3	2.6475E-1
7.5000E-5	9.0332E-3	2.6445E-1
7.6000E-5	9.2773E-3	2.7329E-1
7.7000E-5	9.5215E-3	2.8789E-1
7.8000E-5	9.5215E-3	3.0557E-1
7.9000E-5	1.0010E-2	3.2764E-1
8.0000E-5	9.2773E-3	3.5625E-1
8.1000E-5	9.2773E-3	3.9116E-1
8.2000E-5	9.7656E-3	4.3345E-1
8.3000E-5	9.2773E-3	4.8218E-1
8.4000E-5	9.2773E-3	5.3599E-1
8.5000E-5	9.2773E-3	5.9199E-1
8.6000E-5	9.5215E-3	6.4565E-1
8.7000E-5	9.2773E-3	6.9233E-1
8.8000E-5	9.7656E-3	7.2202E-1
8.9000E-5	9.0332E-3	7.3403E-1
9.0000E-5	9.0332E-3	7.3105E-1
9.1000E-5	9.7656E-3	7.1567E-1
9.2000E-5	9.7656E-3	6.9170E-1
9.3000E-5	9.2773E-3	6.6670E-1
9.4000E-5	9.7656E-3	6.3745E-1
9.5000E-5	9.5215E-3	6.0356E-1
9.6000E-5	8.7891E-3	5.6670E-1
9.7000E-5	1.0010E-2	5.2671E-1
9.8000E-5	9.5215E-3	4.8457E-1
9.9000E-5	9.2773E-3	4.4736E-1
1.0000E-4	9.0332E-3	4.1787E-1
1.0100E-4	9.7656E-3	3.9375E-1
1.0200E-4	9.7656E-3	3.7700E-1
1.0300E-4	9.2773E-3	3.6890E-1
1.0400E-4	9.7656E-3	3.6909E-1
1.0500E-4	9.5215E-3	3.7480E-1
1.0600E-4	9.7656E-3	3.8662E-1
1.0700E-4	9.0332E-3	4.0684E-1
1.0800E-4	9.7656E-3	4.3545E-1
1.0900E-4	9.2773E-3	4.6973E-1
1.1000E-4	9.7656E-3	5.0845E-1
1.1100E-4	9.0332E-3	5.5244E-1
1.1200E-4	9.2773E-3	5.9478E-1
1.1300E-4	8.7891E-3	6.3262E-1
1.1400E-4	1.0010E-2	6.6313E-1
1.1500E-4	9.7656E-3	6.8589E-1
1.1600E-4	9.5215E-3	6.9634E-1
1.1700E-4	9.5215E-3	6.9692E-1
1.1800E-4	9.7656E-3	6.9277E-1
1.1900E-4	9.5215E-3	6.8301E-1
1.2000E-4	9.2773E-3	6.6841E-1
1.2100E-4	9.7656E-3	6.5312E-1
1.2200E-4	9.2773E-3	6.3613E-1
1.2300E-4	1.0010E-2	6.1313E-1
1.2400E-4	9.0332E-3	5.8853E-1
1.2500E-4	9.7656E-3	5.6318E-1
1.2600E-4	9.5215E-3	5.3701E-1
1.2700E-4	9.7656E-3	5.1416E-1
1.2800E-4	1.0254E-2	4.9292E-1
1.2900E-4	9.2773E-3	4.7471E-1
1.3000E-4	1.0254E-2	4.6016E-1
1.3100E-4	9.5215E-3	4.5059E-1
1.3200E-4	9.5215E-3	4.4458E-1
1.3300E-4	9.7656E-3	4.4453E-1
1.3400E-4	9.7656E-3	4.5156E-1
1.3500E-4	9.0332E-3	4.6348E-1
1.3600E-4	9.7656E-3	4.8032E-1
1.3700E-4	9.0332E-3	5.0093E-1
1.3800E-4	9.7656E-3	5.2559E-1
1.3900E-4	9.5215E-3	5.4990E-1
1.4000E-4	9.5215E-3	5.7441E-1
1.4100E-4	9.5215E-3	5.9756E-1
1.4200E-4	9.7656E-3	6.1958E-1
1.4300E-4	9.5215E-3	6.4106E-1
1.4400E-4	9.5215E-3	6.5942E-1
1.4500E-4	1.0010E-2	6.7031E-1
1.4600E-4	1.0010E-2	6.7417E-1
1.4700E-4	9.2773E-3	6.7310E-1
1.4800E-4	1.0498E-2	6.6328E-1
1.4900E-4	9.7656E-3	6.5054E-1
1.5000E-4	9.2773E-3	6.3979E-1
1.5100E-4	9.5215E-3	6.3140E-1
1.5200E-4	9.5215E-3	6.2090E-1
1.5300E-4	9.5215E-3	6.1055E-1
1.5400E-4	9.7656E-3	5.9976E-1
1.5500E-4	1.0010E-2	5.8887E-1
1.5600E-4	9.2773E-3	5.7456E-1
1.5700E-4	9.5215E-3	5.6250E-1
1.5800E-4	9.2773E-3	5.5371E-1
1.5900E-4	9.7656E-3	5.4761E-1
1.6000E-4	9.7656E-3	5.4238E-1
1.6100E-4	9.2773E-3	5.4219E-1
1.6200E-4	9.5215E-3	5.4404E-1
1.6300E-4	9.5215E-3	5.4697E-1
1.6400E-4	9.0332E-3	5.5020E-1
1.6500E-4	9.7656E-3	5.5537E-1
1.6600E-4	1.0010E-2	5.5986E-1
1.6700E-4	9.5215E-3	5.6387E-1
1.6800E-4	9.5215E-3	5.6821E-1
1.6900E-4	9.5215E-3	5.7212E-1
1.7000E-4	9.5215E-3	5.7734E-1
1.7100E-4	9.7656E-3	5.8120E-1
1.7200E-4	9.5215E-3	5.8442E-1
1.7300E-4	9.7656E-3	5.8833E-1
1.7400E-4	9.7656E-3	5.9404E-1
1.7500E-4	1.0010E-2	6.0063E-1
1.7600E-4	9.5215E-3	6.1016E-1
1.7700E-4	9.5215E-3	6.1890E-1
1.7800E-4	9.2773E-3	6.2646E-1
1.7900E-4	9.5215E-3	6.3164E-1
1.8000E-4	1.0254E-2	6.3198E-1
1.8100E-4	9.5215E-3	6.2979E-1
1.8200E-4	9.0332E-3	6.2690E-1
1.8300E-4	9.5215E-3	6.2476E-1
1.8400E-4	9.2773E-3	6.2104E-1
1.8500E-4	9.7656E-3	6.1421E-1
1.8600E-4	9.7656E-3	6.0532E-1
1.8700E-4	9.2773E-3	5.9512E-1
1.8800E-4	9.2773E-3	5.8228E-1
1.8900E-4	9.0332E-3	5.7002E-1
1.9000E-4	9.5215E-3	5.6113E-1
1.9100E-4	9.5215E-3	5.5420E-1
1.9200E-4	9.0332E-3	5.4932E-1
1.9300E-4	9.7656E-3	5.4492E-1
1.9400E-4	9.5215E-3	5.3999E-1
1.9500E-4	9.5215E-3	5.3628E-1
1.9600E-4	9.0332E-3	5.3164E-1
1.9700E-4	9.5215E-3	5.2710E-1
1.9800E-4	9.7656E-3	5.2441E-1
1.9900E-4	9.5215E-3	5.2456E-1
2.0000E-4	9.2773E-3	5.2734E-1
2.0100E-4	9.0332E-3	5.3418E-1
2.0200E-4	9.2773E-3	5.4478E-1
2.0300E-4	9.2773E-3	5.5864E-1
2.0400E-4	9.7656E-3	5.7500E-1
2.0500E-4	9.7656E-3	5.9282E-1
2.0600E-4	9.7656E-3	6.1118E-1
2.0700E-4	9.7656E-3	6.2939E-1
2.0800E-4	9.2773E-3	6.4448E-1
2.0900E-4	9.0332E-3	6.5918E-1
2.1000E-4	9.5215E-3	6.6982E-1
2.1100E-4	8.5449E-3	6.7808E-1
2.1200E-4	9.5215E-3	6.8271E-1
2.1300E-4	1.0010E-2	6.8281E-1
2.1400E-4	1.0010E-2	6.7739E-1
2.1500E-4	1.0498E-2	6.6748E-1
2.1600E-4	9.7656E-3	6.5195E-1
2.1700E-4	9.7656E-3	6.3125E-1
2.1800E-4	9.0332E-3	6.0986E-1
2.1900E-4	1.0254E-2	5.8555E-1
2.2000E-4	9.2773E-3	5.6230E-1
2.2100E-4	9.5215E-3	5.4146E-1
2.2200E-4	9.5215E-3	5.2373E-1
2.2300E-4	9.5215E-3	5.0747E-1
2.2400E-4	9.0332E-3	4.9429E-1
2.2500E-4	9.5215E-3	4.8213E-1
2.2600E-4	1.0254E-2	4.7310E-1
2.2700E-4	9.2773E-3	4.6880E-1
2.2800E-4	9.5215E-3	4.7100E-1
2.2900E-4	9.2773E-3	4.7930E-1
2.3000E-4	1.0010E-2	4.9565E-1
2.3100E-4	9.2773E-3	5.1646E-1
2.3200E-4	9.5215E-3	5.4014E-1
2.3300E-4	9.5215E-3	5.6479E-1
2.3400E-4	9.7656E-3	5.9126E-1
2.3500E-4	8.7891E-3	6.1641E-1
2.3600E-4	9.7656E-3	6.4053E-1
2.3700E-4	9.7656E-3	6.6455E-1
2.3800E-4	9.7656E-3	6.8477E-1
2.3900E-4	9.5215E-3	6.9912E-1
2.4000E-4	9.2773E-3	7.0464E-1
2.4100E-4	1.0010E-2	7.0391E-1
2.4200E-4	9.7656E-3	6.9663E-1
2.4300E-4	9.7656E-3	6.8501E-1
2.4400E-4	9.2773E-3	6.6807E-1
2.4500E-4	9.5215E-3	6.5093E-1
2.4600E-4	9.0332E-3	6.2974E-1
2.4700E-4	9.7656E-3	6.0576E-1
2.4800E-4	9.5215E-3	5.8120E-1
2.4900E-4	1.0010E-2	5.5610E-1
2.5000E-4	1.0254E-2	5.3076E-1
2.5100E-4	1.0010E-2	5.0771E-1
2.5200E-4	9.7656E-3	4.8672E-1
2.5300E-4	1.0254E-2	4.6943E-1
2.5400E-4	9.0332E-3	4.5840E-1
2.5500E-4	9.7656E-3	4.5303E-1
2.5600E-4	9.7656E-3	4.5566E-1
2.5700E-4	9.2773E-3	4.6455E-1
2.5800E-4	9.2773E-3	4.7773E-1
2.5900E-4	9.5215E-3	4.9619E-1
2.6000E-4	9.5215E-3	5.1938E-1
2.6100E-4	9.5215E-3	5.4629E-1
2.6200E-4	9.5215E-3	5.7710E-1
2.6300E-4	9.2773E-3	6.0996E-1
2.6400E-4	8.7891E-3	6.4165E-1
2.6500E-4	9.7656E-3	6.7314E-1
2.6600E-4	9.5215E-3	7.0015E-1
2.6700E-4	9.7656E-3	7.2100E-1
2.6800E-4	9.5215E-3	7.3550E-1
2.6900E-4	9.5215E-3	7.4067E-1
2.7000E-4	1.0254E-2	7.3774E-1
2.7100E-4	9.5215E-3	7.2607E-1
2.7200E-4	1.0010E-2	7.0801E-1
2.7300E-4	9.5215E-3	6.8379E-1
2.7400E-4	9.7656E-3	6.5918E-1
2.7500E-4	9.2773E-3	6.2954E-1
2.7600E-4	9.5215E-3	5.9829E-1
2.7700E-4	9.5215E-3	5.6533E-1
2.7800E-4	9.0332E-3	5.3384E-1
2.7900E-4	9.7656E-3	5.0596E-1
2.8000E-4	9.5215E-3	4.8423E-1
2.8100E-4	9.5215E-3	4.7100E-1
2.8200E-4	9.2773E-3	4.6499E-1
2.8300E-4	9.5215E-3	4.6187E-1
2.8400E-4	1.0010E-2	4.6401E-1
2.8500E-4	9.7656E-3	4.7017E-1
2.8600E-4	9.5215E-3	4.7754E-1
2.8700E-4	9.5215E-3	4.9126E-1
2.8800E-4	9.7656E-3	5.1201E-1
2.8900E-4	9.5215E-3	5.3198E-1
2.9000E-4	9.5215E-3	5.5156E-1
2.9100E-4	9.7656E-3	5.7188E-1
2.9200E-4	9.5215E-3	5.9043E-1
2.9300E-4	9.5215E-3	6.0898E-1
2.9400E-4	9.5215E-3	6.2886E-1
2.9500E-4	9.5215E-3	6.5068E-1
2.9600E-4	9.2773E-3	6.7153E-1
2.9700E-4	9.2773E-3	6.8755E-1
2.9800E-4	9.2773E-3	6.9849E-1
2.9900E-4	9.2773E-3	7.0278E-1
3.0000E-4	9.5215E-3	6.9819E-1
3.0100E-4	9.7656E-3	6.8569E-1
3.0200E-4	9.5215E-3	6.6665E-1
3.0300E-4	9.7656E-3	6.4468E-1
3.0400E-4	9.7656E-3	6.2061E-1
3.0500E-4	1.0010E-2	5.9858E-1
3.0600E-4	1.0254E-2	5.8037E-1
3.0700E-4	9.7656E-3	5.6367E-1
3.0800E-4	9.5215E-3	5.4819E-1
3.0900E-4	9.2773E-3	5.3716E-1
3.1000E-4	9.2773E-3	5.3110E-1
3.1100E-4	9.2773E-3	5.2769E-1
3.1200E-4	1.0010E-2	5.3022E-1
3.1300E-4	1.0010E-2	5.3413E-1
3.1400E-4	9.0332E-3	5.4019E-1
3.1500E-4	9.2773E-3	5.4424E-1
3.1600E-4	9.5215E-3	5.4873E-1
3.1700E-4	9.7656E-3	5.5557E-1
3.1800E-4	9.5215E-3	5.6445E-1
3.1900E-4	9.5215E-3	5.7539E-1
3.2000E-4	9.7656E-3	5.8950E-1
3.2100E-4	9.7656E-3	6.0474E-1
3.2200E-4	9.2773E-3	6.1719E-1
3.2300E-4	9.2773E-3	6.3057E-1
3.2400E-4	9.5215E-3	6.4126E-1
3.2500E-4	9.5215E-3	6.4985E-1
3.2600E-4	9.2773E-3	6.5283E-1
3.2700E-4	1.0010E-2	6.5337E-1
3.2800E-4	1.0254E-2	6.5254E-1
3.2900E-4	9.5215E-3	6.5244E-1
3.3000E-4	9.2773E-3	6.4976E-1
3.3100E-4	9.5215E-3	6.4531E-1
3.3200E-4	9.5215E-3	6.4199E-1
3.3300E-4	9.7656E-3	6.3774E-1
3.3400E-4	9.0332E-3	6.2964E-1
3.3500E-4	1.0254E-2	6.2056E-1
3.3600E-4	9.7656E-3	6.1519E-1
3.3700E-4	9.5215E-3	6.0825E-1
3.3800E-4	9.5215E-3	5.9780E-1
3.3900E-4	9.5215E-3	5.8564E-1
3.4000E-4	9.5215E-3	5.7358E-1
3.4100E-4	9.5215E-3	5.6113E-1
3.4200E-4	1.0010E-2	5.4956E-1
3.4300E-4	9.7656E-3	5.3984E-1
3.4400E-4	9.0332E-3	5.3486E-1
3.4500E-4	9.2773E-3	5.3208E-1
3.4600E-4	9.7656E-3	5.2988E-1
3.4700E-4	9.5215E-3	5.2905E-1
3.4800E-4	1.0010E-2	5.3242E-1
3.4900E-4	9.2773E-3	5.3530E-1
3.5000E-4	9.7656E-3	5.3921E-1
3.5100E-4	9.2773E-3	5.4512E-1
3.5200E-4	9.5215E-3	5.5308E-1
3.5300E-4	1.0254E-2	5.6113E-1
3.5400E-4	9.7656E-3	5.7183E-1
3.5500E-4	9.2773E-3	5.8618E-1
3.5600E-4	9.7656E-3	6.0254E-1
3.5700E-4	1.0254E-2	6.1890E-1
3.5800E-4	9.5215E-3	6.3613E-1
3.5900E-4	9.5215E-3	6.5156E-1
3.6000E-4	1.0010E-2	6.6357E-1
3.6100E-4	9.2773E-3	6.7476E-1
3.6200E-4	9.2773E-3	6.8164E-1
3.6300E-4	9.7656E-3	6.8501E-1
3.6400E-4	9.2773E-3	6.8579E-1
3.6500E-4	9.7656E-3	6.8311E-1
3.6600E-4	1.0254E-2	6.7593E-1
3.6700E-4	1.0010E-2	6.6685E-1
3.6800E-4	9.0332E-3	6.5312E-1
3.6900E-4	1.0010E-2	6.3394E-1
3.7000E-4	9.5215E-3	6.1187E-1
3.7100E-4	1.0254E-2	5.8672E-1
3.7200E-4	9.2773E-3	5.5781E-1
3.7300E-4	1.0010E-2	5.3003E-1
3.7400E-4	8.7891E-3	5.0728E-1
3.7500E-4	9.7656E-3	4.8721E-1
3.7600E-4	9.7656E-3	4.7129E-1
3.7700E-4	9.5215E-3	4.6372E-1
3.7800E-4	9.0332E-3	4.5928E-1
3.7900E-4	9.7656E-3	4.5557E-1
3.8000E-4	9.5215E-3	4.5757E-1
3.8100E-4	9.0332E-3	4.6377E-1
3.8200E-4	1.0254E-2	4.7471E-1
3.8300E-4	9.2773E-3	4.9170E-1
3.8400E-4	9.5215E-3	5.1616E-1
3.8500E-4	1.0010E-2	5.4414E-1
3.8600E-4	9.5215E-3	5.7417E-1
3.8700E-4	1.0010E-2	6.0718E-1
3.8800E-4	9.7656E-3	6.4077E-1
3.8900E-4	9.2773E-3	6.7275E-1
3.9000E-4	1.0254E-2	6.9819E-1
3.9100E-4	9.5215E-3	7.1836E-1
3.9200E-4	9.2773E-3	7.2910E-1
3.9300E-4	1.0010E-2	7.3047E-1
3.9400E-4	1.0010E-2	7.2056E-1
3.9500E-4	1.0254E-2	7.0098E-1
3.9600E-4	1.0010E-2	6.7271E-1
3.9700E-4	1.0498E-2	6.3530E-1
3.9800E-4	8.7891E-3	5.9126E-1
3.9900E-4	9.7656E-3	5.4443E-1
4.0000E-4	9.7656E-3	4.9971E-1
4.0100E-4	9.5215E-3	4.5708E-1
4.0200E-4	1.0254E-2	4.2007E-1
4.0300E-4	9.0332E-3	3.9043E-1
4.0400E-4	9.5215E-3	3.6968E-1
4.0500E-4	1.0254E-2	3.5679E-1
4.0600E-4	1.0010E-2	3.5317E-1
4.0700E-4	1.0010E-2	3.5635E-1
4.0800E-4	9.7656E-3	3.6660E-1
4.0900E-4	9.2773E-3	3.8145E-1
4.1000E-4	1.0010E-2	4.0088E-1
4.1100E-4	9.5215E-3	4.2578E-1
4.1200E-4	9.5215E-3	4.5674E-1
4.1300E-4	9.0332E-3	4.9214E-1
4.1400E-4	1.0010E-2	5.3350E-1
4.1500E-4	1.0254E-2	5.7969E-1
4.1600E-4	9.7656E-3	6.2842E-1
4.1700E-4	9.5215E-3	6.7417E-1
4.1800E-4	9.2773E-3	7.1406E-1
4.1900E-4	1.0010E-2	7.4087E-1
4.2000E-4	9.5215E-3	7.5225E-1
4.2100E-4	1.0010E-2	7.4810E-1
4.2200E-4	9.7656E-3	7.3081E-1
4.2300E-4	9.2773E-3	7.0122E-1
4.2400E-4	9.2773E-3	6.6338E-1
4.2500E-4	9.7656E-3	6.1787E-1
4.2600E-4	1.0254E-2	5.6709E-1
4.2700E-4	9.5215E-3	5.1323E-1
4.2800E-4	9.5215E-3	4.5820E-1
4.2900E-4	9.7656E-3	4.0942E-1
4.3000E-4	1.0010E-2	3.6699E-1
4.3100E-4	9.5215E-3	3.3062E-1
4.3200E-4	9.5215E-3	3.0337E-1
4.3300E-4	9.5215E-3	2.8701E-1
4.3400E-4	1.0010E-2	2.7671E-1
4.3500E-4	9.0332E-3	2.7363E-1
4.3600E-4	1.0010E-2	2.7676E-1
4.3700E-4	9.2773E-3	2.8574E-1
4.3800E-4	1.0010E-2	3.0073E-1
4.3900E-4	9.2773E-3	3.2310E-1
4.4000E-4	9.7656E-3	3.5693E-1
4.4100E-4	9.5215E-3	3.9922E-1
4.4200E-4	9.0332E-3	4.5103E-1
4.4300E-4	1.0254E-2	5.1021E-1
4.4400E-4	9.5215E-3	5.7529E-1
4.4500E-4	9.0332E-3	6.4199E-1
4.4600E-4	9.2773E-3	7.0464E-1
4.4700E-4	9.7656E-3	7.5381E-1
4.4800E-4	9.5215E-3	7.8579E-1
4.4900E-4	1.0254E-2	7.9380E-1
4.5000E-4	1.0010E-2	7.7559E-1
4.5100E-4	9.5215E-3	7.3384E-1
4.5200E-4	1.0254E-2	6.7251E-1
4.5300E-4	9.5215E-3	5.9653E-1
4.5400E-4	9.5215E-3	5.1538E-1
4.5500E-4	9.2773E-3	4.3311E-1
4.5600E-4	1.0010E-2	3.5796E-1
4.5700E-4	9.7656E-3	2.9541E-1
4.5800E-4	9.7656E-3	2.4790E-1
4.5900E-4	9.5215E-3	2.1294E-1
4.6000E-4	9.5215E-3	1.9336E-1
4.6100E-4	9.7656E-3	1.8452E-1
4.6200E-4	9.2773E-3	1.8667E-1
4.6300E-4	9.7656E-3	1.9565E-1
4.6400E-4	9.7656E-3	2.0825E-1
4.6500E-4	9.7656E-3	2.2520E-1
4.6600E-4	1.0010E-2	2.4688E-1
4.6700E-4	9.5215E-3	2.7104E-1
4.6800E-4	9.7656E-3	3.0083E-1
4.6900E-4	9.7656E-3	3.4072E-1
4.7000E-4	9.2773E-3	3.8853E-1
4.7100E-4	9.5215E-3	4.4575E-1
4.7200E-4	9.2773E-3	5.1304E-1
4.7300E-4	9.2773E-3	5.8701E-1
4.7400E-4	1.0498E-2	6.6138E-1
4.7500E-4	9.5215E-3	7.2817E-1
4.7600E-4	1.0254E-2	7.7402E-1
4.7700E-4	9.7656E-3	7.8711E-1
4.7800E-4	9.2773E-3	7.6484E-1
4.7900E-4	8.7891E-3	7.0962E-1
4.8000E-4	9.7656E-3	6.2378E-1
4.8100E-4	1.0010E-2	5.1958E-1
4.8200E-4	9.2773E-3	4.1274E-1
4.8300E-4	9.2773E-3	3.0659E-1
4.8400E-4	9.2773E-3	2.0781E-1
4.8500E-4	9.2773E-3	1.2354E-1
4.8600E-4	9.2773E-3	6.0400E-2
4.8700E-4	9.2773E-3	1.4209E-2
4.8800E-4	9.5215E-3	-1.4551E-2
4.8900E-4	9.7656E-3	-3.0078E-2
4.9000E-4	9.7656E-3	-3.4277E-2
4.9100E-4	9.2773E-3	-3.4131E-2
4.9200E-4	9.2773E-3	-2.9346E-2
4.9300E-4	9.7656E-3	-2.2607E-2
4.9400E-4	9.5215E-3	-1.3721E-2
4.9500E-4	1.0498E-2	-6.9824E-3
4.9600E-4	1.0010E-2	-1.3184E-3
4.9700E-4	9.5215E-3	7.3242E-4
4.9800E-4	9.5215E-3	1.2695E-3
4.9900E-4	9.7656E-3	-2.4414E-4
5.0000E-4	9.7656E-3	-1.9531E-4
5.0100E-4	9.2773E-3	-1.8066E-3
5.0200E-4	9.0332E-3	-1.8555E-3
5.0300E-4	9.2773E-3	-4.8828E-4
5.0400E-4	1.0010E-2	-4.8828E-5
5.0500E-4	9.0332E-3	2.9297E-4
5.0600E-4	1.0010E-2	2.4902E-3
5.0700E-4	1.0254E-2	4.1992E-3
5.0800E-4	1.0254E-2	5.1270E-3
5.0900E-4	9.2773E-3	3.7109E-3
5.1000E-4	9.2773E-3	1.0742E-3
5.1100E-4	9.5215E-3	-2.4414E-3
5.1200E-4	9.7656E-3	-6.7383E-3
5.1300E-4	1.0010E-2	-1.0107E-2
5.1400E-4	9.2773E-3	-9.6191E-3
5.1500E-4	9.7656E-3	-7.6172E-3
5.1600E-4	1.0498E-2	-4.5410E-3
5.1700E-4	1.0498E-2	1.9531E-4
5.1800E-4	9.5215E-3	5.0781E-3
5.1900E-4	9.5215E-3	1.1621E-2
5.2000E-4	1.0010E-2	2.0703E-2
5.2100E-4	9.7656E-3	3.3301E-2
5.2200E-4	1.0254E-2	4.8145E-2
5.2300E-4	9.0332E-3	6.7236E-2
5.2400E-4	9.2773E-3	9.2139E-2
5.2500E-4	9.5215E-3	1.2148E-1
5.2600E-4	9.7656E-3	1.5776E-1
5.2700E-4	9.5215E-3	2.0391E-1
5.2800E-4	9.7656E-3	2.6021E-1
5.2900E-4	9.5215E-3	3.2930E-1
5.3000E-4	9.5215E-3	4.1377E-1
5.3100E-4	9.2773E-3	5.1045E-1
5.3200E-4	9.2773E-3	6.1338E-1
5.3300E-4	9.7656E-3	7.0801E-1
5.3400E-4	9.2773E-3	7.8066E-1
5.3500E-4	9.2773E-3	8.1899E-1
5.3600E-4	9.7656E-3	8.1685E-1
5.3700E-4	9.5215E-3	7.7441E-1
5.3800E-4	9.0332E-3	7.0122E-1
5.3900E-4	9.2773E-3	6.0938E-1
5.4000E-4	9.7656E-3	5.1025E-1
5.4100E-4	9.2773E-3	4.1514E-1
5.4200E-4	1.0010E-2	3.3027E-1
5.4300E-4	8.7891E-3	2.6318E-1
5.4400E-4	1.0010E-2	2.1582E-1
5.4500E-4	9.5215E-3	1.8608E-1
5.4600E-4	9.5215E-3	1.7178E-1
5.4700E-4	1.0254E-2	1.7246E-1
5.4800E-4	9.7656E-3	1.8169E-1
5.4900E-4	9.7656E-3	1.9629E-1
5.5000E-4	1.0254E-2	2.1807E-1
5.5100E-4	9.7656E-3	2.4404E-1
5.5200E-4	9.7656E-3	2.7334E-1
5.5300E-4	1.0254E-2	3.0879E-1
5.5400E-4	9.7656E-3	3.4761E-1
5.5500E-4	9.7656E-3	3.9321E-1
5.5600E-4	9.2773E-3	4.4678E-1
5.5700E-4	9.2773E-3	5.0952E-1
5.5800E-4	9.2773E-3	5.7881E-1
5.5900E-4	1.0254E-2	6.5386E-1
5.6000E-4	9.0332E-3	7.2236E-1
5.6100E-4	9.5215E-3	7.7764E-1
5.6200E-4	1.0498E-2	8.1172E-1
5.6300E-4	9.5215E-3	8.1953E-1
5.6400E-4	1.0010E-2	8.0088E-1
5.6500E-4	9.2773E-3	7.5854E-1
5.6600E-4	9.7656E-3	6.9834E-1
5.6700E-4	9.7656E-3	6.2705E-1
5.6800E-4	9.2773E-3	5.5298E-1
5.6900E-4	9.5215E-3	4.7910E-1
5.7000E-4	9.7656E-3	4.1460E-1
5.7100E-4	9.0332E-3	3.6309E-1
5.7200E-4	9.0332E-3	3.2466E-1
5.7300E-4	9.2773E-3	2.9971E-1
5.7400E-4	9.5215E-3	2.8687E-1
5.7500E-4	1.0254E-2	2.8315E-1
5.7600E-4	1.0010E-2	2.8682E-1
5.7700E-4	9.2773E-3	2.9902E-1
5.7800E-4	1.0010E-2	3.1655E-1
5.7900E-4	9.2773E-3	3.4077E-1
5.8000E-4	9.7656E-3	3.7188E-1
5.8100E-4	1.0010E-2	4.0962E-1
5.8200E-4	9.5215E-3	4.5283E-1
5.8300E-4	9.7656E-3	5.0386E-1
5.8400E-4	9.5215E-3	5.6353E-1
5.8500E-4	9.5215E-3	6.2607E-1
5.8600E-4	9.5215E-3	6.8838E-1
5.8700E-4	9.7656E-3	7.4775E-1
5.8800E-4	9.5215E-3	7.9536E-1
5.8900E-4	9.7656E-3	8.2588E-1
5.9000E-4	9.5215E-3	8.3540E-1
5.9100E-4	9.2773E-3	8.2266E-1
5.9200E-4	9.7656E-3	7.9038E-1
5.9300E-4	9.0332E-3	7.4375E-1
5.9400E-4	1.0010E-2	6.8623E-1
5.9500E-4	9.2773E-3	6.2725E-1
5.9600E-4	9.5215E-3	5.7305E-1
5.9700E-4	9.0332E-3	5.2354E-1
5.9800E-4	9.2773E-3	4.8125E-1
5.9900E-4	9.5215E-3	4.4731E-1
6.0000E-4	1.0254E-2	4.2109E-1
6.0100E-4	9.7656E-3	4.0132E-1
6.0200E-4	9.0332E-3	3.8931E-1
6.0300E-4	9.5215E-3	3.8560E-1
6.0400E-4	9.5215E-3	3.8706E-1
6.0500E-4	9.7656E-3	3.9434E-1
6.0600E-4	8.7891E-3	4.0884E-1
6.0700E-4	9.7656E-3	4.2783E-1
6.0800E-4	1.0010E-2	4.5039E-1
6.0900E-4	9.5215E-3	4.8071E-1
6.1000E-4	9.0332E-3	5.1797E-1
6.1100E-4	1.0010E-2	5.5986E-1
6.1200E-4	9.5215E-3	6.0640E-1
6.1300E-4	9.5215E-3	6.5742E-1
6.1400E-4	9.5215E-3	7.0771E-1
6.1500E-4	1.0010E-2	7.5361E-1
6.1600E-4	9.7656E-3	7.8960E-1
6.1700E-4	9.7656E-3	8.1362E-1
6.1800E-4	1.0254E-2	8.2290E-1
6.1900E-4	9.5215E-3	8.1616E-1
6.2000E-4	9.7656E-3	7.9966E-1
6.2100E-4	9.5215E-3	7.7168E-1
6.2200E-4	1.0010E-2	7.3716E-1
6.2300E-4	1.0010E-2	6.9785E-1
6.2400E-4	9.7656E-3	6.5815E-1
6.2500E-4	1.0010E-2	6.1514E-1
6.2600E-4	1.0254E-2	5.7866E-1
6.2700E-4	9.7656E-3	5.4585E-1
6.2800E-4	1.0498E-2	5.1992E-1
6.2900E-4	9.2773E-3	5.0063E-1
6.3000E-4	9.0332E-3	4.8999E-1
6.3100E-4	1.0254E-2	4.8623E-1
6.3200E-4	9.5215E-3	4.8848E-1
6.3300E-4	1.0010E-2	4.9712E-1
6.3400E-4	1.0010E-2	5.0957E-1
6.3500E-4	9.2773E-3	5.2642E-1
6.3600E-4	9.2773E-3	5.4521E-1
6.3700E-4	9.7656E-3	5.6880E-1
6.3800E-4	9.7656E-3	5.9287E-1
6.3900E-4	1.0254E-2	6.2129E-1
6.4000E-4	9.0332E-3	6.4893E-1
6.4100E-4	1.0010E-2	6.7563E-1
6.4200E-4	1.0010E-2	6.9736E-1
6.4300E-4	9.7656E-3	7.1660E-1
6.4400E-4	9.2773E-3	7.2979E-1
6.4500E-4	9.5215E-3	7.3726E-1
6.4600E-4	1.0254E-2	7.4048E-1
6.4700E-4	9.5215E-3	7.3906E-1
6.4800E-4	9.5215E-3	7.3413E-1
6.4900E-4	9.7656E-3	7.2568E-1
6.5000E-4	9.7656E-3	7.1396E-1
6.5100E-4	9.2773E-3	6.9746E-1
6.5200E-4	9.7656E-3	6.7744E-1
6.5300E-4	1.0010E-2	6.5439E-1
6.5400E-4	1.0010E-2	6.3135E-1
6.5500E-4	9.5215E-3	6.1113E-1
6.5600E-4	9.5215E-3	5.9453E-1
6.5700E-4	1.0254E-2	5.8198E-1
6.5800E-4	9.2773E-3	5.7314E-1
6.5900E-4	9.5215E-3	5.6807E-1
6.6000E-4	9.2773E-3	5.6440E-1
6.6100E-4	8.5449E-3	5.6382E-1
6.6200E-4	1.0254E-2	5.6680E-1
6.6300E-4	9.5215E-3	5.6992E-1
6.6400E-4	9.5215E-3	5.7246E-1
6.6500E-4	9.7656E-3	5.7539E-1
6.6600E-4	9.7656E-3	5.7837E-1
6.6700E-4	1.0010E-2	5.8213E-1
6.6800E-4	1.0010E-2	5.8677E-1
6.6900E-4	9.7656E-3	5.9468E-1
6.7000E-4	9.7656E-3	6.0376E-1
6.7100E-4	9.7656E-3	6.1250E-1
6.7200E-4	9.2773E-3	6.2095E-1
6.7300E-4	9.5215E-3	6.3354E-1
6.7400E-4	9.7656E-3	6.4375E-1
6.7500E-4	9.2773E-3	6.5537E-1
6.7600E-4	9.5215E-3	6.6602E-1
6.7700E-4	9.5215E-3	6.7656E-1
6.7800E-4	9.7656E-3	6.8354E-1
6.7900E-4	9.7656E-3	6.8970E-1
6.8000E-4	1.0010E-2	6.9429E-1
6.8100E-4	9.7656E-3	6.9868E-1
6.8200E-4	9.5215E-3	6.9912E-1
6.8300E-4	9.2773E-3	6.9756E-1
6.8400E-4	9.7656E-3	6.9438E-1
6.8500E-4	9.5215E-3	6.8633E-1
6.8600E-4	1.0010E-2	6.7593E-1
6.8700E-4	9.2773E-3	6.6543E-1
6.8800E-4	9.5215E-3	6.5288E-1
6.8900E-4	9.7656E-3	6.3818E-1
6.9000E-4	9.5215E-3	6.2554E-1
6.9100E-4	9.5215E-3	6.1387E-1
6.9200E-4	9.0332E-3	6.0210E-1
6.9300E-4	9.5215E-3	5.8950E-1
6.9400E-4	9.5215E-3	5.7598E-1
6.9500E-4	9.7656E-3	5.6162E-1
6.9600E-4	1.0010E-2	5.4751E-1
6.9700E-4	9.5215E-3	5.3696E-1
6.9800E-4	9.5215E-3	5.3281E-1
6.9900E-4	9.7656E-3	5.3354E-1
7.0000E-4	9.7656E-3	5.4053E-1
7.0100E-4	9.5215E-3	5.5137E-1
7.0200E-4	9.5215E-3	5.6304E-1
7.0300E-4	9.5215E-3	5.7520E-1
7.0400E-4	9.5215E-3	5.9087E-1
7.0500E-4	9.7656E-3	6.0723E-1
7.0600E-4	9.0332E-3	6.2334E-1
7.0700E-4	9.5215E-3	6.4009E-1
7.0800E-4	9.5215E-3	6.5449E-1
7.0900E-4	9.2773E-3	6.6807E-1
7.1000E-4	9.7656E-3	6.7988E-1
7.1100E-4	1.0010E-2	6.9082E-1
7.1200E-4	9.7656E-3	6.9873E-1
7.1300E-4	9.7656E-3	7.0518E-1
7.1400E-4	9.7656E-3	7.0508E-1
7.1500E-4	9.5215E-3	6.9673E-1
7.1600E-4	9.5215E-3	6.8296E-1
7.1700E-4	9.5215E-3	6.6382E-1
7.1800E-4	9.7656E-3	6.3774E-1
7.1900E-4	9.5215E-3	6.1133E-1
7.2000E-4	1.0010E-2	5.8574E-1
7.2100E-4	9.2773E-3	5.6060E-1
7.2200E-4	9.7656E-3	5.3940E-1
7.2300E-4	9.5215E-3	5.2363E-1
7.2400E-4	9.5215E-3	5.1299E-1
7.2500E-4	9.5215E-3	5.0503E-1
7.2600E-4	9.5215E-3	5.0024E-1
7.2700E-4	1.0254E-2	4.9683E-1
7.2800E-4	9.5215E-3	4.9678E-1
7.2900E-4	9.2773E-3	4.9888E-1
7.3000E-4	9.7656E-3	5.0767E-1
7.3100E-4	9.7656E-3	5.2129E-1
7.3200E-4	9.5215E-3	5.3965E-1
7.3300E-4	9.5215E-3	5.6108E-1
7.3400E-4	9.7656E-3	5.8525E-1
7.3500E-4	1.0010E-2	6.1035E-1
7.3600E-4	9.2773E-3	6.3594E-1
7.3700E-4	1.0010E-2	6.6304E-1
7.3800E-4	9.7656E-3	6.8691E-1
7.3900E-4	9.5215E-3	7.0337E-1
7.4000E-4	9.7656E-3	7.1372E-1
7.4100E-4	8.7891E-3	7.1655E-1
7.4200E-4	9.2773E-3	7.0928E-1
7.4300E-4	9.5215E-3	6.9658E-1
7.4400E-4	1.0010E-2	6.8105E-1
7.4500E-4	9.7656E-3	6.6025E-1
7.4600E-4	9.5215E-3	6.3589E-1
7.4700E-4	9.2773E-3	6.1089E-1
7.4800E-4	9.5215E-3	5.8447E-1
7.4900E-4	9.5215E-3	5.5820E-1
7.5000E-4	9.5215E-3	5.3374E-1
7.5100E-4	9.5215E-3	5.1396E-1
7.5200E-4	9.7656E-3	4.9609E-1
7.5300E-4	9.5215E-3	4.8462E-1
7.5400E-4	1.0010E-2	4.7573E-1
7.5500E-4	9.7656E-3	4.7192E-1
7.5600E-4	1.0254E-2	4.7187E-1
7.5700E-4	9.5215E-3	4.7808E-1
7.5800E-4	9.0332E-3	4.8574E-1
7.5900E-4	9.7656E-3	5.0088E-1
7.6000E-4	1.0010E-2	5.1880E-1
7.6100E-4	9.0332E-3	5.4048E-1
7.6200E-4	1.0254E-2	5.6479E-1
7.6300E-4	9.2773E-3	5.9150E-1
7.6400E-4	9.2773E-3	6.1572E-1
7.6500E-4	9.7656E-3	6.4180E-1
7.6600E-4	9.7656E-3	6.6660E-1
7.6700E-4	9.5215E-3	6.8594E-1
7.6800E-4	9.5215E-3	6.9976E-1
7.6900E-4	9.7656E-3	7.0742E-1
7.7000E-4	1.0010E-2	7.0640E-1
7.7100E-4	9.7656E-3	6.9595E-1
7.7200E-4	1.0010E-2	6.8149E-1
7.7300E-4	9.5215E-3	6.6260E-1
7.7400E-4	9.2773E-3	6.3960E-1
7.7500E-4	9.2773E-3	6.1479E-1
7.7600E-4	9.5215E-3	5.8936E-1
7.7700E-4	9.5215E-3	5.6260E-1
7.7800E-4	9.2773E-3	5.3540E-1
7.7900E-4	9.5215E-3	5.1211E-1
7.8000E-4	9.2773E-3	4.9409E-1
7.8100E-4	9.7656E-3	4.8091E-1
7.8200E-4	9.7656E-3	4.7412E-1
7.8300E-4	1.0010E-2	4.7603E-1
7.8400E-4	1.0010E-2	4.8208E-1
7.8500E-4	9.7656E-3	4.9092E-1
7.8600E-4	9.5215E-3	5.0347E-1
7.8700E-4	9.7656E-3	5.1851E-1
7.8800E-4	9.5215E-3	5.3550E-1
7.8900E-4	1.0010E-2	5.5571E-1
7.9000E-4	9.7656E-3	5.7759E-1
7.9100E-4	9.7656E-3	6.0215E-1
7.9200E-4	9.5215E-3	6.2915E-1
7.9300E-4	9.7656E-3	6.5444E-1
7.9400E-4	9.7656E-3	6.7632E-1
7.9500E-4	9.2773E-3	6.9263E-1
7.9600E-4	1.0254E-2	7.0430E-1
7.9700E-4	9.7656E-3	7.1104E-1
7.9800E-4	9.7656E-3	7.1113E-1
7.9900E-4	9.5215E-3	7.0547E-1
8.0000E-4	9.5215E-3	6.9917E-1
8.0100E-4	9.7656E-3	6.8677E-1
8.0200E-4	9.5215E-3	6.6621E-1
8.0300E-4	9.5215E-3	6.4233E-1
8.0400E-4	1.0010E-2	6.1768E-1
8.0500E-4	1.0010E-2	5.9004E-1
8.0600E-4	9.5215E-3	5.6226E-1
8.0700E-4	9.5215E-3	5.3818E-1
8.0800E-4	9.5215E-3	5.2095E-1
8.0900E-4	9.7656E-3	5.0669E-1
8.1000E-4	9.0332E-3	4.9941E-1
8.1100E-4	9.0332E-3	4.9551E-1
8.1200E-4	9.5215E-3	4.9619E-1
8.1300E-4	9.2773E-3	5.0078E-1
8.1400E-4	1.0498E-2	5.1006E-1
8.1500E-4	9.5215E-3	5.1826E-1
8.1600E-4	9.2773E-3	5.3203E-1
8.1700E-4	9.2773E-3	5.4844E-1
8.1800E-4	9.5215E-3	5.6235E-1
8.1900E-4	9.5215E-3	5.7417E-1
8.2000E-4	9.2773E-3	5.9155E-1
8.2100E-4	9.7656E-3	6.0601E-1
8.2200E-4	9.2773E-3	6.1924E-1
8.2300E-4	9.5215E-3	6.3228E-1
8.2400E-4	9.5215E-3	6.4609E-1
8.2500E-4	9.2773E-3	6.5322E-1
8.2600E-4	1.0010E-2	6.5825E-1
8.2700E-4	9.2773E-3	6.5991E-1
8.2800E-4	9.0332E-3	6.5933E-1
8.2900E-4	9.0332E-3	6.5742E-1
8.3000E-4	1.0254E-2	6.5464E-1
8.3100E-4	1.0010E-2	6.5308E-1
8.3200E-4	9.7656E-3	6.5190E-1
8.3300E-4	9.2773E-3	6.5205E-1
8.3400E-4	9.2773E-3	6.4849E-1
8.3500E-4	9.7656E-3	6.4268E-1
8.3600E-4	9.5215E-3	6.3418E-1
8.3700E-4	1.0010E-2	6.2344E-1
8.3800E-4	9.2773E-3	6.0864E-1
8.3900E-4	9.7656E-3	5.9551E-1
8.4000E-4	9.5215E-3	5.8335E-1
8.4100E-4	9.2773E-3	5.7173E-1
8.4200E-4	9.0332E-3	5.6187E-1
8.4300E-4	9.2773E-3	5.5532E-1
8.4400E-4	9.2773E-3	5.5356E-1
8.4500E-4	9.5215E-3	5.5430E-1
8.4600E-4	9.5215E-3	5.5737E-1
8.4700E-4	9.0332E-3	5.6309E-1
8.4800E-4	9.7656E-3	5.6865E-1
8.4900E-4	1.0254E-2	5.7070E-1
8.5000E-4	9.5215E-3	5.7158E-1
8.5100E-4	1.0010E-2	5.7310E-1
8.5200E-4	9.7656E-3	5.7275E-1
8.5300E-4	9.2773E-3	5.7573E-1
8.5400E-4	9.7656E-3	5.8286E-1
8.5500E-4	9.5215E-3	5.9111E-1
8.5600E-4	9.0332E-3	6.0210E-1
8.5700E-4	1.0010E-2	6.1670E-1
8.5800E-4	9.7656E-3	6.3081E-1
8.5900E-4	9.2773E-3	6.4370E-1
8.6000E-4	9.2773E-3	6.5771E-1
8.6100E-4	1.0254E-2	6.6709E-1
8.6200E-4	9.2773E-3	6.7280E-1
8.6300E-4	1.0010E-2	6.7578E-1
8.6400E-4	9.7656E-3	6.7524E-1
8.6500E-4	1.0254E-2	6.7173E-1
8.6600E-4	1.0498E-2	6.6465E-1
8.6700E-4	9.5215E-3	6.5283E-1
8.6800E-4	1.0010E-2	6.3633E-1
8.6900E-4	9.7656E-3	6.1455E-1
8.7000E-4	9.7656E-3	5.8755E-1
8.7100E-4	9.5215E-3	5.5981E-1
8.7200E-4	9.5215E-3	5.3198E-1
8.7300E-4	9.5215E-3	5.0635E-1
8.7400E-4	9.5215E-3	4.8491E-1
8.7500E-4	9.5215E-3	4.7026E-1
8.7600E-4	1.0010E-2	4.6099E-1
8.7700E-4	1.0254E-2	4.5630E-1
8.7800E-4	9.5215E-3	4.5283E-1
8.7900E-4	9.0332E-3	4.5527E-1
8.8000E-4	9.5215E-3	4.6040E-1
8.8100E-4	9.7656E-3	4.6899E-1
8.8200E-4	9.7656E-3	4.8286E-1
8.8300E-4	9.5215E-3	5.0439E-1
8.8400E-4	1.0742E-2	5.2729E-1
8.8500E-4	1.0010E-2	5.5586E-1
8.8600E-4	9.5215E-3	5.8896E-1
8.8700E-4	9.2773E-3	6.2246E-1
8.8800E-4	9.5215E-3	6.5767E-1
8.8900E-4	1.0010E-2	6.8984E-1
8.9000E-4	1.0254E-2	7.1675E-1
8.9100E-4	1.0254E-2	7.3140E-1
8.9200E-4	1.0254E-2	7.3418E-1
8.9300E-4	9.5215E-3	7.2480E-1
8.9400E-4	1.0010E-2	7.0879E-1
8.9500E-4	9.7656E-3	6.8252E-1
8.9600E-4	9.5215E-3	6.5249E-1
8.9700E-4	9.2773E-3	6.1997E-1
8.9800E-4	1.0010E-2	5.8311E-1
8.9900E-4	9.2773E-3	5.4565E-1
9.0000E-4	9.5215E-3	5.0781E-1
9.0100E-4	9.5215E-3	4.7134E-1
9.0200E-4	9.2773E-3	4.3667E-1
9.0300E-4	9.5215E-3	4.0669E-1
9.0400E-4	8.7891E-3	3.8149E-1
9.0500E-4	9.5215E-3	3.6240E-1
9.0600E-4	9.7656E-3	3.5137E-1
9.0700E-4	9.7656E-3	3.4912E-1
9.0800E-4	9.2773E-3	3.5449E-1
9.0900E-4	1.0010E-2	3.6738E-1
9.1000E-4	1.0010E-2	3.8804E-1
9.1100E-4	9.7656E-3	4.1538E-1
9.1200E-4	9.5215E-3	4.5078E-1
9.1300E-4	9.7656E-3	4.9385E-1
9.1400E-4	9.7656E-3	5.3892E-1
9.1500E-4	9.7656E-3	5.8608E-1
9.1600E-4	9.5215E-3	6.3130E-1
9.1700E-4	9.2773E-3	6.7495E-1
9.1800E-4	9.5215E-3	7.1187E-1
9.1900E-4	9.7656E-3	7.3804E-1
9.2000E-4	9.5215E-3	7.4766E-1
9.2100E-4	1.0010E-2	7.4551E-1
9.2200E-4	9.2773E-3	7.2759E-1
9.2300E-4	9.7656E-3	6.9443E-1
9.2400E-4	1.0010E-2	6.5220E-1
9.2500E-4	9.2773E-3	6.0723E-1
9.2600E-4	1.0010E-2	5.5508E-1
9.2700E-4	9.2773E-3	5.0137E-1
9.2800E-4	9.5215E-3	4.4888E-1
9.2900E-4	9.7656E-3	4.0029E-1
9.3000E-4	9.5215E-3	3.5771E-1
9.3100E-4	9.2773E-3	3.2251E-1
9.3200E-4	9.5215E-3	2.9453E-1
9.3300E-4	9.7656E-3	2.7764E-1
9.3400E-4	9.2773E-3	2.6792E-1
9.3500E-4	1.0254E-2	2.6460E-1
9.3600E-4	1.0010E-2	2.7144E-1
9.3700E-4	1.0010E-2	2.8428E-1
9.3800E-4	9.2773E-3	3.0269E-1
9.3900E-4	1.0010E-2	3.2935E-1
9.4000E-4	9.7656E-3	3.6382E-1
9.4100E-4	9.5215E-3	4.0483E-1
9.4200E-4	1.0254E-2	4.5293E-1
9.4300E-4	9.5215E-3	5.0669E-1
9.4400E-4	9.5215E-3	5.6772E-1
9.4500E-4	9.7656E-3	6.3169E-1
9.4600E-4	9.7656E-3	6.8965E-1
9.4700E-4	9.2773E-3	7.3696E-1
9.4800E-4	9.0332E-3	7.6665E-1
9.4900E-4	9.2773E-3	7.7236E-1
9.5000E-4	1.0010E-2	7.5283E-1
9.5100E-4	9.5215E-3	7.1445E-1
9.5200E-4	9.0332E-3	6.5864E-1
9.5300E-4	9.5215E-3	5.9170E-1
9.5400E-4	9.5215E-3	5.1655E-1
9.5500E-4	9.5215E-3	4.4175E-1
9.5600E-4	9.2773E-3	3.7124E-1
9.5700E-4	9.5215E-3	3.0981E-1
9.5800E-4	9.5215E-3	2.6133E-1
9.5900E-4	9.7656E-3	2.2676E-1
9.6000E-4	1.0010E-2	2.0376E-1
9.6100E-4	9.0332E-3	1.9033E-1
9.6200E-4	9.5215E-3	1.8589E-1
9.6300E-4	9.2773E-3	1.8823E-1
9.6400E-4	9.5215E-3	1.9575E-1
9.6500E-4	9.7656E-3	2.1035E-1
9.6600E-4	9.7656E-3	2.2983E-1
9.6700E-4	1.0254E-2	2.5386E-1
9.6800E-4	1.0498E-2	2.8442E-1
9.6900E-4	9.5215E-3	3.2559E-1
9.7000E-4	9.5215E-3	3.7285E-1
9.7100E-4	9.7656E-3	4.3154E-1
9.7200E-4	9.2773E-3	5.0313E-1
9.7300E-4	9.7656E-3	5.7979E-1
9.7400E-4	9.7656E-3	6.5625E-1
9.7500E-4	9.7656E-3	7.2622E-1
9.7600E-4	9.5215E-3	7.7739E-1
9.7700E-4	1.0254E-2	7.9727E-1
9.7800E-4	9.2773E-3	7.8188E-1
9.7900E-4	1.0254E-2	7.3022E-1
9.8000E-4	9.5215E-3	6.4683E-1
9.8100E-4	9.2773E-3	5.3984E-1
9.8200E-4	9.5215E-3	4.2539E-1
9.8300E-4	9.5215E-3	3.1406E-1
9.8400E-4	9.0332E-3	2.1362E-1
9.8500E-4	9.5215E-3	1.3169E-1
9.8600E-4	9.5215E-3	7.0850E-2
9.8700E-4	1.0254E-2	2.9687E-2
9.8800E-4	9.5215E-3	6.3965E-3
9.8900E-4	1.0010E-2	-4.8340E-3
9.9000E-4	9.5215E-3	-7.7637E-3
9.9100E-4	1.0010E-2	-6.9824E-3
9.9200E-4	1.0254E-2	-5.4687E-3
9.9300E-4	8.7891E-3	-4.5410E-3
9.9400E-4	9.7656E-3	-2.7832E-3
9.9500E-4	9.5215E-3	-1.4648E-3
9.9600E-4	1.0254E-2	5.8594E-4
9.9700E-4	9.2773E-3	1.7090E-3
9.9800E-4	1.0254E-2	1.7090E-3
9.9900E-4	1.0010E-2	1.7090E-3
