Time [s]	Aux in [V]	Main in [V]
0.0000E+0	1.0254E-2	6.8848E-2
1.0000E-6	9.5215E-3	6.1963E-2
2.0000E-6	9.2773E-3	5.4834E-2
3.0000E-6	9.2773E-3	4.7656E-2
4.0000E-6	1.0010E-2	4.3311E-2
5.0000E-6	1.0010E-2	4.2578E-2
6.0000E-6	9.7656E-3	4.6680E-2
7.0000E-6	9.5215E-3	5.1709E-2
8.0000E-6	1.0010E-2	5.5762E-2
9.0000E-6	9.5215E-3	5.7275E-2
1.0000E-5	9.7656E-3	5.6787E-2
1.1000E-5	9.7656E-3	5.3809E-2
1.2000E-5	9.2773E-3	5.1221E-2
1.3000E-5	9.0332E-3	4.9854E-2
1.4000E-5	9.5215E-3	5.0391E-2
1.5000E-5	9.5215E-3	5.3809E-2
1.6000E-5	9.5215E-3	5.9424E-2
1.7000E-5	9.2773E-3	6.9141E-2
1.8000E-5	9.0332E-3	8.0469E-2
1.9000E-5	9.5215E-3	9.5508E-2
2.0000E-5	1.0010E-2	1.1294E-1
2.1000E-5	9.7656E-3	1.3501E-1
2.2000E-5	9.0332E-3	1.5430E-1
2.3000E-5	9.5215E-3	1.8022E-1
2.4000E-5	1.0010E-2	2.1284E-1
2.5000E-5	9.5215E-3	2.5542E-1
2.6000E-5	9.2773E-3	3.0806E-1
2.7000E-5	9.2773E-3	3.7744E-1
2.8000E-5	9.5215E-3	4.6504E-1
2.9000E-5	9.2773E-3	5.7046E-1
3.0000E-5	9.0332E-3	6.8486E-1
3.1000E-5	1.0010E-2	7.9321E-1
3.2000E-5	1.0254E-2	8.8120E-1
3.3000E-5	1.0010E-2	9.3066E-1
3.4000E-5	9.5215E-3	9.3276E-1
3.5000E-5	8.7891E-3	8.8691E-1
3.6000E-5	1.0254E-2	8.0459E-1
3.7000E-5	9.5215E-3	7.0298E-1
3.8000E-5	9.5215E-3	5.9312E-1
3.9000E-5	9.5215E-3	4.8799E-1
4.0000E-5	9.0332E-3	3.9790E-1
4.1000E-5	9.5215E-3	3.2822E-1
4.2000E-5	1.0010E-2	2.7788E-1
4.3000E-5	1.0010E-2	2.5005E-1
4.4000E-5	9.5215E-3	2.3857E-1
4.5000E-5	9.5215E-3	2.3857E-1
4.6000E-5	9.7656E-3	2.5073E-1
4.7000E-5	9.2773E-3	2.7026E-1
4.8000E-5	9.5215E-3	2.9443E-1
4.9000E-5	9.7656E-3	3.2246E-1
5.0000E-5	9.7656E-3	3.5498E-1
5.1000E-5	9.7656E-3	3.8647E-1
5.2000E-5	9.2773E-3	4.2280E-1
5.3000E-5	9.2773E-3	4.6357E-1
5.4000E-5	9.5215E-3	5.1299E-1
5.5000E-5	9.7656E-3	5.7314E-1
5.6000E-5	9.2773E-3	6.4424E-1
5.7000E-5	9.0332E-3	7.1870E-1
5.8000E-5	9.5215E-3	7.9263E-1
5.9000E-5	9.5215E-3	8.5313E-1
6.0000E-5	9.5215E-3	8.9307E-1
6.1000E-5	9.5215E-3	9.0620E-1
6.2000E-5	9.2773E-3	8.8901E-1
6.3000E-5	9.2773E-3	8.4316E-1
6.4000E-5	9.2773E-3	7.7656E-1
6.5000E-5	9.5215E-3	6.9663E-1
6.6000E-5	9.5215E-3	6.1177E-1
6.7000E-5	9.7656E-3	5.3364E-1
6.8000E-5	9.5215E-3	4.6406E-1
6.9000E-5	9.2773E-3	4.0889E-1
7.0000E-5	8.7891E-3	3.6914E-1
7.1000E-5	9.2773E-3	3.4468E-1
7.2000E-5	9.5215E-3	3.3081E-1
7.3000E-5	9.2773E-3	3.2891E-1
7.4000E-5	9.7656E-3	3.3726E-1
7.5000E-5	9.5215E-3	3.5166E-1
7.6000E-5	9.7656E-3	3.7324E-1
7.7000E-5	1.0010E-2	4.0010E-1
7.8000E-5	9.2773E-3	4.3125E-1
7.9000E-5	9.5215E-3	4.6592E-1
8.0000E-5	9.5215E-3	5.0713E-1
8.1000E-5	9.7656E-3	5.4995E-1
8.2000E-5	9.5215E-3	5.9927E-1
8.3000E-5	1.0254E-2	6.5312E-1
8.4000E-5	1.0010E-2	7.1118E-1
8.5000E-5	9.7656E-3	7.6616E-1
8.6000E-5	9.2773E-3	8.1387E-1
8.7000E-5	9.2773E-3	8.4800E-1
8.8000E-5	9.0332E-3	8.6572E-1
8.9000E-5	9.2773E-3	8.6470E-1
9.0000E-5	9.7656E-3	8.4531E-1
9.1000E-5	9.5215E-3	8.1377E-1
9.2000E-5	9.7656E-3	7.7100E-1
9.3000E-5	9.2773E-3	7.2002E-1
9.4000E-5	9.0332E-3	6.6436E-1
9.5000E-5	1.0254E-2	6.0645E-1
9.6000E-5	9.7656E-3	5.5410E-1
9.7000E-5	9.5215E-3	5.0903E-1
9.8000E-5	9.7656E-3	4.7236E-1
9.9000E-5	9.7656E-3	4.4370E-1
1.0000E-4	9.2773E-3	4.2832E-1
1.0100E-4	9.5215E-3	4.2075E-1
1.0200E-4	9.2773E-3	4.2104E-1
1.0300E-4	9.7656E-3	4.3062E-1
1.0400E-4	1.0254E-2	4.4854E-1
1.0500E-4	9.2773E-3	4.7251E-1
1.0600E-4	9.5215E-3	5.0229E-1
1.0700E-4	1.0254E-2	5.3618E-1
1.0800E-4	1.0254E-2	5.7544E-1
1.0900E-4	9.7656E-3	6.1948E-1
1.1000E-4	9.5215E-3	6.6704E-1
1.1100E-4	9.7656E-3	7.1514E-1
1.1200E-4	9.5215E-3	7.6133E-1
1.1300E-4	9.5215E-3	8.0107E-1
1.1400E-4	9.7656E-3	8.3115E-1
1.1500E-4	9.5215E-3	8.5137E-1
1.1600E-4	9.7656E-3	8.5786E-1
1.1700E-4	9.5215E-3	8.5181E-1
1.1800E-4	9.2773E-3	8.3472E-1
1.1900E-4	9.2773E-3	8.0742E-1
1.2000E-4	1.0010E-2	7.7080E-1
1.2100E-4	9.7656E-3	7.2964E-1
1.2200E-4	9.2773E-3	6.8599E-1
1.2300E-4	1.0010E-2	6.4331E-1
1.2400E-4	9.0332E-3	6.0425E-1
1.2500E-4	9.5215E-3	5.6914E-1
1.2600E-4	1.0010E-2	5.4292E-1
1.2700E-4	9.5215E-3	5.2563E-1
1.2800E-4	9.5215E-3	5.1636E-1
1.2900E-4	9.5215E-3	5.1470E-1
1.3000E-4	9.5215E-3	5.2090E-1
1.3100E-4	9.0332E-3	5.2822E-1
1.3200E-4	9.0332E-3	5.3892E-1
1.3300E-4	1.0010E-2	5.5498E-1
1.3400E-4	9.7656E-3	5.7422E-1
1.3500E-4	1.0010E-2	5.9517E-1
1.3600E-4	9.5215E-3	6.1973E-1
1.3700E-4	9.0332E-3	6.4687E-1
1.3800E-4	9.5215E-3	6.7344E-1
1.3900E-4	9.2773E-3	7.0083E-1
1.4000E-4	1.0254E-2	7.3027E-1
1.4100E-4	9.2773E-3	7.5771E-1
1.4200E-4	9.7656E-3	7.8086E-1
1.4300E-4	9.2773E-3	7.9888E-1
1.4400E-4	9.5215E-3	8.1089E-1
1.4500E-4	9.5215E-3	8.1392E-1
1.4600E-4	9.2773E-3	8.1025E-1
1.4700E-4	9.2773E-3	8.0132E-1
1.4800E-4	9.7656E-3	7.8442E-1
1.4900E-4	9.5215E-3	7.6514E-1
1.5000E-4	9.5215E-3	7.4683E-1
1.5100E-4	9.5215E-3	7.3008E-1
1.5200E-4	9.5215E-3	7.1509E-1
1.5300E-4	9.5215E-3	7.0269E-1
1.5400E-4	9.2773E-3	6.8921E-1
1.5500E-4	9.2773E-3	6.7471E-1
1.5600E-4	9.2773E-3	6.6250E-1
1.5700E-4	9.2773E-3	6.4961E-1
1.5800E-4	9.2773E-3	6.4126E-1
1.5900E-4	9.7656E-3	6.3638E-1
1.6000E-4	9.5215E-3	6.3320E-1
1.6100E-4	1.0010E-2	6.3105E-1
1.6200E-4	9.7656E-3	6.3218E-1
1.6300E-4	1.0010E-2	6.3647E-1
1.6400E-4	9.7656E-3	6.4277E-1
1.6500E-4	9.2773E-3	6.5225E-1
1.6600E-4	9.2773E-3	6.6333E-1
1.6700E-4	9.5215E-3	6.7705E-1
1.6800E-4	1.0010E-2	6.8940E-1
1.6900E-4	9.5215E-3	7.0273E-1
1.7000E-4	1.0010E-2	7.1362E-1
1.7100E-4	9.5215E-3	7.2378E-1
1.7200E-4	1.0010E-2	7.3350E-1
1.7300E-4	9.5215E-3	7.4072E-1
1.7400E-4	9.0332E-3	7.4702E-1
1.7500E-4	9.5215E-3	7.5386E-1
1.7600E-4	9.5215E-3	7.5884E-1
1.7700E-4	9.7656E-3	7.6147E-1
1.7800E-4	9.5215E-3	7.6621E-1
1.7900E-4	9.5215E-3	7.7056E-1
1.8000E-4	9.2773E-3	7.7432E-1
1.8100E-4	9.5215E-3	7.7681E-1
1.8200E-4	9.5215E-3	7.7896E-1
1.8300E-4	9.5215E-3	7.7725E-1
1.8400E-4	9.7656E-3	7.7090E-1
1.8500E-4	9.7656E-3	7.5952E-1
1.8600E-4	9.2773E-3	7.4551E-1
1.8700E-4	1.0254E-2	7.2578E-1
1.8800E-4	8.7891E-3	7.0337E-1
1.8900E-4	9.0332E-3	6.7993E-1
1.9000E-4	9.7656E-3	6.6060E-1
1.9100E-4	9.5215E-3	6.4214E-1
1.9200E-4	1.0254E-2	6.2822E-1
1.9300E-4	9.2773E-3	6.1904E-1
1.9400E-4	9.5215E-3	6.1445E-1
1.9500E-4	9.2773E-3	6.1147E-1
1.9600E-4	9.7656E-3	6.1270E-1
1.9700E-4	9.2773E-3	6.1807E-1
1.9800E-4	9.7656E-3	6.2637E-1
1.9900E-4	9.5215E-3	6.3618E-1
2.0000E-4	9.0332E-3	6.4702E-1
2.0100E-4	1.0010E-2	6.6016E-1
2.0200E-4	9.2773E-3	6.7485E-1
2.0300E-4	9.7656E-3	6.9111E-1
2.0400E-4	9.2773E-3	7.1118E-1
2.0500E-4	9.7656E-3	7.3672E-1
2.0600E-4	1.0254E-2	7.6460E-1
2.0700E-4	9.5215E-3	7.9131E-1
2.0800E-4	9.7656E-3	8.1465E-1
2.0900E-4	9.0332E-3	8.3257E-1
2.1000E-4	9.5215E-3	8.4204E-1
2.1100E-4	1.0010E-2	8.4409E-1
2.1200E-4	9.7656E-3	8.4102E-1
2.1300E-4	9.7656E-3	8.3213E-1
2.1400E-4	9.2773E-3	8.1694E-1
2.1500E-4	9.7656E-3	7.9409E-1
2.1600E-4	9.5215E-3	7.6543E-1
2.1700E-4	9.7656E-3	7.3262E-1
2.1800E-4	9.5215E-3	6.9648E-1
2.1900E-4	9.5215E-3	6.6089E-1
2.2000E-4	1.0010E-2	6.3096E-1
2.2100E-4	9.7656E-3	6.0566E-1
2.2200E-4	9.5215E-3	5.8574E-1
2.2300E-4	9.7656E-3	5.7402E-1
2.2400E-4	9.2773E-3	5.6865E-1
2.2500E-4	9.2773E-3	5.6719E-1
2.2600E-4	1.0254E-2	5.7163E-1
2.2700E-4	9.7656E-3	5.8052E-1
2.2800E-4	9.7656E-3	5.9409E-1
2.2900E-4	9.7656E-3	6.0991E-1
2.3000E-4	1.0010E-2	6.3179E-1
2.3100E-4	1.0254E-2	6.5615E-1
2.3200E-4	9.5215E-3	6.8135E-1
2.3300E-4	9.2773E-3	7.1040E-1
2.3400E-4	9.5215E-3	7.4331E-1
2.3500E-4	1.0010E-2	7.7563E-1
2.3600E-4	9.7656E-3	8.0952E-1
2.3700E-4	9.7656E-3	8.4341E-1
2.3800E-4	9.5215E-3	8.6792E-1
2.3900E-4	9.5215E-3	8.8193E-1
2.4000E-4	9.7656E-3	8.8550E-1
2.4100E-4	9.7656E-3	8.7417E-1
2.4200E-4	9.5215E-3	8.5142E-1
2.4300E-4	9.5215E-3	8.2256E-1
2.4400E-4	9.5215E-3	7.8853E-1
2.4500E-4	9.7656E-3	7.4922E-1
2.4600E-4	9.0332E-3	7.1030E-1
2.4700E-4	9.5215E-3	6.7134E-1
2.4800E-4	1.0010E-2	6.3403E-1
2.4900E-4	9.5215E-3	6.0132E-1
2.5000E-4	9.5215E-3	5.7729E-1
2.5100E-4	9.7656E-3	5.6172E-1
2.5200E-4	9.5215E-3	5.5488E-1
2.5300E-4	9.0332E-3	5.5469E-1
2.5400E-4	9.7656E-3	5.6162E-1
2.5500E-4	8.7891E-3	5.7148E-1
2.5600E-4	9.7656E-3	5.8398E-1
2.5700E-4	9.5215E-3	5.9819E-1
2.5800E-4	9.5215E-3	6.1733E-1
2.5900E-4	9.5215E-3	6.3853E-1
2.6000E-4	9.2773E-3	6.6494E-1
2.6100E-4	1.0010E-2	6.9668E-1
2.6200E-4	9.0332E-3	7.3242E-1
2.6300E-4	9.0332E-3	7.6846E-1
2.6400E-4	9.2773E-3	8.0591E-1
2.6500E-4	9.7656E-3	8.3936E-1
2.6600E-4	1.0010E-2	8.6328E-1
2.6700E-4	9.5215E-3	8.7891E-1
2.6800E-4	9.7656E-3	8.8359E-1
2.6900E-4	9.5215E-3	8.7651E-1
2.7000E-4	9.2773E-3	8.5938E-1
2.7100E-4	9.7656E-3	8.3345E-1
2.7200E-4	9.7656E-3	7.9946E-1
2.7300E-4	1.0010E-2	7.6260E-1
2.7400E-4	9.5215E-3	7.2197E-1
2.7500E-4	9.5215E-3	6.8159E-1
2.7600E-4	9.5215E-3	6.4429E-1
2.7700E-4	9.5215E-3	6.1313E-1
2.7800E-4	9.2773E-3	5.8657E-1
2.7900E-4	9.0332E-3	5.6636E-1
2.8000E-4	9.7656E-3	5.5371E-1
2.8100E-4	9.7656E-3	5.4946E-1
2.8200E-4	9.5215E-3	5.4922E-1
2.8300E-4	9.7656E-3	5.5615E-1
2.8400E-4	1.0254E-2	5.7104E-1
2.8500E-4	9.2773E-3	5.8862E-1
2.8600E-4	9.0332E-3	6.0791E-1
2.8700E-4	9.0332E-3	6.2866E-1
2.8800E-4	9.7656E-3	6.5239E-1
2.8900E-4	9.7656E-3	6.7798E-1
2.9000E-4	1.0010E-2	7.0596E-1
2.9100E-4	1.0010E-2	7.3726E-1
2.9200E-4	9.7656E-3	7.7061E-1
2.9300E-4	1.0010E-2	7.9902E-1
2.9400E-4	9.0332E-3	8.2197E-1
2.9500E-4	1.0010E-2	8.3765E-1
2.9600E-4	9.2773E-3	8.4360E-1
2.9700E-4	9.7656E-3	8.4336E-1
2.9800E-4	9.2773E-3	8.3501E-1
2.9900E-4	9.2773E-3	8.1914E-1
3.0000E-4	8.7891E-3	7.9893E-1
3.0100E-4	9.2773E-3	7.7441E-1
3.0200E-4	8.7891E-3	7.4561E-1
3.0300E-4	9.5215E-3	7.1719E-1
3.0400E-4	9.7656E-3	6.8950E-1
3.0500E-4	9.2773E-3	6.6357E-1
3.0600E-4	9.7656E-3	6.4360E-1
3.0700E-4	9.7656E-3	6.2798E-1
3.0800E-4	9.5215E-3	6.1782E-1
3.0900E-4	9.7656E-3	6.1353E-1
3.1000E-4	9.7656E-3	6.1396E-1
3.1100E-4	9.2773E-3	6.1641E-1
3.1200E-4	1.0010E-2	6.2041E-1
3.1300E-4	9.5215E-3	6.2676E-1
3.1400E-4	9.2773E-3	6.3286E-1
3.1500E-4	9.5215E-3	6.4224E-1
3.1600E-4	1.0010E-2	6.5508E-1
3.1700E-4	9.2773E-3	6.7368E-1
3.1800E-4	9.5215E-3	6.9331E-1
3.1900E-4	9.5215E-3	7.1372E-1
3.2000E-4	9.2773E-3	7.3276E-1
3.2100E-4	9.5215E-3	7.5112E-1
3.2200E-4	9.7656E-3	7.6782E-1
3.2300E-4	9.7656E-3	7.8325E-1
3.2400E-4	9.2773E-3	7.9634E-1
3.2500E-4	9.5215E-3	8.0430E-1
3.2600E-4	9.7656E-3	8.0708E-1
3.2700E-4	9.7656E-3	8.0327E-1
3.2800E-4	9.0332E-3	7.9473E-1
3.2900E-4	9.7656E-3	7.8359E-1
3.3000E-4	9.7656E-3	7.7466E-1
3.3100E-4	9.5215E-3	7.6411E-1
3.3200E-4	9.2773E-3	7.5229E-1
3.3300E-4	1.0010E-2	7.4097E-1
3.3400E-4	9.7656E-3	7.3169E-1
3.3500E-4	9.0332E-3	7.1958E-1
3.3600E-4	1.0010E-2	7.0649E-1
3.3700E-4	9.2773E-3	6.9536E-1
3.3800E-4	9.2773E-3	6.8369E-1
3.3900E-4	1.0010E-2	6.7153E-1
3.4000E-4	9.5215E-3	6.5815E-1
3.4100E-4	9.2773E-3	6.4614E-1
3.4200E-4	9.5215E-3	6.3457E-1
3.4300E-4	9.5215E-3	6.2578E-1
3.4400E-4	9.5215E-3	6.1841E-1
3.4500E-4	9.5215E-3	6.1523E-1
3.4600E-4	9.2773E-3	6.1582E-1
3.4700E-4	9.0332E-3	6.1938E-1
3.4800E-4	9.0332E-3	6.2407E-1
3.4900E-4	9.2773E-3	6.3223E-1
3.5000E-4	9.5215E-3	6.4204E-1
3.5100E-4	9.2773E-3	6.5542E-1
3.5200E-4	9.5215E-3	6.6978E-1
3.5300E-4	9.2773E-3	6.8735E-1
3.5400E-4	9.7656E-3	7.0664E-1
3.5500E-4	1.0010E-2	7.2988E-1
3.5600E-4	9.0332E-3	7.5254E-1
3.5700E-4	9.7656E-3	7.7378E-1
3.5800E-4	1.0254E-2	7.9385E-1
3.5900E-4	9.5215E-3	8.0996E-1
3.6000E-4	9.0332E-3	8.2192E-1
3.6100E-4	9.2773E-3	8.2773E-1
3.6200E-4	9.0332E-3	8.2837E-1
3.6300E-4	9.2773E-3	8.2261E-1
3.6400E-4	9.2773E-3	8.1143E-1
3.6500E-4	9.7656E-3	7.9297E-1
3.6600E-4	9.5215E-3	7.7148E-1
3.6700E-4	9.5215E-3	7.4648E-1
3.6800E-4	9.0332E-3	7.1685E-1
3.6900E-4	9.5215E-3	6.8408E-1
3.7000E-4	9.7656E-3	6.5049E-1
3.7100E-4	9.7656E-3	6.1558E-1
3.7200E-4	9.5215E-3	5.8496E-1
3.7300E-4	9.2773E-3	5.6079E-1
3.7400E-4	1.0010E-2	5.4419E-1
3.7500E-4	9.2773E-3	5.3403E-1
3.7600E-4	9.5215E-3	5.3159E-1
3.7700E-4	1.0010E-2	5.3296E-1
3.7800E-4	1.0010E-2	5.3867E-1
3.7900E-4	9.7656E-3	5.4751E-1
3.8000E-4	9.2773E-3	5.6021E-1
3.8100E-4	9.5215E-3	5.7617E-1
3.8200E-4	9.0332E-3	5.9604E-1
3.8300E-4	9.2773E-3	6.2227E-1
3.8400E-4	9.5215E-3	6.5449E-1
3.8500E-4	9.2773E-3	6.9375E-1
3.8600E-4	1.0010E-2	7.3711E-1
3.8700E-4	9.2773E-3	7.8442E-1
3.8800E-4	9.7656E-3	8.2793E-1
3.8900E-4	9.5215E-3	8.6367E-1
3.9000E-4	9.5215E-3	8.8530E-1
3.9100E-4	9.2773E-3	8.9380E-1
3.9200E-4	9.7656E-3	8.8511E-1
3.9300E-4	9.7656E-3	8.6226E-1
3.9400E-4	9.0332E-3	8.2690E-1
3.9500E-4	1.0254E-2	7.7935E-1
3.9600E-4	9.5215E-3	7.2422E-1
3.9700E-4	9.5215E-3	6.6597E-1
3.9800E-4	9.2773E-3	6.0815E-1
3.9900E-4	9.7656E-3	5.5415E-1
4.0000E-4	9.5215E-3	5.0869E-1
4.0100E-4	9.0332E-3	4.7368E-1
4.0200E-4	9.0332E-3	4.4946E-1
4.0300E-4	9.7656E-3	4.3374E-1
4.0400E-4	8.7891E-3	4.2656E-1
4.0500E-4	9.5215E-3	4.2949E-1
4.0600E-4	9.5215E-3	4.3872E-1
4.0700E-4	9.5215E-3	4.5518E-1
4.0800E-4	9.0332E-3	4.7891E-1
4.0900E-4	9.5215E-3	5.0835E-1
4.1000E-4	9.0332E-3	5.4053E-1
4.1100E-4	9.0332E-3	5.7554E-1
4.1200E-4	9.2773E-3	6.1440E-1
4.1300E-4	9.2773E-3	6.5522E-1
4.1400E-4	9.5215E-3	7.0088E-1
4.1500E-4	9.5215E-3	7.5332E-1
4.1600E-4	9.2773E-3	8.0835E-1
4.1700E-4	9.5215E-3	8.5171E-1
4.1800E-4	9.5215E-3	8.8301E-1
4.1900E-4	9.0332E-3	8.9502E-1
4.2000E-4	9.5215E-3	8.8389E-1
4.2100E-4	1.0254E-2	8.5024E-1
4.2200E-4	9.2773E-3	8.0073E-1
4.2300E-4	9.2773E-3	7.3672E-1
4.2400E-4	9.2773E-3	6.6567E-1
4.2500E-4	9.2773E-3	5.9336E-1
4.2600E-4	9.5215E-3	5.2305E-1
4.2700E-4	9.7656E-3	4.6387E-1
4.2800E-4	9.5215E-3	4.1655E-1
4.2900E-4	9.7656E-3	3.8325E-1
4.3000E-4	9.5215E-3	3.6162E-1
4.3100E-4	9.2773E-3	3.5107E-1
4.3200E-4	9.7656E-3	3.5073E-1
4.3300E-4	1.0010E-2	3.5747E-1
4.3400E-4	9.7656E-3	3.6992E-1
4.3500E-4	9.5215E-3	3.8584E-1
4.3600E-4	9.0332E-3	4.0381E-1
4.3700E-4	9.7656E-3	4.2202E-1
4.3800E-4	1.0254E-2	4.4639E-1
4.3900E-4	1.0010E-2	4.7695E-1
4.4000E-4	9.2773E-3	5.1631E-1
4.4100E-4	9.7656E-3	5.6807E-1
4.4200E-4	9.0332E-3	6.3169E-1
4.4300E-4	9.5215E-3	7.0244E-1
4.4400E-4	9.2773E-3	7.7363E-1
4.4500E-4	1.0010E-2	8.3809E-1
4.4600E-4	9.5215E-3	8.8403E-1
4.4700E-4	1.0010E-2	9.0298E-1
4.4800E-4	1.0254E-2	8.9263E-1
4.4900E-4	9.7656E-3	8.5249E-1
4.5000E-4	9.7656E-3	7.8613E-1
4.5100E-4	9.2773E-3	7.0479E-1
4.5200E-4	1.0010E-2	6.1821E-1
4.5300E-4	9.7656E-3	5.3364E-1
4.5400E-4	9.5215E-3	4.5571E-1
4.5500E-4	9.2773E-3	3.9185E-1
4.5600E-4	1.0254E-2	3.3979E-1
4.5700E-4	9.5215E-3	3.0127E-1
4.5800E-4	9.7656E-3	2.7461E-1
4.5900E-4	1.0010E-2	2.6294E-1
4.6000E-4	1.0254E-2	2.6411E-1
4.6100E-4	9.5215E-3	2.7466E-1
4.6200E-4	9.2773E-3	2.9092E-1
4.6300E-4	9.5215E-3	3.1167E-1
4.6400E-4	9.7656E-3	3.3184E-1
4.6500E-4	9.2773E-3	3.5078E-1
4.6600E-4	9.2773E-3	3.7485E-1
4.6700E-4	9.5215E-3	4.0474E-1
4.6800E-4	9.5215E-3	4.4229E-1
4.6900E-4	9.7656E-3	4.9424E-1
4.7000E-4	9.7656E-3	5.5806E-1
4.7100E-4	9.2773E-3	6.3340E-1
4.7200E-4	9.7656E-3	7.1821E-1
4.7300E-4	9.0332E-3	7.9756E-1
4.7400E-4	1.0010E-2	8.5713E-1
4.7500E-4	1.0010E-2	8.8564E-1
4.7600E-4	9.5215E-3	8.7422E-1
4.7700E-4	9.5215E-3	8.1904E-1
4.7800E-4	9.2773E-3	7.2998E-1
4.7900E-4	9.5215E-3	6.1641E-1
4.8000E-4	9.7656E-3	4.9897E-1
4.8100E-4	9.5215E-3	3.8589E-1
4.8200E-4	9.7656E-3	2.8872E-1
4.8300E-4	9.7656E-3	2.1201E-1
4.8400E-4	1.0010E-2	1.5669E-1
4.8500E-4	9.5215E-3	1.1636E-1
4.8600E-4	1.0010E-2	9.1162E-2
4.8700E-4	9.7656E-3	7.3389E-2
4.8800E-4	9.5215E-3	6.2646E-2
4.8900E-4	9.2773E-3	5.7227E-2
4.9000E-4	9.2773E-3	5.4492E-2
4.9100E-4	1.0010E-2	5.3662E-2
4.9200E-4	9.7656E-3	5.4785E-2
4.9300E-4	9.7656E-3	5.4102E-2
4.9400E-4	1.0254E-2	5.4053E-2
4.9500E-4	1.0010E-2	5.1807E-2
4.9600E-4	9.7656E-3	4.6240E-2
4.9700E-4	8.5449E-3	4.1016E-2
4.9800E-4	9.5215E-3	3.5400E-2
4.9900E-4	9.2773E-3	3.1348E-2
5.0000E-4	9.0332E-3	3.0273E-2
5.0100E-4	9.5215E-3	3.2471E-2
5.0200E-4	9.2773E-3	3.7500E-2
5.0300E-4	1.0010E-2	4.5508E-2
5.0400E-4	9.5215E-3	5.0195E-2
5.0500E-4	9.5215E-3	5.3857E-2
5.0600E-4	9.5215E-3	5.8057E-2
5.0700E-4	9.7656E-3	5.9521E-2
5.0800E-4	9.0332E-3	6.0547E-2
5.0900E-4	1.0010E-2	6.1426E-2
5.1000E-4	9.2773E-3	6.3672E-2
5.1100E-4	1.0010E-2	6.8945E-2
5.1200E-4	9.2773E-3	7.6221E-2
5.1300E-4	9.7656E-3	8.3740E-2
5.1400E-4	9.2773E-3	9.4873E-2
5.1500E-4	9.5215E-3	1.0679E-1
5.1600E-4	9.7656E-3	1.1392E-1
5.1700E-4	9.7656E-3	1.1958E-1
5.1800E-4	9.5215E-3	1.2695E-1
5.1900E-4	9.7656E-3	1.3569E-1
5.2000E-4	9.5215E-3	1.4556E-1
5.2100E-4	9.5215E-3	1.6118E-1
5.2200E-4	9.7656E-3	1.8188E-1
5.2300E-4	9.7656E-3	2.0854E-1
5.2400E-4	1.0254E-2	2.4209E-1
5.2500E-4	9.5215E-3	2.8848E-1
5.2600E-4	9.0332E-3	3.4785E-1
5.2700E-4	9.5215E-3	4.2446E-1
5.2800E-4	9.2773E-3	5.1504E-1
5.2900E-4	9.2773E-3	6.1860E-1
5.3000E-4	9.7656E-3	7.2539E-1
5.3100E-4	9.5215E-3	8.2290E-1
5.3200E-4	9.2773E-3	8.9536E-1
5.3300E-4	9.5215E-3	9.3354E-1
5.3400E-4	1.0010E-2	9.2822E-1
5.3500E-4	9.7656E-3	8.8198E-1
5.3600E-4	9.7656E-3	8.0381E-1
5.3700E-4	9.2773E-3	7.0479E-1
5.3800E-4	9.2773E-3	6.0151E-1
5.3900E-4	9.5215E-3	5.0249E-1
5.4000E-4	9.5215E-3	4.1699E-1
5.4100E-4	9.0332E-3	3.4829E-1
5.4200E-4	1.0498E-2	2.9868E-1
5.4300E-4	9.7656E-3	2.6533E-1
5.4400E-4	9.5215E-3	2.4990E-1
5.4500E-4	9.2773E-3	2.4546E-1
5.4600E-4	9.2773E-3	2.5239E-1
5.4700E-4	9.2773E-3	2.6797E-1
5.4800E-4	1.0010E-2	2.8965E-1
5.4900E-4	9.5215E-3	3.1606E-1
5.5000E-4	1.0010E-2	3.4722E-1
5.5100E-4	9.5215E-3	3.8130E-1
5.5200E-4	1.0010E-2	4.2231E-1
5.5300E-4	1.0254E-2	4.6958E-1
5.5400E-4	9.5215E-3	5.2544E-1
5.5500E-4	9.5215E-3	5.9014E-1
5.5600E-4	9.7656E-3	6.6558E-1
5.5700E-4	1.0010E-2	7.4429E-1
5.5800E-4	9.7656E-3	8.2046E-1
5.5900E-4	9.2773E-3	8.8447E-1
5.6000E-4	1.0010E-2	9.2900E-1
5.6100E-4	9.2773E-3	9.4336E-1
5.6200E-4	9.5215E-3	9.2705E-1
5.6300E-4	9.5215E-3	8.8276E-1
5.6400E-4	1.0010E-2	8.1816E-1
5.6500E-4	9.2773E-3	7.3999E-1
5.6600E-4	9.5215E-3	6.5654E-1
5.6700E-4	9.7656E-3	5.7744E-1
5.6800E-4	9.7656E-3	5.0581E-1
5.6900E-4	9.5215E-3	4.4648E-1
5.7000E-4	9.5215E-3	4.0054E-1
5.7100E-4	9.2773E-3	3.7148E-1
5.7200E-4	9.5215E-3	3.5718E-1
5.7300E-4	9.0332E-3	3.5757E-1
5.7400E-4	9.5215E-3	3.6875E-1
5.7500E-4	9.5215E-3	3.8828E-1
5.7600E-4	1.0010E-2	4.1240E-1
5.7700E-4	9.5215E-3	4.3711E-1
5.7800E-4	1.0010E-2	4.6240E-1
5.7900E-4	9.7656E-3	4.9160E-1
5.8000E-4	9.2773E-3	5.2559E-1
5.8100E-4	9.5215E-3	5.6577E-1
5.8200E-4	9.5215E-3	6.1597E-1
5.8300E-4	1.0010E-2	6.7539E-1
5.8400E-4	9.5215E-3	7.4043E-1
5.8500E-4	9.7656E-3	8.0771E-1
5.8600E-4	1.0010E-2	8.6782E-1
5.8700E-4	9.0332E-3	9.1255E-1
5.8800E-4	9.2773E-3	9.3535E-1
5.8900E-4	8.7891E-3	9.3374E-1
5.9000E-4	9.2773E-3	9.0728E-1
5.9100E-4	9.5215E-3	8.6270E-1
5.9200E-4	1.0010E-2	8.0303E-1
5.9300E-4	1.0254E-2	7.3633E-1
5.9400E-4	9.5215E-3	6.6675E-1
5.9500E-4	9.2773E-3	6.0137E-1
5.9600E-4	9.7656E-3	5.4385E-1
5.9700E-4	1.0010E-2	4.9956E-1
5.9800E-4	9.7656E-3	4.6758E-1
5.9900E-4	9.2773E-3	4.4756E-1
6.0000E-4	9.5215E-3	4.3794E-1
6.0100E-4	9.5215E-3	4.3745E-1
6.0200E-4	9.7656E-3	4.4312E-1
6.0300E-4	9.5215E-3	4.5601E-1
6.0400E-4	1.0010E-2	4.7227E-1
6.0500E-4	1.0254E-2	4.9253E-1
6.0600E-4	9.5215E-3	5.1362E-1
6.0700E-4	9.2773E-3	5.3823E-1
6.0800E-4	1.0010E-2	5.6816E-1
6.0900E-4	9.7656E-3	6.0610E-1
6.1000E-4	9.2773E-3	6.4854E-1
6.1100E-4	9.2773E-3	6.9653E-1
6.1200E-4	9.2773E-3	7.4697E-1
6.1300E-4	9.2773E-3	7.9570E-1
6.1400E-4	9.5215E-3	8.3892E-1
6.1500E-4	9.5215E-3	8.7451E-1
6.1600E-4	9.5215E-3	8.9775E-1
6.1700E-4	9.7656E-3	9.0811E-1
6.1800E-4	9.2773E-3	9.0195E-1
6.1900E-4	9.2773E-3	8.7954E-1
6.2000E-4	9.0332E-3	8.4473E-1
6.2100E-4	9.5215E-3	8.0171E-1
6.2200E-4	9.7656E-3	7.5439E-1
6.2300E-4	1.0254E-2	7.0610E-1
6.2400E-4	1.0010E-2	6.6157E-1
6.2500E-4	9.5215E-3	6.2354E-1
6.2600E-4	9.5215E-3	5.9106E-1
6.2700E-4	9.5215E-3	5.6377E-1
6.2800E-4	9.5215E-3	5.4502E-1
6.2900E-4	1.0254E-2	5.3667E-1
6.3000E-4	9.0332E-3	5.3345E-1
6.3100E-4	9.7656E-3	5.3970E-1
6.3200E-4	9.5215E-3	5.5312E-1
6.3300E-4	9.5215E-3	5.7197E-1
6.3400E-4	9.5215E-3	5.9229E-1
6.3500E-4	9.7656E-3	6.1655E-1
6.3600E-4	8.7891E-3	6.4175E-1
6.3700E-4	9.5215E-3	6.6689E-1
6.3800E-4	1.0254E-2	6.9575E-1
6.3900E-4	1.0010E-2	7.2461E-1
6.4000E-4	9.7656E-3	7.5317E-1
6.4100E-4	9.5215E-3	7.7993E-1
6.4200E-4	9.2773E-3	8.0488E-1
6.4300E-4	9.2773E-3	8.2334E-1
6.4400E-4	9.5215E-3	8.3633E-1
6.4500E-4	9.2773E-3	8.4268E-1
6.4600E-4	9.7656E-3	8.4214E-1
6.4700E-4	9.5215E-3	8.3501E-1
6.4800E-4	9.7656E-3	8.2183E-1
6.4900E-4	9.2773E-3	8.0483E-1
6.5000E-4	1.0010E-2	7.8418E-1
6.5100E-4	1.0010E-2	7.6475E-1
6.5200E-4	9.5215E-3	7.4609E-1
6.5300E-4	1.0010E-2	7.2529E-1
6.5400E-4	1.0010E-2	7.0366E-1
6.5500E-4	9.5215E-3	6.8467E-1
6.5600E-4	9.2773E-3	6.6655E-1
6.5700E-4	1.0010E-2	6.4985E-1
6.5800E-4	1.0010E-2	6.3755E-1
6.5900E-4	1.0254E-2	6.3071E-1
6.6000E-4	9.0332E-3	6.2754E-1
6.6100E-4	1.0254E-2	6.2671E-1
6.6200E-4	9.0332E-3	6.2993E-1
6.6300E-4	9.2773E-3	6.3706E-1
6.6400E-4	8.7891E-3	6.4473E-1
6.6500E-4	9.7656E-3	6.5371E-1
6.6600E-4	1.0010E-2	6.6260E-1
6.6700E-4	9.2773E-3	6.7173E-1
6.6800E-4	9.2773E-3	6.8022E-1
6.6900E-4	8.7891E-3	6.9019E-1
6.7000E-4	9.5215E-3	6.9937E-1
6.7100E-4	9.0332E-3	7.0933E-1
6.7200E-4	9.0332E-3	7.1904E-1
6.7300E-4	9.5215E-3	7.3174E-1
6.7400E-4	9.5215E-3	7.4473E-1
6.7500E-4	9.7656E-3	7.5806E-1
6.7600E-4	9.2773E-3	7.7104E-1
6.7700E-4	9.2773E-3	7.8311E-1
6.7800E-4	9.7656E-3	7.9067E-1
6.7900E-4	9.5215E-3	7.9370E-1
6.8000E-4	9.5215E-3	7.9351E-1
6.8100E-4	9.2773E-3	7.9229E-1
6.8200E-4	1.0010E-2	7.9058E-1
6.8300E-4	9.2773E-3	7.8550E-1
6.8400E-4	9.2773E-3	7.8008E-1
6.8500E-4	1.0010E-2	7.7280E-1
6.8600E-4	9.5215E-3	7.6255E-1
6.8700E-4	9.2773E-3	7.4868E-1
6.8800E-4	1.0010E-2	7.3340E-1
6.8900E-4	9.5215E-3	7.1523E-1
6.9000E-4	9.5215E-3	6.9648E-1
6.9100E-4	9.0332E-3	6.7515E-1
6.9200E-4	9.2773E-3	6.5645E-1
6.9300E-4	9.7656E-3	6.4053E-1
6.9400E-4	1.0010E-2	6.2856E-1
6.9500E-4	8.5449E-3	6.2080E-1
6.9600E-4	9.5215E-3	6.1724E-1
6.9700E-4	1.0254E-2	6.1709E-1
6.9800E-4	9.0332E-3	6.2173E-1
6.9900E-4	1.0010E-2	6.2993E-1
7.0000E-4	9.2773E-3	6.4292E-1
7.0100E-4	9.5215E-3	6.6191E-1
7.0200E-4	1.0010E-2	6.7847E-1
7.0300E-4	9.7656E-3	6.9673E-1
7.0400E-4	9.7656E-3	7.1787E-1
7.0500E-4	9.0332E-3	7.3916E-1
7.0600E-4	9.2773E-3	7.6084E-1
7.0700E-4	9.2773E-3	7.8574E-1
7.0800E-4	1.0254E-2	8.1094E-1
7.0900E-4	9.7656E-3	8.3252E-1
7.1000E-4	9.7656E-3	8.4741E-1
7.1100E-4	9.5215E-3	8.5435E-1
7.1200E-4	1.0010E-2	8.5190E-1
7.1300E-4	9.2773E-3	8.3921E-1
7.1400E-4	9.5215E-3	8.1753E-1
7.1500E-4	9.0332E-3	7.9033E-1
7.1600E-4	1.0010E-2	7.5903E-1
7.1700E-4	9.2773E-3	7.2817E-1
7.1800E-4	9.5215E-3	6.9692E-1
7.1900E-4	9.5215E-3	6.6694E-1
7.2000E-4	9.2773E-3	6.4009E-1
7.2100E-4	9.5215E-3	6.1646E-1
7.2200E-4	9.0332E-3	5.9590E-1
7.2300E-4	9.2773E-3	5.7959E-1
7.2400E-4	9.2773E-3	5.6880E-1
7.2500E-4	9.5215E-3	5.6313E-1
7.2600E-4	9.0332E-3	5.6396E-1
7.2700E-4	9.2773E-3	5.6870E-1
7.2800E-4	9.2773E-3	5.8018E-1
7.2900E-4	9.2773E-3	5.9810E-1
7.3000E-4	9.7656E-3	6.2095E-1
7.3100E-4	9.5215E-3	6.4751E-1
7.3200E-4	9.5215E-3	6.8057E-1
7.3300E-4	9.2773E-3	7.1621E-1
7.3400E-4	9.5215E-3	7.5190E-1
7.3500E-4	8.7891E-3	7.8896E-1
7.3600E-4	9.2773E-3	8.2437E-1
7.3700E-4	9.5215E-3	8.5352E-1
7.3800E-4	9.5215E-3	8.7432E-1
7.3900E-4	9.5215E-3	8.8594E-1
7.4000E-4	9.2773E-3	8.8545E-1
7.4100E-4	9.5215E-3	8.7354E-1
7.4200E-4	9.5215E-3	8.5234E-1
7.4300E-4	9.5215E-3	8.2427E-1
7.4400E-4	9.5215E-3	7.9019E-1
7.4500E-4	9.2773E-3	7.5273E-1
7.4600E-4	9.5215E-3	7.1450E-1
7.4700E-4	9.5215E-3	6.7559E-1
7.4800E-4	9.5215E-3	6.3994E-1
7.4900E-4	1.0010E-2	6.0879E-1
7.5000E-4	1.0010E-2	5.8140E-1
7.5100E-4	9.5215E-3	5.6011E-1
7.5200E-4	9.5215E-3	5.4668E-1
7.5300E-4	9.5215E-3	5.3848E-1
7.5400E-4	9.2773E-3	5.3735E-1
7.5500E-4	9.2773E-3	5.4521E-1
7.5600E-4	9.5215E-3	5.5894E-1
7.5700E-4	9.5215E-3	5.7520E-1
7.5800E-4	9.2773E-3	5.9761E-1
7.5900E-4	9.2773E-3	6.2275E-1
7.6000E-4	1.0254E-2	6.4819E-1
7.6100E-4	9.7656E-3	6.7681E-1
7.6200E-4	9.2773E-3	7.0879E-1
7.6300E-4	9.5215E-3	7.4043E-1
7.6400E-4	9.5215E-3	7.7446E-1
7.6500E-4	9.7656E-3	8.0767E-1
7.6600E-4	9.5215E-3	8.3784E-1
7.6700E-4	9.2773E-3	8.6079E-1
7.6800E-4	1.0010E-2	8.7422E-1
7.6900E-4	9.2773E-3	8.7485E-1
7.7000E-4	9.5215E-3	8.6099E-1
7.7100E-4	9.2773E-3	8.3462E-1
7.7200E-4	9.2773E-3	8.0137E-1
7.7300E-4	9.5215E-3	7.6104E-1
7.7400E-4	9.2773E-3	7.1909E-1
7.7500E-4	9.5215E-3	6.8184E-1
7.7600E-4	9.5215E-3	6.4785E-1
7.7700E-4	9.5215E-3	6.1924E-1
7.7800E-4	8.7891E-3	5.9907E-1
7.7900E-4	9.5215E-3	5.8228E-1
7.8000E-4	9.2773E-3	5.7061E-1
7.8100E-4	9.7656E-3	5.6401E-1
7.8200E-4	9.7656E-3	5.6104E-1
7.8300E-4	9.5215E-3	5.6465E-1
7.8400E-4	9.5215E-3	5.7539E-1
7.8500E-4	9.7656E-3	5.9082E-1
7.8600E-4	9.2773E-3	6.1045E-1
7.8700E-4	9.7656E-3	6.3408E-1
7.8800E-4	9.2773E-3	6.5767E-1
7.8900E-4	9.5215E-3	6.8228E-1
7.9000E-4	9.7656E-3	7.1045E-1
7.9100E-4	9.7656E-3	7.3867E-1
7.9200E-4	9.5215E-3	7.6797E-1
7.9300E-4	9.5215E-3	7.9819E-1
7.9400E-4	9.5215E-3	8.2529E-1
7.9500E-4	9.2773E-3	8.4434E-1
7.9600E-4	9.5215E-3	8.5771E-1
7.9700E-4	9.7656E-3	8.6211E-1
7.9800E-4	1.0010E-2	8.5776E-1
7.9900E-4	9.5215E-3	8.4751E-1
8.0000E-4	9.0332E-3	8.2954E-1
8.0100E-4	9.5215E-3	8.0332E-1
8.0200E-4	1.0010E-2	7.7256E-1
8.0300E-4	9.7656E-3	7.3799E-1
8.0400E-4	9.0332E-3	7.0342E-1
8.0500E-4	9.2773E-3	6.7300E-1
8.0600E-4	8.5449E-3	6.4907E-1
8.0700E-4	9.7656E-3	6.3062E-1
8.0800E-4	9.5215E-3	6.1797E-1
8.0900E-4	9.5215E-3	6.1016E-1
8.1000E-4	9.0332E-3	6.0601E-1
8.1100E-4	1.0010E-2	6.0430E-1
8.1200E-4	9.2773E-3	6.0698E-1
8.1300E-4	9.2773E-3	6.1216E-1
8.1400E-4	9.7656E-3	6.2026E-1
8.1500E-4	1.0254E-2	6.3086E-1
8.1600E-4	9.2773E-3	6.4717E-1
8.1700E-4	9.7656E-3	6.6455E-1
8.1800E-4	1.0010E-2	6.8145E-1
8.1900E-4	1.0010E-2	6.9756E-1
8.2000E-4	9.0332E-3	7.1543E-1
8.2100E-4	9.2773E-3	7.3130E-1
8.2200E-4	9.2773E-3	7.4624E-1
8.2300E-4	1.0010E-2	7.6045E-1
8.2400E-4	1.0010E-2	7.7271E-1
8.2500E-4	1.0010E-2	7.7915E-1
8.2600E-4	9.2773E-3	7.8198E-1
8.2700E-4	9.5215E-3	7.8091E-1
8.2800E-4	9.5215E-3	7.7827E-1
8.2900E-4	9.7656E-3	7.7231E-1
8.3000E-4	9.0332E-3	7.6763E-1
8.3100E-4	9.2773E-3	7.6309E-1
8.3200E-4	9.7656E-3	7.5815E-1
8.3300E-4	9.2773E-3	7.5269E-1
8.3400E-4	9.2773E-3	7.4756E-1
8.3500E-4	9.2773E-3	7.3955E-1
8.3600E-4	9.2773E-3	7.3091E-1
8.3700E-4	9.0332E-3	7.2070E-1
8.3800E-4	9.0332E-3	7.1011E-1
8.3900E-4	1.0254E-2	6.9897E-1
8.4000E-4	9.7656E-3	6.8838E-1
8.4100E-4	9.7656E-3	6.7812E-1
8.4200E-4	9.5215E-3	6.7021E-1
8.4300E-4	9.7656E-3	6.6294E-1
8.4400E-4	9.7656E-3	6.5605E-1
8.4500E-4	9.0332E-3	6.5420E-1
8.4600E-4	1.0010E-2	6.5254E-1
8.4700E-4	9.2773E-3	6.5112E-1
8.4800E-4	1.0010E-2	6.5239E-1
8.4900E-4	9.5215E-3	6.5728E-1
8.5000E-4	9.5215E-3	6.6113E-1
8.5100E-4	9.7656E-3	6.6733E-1
8.5200E-4	9.5215E-3	6.7871E-1
8.5300E-4	1.0254E-2	6.9165E-1
8.5400E-4	9.5215E-3	7.0645E-1
8.5500E-4	9.5215E-3	7.2451E-1
8.5600E-4	9.5215E-3	7.4541E-1
8.5700E-4	9.2773E-3	7.6699E-1
8.5800E-4	9.7656E-3	7.8833E-1
8.5900E-4	9.5215E-3	8.0894E-1
8.6000E-4	9.2773E-3	8.2715E-1
8.6100E-4	9.7656E-3	8.4058E-1
8.6200E-4	9.5215E-3	8.4746E-1
8.6300E-4	9.7656E-3	8.4482E-1
8.6400E-4	1.0010E-2	8.3457E-1
8.6500E-4	9.5215E-3	8.1616E-1
8.6600E-4	9.5215E-3	7.9092E-1
8.6700E-4	9.5215E-3	7.6030E-1
8.6800E-4	9.7656E-3	7.2808E-1
8.6900E-4	9.7656E-3	6.9419E-1
8.7000E-4	9.7656E-3	6.5952E-1
8.7100E-4	9.7656E-3	6.2559E-1
8.7200E-4	1.0254E-2	5.9453E-1
8.7300E-4	9.0332E-3	5.6870E-1
8.7400E-4	9.2773E-3	5.4761E-1
8.7500E-4	1.0254E-2	5.3525E-1
8.7600E-4	9.2773E-3	5.2993E-1
8.7700E-4	9.0332E-3	5.3301E-1
8.7800E-4	9.5215E-3	5.4219E-1
8.7900E-4	9.7656E-3	5.5728E-1
8.8000E-4	9.2773E-3	5.7344E-1
8.8100E-4	9.5215E-3	5.9595E-1
8.8200E-4	9.5215E-3	6.1978E-1
8.8300E-4	1.0254E-2	6.4619E-1
8.8400E-4	9.5215E-3	6.7827E-1
8.8500E-4	9.2773E-3	7.1641E-1
8.8600E-4	9.5215E-3	7.5649E-1
8.8700E-4	9.2773E-3	7.9971E-1
8.8800E-4	9.7656E-3	8.4268E-1
8.8900E-4	9.2773E-3	8.7734E-1
8.9000E-4	9.7656E-3	9.0059E-1
8.9100E-4	1.0010E-2	9.0898E-1
8.9200E-4	8.7891E-3	8.9980E-1
8.9300E-4	9.0332E-3	8.7412E-1
8.9400E-4	9.7656E-3	8.3604E-1
8.9500E-4	9.2773E-3	7.8750E-1
8.9600E-4	1.0010E-2	7.3359E-1
8.9700E-4	9.5215E-3	6.7642E-1
8.9800E-4	1.0010E-2	6.2148E-1
8.9900E-4	8.7891E-3	5.7070E-1
9.0000E-4	9.7656E-3	5.2852E-1
9.0100E-4	9.5215E-3	4.9331E-1
9.0200E-4	9.5215E-3	4.6958E-1
9.0300E-4	9.7656E-3	4.5469E-1
9.0400E-4	1.0498E-2	4.4619E-1
9.0500E-4	9.2773E-3	4.4390E-1
9.0600E-4	1.0010E-2	4.4639E-1
9.0700E-4	9.5215E-3	4.5435E-1
9.0800E-4	1.0498E-2	4.6694E-1
9.0900E-4	9.2773E-3	4.8662E-1
9.1000E-4	9.5215E-3	5.1392E-1
9.1100E-4	9.2773E-3	5.4878E-1
9.1200E-4	9.0332E-3	5.9106E-1
9.1300E-4	9.7656E-3	6.3882E-1
9.1400E-4	9.7656E-3	6.9316E-1
9.1500E-4	9.5215E-3	7.5249E-1
9.1600E-4	9.7656E-3	8.1274E-1
9.1700E-4	1.0010E-2	8.6553E-1
9.1800E-4	9.5215E-3	9.0410E-1
9.1900E-4	9.2773E-3	9.2163E-1
9.2000E-4	9.2773E-3	9.1387E-1
9.2100E-4	9.2773E-3	8.8281E-1
9.2200E-4	9.7656E-3	8.2876E-1
9.2300E-4	9.7656E-3	7.6519E-1
9.2400E-4	9.2773E-3	6.9448E-1
9.2500E-4	9.5215E-3	6.2236E-1
9.2600E-4	9.7656E-3	5.5493E-1
9.2700E-4	9.0332E-3	4.9756E-1
9.2800E-4	1.0254E-2	4.4858E-1
9.2900E-4	9.7656E-3	4.1074E-1
9.3000E-4	9.5215E-3	3.8540E-1
9.3100E-4	9.7656E-3	3.7231E-1
9.3200E-4	1.0010E-2	3.6816E-1
9.3300E-4	9.2773E-3	3.7095E-1
9.3400E-4	9.5215E-3	3.8110E-1
9.3500E-4	9.2773E-3	3.9321E-1
9.3600E-4	9.2773E-3	4.0708E-1
9.3700E-4	1.0254E-2	4.2808E-1
9.3800E-4	1.0010E-2	4.5571E-1
9.3900E-4	9.5215E-3	4.8857E-1
9.4000E-4	9.5215E-3	5.2993E-1
9.4100E-4	9.7656E-3	5.8003E-1
9.4200E-4	9.2773E-3	6.3945E-1
9.4300E-4	1.0010E-2	7.0474E-1
9.4400E-4	9.5215E-3	7.7339E-1
9.4500E-4	1.0010E-2	8.3711E-1
9.4600E-4	9.5215E-3	8.8486E-1
9.4700E-4	1.0010E-2	9.0752E-1
9.4800E-4	9.5215E-3	9.0205E-1
9.4900E-4	9.2773E-3	8.6460E-1
9.5000E-4	9.5215E-3	7.9971E-1
9.5100E-4	9.2773E-3	7.1646E-1
9.5200E-4	9.0332E-3	6.2583E-1
9.5300E-4	9.5215E-3	5.3560E-1
9.5400E-4	9.2773E-3	4.5537E-1
9.5500E-4	9.0332E-3	3.9092E-1
9.5600E-4	9.7656E-3	3.4448E-1
9.5700E-4	1.0010E-2	3.0981E-1
9.5800E-4	9.2773E-3	2.8667E-1
9.5900E-4	9.0332E-3	2.7388E-1
9.6000E-4	9.0332E-3	2.7007E-1
9.6100E-4	1.0498E-2	2.7300E-1
9.6200E-4	9.7656E-3	2.8306E-1
9.6300E-4	1.0010E-2	2.9741E-1
9.6400E-4	9.5215E-3	3.1450E-1
9.6500E-4	9.5215E-3	3.3687E-1
9.6600E-4	9.7656E-3	3.6475E-1
9.6700E-4	9.7656E-3	4.0137E-1
9.6800E-4	9.5215E-3	4.4902E-1
9.6900E-4	9.7656E-3	5.0854E-1
9.7000E-4	1.0010E-2	5.7627E-1
9.7100E-4	9.7656E-3	6.5342E-1
9.7200E-4	9.5215E-3	7.3525E-1
9.7300E-4	1.0010E-2	8.1353E-1
9.7400E-4	9.2773E-3	8.7476E-1
9.7500E-4	1.0010E-2	9.0317E-1
9.7600E-4	1.0010E-2	8.9268E-1
9.7700E-4	9.7656E-3	8.3794E-1
9.7800E-4	1.0010E-2	7.4878E-1
9.7900E-4	9.7656E-3	6.3745E-1
9.8000E-4	9.7656E-3	5.2202E-1
9.8100E-4	9.7656E-3	4.1045E-1
9.8200E-4	1.0010E-2	3.1377E-1
9.8300E-4	9.2773E-3	2.3188E-1
9.8400E-4	9.2773E-3	1.7104E-1
9.8500E-4	9.7656E-3	1.2788E-1
9.8600E-4	9.5215E-3	1.0137E-1
9.8700E-4	9.2773E-3	8.9160E-2
9.8800E-4	1.0010E-2	8.8916E-2
9.8900E-4	9.2773E-3	9.1357E-2
9.9000E-4	9.5215E-3	9.5850E-2
9.9100E-4	9.5215E-3	9.9463E-2
9.9200E-4	9.7656E-3	1.0005E-1
9.9300E-4	9.2773E-3	9.4482E-2
9.9400E-4	1.0498E-2	8.7061E-2
9.9500E-4	1.0010E-2	8.1348E-2
9.9600E-4	9.5215E-3	7.5098E-2
9.9700E-4	9.0332E-3	7.0020E-2
9.9800E-4	9.2773E-3	7.0020E-2
9.9900E-4	9.2773E-3	7.0020E-2
