Time [s]	Aux in [V]	Main in [V]
0.0000E+0	9.2773E-3	3.4570E-2
1.0000E-6	9.7656E-3	3.5742E-2
2.0000E-6	9.7656E-3	3.8086E-2
3.0000E-6	9.5215E-3	3.8867E-2
4.0000E-6	1.0010E-2	4.0283E-2
5.0000E-6	9.7656E-3	4.2627E-2
6.0000E-6	9.5215E-3	4.4434E-2
7.0000E-6	1.0254E-2	4.5801E-2
8.0000E-6	9.5215E-3	4.8682E-2
9.0000E-6	9.7656E-3	5.2734E-2
1.0000E-5	1.0498E-2	5.8105E-2
1.1000E-5	9.2773E-3	6.5771E-2
1.2000E-5	9.5215E-3	7.6904E-2
1.3000E-5	9.2773E-3	9.6094E-2
1.4000E-5	1.0010E-2	1.2441E-1
1.5000E-5	1.0010E-2	1.6147E-1
1.6000E-5	1.0010E-2	2.0874E-1
1.7000E-5	9.7656E-3	2.6743E-1
1.8000E-5	9.5215E-3	3.3760E-1
1.9000E-5	9.7656E-3	4.2168E-1
2.0000E-5	1.0254E-2	5.1719E-1
2.1000E-5	9.5215E-3	6.2075E-1
2.2000E-5	1.0254E-2	7.1768E-1
2.3000E-5	9.2773E-3	7.9546E-1
2.4000E-5	9.7656E-3	8.4062E-1
2.5000E-5	9.0332E-3	8.4839E-1
2.6000E-5	9.5215E-3	8.1455E-1
2.7000E-5	1.0010E-2	7.5156E-1
2.8000E-5	9.5215E-3	6.6621E-1
2.9000E-5	1.0010E-2	5.7046E-1
3.0000E-5	1.0010E-2	4.7319E-1
3.1000E-5	9.2773E-3	3.8633E-1
3.2000E-5	1.0254E-2	3.1348E-1
3.3000E-5	9.5215E-3	2.5947E-1
3.4000E-5	9.7656E-3	2.2236E-1
3.5000E-5	9.5215E-3	2.0449E-1
3.6000E-5	1.0010E-2	2.0049E-1
3.7000E-5	1.0010E-2	2.0566E-1
3.8000E-5	9.7656E-3	2.2051E-1
3.9000E-5	1.0010E-2	2.4277E-1
4.0000E-5	1.0010E-2	2.6968E-1
4.1000E-5	9.2773E-3	3.0024E-1
4.2000E-5	9.7656E-3	3.3594E-1
4.3000E-5	1.0010E-2	3.7363E-1
4.4000E-5	1.0010E-2	4.1685E-1
4.5000E-5	9.7656E-3	4.6777E-1
4.6000E-5	1.0010E-2	5.2505E-1
4.7000E-5	9.7656E-3	5.8887E-1
4.8000E-5	1.0010E-2	6.5635E-1
4.9000E-5	9.7656E-3	7.1831E-1
5.0000E-5	9.5215E-3	7.6455E-1
5.1000E-5	9.0332E-3	7.9326E-1
5.2000E-5	9.2773E-3	8.0005E-1
5.3000E-5	1.0254E-2	7.8379E-1
5.4000E-5	9.7656E-3	7.4844E-1
5.5000E-5	9.2773E-3	7.0020E-1
5.6000E-5	1.0010E-2	6.4067E-1
5.7000E-5	9.7656E-3	5.7598E-1
5.8000E-5	9.2773E-3	5.1167E-1
5.9000E-5	9.7656E-3	4.5151E-1
6.0000E-5	9.0332E-3	3.9790E-1
6.1000E-5	9.7656E-3	3.5664E-1
6.2000E-5	9.2773E-3	3.2759E-1
6.3000E-5	9.7656E-3	3.0933E-1
6.4000E-5	9.2773E-3	3.0303E-1
6.5000E-5	9.7656E-3	3.0771E-1
6.6000E-5	9.5215E-3	3.2036E-1
6.7000E-5	9.5215E-3	3.4077E-1
6.8000E-5	9.5215E-3	3.6460E-1
6.9000E-5	1.0010E-2	3.9111E-1
7.0000E-5	1.0010E-2	4.2407E-1
7.1000E-5	1.0010E-2	4.6162E-1
7.2000E-5	9.2773E-3	5.0552E-1
7.3000E-5	9.7656E-3	5.5825E-1
7.4000E-5	9.5215E-3	6.1543E-1
7.5000E-5	9.5215E-3	6.7090E-1
7.6000E-5	1.0010E-2	7.2461E-1
7.7000E-5	9.7656E-3	7.6816E-1
7.8000E-5	9.7656E-3	7.9702E-1
7.9000E-5	9.2773E-3	8.1211E-1
8.0000E-5	9.2773E-3	8.1318E-1
8.1000E-5	9.5215E-3	7.9834E-1
8.2000E-5	9.7656E-3	7.6880E-1
8.3000E-5	1.0010E-2	7.3477E-1
8.4000E-5	1.0254E-2	6.9277E-1
8.5000E-5	9.5215E-3	6.4521E-1
8.6000E-5	9.5215E-3	5.9624E-1
8.7000E-5	9.5215E-3	5.4985E-1
8.8000E-5	1.0498E-2	5.0542E-1
8.9000E-5	9.2773E-3	4.7031E-1
9.0000E-5	9.5215E-3	4.4536E-1
9.1000E-5	9.2773E-3	4.2866E-1
9.2000E-5	9.7656E-3	4.2153E-1
9.3000E-5	9.2773E-3	4.2202E-1
9.4000E-5	1.0010E-2	4.2896E-1
9.5000E-5	1.0010E-2	4.4092E-1
9.6000E-5	9.5215E-3	4.5928E-1
9.7000E-5	9.7656E-3	4.8413E-1
9.8000E-5	9.5215E-3	5.1152E-1
9.9000E-5	9.7656E-3	5.4541E-1
1.0000E-4	9.5215E-3	5.8394E-1
1.0100E-4	9.7656E-3	6.2739E-1
1.0200E-4	1.0742E-2	6.7046E-1
1.0300E-4	9.2773E-3	7.1572E-1
1.0400E-4	9.5215E-3	7.5645E-1
1.0500E-4	1.0010E-2	7.9097E-1
1.0600E-4	9.7656E-3	8.1440E-1
1.0700E-4	1.0010E-2	8.2578E-1
1.0800E-4	9.2773E-3	8.2227E-1
1.0900E-4	9.2773E-3	8.0518E-1
1.1000E-4	9.5215E-3	7.7690E-1
1.1100E-4	1.0254E-2	7.4199E-1
1.1200E-4	9.2773E-3	7.0396E-1
1.1300E-4	9.7656E-3	6.6826E-1
1.1400E-4	9.2773E-3	6.3198E-1
1.1500E-4	9.7656E-3	5.9614E-1
1.1600E-4	9.7656E-3	5.6255E-1
1.1700E-4	9.7656E-3	5.3359E-1
1.1800E-4	1.0254E-2	5.0854E-1
1.1900E-4	9.5215E-3	4.9141E-1
1.2000E-4	9.7656E-3	4.8340E-1
1.2100E-4	9.7656E-3	4.8408E-1
1.2200E-4	9.7656E-3	4.9062E-1
1.2300E-4	9.2773E-3	5.0371E-1
1.2400E-4	9.5215E-3	5.2187E-1
1.2500E-4	9.2773E-3	5.4385E-1
1.2600E-4	9.2773E-3	5.6792E-1
1.2700E-4	9.0332E-3	5.9497E-1
1.2800E-4	9.5215E-3	6.2085E-1
1.2900E-4	9.5215E-3	6.4653E-1
1.3000E-4	9.2773E-3	6.7354E-1
1.3100E-4	1.0010E-2	6.9941E-1
1.3200E-4	9.5215E-3	7.2437E-1
1.3300E-4	9.0332E-3	7.4697E-1
1.3400E-4	9.7656E-3	7.6572E-1
1.3500E-4	9.7656E-3	7.7812E-1
1.3600E-4	9.2773E-3	7.8613E-1
1.3700E-4	1.0010E-2	7.8657E-1
1.3800E-4	9.7656E-3	7.8022E-1
1.3900E-4	1.0010E-2	7.6709E-1
1.4000E-4	9.5215E-3	7.4951E-1
1.4100E-4	9.5215E-3	7.2651E-1
1.4200E-4	9.2773E-3	7.0103E-1
1.4300E-4	9.7656E-3	6.7695E-1
1.4400E-4	9.5215E-3	6.5767E-1
1.4500E-4	9.0332E-3	6.4092E-1
1.4600E-4	9.7656E-3	6.2905E-1
1.4700E-4	9.7656E-3	6.2056E-1
1.4800E-4	1.0010E-2	6.1348E-1
1.4900E-4	9.2773E-3	6.0884E-1
1.5000E-4	1.0010E-2	6.0635E-1
1.5100E-4	1.0010E-2	6.0645E-1
1.5200E-4	9.5215E-3	6.1006E-1
1.5300E-4	9.7656E-3	6.1626E-1
1.5400E-4	9.7656E-3	6.2324E-1
1.5500E-4	9.5215E-3	6.3066E-1
1.5600E-4	8.7891E-3	6.3828E-1
1.5700E-4	1.0254E-2	6.4619E-1
1.5800E-4	9.7656E-3	6.5405E-1
1.5900E-4	9.0332E-3	6.6006E-1
1.6000E-4	1.0010E-2	6.6626E-1
1.6100E-4	9.7656E-3	6.7271E-1
1.6200E-4	9.7656E-3	6.8140E-1
1.6300E-4	9.2773E-3	6.9121E-1
1.6400E-4	9.2773E-3	7.0195E-1
1.6500E-4	1.0010E-2	7.1318E-1
1.6600E-4	9.7656E-3	7.2246E-1
1.6700E-4	9.5215E-3	7.2964E-1
1.6800E-4	9.5215E-3	7.3545E-1
1.6900E-4	9.2773E-3	7.4121E-1
1.7000E-4	9.0332E-3	7.4038E-1
1.7100E-4	9.0332E-3	7.3804E-1
1.7200E-4	8.7891E-3	7.3198E-1
1.7300E-4	9.2773E-3	7.2319E-1
1.7400E-4	9.7656E-3	7.1284E-1
1.7500E-4	1.0010E-2	7.0591E-1
1.7600E-4	9.2773E-3	6.9668E-1
1.7700E-4	9.0332E-3	6.8701E-1
1.7800E-4	1.0010E-2	6.7520E-1
1.7900E-4	9.5215E-3	6.6245E-1
1.8000E-4	9.0332E-3	6.5029E-1
1.8100E-4	9.5215E-3	6.3965E-1
1.8200E-4	9.7656E-3	6.2925E-1
1.8300E-4	9.7656E-3	6.2183E-1
1.8400E-4	9.5215E-3	6.1089E-1
1.8500E-4	1.0010E-2	5.9980E-1
1.8600E-4	9.2773E-3	5.8867E-1
1.8700E-4	9.5215E-3	5.8130E-1
1.8800E-4	9.2773E-3	5.7842E-1
1.8900E-4	9.5215E-3	5.8218E-1
1.9000E-4	9.7656E-3	5.9033E-1
1.9100E-4	9.5215E-3	6.0479E-1
1.9200E-4	9.5215E-3	6.2109E-1
1.9300E-4	9.0332E-3	6.3960E-1
1.9400E-4	9.2773E-3	6.6182E-1
1.9500E-4	9.7656E-3	6.8535E-1
1.9600E-4	9.5215E-3	7.1138E-1
1.9700E-4	9.2773E-3	7.3862E-1
1.9800E-4	9.2773E-3	7.6333E-1
1.9900E-4	9.2773E-3	7.8408E-1
2.0000E-4	9.5215E-3	7.9966E-1
2.0100E-4	9.2773E-3	8.0864E-1
2.0200E-4	9.0332E-3	8.1196E-1
2.0300E-4	9.5215E-3	8.0996E-1
2.0400E-4	1.0010E-2	8.0454E-1
2.0500E-4	9.5215E-3	7.9316E-1
2.0600E-4	9.5215E-3	7.7549E-1
2.0700E-4	9.7656E-3	7.5112E-1
2.0800E-4	9.0332E-3	7.2036E-1
2.0900E-4	9.2773E-3	6.8433E-1
2.1000E-4	9.7656E-3	6.4790E-1
2.1100E-4	9.5215E-3	6.1113E-1
2.1200E-4	1.0254E-2	5.8105E-1
2.1300E-4	9.5215E-3	5.5767E-1
2.1400E-4	9.7656E-3	5.4121E-1
2.1500E-4	9.2773E-3	5.3433E-1
2.1600E-4	9.2773E-3	5.3545E-1
2.1700E-4	9.7656E-3	5.4072E-1
2.1800E-4	9.5215E-3	5.5151E-1
2.1900E-4	9.2773E-3	5.6436E-1
2.2000E-4	1.0010E-2	5.8018E-1
2.2100E-4	9.5215E-3	6.0010E-1
2.2200E-4	9.5215E-3	6.2251E-1
2.2300E-4	9.5215E-3	6.4800E-1
2.2400E-4	9.5215E-3	6.7798E-1
2.2500E-4	9.5215E-3	7.0884E-1
2.2600E-4	1.0010E-2	7.3779E-1
2.2700E-4	9.5215E-3	7.6631E-1
2.2800E-4	9.5215E-3	7.9399E-1
2.2900E-4	1.0010E-2	8.1787E-1
2.3000E-4	9.7656E-3	8.3579E-1
2.3100E-4	9.0332E-3	8.4658E-1
2.3200E-4	9.0332E-3	8.4600E-1
2.3300E-4	9.5215E-3	8.3491E-1
2.3400E-4	9.5215E-3	8.1152E-1
2.3500E-4	9.7656E-3	7.7725E-1
2.3600E-4	9.5215E-3	7.3662E-1
2.3700E-4	9.5215E-3	6.9604E-1
2.3800E-4	9.7656E-3	6.5269E-1
2.3900E-4	9.7656E-3	6.1416E-1
2.4000E-4	9.5215E-3	5.8301E-1
2.4100E-4	9.7656E-3	5.5962E-1
2.4200E-4	9.5215E-3	5.4424E-1
2.4300E-4	9.5215E-3	5.3560E-1
2.4400E-4	9.0332E-3	5.3159E-1
2.4500E-4	9.2773E-3	5.3462E-1
2.4600E-4	9.5215E-3	5.4282E-1
2.4700E-4	9.7656E-3	5.5332E-1
2.4800E-4	9.5215E-3	5.6992E-1
2.4900E-4	9.7656E-3	5.9155E-1
2.5000E-4	9.0332E-3	6.1431E-1
2.5100E-4	9.7656E-3	6.3906E-1
2.5200E-4	9.5215E-3	6.6680E-1
2.5300E-4	1.0010E-2	6.9829E-1
2.5400E-4	1.0010E-2	7.3247E-1
2.5500E-4	9.0332E-3	7.6733E-1
2.5600E-4	1.0010E-2	8.0063E-1
2.5700E-4	9.2773E-3	8.2905E-1
2.5800E-4	1.0254E-2	8.4775E-1
2.5900E-4	9.7656E-3	8.5815E-1
2.6000E-4	1.0010E-2	8.5737E-1
2.6100E-4	9.7656E-3	8.4585E-1
2.6200E-4	1.0010E-2	8.2275E-1
2.6300E-4	9.0332E-3	7.9102E-1
2.6400E-4	9.2773E-3	7.5000E-1
2.6500E-4	9.5215E-3	7.0459E-1
2.6600E-4	9.2773E-3	6.5952E-1
2.6700E-4	9.5215E-3	6.1929E-1
2.6800E-4	9.5215E-3	5.8472E-1
2.6900E-4	9.7656E-3	5.5933E-1
2.7000E-4	9.5215E-3	5.4292E-1
2.7100E-4	1.0010E-2	5.3301E-1
2.7200E-4	1.0010E-2	5.2837E-1
2.7300E-4	9.2773E-3	5.3022E-1
2.7400E-4	1.0010E-2	5.3711E-1
2.7500E-4	9.5215E-3	5.4746E-1
2.7600E-4	9.0332E-3	5.6060E-1
2.7700E-4	9.5215E-3	5.7808E-1
2.7800E-4	9.5215E-3	5.9951E-1
2.7900E-4	9.5215E-3	6.2290E-1
2.8000E-4	9.5215E-3	6.5176E-1
2.8100E-4	9.0332E-3	6.8467E-1
2.8200E-4	1.0498E-2	7.1855E-1
2.8300E-4	9.2773E-3	7.5259E-1
2.8400E-4	9.5215E-3	7.8564E-1
2.8500E-4	9.0332E-3	8.1362E-1
2.8600E-4	1.0010E-2	8.3379E-1
2.8700E-4	9.5215E-3	8.4365E-1
2.8800E-4	1.0010E-2	8.4277E-1
2.8900E-4	9.2773E-3	8.3262E-1
2.9000E-4	9.7656E-3	8.1265E-1
2.9100E-4	9.5215E-3	7.9072E-1
2.9200E-4	1.0254E-2	7.6992E-1
2.9300E-4	9.5215E-3	7.4697E-1
2.9400E-4	9.2773E-3	7.2471E-1
2.9500E-4	9.2773E-3	7.0488E-1
2.9600E-4	9.2773E-3	6.8335E-1
2.9700E-4	9.5215E-3	6.6064E-1
2.9800E-4	1.0254E-2	6.4116E-1
2.9900E-4	9.5215E-3	6.2407E-1
3.0000E-4	9.7656E-3	6.0986E-1
3.0100E-4	9.0332E-3	6.0200E-1
3.0200E-4	9.7656E-3	5.9971E-1
3.0300E-4	9.5215E-3	6.0269E-1
3.0400E-4	9.2773E-3	6.0977E-1
3.0500E-4	9.2773E-3	6.2070E-1
3.0600E-4	9.5215E-3	6.3389E-1
3.0700E-4	9.0332E-3	6.5000E-1
3.0800E-4	9.7656E-3	6.6714E-1
3.0900E-4	9.7656E-3	6.8511E-1
3.1000E-4	9.0332E-3	7.0361E-1
3.1100E-4	9.2773E-3	7.2178E-1
3.1200E-4	9.0332E-3	7.3682E-1
3.1300E-4	1.0254E-2	7.5112E-1
3.1400E-4	9.2773E-3	7.6445E-1
3.1500E-4	9.5215E-3	7.7378E-1
3.1600E-4	9.7656E-3	7.7930E-1
3.1700E-4	9.5215E-3	7.8535E-1
3.1800E-4	1.0010E-2	7.8784E-1
3.1900E-4	9.5215E-3	7.8506E-1
3.2000E-4	9.7656E-3	7.8213E-1
3.2100E-4	9.2773E-3	7.7686E-1
3.2200E-4	9.5215E-3	7.6758E-1
3.2300E-4	9.2773E-3	7.5605E-1
3.2400E-4	9.2773E-3	7.4517E-1
3.2500E-4	9.5215E-3	7.3286E-1
3.2600E-4	9.7656E-3	7.1978E-1
3.2700E-4	9.2773E-3	7.0522E-1
3.2800E-4	9.7656E-3	6.9053E-1
3.2900E-4	9.5215E-3	6.7642E-1
3.3000E-4	9.2773E-3	6.6450E-1
3.3100E-4	9.2773E-3	6.5557E-1
3.3200E-4	1.0010E-2	6.4990E-1
3.3300E-4	9.2773E-3	6.4624E-1
3.3400E-4	9.7656E-3	6.4033E-1
3.3500E-4	9.2773E-3	6.3394E-1
3.3600E-4	9.5215E-3	6.2676E-1
3.3700E-4	9.5215E-3	6.1938E-1
3.3800E-4	9.5215E-3	6.1558E-1
3.3900E-4	9.7656E-3	6.1782E-1
3.4000E-4	1.0254E-2	6.2339E-1
3.4100E-4	9.2773E-3	6.3394E-1
3.4200E-4	9.7656E-3	6.4736E-1
3.4300E-4	9.2773E-3	6.6172E-1
3.4400E-4	9.2773E-3	6.7617E-1
3.4500E-4	9.7656E-3	6.9297E-1
3.4600E-4	9.7656E-3	7.1084E-1
3.4700E-4	9.0332E-3	7.3110E-1
3.4800E-4	1.0010E-2	7.5254E-1
3.4900E-4	9.5215E-3	7.7485E-1
3.5000E-4	1.0010E-2	7.9351E-1
3.5100E-4	9.5215E-3	8.0854E-1
3.5200E-4	9.7656E-3	8.1992E-1
3.5300E-4	9.2773E-3	8.2622E-1
3.5400E-4	9.7656E-3	8.2671E-1
3.5500E-4	9.5215E-3	8.2280E-1
3.5600E-4	9.7656E-3	8.1333E-1
3.5700E-4	9.7656E-3	7.9741E-1
3.5800E-4	9.7656E-3	7.7441E-1
3.5900E-4	9.7656E-3	7.4521E-1
3.6000E-4	9.5215E-3	7.1270E-1
3.6100E-4	9.7656E-3	6.7744E-1
3.6200E-4	1.0254E-2	6.4268E-1
3.6300E-4	9.2773E-3	6.0854E-1
3.6400E-4	1.0010E-2	5.8003E-1
3.6500E-4	1.0254E-2	5.5566E-1
3.6600E-4	9.5215E-3	5.3682E-1
3.6700E-4	9.0332E-3	5.2378E-1
3.6800E-4	9.7656E-3	5.2021E-1
3.6900E-4	9.7656E-3	5.2275E-1
3.7000E-4	1.0254E-2	5.3188E-1
3.7100E-4	9.0332E-3	5.4639E-1
3.7200E-4	9.7656E-3	5.6577E-1
3.7300E-4	1.0010E-2	5.9165E-1
3.7400E-4	9.7656E-3	6.2036E-1
3.7500E-4	9.5215E-3	6.5415E-1
3.7600E-4	1.0254E-2	6.9238E-1
3.7700E-4	1.0010E-2	7.3447E-1
3.7800E-4	9.5215E-3	7.7759E-1
3.7900E-4	9.5215E-3	8.2134E-1
3.8000E-4	9.7656E-3	8.5684E-1
3.8100E-4	9.2773E-3	8.8149E-1
3.8200E-4	9.2773E-3	8.9429E-1
3.8300E-4	9.7656E-3	8.8906E-1
3.8400E-4	1.0010E-2	8.6978E-1
3.8500E-4	9.5215E-3	8.4141E-1
3.8600E-4	9.7656E-3	8.0283E-1
3.8700E-4	1.0010E-2	7.5537E-1
3.8800E-4	9.2773E-3	7.0366E-1
3.8900E-4	9.0332E-3	6.4814E-1
3.9000E-4	1.0254E-2	5.9058E-1
3.9100E-4	9.0332E-3	5.3843E-1
3.9200E-4	9.5215E-3	4.9492E-1
3.9300E-4	8.7891E-3	4.6206E-1
3.9400E-4	9.5215E-3	4.3931E-1
3.9500E-4	1.0010E-2	4.2856E-1
3.9600E-4	9.7656E-3	4.2847E-1
3.9700E-4	9.2773E-3	4.3398E-1
3.9800E-4	1.0498E-2	4.4814E-1
3.9900E-4	9.7656E-3	4.6719E-1
4.0000E-4	1.0010E-2	4.8979E-1
4.0100E-4	9.2773E-3	5.1567E-1
4.0200E-4	9.0332E-3	5.4761E-1
4.0300E-4	9.5215E-3	5.7935E-1
4.0400E-4	9.0332E-3	6.1699E-1
4.0500E-4	1.0010E-2	6.6167E-1
4.0600E-4	1.0010E-2	7.1284E-1
4.0700E-4	9.5215E-3	7.6523E-1
4.0800E-4	9.2773E-3	8.1553E-1
4.0900E-4	9.0332E-3	8.5649E-1
4.1000E-4	9.7656E-3	8.7920E-1
4.1100E-4	8.7891E-3	8.8184E-1
4.1200E-4	9.2773E-3	8.6245E-1
4.1300E-4	9.2773E-3	8.2397E-1
4.1400E-4	9.7656E-3	7.6953E-1
4.1500E-4	9.5215E-3	7.0430E-1
4.1600E-4	9.0332E-3	6.3384E-1
4.1700E-4	1.0498E-2	5.6421E-1
4.1800E-4	1.0254E-2	5.0298E-1
4.1900E-4	9.5215E-3	4.5264E-1
4.2000E-4	9.0332E-3	4.1626E-1
4.2100E-4	9.5215E-3	3.9009E-1
4.2200E-4	9.2773E-3	3.7407E-1
4.2300E-4	9.5215E-3	3.6382E-1
4.2400E-4	9.2773E-3	3.6235E-1
4.2500E-4	9.2773E-3	3.6758E-1
4.2600E-4	9.7656E-3	3.7681E-1
4.2700E-4	9.7656E-3	3.9009E-1
4.2800E-4	1.0010E-2	4.1030E-1
4.2900E-4	9.0332E-3	4.3315E-1
4.3000E-4	9.5215E-3	4.6357E-1
4.3100E-4	1.0010E-2	5.0161E-1
4.3200E-4	9.2773E-3	5.4868E-1
4.3300E-4	9.5215E-3	6.0308E-1
4.3400E-4	9.7656E-3	6.6611E-1
4.3500E-4	9.2773E-3	7.3130E-1
4.3600E-4	9.7656E-3	7.9746E-1
4.3700E-4	1.0010E-2	8.5200E-1
4.3800E-4	9.5215E-3	8.8818E-1
4.3900E-4	9.2773E-3	8.9766E-1
4.4000E-4	9.7656E-3	8.7861E-1
4.4100E-4	9.2773E-3	8.3076E-1
4.4200E-4	9.7656E-3	7.6060E-1
4.4300E-4	9.2773E-3	6.7695E-1
4.4400E-4	1.0010E-2	5.8740E-1
4.4500E-4	9.0332E-3	5.0112E-1
4.4600E-4	9.7656E-3	4.2612E-1
4.4700E-4	9.7656E-3	3.6719E-1
4.4800E-4	1.0010E-2	3.2183E-1
4.4900E-4	9.0332E-3	2.9424E-1
4.5000E-4	9.2773E-3	2.7852E-1
4.5100E-4	9.7656E-3	2.7275E-1
4.5200E-4	9.7656E-3	2.7710E-1
4.5300E-4	9.5215E-3	2.9175E-1
4.5400E-4	9.2773E-3	3.0835E-1
4.5500E-4	9.2773E-3	3.3008E-1
4.5600E-4	1.0254E-2	3.5337E-1
4.5700E-4	9.5215E-3	3.7759E-1
4.5800E-4	9.5215E-3	4.0576E-1
4.5900E-4	9.5215E-3	4.4253E-1
4.6000E-4	9.7656E-3	4.8779E-1
4.6100E-4	9.5215E-3	5.4541E-1
4.6200E-4	9.7656E-3	6.1499E-1
4.6300E-4	9.7656E-3	6.9131E-1
4.6400E-4	9.5215E-3	7.6504E-1
4.6500E-4	9.5215E-3	8.2573E-1
4.6600E-4	9.5215E-3	8.5884E-1
4.6700E-4	9.7656E-3	8.5859E-1
4.6800E-4	9.7656E-3	8.1938E-1
4.6900E-4	9.2773E-3	7.4727E-1
4.7000E-4	9.5215E-3	6.5000E-1
4.7100E-4	9.2773E-3	5.4136E-1
4.7200E-4	1.0254E-2	4.3135E-1
4.7300E-4	8.7891E-3	3.3018E-1
4.7400E-4	9.5215E-3	2.4185E-1
4.7500E-4	9.5215E-3	1.6836E-1
4.7600E-4	1.0010E-2	1.1270E-1
4.7700E-4	9.7656E-3	7.3096E-2
4.7800E-4	1.0010E-2	4.5703E-2
4.7900E-4	1.0010E-2	3.1104E-2
4.8000E-4	1.0254E-2	2.8906E-2
4.8100E-4	1.0010E-2	3.3447E-2
4.8200E-4	9.7656E-3	4.1650E-2
4.8300E-4	9.2773E-3	5.1318E-2
4.8400E-4	9.2773E-3	5.9082E-2
4.8500E-4	9.2773E-3	6.3525E-2
4.8600E-4	1.0010E-2	6.3477E-2
4.8700E-4	1.0010E-2	5.8936E-2
4.8800E-4	1.0498E-2	5.2100E-2
4.8900E-4	9.2773E-3	4.2871E-2
4.9000E-4	9.5215E-3	3.4082E-2
4.9100E-4	9.7656E-3	2.7051E-2
4.9200E-4	1.0010E-2	2.3096E-2
4.9300E-4	9.2773E-3	2.3242E-2
4.9400E-4	9.7656E-3	2.6514E-2
4.9500E-4	9.5215E-3	3.0664E-2
4.9600E-4	1.0742E-2	3.6621E-2
4.9700E-4	9.7656E-3	4.0869E-2
4.9800E-4	9.5215E-3	4.4043E-2
4.9900E-4	9.5215E-3	4.8389E-2
5.0000E-4	9.5215E-3	5.1855E-2
5.0100E-4	9.5215E-3	5.5371E-2
5.0200E-4	9.5215E-3	6.1279E-2
5.0300E-4	9.7656E-3	6.4941E-2
5.0400E-4	9.5215E-3	6.7139E-2
5.0500E-4	1.0010E-2	6.9971E-2
5.0600E-4	9.5215E-3	7.3389E-2
5.0700E-4	9.2773E-3	7.7539E-2
5.0800E-4	9.7656E-3	8.6523E-2
5.0900E-4	9.7656E-3	9.8633E-2
5.1000E-4	9.2773E-3	1.1289E-1
5.1100E-4	9.2773E-3	1.2866E-1
5.1200E-4	1.0010E-2	1.4766E-1
5.1300E-4	9.7656E-3	1.7031E-1
5.1400E-4	9.5215E-3	1.9824E-1
5.1500E-4	9.7656E-3	2.3525E-1
5.1600E-4	9.5215E-3	2.8159E-1
5.1700E-4	9.7656E-3	3.4077E-1
5.1800E-4	1.0010E-2	4.1470E-1
5.1900E-4	9.7656E-3	5.0303E-1
5.2000E-4	1.0254E-2	6.0049E-1
5.2100E-4	9.7656E-3	7.0381E-1
5.2200E-4	9.7656E-3	7.9761E-1
5.2300E-4	9.5215E-3	8.6929E-1
5.2400E-4	9.0332E-3	9.0884E-1
5.2500E-4	9.7656E-3	9.1079E-1
5.2600E-4	9.5215E-3	8.7314E-1
5.2700E-4	9.2773E-3	8.0410E-1
5.2800E-4	9.2773E-3	7.1226E-1
5.2900E-4	9.5215E-3	6.1074E-1
5.3000E-4	9.0332E-3	5.1001E-1
5.3100E-4	1.0010E-2	4.1895E-1
5.3200E-4	1.0498E-2	3.4507E-1
5.3300E-4	9.5215E-3	2.9189E-1
5.3400E-4	9.5215E-3	2.5718E-1
5.3500E-4	1.0010E-2	2.4102E-1
5.3600E-4	1.0010E-2	2.3906E-1
5.3700E-4	9.7656E-3	2.4663E-1
5.3800E-4	1.0742E-2	2.6074E-1
5.3900E-4	9.2773E-3	2.8218E-1
5.4000E-4	1.0010E-2	3.0557E-1
5.4100E-4	9.0332E-3	3.3257E-1
5.4200E-4	9.7656E-3	3.6504E-1
5.4300E-4	9.7656E-3	4.0322E-1
5.4400E-4	9.5215E-3	4.4653E-1
5.4500E-4	9.5215E-3	4.9736E-1
5.4600E-4	9.7656E-3	5.5596E-1
5.4700E-4	1.0254E-2	6.2056E-1
5.4800E-4	1.0010E-2	6.9258E-1
5.4900E-4	9.2773E-3	7.6636E-1
5.5000E-4	9.7656E-3	8.3437E-1
5.5100E-4	9.2773E-3	8.8672E-1
5.5200E-4	1.0010E-2	9.1528E-1
5.5300E-4	9.5215E-3	9.1328E-1
5.5400E-4	9.2773E-3	8.7876E-1
5.5500E-4	9.7656E-3	8.1880E-1
5.5600E-4	9.5215E-3	7.4424E-1
5.5700E-4	9.0332E-3	6.6025E-1
5.5800E-4	9.5215E-3	5.7490E-1
5.5900E-4	1.0010E-2	5.0083E-1
5.6000E-4	9.7656E-3	4.4062E-1
5.6100E-4	1.0254E-2	3.9063E-1
5.6200E-4	9.2773E-3	3.5718E-1
5.6300E-4	1.0742E-2	3.4126E-1
5.6400E-4	9.2773E-3	3.3799E-1
5.6500E-4	1.0010E-2	3.4380E-1
5.6600E-4	1.0010E-2	3.5913E-1
5.6700E-4	9.5215E-3	3.8120E-1
5.6800E-4	9.2773E-3	4.0615E-1
5.6900E-4	9.5215E-3	4.3408E-1
5.7000E-4	9.5215E-3	4.6563E-1
5.7100E-4	8.7891E-3	5.0273E-1
5.7200E-4	1.0010E-2	5.4355E-1
5.7300E-4	9.7656E-3	5.9087E-1
5.7400E-4	9.2773E-3	6.4404E-1
5.7500E-4	9.0332E-3	7.0479E-1
5.7600E-4	9.7656E-3	7.6992E-1
5.7700E-4	9.2773E-3	8.3242E-1
5.7800E-4	9.5215E-3	8.8242E-1
5.7900E-4	1.0254E-2	9.1387E-1
5.8000E-4	9.2773E-3	9.1685E-1
5.8100E-4	9.2773E-3	8.9395E-1
5.8200E-4	9.7656E-3	8.4761E-1
5.8300E-4	9.2773E-3	7.8423E-1
5.8400E-4	1.0010E-2	7.1196E-1
5.8500E-4	9.7656E-3	6.4106E-1
5.8600E-4	9.5215E-3	5.7305E-1
5.8700E-4	1.0254E-2	5.1514E-1
5.8800E-4	9.2773E-3	4.7056E-1
5.8900E-4	9.5215E-3	4.3950E-1
5.9000E-4	9.0332E-3	4.2046E-1
5.9100E-4	1.0010E-2	4.1211E-1
5.9200E-4	9.5215E-3	4.1377E-1
5.9300E-4	9.5215E-3	4.2256E-1
5.9400E-4	9.5215E-3	4.3403E-1
5.9500E-4	9.7656E-3	4.4941E-1
5.9600E-4	9.5215E-3	4.6758E-1
5.9700E-4	9.5215E-3	4.8965E-1
5.9800E-4	9.5215E-3	5.1611E-1
5.9900E-4	9.2773E-3	5.4937E-1
6.0000E-4	9.5215E-3	5.8867E-1
6.0100E-4	9.2773E-3	6.3394E-1
6.0200E-4	9.5215E-3	6.8057E-1
6.0300E-4	9.5215E-3	7.2710E-1
6.0400E-4	1.0010E-2	7.7354E-1
6.0500E-4	9.7656E-3	8.1460E-1
6.0600E-4	9.5215E-3	8.4688E-1
6.0700E-4	9.0332E-3	8.6875E-1
6.0800E-4	9.5215E-3	8.7837E-1
6.0900E-4	9.5215E-3	8.6982E-1
6.1000E-4	8.7891E-3	8.4668E-1
6.1100E-4	9.2773E-3	8.1240E-1
6.1200E-4	9.7656E-3	7.6997E-1
6.1300E-4	9.7656E-3	7.2329E-1
6.1400E-4	9.2773E-3	6.7583E-1
6.1500E-4	9.5215E-3	6.3320E-1
6.1600E-4	9.2773E-3	5.9463E-1
6.1700E-4	1.0254E-2	5.6157E-1
6.1800E-4	9.0332E-3	5.3677E-1
6.1900E-4	9.2773E-3	5.2256E-1
6.2000E-4	1.0010E-2	5.1470E-1
6.2100E-4	9.5215E-3	5.1646E-1
6.2200E-4	9.5215E-3	5.2568E-1
6.2300E-4	9.2773E-3	5.4175E-1
6.2400E-4	1.0010E-2	5.5996E-1
6.2500E-4	9.5215E-3	5.8188E-1
6.2600E-4	9.5215E-3	6.0347E-1
6.2700E-4	9.2773E-3	6.2822E-1
6.2800E-4	9.7656E-3	6.5352E-1
6.2900E-4	9.7656E-3	6.8071E-1
6.3000E-4	8.7891E-3	7.0542E-1
6.3100E-4	9.2773E-3	7.3076E-1
6.3200E-4	9.7656E-3	7.5220E-1
6.3300E-4	9.7656E-3	7.6934E-1
6.3400E-4	8.7891E-3	7.8110E-1
6.3500E-4	9.7656E-3	7.9102E-1
6.3600E-4	1.0010E-2	7.9312E-1
6.3700E-4	9.5215E-3	7.8838E-1
6.3800E-4	9.5215E-3	7.7656E-1
6.3900E-4	9.7656E-3	7.5957E-1
6.4000E-4	9.2773E-3	7.3735E-1
6.4100E-4	1.0254E-2	7.1714E-1
6.4200E-4	1.0742E-2	6.9805E-1
6.4300E-4	9.7656E-3	6.7725E-1
6.4400E-4	9.0332E-3	6.5908E-1
6.4500E-4	9.0332E-3	6.4453E-1
6.4600E-4	9.5215E-3	6.2876E-1
6.4700E-4	9.5215E-3	6.1514E-1
6.4800E-4	1.0010E-2	6.0757E-1
6.4900E-4	9.0332E-3	6.0425E-1
6.5000E-4	9.2773E-3	6.0073E-1
6.5100E-4	9.2773E-3	6.0088E-1
6.5200E-4	9.5215E-3	6.0039E-1
6.5300E-4	9.5215E-3	6.0195E-1
6.5400E-4	9.2773E-3	6.0454E-1
6.5500E-4	9.7656E-3	6.1118E-1
6.5600E-4	9.0332E-3	6.1958E-1
6.5700E-4	9.7656E-3	6.3140E-1
6.5800E-4	1.0010E-2	6.4370E-1
6.5900E-4	9.5215E-3	6.5591E-1
6.6000E-4	1.0010E-2	6.6689E-1
6.6100E-4	9.2773E-3	6.7544E-1
6.6200E-4	1.0254E-2	6.8413E-1
6.6300E-4	9.5215E-3	6.9287E-1
6.6400E-4	9.2773E-3	7.0303E-1
6.6500E-4	9.5215E-3	7.1421E-1
6.6600E-4	9.5215E-3	7.2720E-1
6.6700E-4	1.0010E-2	7.3843E-1
6.6800E-4	9.5215E-3	7.4697E-1
6.6900E-4	9.2773E-3	7.5400E-1
6.7000E-4	1.0010E-2	7.5684E-1
6.7100E-4	9.5215E-3	7.5718E-1
6.7200E-4	9.7656E-3	7.5479E-1
6.7300E-4	9.7656E-3	7.5337E-1
6.7400E-4	9.2773E-3	7.4712E-1
6.7500E-4	9.5215E-3	7.4067E-1
6.7600E-4	9.7656E-3	7.3149E-1
6.7700E-4	9.5215E-3	7.2095E-1
6.7800E-4	9.5215E-3	7.0713E-1
6.7900E-4	9.2773E-3	6.9312E-1
6.8000E-4	9.2773E-3	6.7734E-1
6.8100E-4	1.0010E-2	6.5918E-1
6.8200E-4	1.0254E-2	6.3882E-1
6.8300E-4	1.0010E-2	6.2148E-1
6.8400E-4	9.2773E-3	6.0503E-1
6.8500E-4	8.7891E-3	5.9175E-1
6.8600E-4	1.0010E-2	5.8408E-1
6.8700E-4	9.7656E-3	5.8413E-1
6.8800E-4	1.0254E-2	5.8599E-1
6.8900E-4	9.7656E-3	5.9253E-1
6.9000E-4	9.5215E-3	6.0054E-1
6.9100E-4	9.0332E-3	6.1196E-1
6.9200E-4	1.0010E-2	6.2559E-1
6.9300E-4	9.0332E-3	6.4146E-1
6.9400E-4	9.7656E-3	6.5972E-1
6.9500E-4	9.7656E-3	6.8315E-1
6.9600E-4	1.0010E-2	7.0625E-1
6.9700E-4	9.7656E-3	7.2920E-1
6.9800E-4	9.7656E-3	7.5308E-1
6.9900E-4	9.5215E-3	7.7690E-1
7.0000E-4	1.0010E-2	7.9521E-1
7.0100E-4	9.2773E-3	8.1045E-1
7.0200E-4	9.5215E-3	8.2114E-1
7.0300E-4	9.2773E-3	8.2373E-1
7.0400E-4	9.7656E-3	8.1709E-1
7.0500E-4	9.5215E-3	8.0161E-1
7.0600E-4	1.0498E-2	7.7612E-1
7.0700E-4	9.5215E-3	7.4365E-1
7.0800E-4	9.2773E-3	7.0850E-1
7.0900E-4	9.7656E-3	6.7236E-1
7.1000E-4	1.0010E-2	6.3789E-1
7.1100E-4	9.5215E-3	6.1113E-1
7.1200E-4	9.7656E-3	5.8862E-1
7.1300E-4	9.7656E-3	5.7192E-1
7.1400E-4	1.0010E-2	5.6060E-1
7.1500E-4	9.7656E-3	5.5625E-1
7.1600E-4	1.0010E-2	5.5498E-1
7.1700E-4	9.5215E-3	5.5962E-1
7.1800E-4	1.0010E-2	5.6621E-1
7.1900E-4	9.2773E-3	5.7505E-1
7.2000E-4	9.5215E-3	5.8906E-1
7.2100E-4	9.5215E-3	6.0845E-1
7.2200E-4	9.7656E-3	6.2847E-1
7.2300E-4	1.0010E-2	6.5474E-1
7.2400E-4	9.2773E-3	6.8354E-1
7.2500E-4	9.7656E-3	7.1436E-1
7.2600E-4	9.5215E-3	7.4761E-1
7.2700E-4	9.2773E-3	7.8262E-1
7.2800E-4	9.2773E-3	8.1396E-1
7.2900E-4	9.7656E-3	8.4253E-1
7.3000E-4	9.5215E-3	8.6089E-1
7.3100E-4	1.0010E-2	8.6519E-1
7.3200E-4	9.2773E-3	8.5820E-1
7.3300E-4	9.7656E-3	8.3994E-1
7.3400E-4	9.0332E-3	8.1060E-1
7.3500E-4	9.7656E-3	7.7334E-1
7.3600E-4	9.7656E-3	7.3145E-1
7.3700E-4	9.5215E-3	6.9004E-1
7.3800E-4	9.5215E-3	6.4795E-1
7.3900E-4	9.5215E-3	6.1187E-1
7.4000E-4	9.7656E-3	5.7900E-1
7.4100E-4	9.5215E-3	5.5518E-1
7.4200E-4	9.5215E-3	5.3491E-1
7.4300E-4	9.2773E-3	5.2417E-1
7.4400E-4	9.7656E-3	5.1787E-1
7.4500E-4	9.0332E-3	5.2090E-1
7.4600E-4	9.7656E-3	5.2656E-1
7.4700E-4	1.0010E-2	5.3916E-1
7.4800E-4	9.5215E-3	5.5430E-1
7.4900E-4	9.7656E-3	5.7505E-1
7.5000E-4	9.0332E-3	5.9780E-1
7.5100E-4	9.5215E-3	6.2593E-1
7.5200E-4	1.0010E-2	6.5752E-1
7.5300E-4	1.0498E-2	6.9219E-1
7.5400E-4	1.0254E-2	7.2651E-1
7.5500E-4	9.5215E-3	7.6294E-1
7.5600E-4	9.5215E-3	7.9819E-1
7.5700E-4	1.0010E-2	8.2798E-1
7.5800E-4	9.2773E-3	8.4727E-1
7.5900E-4	9.5215E-3	8.5601E-1
7.6000E-4	9.5215E-3	8.5269E-1
7.6100E-4	9.5215E-3	8.3569E-1
7.6200E-4	1.0010E-2	8.1016E-1
7.6300E-4	9.5215E-3	7.7808E-1
7.6400E-4	9.5215E-3	7.4448E-1
7.6500E-4	9.7656E-3	7.0937E-1
7.6600E-4	9.7656E-3	6.7500E-1
7.6700E-4	1.0254E-2	6.4175E-1
7.6800E-4	9.5215E-3	6.1377E-1
7.6900E-4	9.2773E-3	5.8784E-1
7.7000E-4	9.5215E-3	5.7021E-1
7.7100E-4	9.7656E-3	5.5952E-1
7.7200E-4	1.0010E-2	5.5571E-1
7.7300E-4	9.7656E-3	5.5610E-1
7.7400E-4	9.5215E-3	5.6338E-1
7.7500E-4	9.2773E-3	5.7231E-1
7.7600E-4	1.0254E-2	5.8618E-1
7.7700E-4	9.5215E-3	6.0024E-1
7.7800E-4	9.5215E-3	6.2021E-1
7.7900E-4	9.0332E-3	6.4424E-1
7.8000E-4	1.0010E-2	6.7051E-1
7.8100E-4	9.2773E-3	6.9878E-1
7.8200E-4	9.5215E-3	7.3013E-1
7.8300E-4	9.5215E-3	7.6201E-1
7.8400E-4	9.5215E-3	7.9155E-1
7.8500E-4	9.5215E-3	8.1782E-1
7.8600E-4	1.0254E-2	8.3579E-1
7.8700E-4	1.0498E-2	8.4761E-1
7.8800E-4	1.0010E-2	8.4966E-1
7.8900E-4	9.5215E-3	8.4116E-1
7.9000E-4	9.5215E-3	8.2515E-1
7.9100E-4	1.0010E-2	8.0195E-1
7.9200E-4	9.5215E-3	7.7236E-1
7.9300E-4	9.2773E-3	7.4053E-1
7.9400E-4	9.7656E-3	7.0796E-1
7.9500E-4	9.7656E-3	6.7505E-1
7.9600E-4	9.7656E-3	6.4668E-1
7.9700E-4	1.0010E-2	6.2314E-1
7.9800E-4	9.7656E-3	6.0288E-1
7.9900E-4	9.2773E-3	5.8706E-1
8.0000E-4	9.2773E-3	5.7827E-1
8.0100E-4	9.2773E-3	5.7578E-1
8.0200E-4	9.7656E-3	5.7813E-1
8.0300E-4	1.0010E-2	5.8481E-1
8.0400E-4	9.5215E-3	5.9590E-1
8.0500E-4	1.0010E-2	6.0928E-1
8.0600E-4	9.5215E-3	6.2432E-1
8.0700E-4	9.5215E-3	6.3999E-1
8.0800E-4	9.7656E-3	6.5654E-1
8.0900E-4	9.5215E-3	6.7451E-1
8.1000E-4	9.0332E-3	6.9243E-1
8.1100E-4	9.5215E-3	7.0698E-1
8.1200E-4	1.0010E-2	7.2026E-1
8.1300E-4	9.7656E-3	7.3164E-1
8.1400E-4	9.5215E-3	7.3979E-1
8.1500E-4	1.0254E-2	7.4790E-1
8.1600E-4	9.7656E-3	7.5562E-1
8.1700E-4	9.7656E-3	7.6265E-1
8.1800E-4	1.0010E-2	7.7002E-1
8.1900E-4	9.7656E-3	7.7549E-1
8.2000E-4	9.7656E-3	7.7520E-1
8.2100E-4	9.5215E-3	7.7397E-1
8.2200E-4	9.2773E-3	7.6963E-1
8.2300E-4	9.5215E-3	7.5903E-1
8.2400E-4	1.0010E-2	7.4634E-1
8.2500E-4	9.7656E-3	7.3315E-1
8.2600E-4	9.7656E-3	7.1841E-1
8.2700E-4	9.5215E-3	7.0454E-1
8.2800E-4	9.2773E-3	6.9297E-1
8.2900E-4	9.7656E-3	6.8252E-1
8.3000E-4	1.0010E-2	6.7397E-1
8.3100E-4	9.7656E-3	6.6880E-1
8.3200E-4	9.5215E-3	6.6328E-1
8.3300E-4	9.7656E-3	6.5884E-1
8.3400E-4	1.0254E-2	6.5596E-1
8.3500E-4	9.2773E-3	6.5127E-1
8.3600E-4	9.2773E-3	6.4355E-1
8.3700E-4	9.7656E-3	6.3799E-1
8.3800E-4	9.2773E-3	6.3472E-1
8.3900E-4	9.0332E-3	6.3198E-1
8.4000E-4	9.5215E-3	6.3379E-1
8.4100E-4	9.0332E-3	6.3818E-1
8.4200E-4	1.0254E-2	6.4355E-1
8.4300E-4	9.2773E-3	6.5415E-1
8.4400E-4	1.0010E-2	6.6943E-1
8.4500E-4	9.7656E-3	6.8687E-1
8.4600E-4	1.0010E-2	7.0859E-1
8.4700E-4	1.0010E-2	7.3364E-1
8.4800E-4	9.2773E-3	7.5747E-1
8.4900E-4	9.7656E-3	7.8042E-1
8.5000E-4	9.5215E-3	8.0322E-1
8.5100E-4	9.7656E-3	8.2134E-1
8.5200E-4	9.5215E-3	8.3350E-1
8.5300E-4	9.7656E-3	8.3813E-1
8.5400E-4	9.7656E-3	8.3242E-1
8.5500E-4	9.2773E-3	8.1851E-1
8.5600E-4	9.7656E-3	7.9922E-1
8.5700E-4	9.5215E-3	7.7583E-1
8.5800E-4	1.0010E-2	7.4800E-1
8.5900E-4	1.0010E-2	7.1841E-1
8.6000E-4	9.5215E-3	6.8838E-1
8.6100E-4	9.5215E-3	6.5757E-1
8.6200E-4	9.5215E-3	6.2495E-1
8.6300E-4	1.0254E-2	5.9536E-1
8.6400E-4	9.5215E-3	5.7080E-1
8.6500E-4	9.0332E-3	5.4946E-1
8.6600E-4	9.7656E-3	5.3291E-1
8.6700E-4	9.2773E-3	5.2441E-1
8.6800E-4	9.7656E-3	5.2100E-1
8.6900E-4	9.0332E-3	5.2383E-1
8.7000E-4	1.0498E-2	5.3198E-1
8.7100E-4	1.0254E-2	5.4614E-1
8.7200E-4	1.0010E-2	5.6499E-1
8.7300E-4	9.5215E-3	5.8940E-1
8.7400E-4	9.5215E-3	6.1782E-1
8.7500E-4	9.5215E-3	6.5264E-1
8.7600E-4	1.0010E-2	6.8960E-1
8.7700E-4	9.7656E-3	7.3140E-1
8.7800E-4	9.2773E-3	7.7549E-1
8.7900E-4	1.0010E-2	8.1904E-1
8.8000E-4	9.5215E-3	8.5283E-1
8.8100E-4	9.2773E-3	8.7842E-1
8.8200E-4	9.7656E-3	8.8804E-1
8.8300E-4	9.7656E-3	8.8140E-1
8.8400E-4	1.0010E-2	8.5962E-1
8.8500E-4	9.7656E-3	8.2637E-1
8.8600E-4	9.2773E-3	7.8530E-1
8.8700E-4	9.5215E-3	7.3857E-1
8.8800E-4	1.0254E-2	6.8765E-1
8.8900E-4	9.2773E-3	6.3613E-1
8.9000E-4	9.5215E-3	5.8745E-1
8.9100E-4	9.2773E-3	5.4087E-1
8.9200E-4	9.0332E-3	5.0063E-1
8.9300E-4	9.5215E-3	4.6987E-1
8.9400E-4	1.0010E-2	4.4839E-1
8.9500E-4	9.5215E-3	4.3711E-1
8.9600E-4	9.5215E-3	4.3379E-1
8.9700E-4	9.2773E-3	4.3823E-1
8.9800E-4	9.7656E-3	4.4790E-1
8.9900E-4	1.0498E-2	4.6470E-1
9.0000E-4	9.7656E-3	4.8682E-1
9.0100E-4	9.2773E-3	5.1519E-1
9.0200E-4	9.5215E-3	5.4824E-1
9.0300E-4	9.7656E-3	5.8667E-1
9.0400E-4	1.0010E-2	6.2749E-1
9.0500E-4	8.7891E-3	6.7417E-1
9.0600E-4	9.5215E-3	7.2749E-1
9.0700E-4	9.7656E-3	7.8252E-1
9.0800E-4	9.5215E-3	8.3418E-1
9.0900E-4	9.2773E-3	8.7466E-1
9.1000E-4	9.2773E-3	8.9575E-1
9.1100E-4	9.5215E-3	8.9604E-1
9.1200E-4	9.2773E-3	8.7588E-1
9.1300E-4	9.2773E-3	8.3687E-1
9.1400E-4	1.0010E-2	7.8457E-1
9.1500E-4	9.2773E-3	7.2197E-1
9.1600E-4	9.5215E-3	6.5137E-1
9.1700E-4	1.0010E-2	5.7988E-1
9.1800E-4	9.2773E-3	5.1147E-1
9.1900E-4	1.0010E-2	4.5283E-1
9.2000E-4	9.2773E-3	4.0762E-1
9.2100E-4	9.5215E-3	3.7671E-1
9.2200E-4	9.2773E-3	3.5786E-1
9.2300E-4	9.7656E-3	3.5239E-1
9.2400E-4	1.0010E-2	3.5635E-1
9.2500E-4	9.5215E-3	3.6650E-1
9.2600E-4	9.5215E-3	3.8184E-1
9.2700E-4	9.5215E-3	4.0303E-1
9.2800E-4	9.5215E-3	4.2681E-1
9.2900E-4	9.5215E-3	4.5376E-1
9.3000E-4	9.2773E-3	4.8447E-1
9.3100E-4	1.0010E-2	5.2227E-1
9.3200E-4	9.7656E-3	5.6553E-1
9.3300E-4	9.5215E-3	6.1743E-1
9.3400E-4	9.5215E-3	6.7671E-1
9.3500E-4	9.7656E-3	7.4282E-1
9.3600E-4	9.7656E-3	8.0498E-1
9.3700E-4	9.7656E-3	8.5518E-1
9.3800E-4	1.0010E-2	8.8433E-1
9.3900E-4	9.5215E-3	8.8633E-1
9.4000E-4	9.5215E-3	8.5820E-1
9.4100E-4	1.0010E-2	8.0249E-1
9.4200E-4	9.5215E-3	7.2803E-1
9.4300E-4	1.0010E-2	6.4282E-1
9.4400E-4	9.7656E-3	5.5669E-1
9.4500E-4	1.0010E-2	4.7607E-1
9.4600E-4	9.0332E-3	4.0669E-1
9.4700E-4	9.2773E-3	3.5054E-1
9.4800E-4	9.0332E-3	3.0869E-1
9.4900E-4	9.2773E-3	2.7783E-1
9.5000E-4	1.0010E-2	2.6040E-1
9.5100E-4	9.5215E-3	2.5425E-1
9.5200E-4	9.5215E-3	2.5737E-1
9.5300E-4	9.2773E-3	2.6963E-1
9.5400E-4	9.7656E-3	2.9038E-1
9.5500E-4	1.0010E-2	3.1387E-1
9.5600E-4	9.2773E-3	3.3823E-1
9.5700E-4	9.5215E-3	3.6567E-1
9.5800E-4	9.5215E-3	3.9771E-1
9.5900E-4	9.2773E-3	4.3472E-1
9.6000E-4	9.7656E-3	4.8125E-1
9.6100E-4	9.5215E-3	5.4023E-1
9.6200E-4	9.7656E-3	6.1133E-1
9.6300E-4	9.7656E-3	6.8950E-1
9.6400E-4	9.7656E-3	7.6616E-1
9.6500E-4	9.5215E-3	8.2808E-1
9.6600E-4	9.5215E-3	8.6499E-1
9.6700E-4	9.5215E-3	8.6636E-1
9.6800E-4	1.0010E-2	8.2769E-1
9.6900E-4	9.5215E-3	7.5386E-1
9.7000E-4	1.0010E-2	6.5552E-1
9.7100E-4	9.5215E-3	5.4409E-1
9.7200E-4	1.0010E-2	4.3335E-1
9.7300E-4	9.2773E-3	3.3271E-1
9.7400E-4	9.5215E-3	2.4980E-1
9.7500E-4	9.0332E-3	1.8755E-1
9.7600E-4	9.5215E-3	1.4512E-1
9.7700E-4	1.0010E-2	1.1821E-1
9.7800E-4	9.5215E-3	1.0303E-1
9.7900E-4	9.7656E-3	9.4727E-2
9.8000E-4	1.0010E-2	9.1455E-2
9.8100E-4	1.0010E-2	9.0967E-2
9.8200E-4	9.7656E-3	9.2822E-2
9.8300E-4	9.2773E-3	9.4678E-2
9.8400E-4	9.7656E-3	9.4971E-2
9.8500E-4	9.7656E-3	9.2041E-2
9.8600E-4	9.5215E-3	8.7500E-2
9.8700E-4	9.2773E-3	8.0127E-2
9.8800E-4	9.7656E-3	7.1045E-2
9.8900E-4	1.0254E-2	6.4844E-2
9.9000E-4	1.0010E-2	6.1133E-2
9.9100E-4	9.5215E-3	5.8984E-2
9.9200E-4	9.7656E-3	5.6934E-2
9.9300E-4	9.5215E-3	5.8984E-2
9.9400E-4	1.0010E-2	6.1133E-2
9.9500E-4	9.5215E-3	6.2402E-2
9.9600E-4	1.0010E-2	6.2744E-2
9.9700E-4	1.0254E-2	6.1475E-2
9.9800E-4	9.2773E-3	6.1475E-2
9.9900E-4	8.7891E-3	6.1475E-2
