Time [s]	Aux in [V]	Main in [V]
0.0000E+0	9.5215E-3	-9.0967E-2
1.0000E-6	1.0010E-2	-8.9209E-2
2.0000E-6	1.0254E-2	-8.5498E-2
3.0000E-6	1.0010E-2	-7.9785E-2
4.0000E-6	9.5215E-3	-7.5781E-2
5.0000E-6	9.7656E-3	-7.2266E-2
6.0000E-6	8.7891E-3	-6.8018E-2
7.0000E-6	9.2773E-3	-6.4600E-2
8.0000E-6	8.7891E-3	-6.1035E-2
9.0000E-6	9.2773E-3	-5.3516E-2
1.0000E-5	9.5215E-3	-4.3945E-2
1.1000E-5	9.0332E-3	-3.3154E-2
1.2000E-5	9.7656E-3	-2.0459E-2
1.3000E-5	1.0010E-2	-6.2988E-3
1.4000E-5	9.0332E-3	1.2109E-2
1.5000E-5	9.7656E-3	3.6719E-2
1.6000E-5	9.0332E-3	6.9287E-2
1.7000E-5	1.0010E-2	1.1460E-1
1.8000E-5	9.7656E-3	1.7212E-1
1.9000E-5	9.0332E-3	2.4287E-1
2.0000E-5	1.0010E-2	3.3037E-1
2.1000E-5	1.0010E-2	4.3521E-1
2.2000E-5	9.7656E-3	5.4609E-1
2.3000E-5	9.5215E-3	6.5532E-1
2.4000E-5	9.5215E-3	7.4790E-1
2.5000E-5	9.7656E-3	8.0522E-1
2.6000E-5	9.5215E-3	8.1670E-1
2.7000E-5	9.7656E-3	7.8335E-1
2.8000E-5	9.5215E-3	7.1177E-1
2.9000E-5	9.7656E-3	6.1294E-1
3.0000E-5	1.0010E-2	5.0396E-1
3.1000E-5	9.5215E-3	3.9951E-1
3.2000E-5	9.5215E-3	3.0757E-1
3.3000E-5	9.7656E-3	2.3340E-1
3.4000E-5	9.7656E-3	1.7822E-1
3.5000E-5	1.0010E-2	1.4321E-1
3.6000E-5	9.2773E-3	1.2490E-1
3.7000E-5	9.7656E-3	1.2012E-1
3.8000E-5	1.0010E-2	1.2603E-1
3.9000E-5	9.5215E-3	1.4258E-1
4.0000E-5	9.0332E-3	1.6309E-1
4.1000E-5	9.7656E-3	1.8545E-1
4.2000E-5	9.7656E-3	2.0981E-1
4.3000E-5	9.0332E-3	2.3813E-1
4.4000E-5	9.0332E-3	2.7100E-1
4.5000E-5	9.2773E-3	3.1362E-1
4.6000E-5	1.0010E-2	3.6841E-1
4.7000E-5	9.7656E-3	4.3491E-1
4.8000E-5	9.5215E-3	5.1035E-1
4.9000E-5	1.0010E-2	5.9297E-1
5.0000E-5	9.2773E-3	6.7529E-1
5.1000E-5	9.5215E-3	7.4517E-1
5.2000E-5	9.5215E-3	7.9409E-1
5.3000E-5	1.0254E-2	8.1641E-1
5.4000E-5	8.5449E-3	8.0566E-1
5.5000E-5	1.0254E-2	7.6250E-1
5.6000E-5	1.0254E-2	6.9648E-1
5.7000E-5	1.0010E-2	6.1797E-1
5.8000E-5	9.2773E-3	5.3296E-1
5.9000E-5	9.2773E-3	4.5264E-1
6.0000E-5	9.5215E-3	3.8198E-1
6.1000E-5	9.5215E-3	3.2520E-1
6.2000E-5	9.7656E-3	2.8203E-1
6.3000E-5	9.7656E-3	2.5386E-1
6.4000E-5	9.7656E-3	2.3643E-1
6.5000E-5	9.5215E-3	2.3149E-1
6.6000E-5	9.2773E-3	2.3481E-1
6.7000E-5	9.2773E-3	2.4800E-1
6.8000E-5	9.5215E-3	2.6694E-1
6.9000E-5	9.2773E-3	2.9321E-1
7.0000E-5	9.5215E-3	3.2231E-1
7.1000E-5	1.0010E-2	3.5376E-1
7.2000E-5	9.2773E-3	3.8882E-1
7.3000E-5	1.0010E-2	4.3047E-1
7.4000E-5	1.0010E-2	4.7900E-1
7.5000E-5	9.5215E-3	5.3594E-1
7.6000E-5	1.0010E-2	6.0186E-1
7.7000E-5	9.7656E-3	6.7002E-1
7.8000E-5	9.5215E-3	7.3501E-1
7.9000E-5	9.5215E-3	7.8374E-1
8.0000E-5	9.7656E-3	8.1064E-1
8.1000E-5	9.5215E-3	8.1387E-1
8.2000E-5	9.7656E-3	7.9019E-1
8.3000E-5	1.0010E-2	7.4292E-1
8.4000E-5	9.2773E-3	6.8354E-1
8.5000E-5	1.0254E-2	6.1577E-1
8.6000E-5	9.0332E-3	5.4414E-1
8.7000E-5	1.0010E-2	4.7744E-1
8.8000E-5	9.5215E-3	4.2124E-1
8.9000E-5	9.5215E-3	3.7607E-1
9.0000E-5	9.2773E-3	3.4360E-1
9.1000E-5	8.7891E-3	3.2329E-1
9.2000E-5	9.2773E-3	3.1294E-1
9.3000E-5	1.0254E-2	3.0938E-1
9.4000E-5	9.5215E-3	3.1133E-1
9.5000E-5	9.5215E-3	3.2056E-1
9.6000E-5	1.0498E-2	3.3691E-1
9.7000E-5	9.0332E-3	3.5737E-1
9.8000E-5	9.0332E-3	3.8208E-1
9.9000E-5	9.7656E-3	4.1143E-1
1.0000E-4	9.7656E-3	4.4492E-1
1.0100E-4	9.5215E-3	4.8262E-1
1.0200E-4	9.7656E-3	5.2363E-1
1.0300E-4	9.5215E-3	5.6914E-1
1.0400E-4	9.0332E-3	6.1880E-1
1.0500E-4	9.7656E-3	6.6963E-1
1.0600E-4	9.7656E-3	7.1636E-1
1.0700E-4	9.0332E-3	7.5713E-1
1.0800E-4	9.5215E-3	7.8594E-1
1.0900E-4	9.7656E-3	7.9810E-1
1.1000E-4	1.0010E-2	7.9316E-1
1.1100E-4	1.0010E-2	7.7207E-1
1.1200E-4	9.5215E-3	7.3892E-1
1.1300E-4	1.0010E-2	6.9731E-1
1.1400E-4	9.2773E-3	6.5142E-1
1.1500E-4	9.7656E-3	6.0210E-1
1.1600E-4	9.7656E-3	5.5620E-1
1.1700E-4	9.7656E-3	5.1455E-1
1.1800E-4	1.0010E-2	4.7896E-1
1.1900E-4	9.0332E-3	4.5132E-1
1.2000E-4	9.7656E-3	4.3252E-1
1.2100E-4	9.7656E-3	4.1958E-1
1.2200E-4	9.7656E-3	4.1387E-1
1.2300E-4	9.5215E-3	4.1655E-1
1.2400E-4	1.0010E-2	4.2534E-1
1.2500E-4	9.2773E-3	4.4160E-1
1.2600E-4	9.7656E-3	4.6465E-1
1.2700E-4	9.5215E-3	4.9106E-1
1.2800E-4	9.5215E-3	5.1816E-1
1.2900E-4	1.0010E-2	5.4639E-1
1.3000E-4	9.2773E-3	5.7319E-1
1.3100E-4	9.7656E-3	5.9922E-1
1.3200E-4	9.5215E-3	6.2686E-1
1.3300E-4	9.2773E-3	6.5430E-1
1.3400E-4	9.7656E-3	6.7881E-1
1.3500E-4	9.7656E-3	7.0093E-1
1.3600E-4	9.2773E-3	7.1631E-1
1.3700E-4	9.7656E-3	7.2485E-1
1.3800E-4	9.7656E-3	7.2705E-1
1.3900E-4	9.5215E-3	7.2251E-1
1.4000E-4	9.0332E-3	7.1001E-1
1.4100E-4	1.0010E-2	6.9360E-1
1.4200E-4	1.0010E-2	6.7085E-1
1.4300E-4	9.5215E-3	6.4409E-1
1.4400E-4	9.7656E-3	6.1753E-1
1.4500E-4	9.5215E-3	5.9473E-1
1.4600E-4	9.0332E-3	5.7290E-1
1.4700E-4	1.0254E-2	5.5498E-1
1.4800E-4	9.5215E-3	5.3950E-1
1.4900E-4	9.5215E-3	5.2715E-1
1.5000E-4	9.7656E-3	5.1821E-1
1.5100E-4	9.2773E-3	5.1206E-1
1.5200E-4	9.7656E-3	5.0830E-1
1.5300E-4	9.2773E-3	5.0923E-1
1.5400E-4	9.5215E-3	5.1250E-1
1.5500E-4	9.7656E-3	5.1533E-1
1.5600E-4	9.2773E-3	5.2017E-1
1.5700E-4	1.0010E-2	5.2856E-1
1.5800E-4	9.5215E-3	5.3647E-1
1.5900E-4	9.7656E-3	5.4297E-1
1.6000E-4	9.7656E-3	5.5171E-1
1.6100E-4	9.5215E-3	5.6343E-1
1.6200E-4	9.5215E-3	5.7690E-1
1.6300E-4	9.2773E-3	5.9097E-1
1.6400E-4	1.0010E-2	6.0728E-1
1.6500E-4	1.0010E-2	6.2339E-1
1.6600E-4	9.5215E-3	6.3813E-1
1.6700E-4	9.2773E-3	6.4800E-1
1.6800E-4	9.5215E-3	6.5952E-1
1.6900E-4	9.7656E-3	6.6904E-1
1.7000E-4	9.5215E-3	6.7734E-1
1.7100E-4	1.0010E-2	6.8301E-1
1.7200E-4	9.7656E-3	6.8823E-1
1.7300E-4	9.7656E-3	6.8901E-1
1.7400E-4	1.0254E-2	6.8989E-1
1.7500E-4	9.7656E-3	6.8545E-1
1.7600E-4	9.2773E-3	6.7905E-1
1.7700E-4	9.7656E-3	6.6948E-1
1.7800E-4	9.0332E-3	6.5547E-1
1.7900E-4	9.5215E-3	6.3843E-1
1.8000E-4	9.5215E-3	6.2197E-1
1.8100E-4	9.5215E-3	6.0400E-1
1.8200E-4	1.0254E-2	5.8491E-1
1.8300E-4	9.2773E-3	5.6797E-1
1.8400E-4	9.0332E-3	5.5024E-1
1.8500E-4	9.2773E-3	5.3438E-1
1.8600E-4	9.0332E-3	5.2070E-1
1.8700E-4	9.5215E-3	5.1182E-1
1.8800E-4	9.0332E-3	5.0835E-1
1.8900E-4	1.0254E-2	5.0928E-1
1.9000E-4	9.5215E-3	5.1157E-1
1.9100E-4	9.5215E-3	5.1606E-1
1.9200E-4	9.5215E-3	5.2207E-1
1.9300E-4	9.5215E-3	5.2944E-1
1.9400E-4	9.5215E-3	5.3867E-1
1.9500E-4	9.7656E-3	5.5449E-1
1.9600E-4	9.2773E-3	5.7393E-1
1.9700E-4	9.5215E-3	5.9863E-1
1.9800E-4	9.0332E-3	6.2446E-1
1.9900E-4	9.2773E-3	6.5303E-1
2.0000E-4	9.2773E-3	6.7676E-1
2.0100E-4	9.7656E-3	6.9902E-1
2.0200E-4	9.5215E-3	7.1650E-1
2.0300E-4	9.2773E-3	7.2852E-1
2.0400E-4	9.5215E-3	7.3320E-1
2.0500E-4	9.7656E-3	7.3130E-1
2.0600E-4	9.7656E-3	7.2114E-1
2.0700E-4	9.7656E-3	7.0234E-1
2.0800E-4	9.0332E-3	6.7510E-1
2.0900E-4	9.5215E-3	6.4072E-1
2.1000E-4	9.5215E-3	6.0132E-1
2.1100E-4	9.7656E-3	5.6177E-1
2.1200E-4	9.2773E-3	5.2383E-1
2.1300E-4	9.2773E-3	4.9180E-1
2.1400E-4	9.2773E-3	4.6777E-1
2.1500E-4	9.5215E-3	4.5361E-1
2.1600E-4	9.2773E-3	4.4653E-1
2.1700E-4	1.0254E-2	4.4429E-1
2.1800E-4	8.7891E-3	4.4673E-1
2.1900E-4	9.7656E-3	4.5366E-1
2.2000E-4	1.0010E-2	4.6538E-1
2.2100E-4	9.7656E-3	4.8062E-1
2.2200E-4	9.7656E-3	5.0161E-1
2.2300E-4	1.0010E-2	5.2627E-1
2.2400E-4	9.7656E-3	5.5400E-1
2.2500E-4	1.0010E-2	5.8604E-1
2.2600E-4	9.5215E-3	6.2056E-1
2.2700E-4	9.2773E-3	6.5845E-1
2.2800E-4	9.2773E-3	6.9697E-1
2.2900E-4	9.5215E-3	7.3276E-1
2.3000E-4	1.0010E-2	7.5850E-1
2.3100E-4	1.0010E-2	7.7251E-1
2.3200E-4	9.7656E-3	7.7427E-1
2.3300E-4	9.0332E-3	7.6431E-1
2.3400E-4	9.7656E-3	7.4292E-1
2.3500E-4	9.5215E-3	7.1523E-1
2.3600E-4	1.0010E-2	6.8394E-1
2.3700E-4	9.5215E-3	6.4556E-1
2.3800E-4	9.7656E-3	6.0420E-1
2.3900E-4	9.5215E-3	5.6250E-1
2.4000E-4	9.2773E-3	5.2124E-1
2.4100E-4	9.7656E-3	4.8379E-1
2.4200E-4	9.7656E-3	4.5361E-1
2.4300E-4	9.5215E-3	4.3101E-1
2.4400E-4	9.5215E-3	4.1719E-1
2.4500E-4	9.7656E-3	4.1265E-1
2.4600E-4	1.0010E-2	4.1382E-1
2.4700E-4	9.5215E-3	4.2178E-1
2.4800E-4	9.7656E-3	4.3613E-1
2.4900E-4	9.2773E-3	4.5391E-1
2.5000E-4	9.5215E-3	4.7598E-1
2.5100E-4	9.0332E-3	5.0254E-1
2.5200E-4	9.2773E-3	5.3184E-1
2.5300E-4	9.7656E-3	5.6328E-1
2.5400E-4	9.2773E-3	5.9688E-1
2.5500E-4	1.0254E-2	6.3262E-1
2.5600E-4	9.0332E-3	6.6621E-1
2.5700E-4	9.5215E-3	6.9570E-1
2.5800E-4	9.2773E-3	7.2100E-1
2.5900E-4	9.2773E-3	7.3921E-1
2.6000E-4	9.2773E-3	7.4478E-1
2.6100E-4	9.5215E-3	7.4399E-1
2.6200E-4	9.7656E-3	7.3418E-1
2.6300E-4	9.0332E-3	7.1479E-1
2.6400E-4	9.7656E-3	6.8828E-1
2.6500E-4	9.0332E-3	6.5640E-1
2.6600E-4	9.5215E-3	6.2080E-1
2.6700E-4	9.0332E-3	5.8550E-1
2.6800E-4	9.2773E-3	5.4902E-1
2.6900E-4	9.5215E-3	5.1826E-1
2.7000E-4	9.0332E-3	4.9370E-1
2.7100E-4	9.5215E-3	4.7549E-1
2.7200E-4	9.5215E-3	4.6211E-1
2.7300E-4	9.5215E-3	4.5552E-1
2.7400E-4	9.5215E-3	4.5107E-1
2.7500E-4	9.0332E-3	4.5264E-1
2.7600E-4	9.5215E-3	4.5679E-1
2.7700E-4	9.2773E-3	4.6855E-1
2.7800E-4	9.7656E-3	4.8516E-1
2.7900E-4	9.0332E-3	5.0581E-1
2.8000E-4	9.2773E-3	5.2983E-1
2.8100E-4	9.5215E-3	5.5840E-1
2.8200E-4	9.0332E-3	5.8877E-1
2.8300E-4	9.2773E-3	6.2144E-1
2.8400E-4	9.7656E-3	6.5659E-1
2.8500E-4	9.2773E-3	6.8843E-1
2.8600E-4	1.0254E-2	7.1572E-1
2.8700E-4	1.0254E-2	7.3618E-1
2.8800E-4	9.5215E-3	7.4941E-1
2.8900E-4	1.0010E-2	7.5244E-1
2.9000E-4	9.0332E-3	7.4795E-1
2.9100E-4	9.5215E-3	7.3315E-1
2.9200E-4	9.7656E-3	7.1074E-1
2.9300E-4	9.7656E-3	6.8154E-1
2.9400E-4	9.2773E-3	6.4644E-1
2.9500E-4	1.0254E-2	6.1079E-1
2.9600E-4	8.5449E-3	5.7622E-1
2.9700E-4	9.5215E-3	5.4365E-1
2.9800E-4	9.2773E-3	5.1748E-1
2.9900E-4	9.7656E-3	4.9893E-1
3.0000E-4	1.0254E-2	4.8721E-1
3.0100E-4	9.7656E-3	4.8174E-1
3.0200E-4	1.0254E-2	4.8052E-1
3.0300E-4	9.7656E-3	4.8037E-1
3.0400E-4	8.7891E-3	4.8462E-1
3.0500E-4	9.5215E-3	4.9023E-1
3.0600E-4	9.2773E-3	4.9648E-1
3.0700E-4	9.5215E-3	5.0781E-1
3.0800E-4	1.0010E-2	5.2383E-1
3.0900E-4	9.5215E-3	5.4053E-1
3.1000E-4	9.2773E-3	5.5566E-1
3.1100E-4	9.2773E-3	5.7319E-1
3.1200E-4	9.2773E-3	5.8960E-1
3.1300E-4	9.7656E-3	6.0605E-1
3.1400E-4	9.5215E-3	6.2217E-1
3.1500E-4	9.5215E-3	6.3774E-1
3.1600E-4	9.5215E-3	6.5249E-1
3.1700E-4	9.5215E-3	6.6401E-1
3.1800E-4	9.5215E-3	6.7217E-1
3.1900E-4	9.2773E-3	6.7700E-1
3.2000E-4	9.7656E-3	6.7988E-1
3.2100E-4	9.5215E-3	6.8057E-1
3.2200E-4	9.2773E-3	6.7876E-1
3.2300E-4	9.2773E-3	6.7231E-1
3.2400E-4	1.0010E-2	6.6655E-1
3.2500E-4	9.5215E-3	6.5879E-1
3.2600E-4	9.7656E-3	6.4932E-1
3.2700E-4	9.5215E-3	6.3945E-1
3.2800E-4	9.2773E-3	6.2930E-1
3.2900E-4	8.5449E-3	6.1548E-1
3.3000E-4	9.5215E-3	6.0078E-1
3.3100E-4	9.7656E-3	5.8486E-1
3.3200E-4	1.0254E-2	5.7021E-1
3.3300E-4	9.5215E-3	5.5884E-1
3.3400E-4	1.0010E-2	5.4980E-1
3.3500E-4	9.7656E-3	5.4473E-1
3.3600E-4	9.2773E-3	5.4136E-1
3.3700E-4	9.5215E-3	5.3955E-1
3.3800E-4	9.5215E-3	5.3716E-1
3.3900E-4	1.0010E-2	5.3643E-1
3.4000E-4	9.0332E-3	5.3633E-1
3.4100E-4	9.5215E-3	5.3813E-1
3.4200E-4	9.2773E-3	5.4072E-1
3.4300E-4	9.2773E-3	5.4907E-1
3.4400E-4	9.7656E-3	5.5835E-1
3.4500E-4	9.2773E-3	5.7007E-1
3.4600E-4	9.5215E-3	5.8481E-1
3.4700E-4	9.5215E-3	6.0342E-1
3.4800E-4	9.0332E-3	6.2246E-1
3.4900E-4	9.7656E-3	6.4297E-1
3.5000E-4	9.5215E-3	6.6309E-1
3.5100E-4	9.7656E-3	6.7993E-1
3.5200E-4	9.5215E-3	6.9331E-1
3.5300E-4	9.2773E-3	7.0146E-1
3.5400E-4	9.7656E-3	7.0557E-1
3.5500E-4	1.0010E-2	7.0449E-1
3.5600E-4	9.5215E-3	6.9971E-1
3.5700E-4	9.7656E-3	6.8755E-1
3.5800E-4	9.0332E-3	6.7119E-1
3.5900E-4	1.0010E-2	6.4995E-1
3.6000E-4	9.0332E-3	6.2446E-1
3.6100E-4	9.7656E-3	5.9668E-1
3.6200E-4	9.0332E-3	5.6953E-1
3.6300E-4	9.2773E-3	5.4033E-1
3.6400E-4	9.5215E-3	5.1362E-1
3.6500E-4	9.2773E-3	4.8711E-1
3.6600E-4	9.7656E-3	4.6323E-1
3.6700E-4	1.0010E-2	4.4263E-1
3.6800E-4	9.5215E-3	4.2954E-1
3.6900E-4	1.0010E-2	4.2183E-1
3.7000E-4	9.7656E-3	4.2080E-1
3.7100E-4	1.0010E-2	4.2769E-1
3.7200E-4	9.7656E-3	4.3887E-1
3.7300E-4	9.0332E-3	4.5317E-1
3.7400E-4	9.7656E-3	4.7134E-1
3.7500E-4	9.0332E-3	4.9551E-1
3.7600E-4	9.7656E-3	5.2559E-1
3.7700E-4	9.5215E-3	5.6294E-1
3.7800E-4	9.2773E-3	6.0503E-1
3.7900E-4	9.5215E-3	6.4697E-1
3.8000E-4	9.5215E-3	6.8657E-1
3.8100E-4	9.5215E-3	7.1606E-1
3.8200E-4	9.2773E-3	7.3232E-1
3.8300E-4	1.0010E-2	7.3628E-1
3.8400E-4	9.5215E-3	7.3052E-1
3.8500E-4	9.5215E-3	7.1523E-1
3.8600E-4	9.7656E-3	6.9180E-1
3.8700E-4	9.0332E-3	6.6377E-1
3.8800E-4	9.5215E-3	6.2822E-1
3.8900E-4	9.5215E-3	5.8584E-1
3.9000E-4	1.0010E-2	5.3896E-1
3.9100E-4	9.5215E-3	4.9160E-1
3.9200E-4	8.7891E-3	4.4360E-1
3.9300E-4	9.7656E-3	4.0254E-1
3.9400E-4	9.2773E-3	3.6982E-1
3.9500E-4	9.7656E-3	3.4644E-1
3.9600E-4	9.5215E-3	3.3140E-1
3.9700E-4	9.2773E-3	3.2671E-1
3.9800E-4	9.7656E-3	3.2788E-1
3.9900E-4	9.5215E-3	3.3423E-1
4.0000E-4	9.5215E-3	3.4648E-1
4.0100E-4	1.0010E-2	3.6567E-1
4.0200E-4	9.2773E-3	3.9141E-1
4.0300E-4	9.5215E-3	4.2183E-1
4.0400E-4	9.0332E-3	4.5864E-1
4.0500E-4	9.2773E-3	4.9990E-1
4.0600E-4	9.5215E-3	5.4678E-1
4.0700E-4	9.5215E-3	5.9751E-1
4.0800E-4	9.5215E-3	6.4814E-1
4.0900E-4	9.2773E-3	6.9180E-1
4.1000E-4	9.7656E-3	7.2188E-1
4.1100E-4	1.0010E-2	7.3452E-1
4.1200E-4	9.5215E-3	7.3130E-1
4.1300E-4	9.5215E-3	7.1431E-1
4.1400E-4	9.7656E-3	6.8472E-1
4.1500E-4	9.7656E-3	6.4780E-1
4.1600E-4	9.5215E-3	6.0024E-1
4.1700E-4	9.5215E-3	5.4292E-1
4.1800E-4	9.0332E-3	4.8262E-1
4.1900E-4	9.7656E-3	4.2310E-1
4.2000E-4	9.5215E-3	3.6792E-1
4.2100E-4	9.7656E-3	3.2256E-1
4.2200E-4	1.0010E-2	2.8965E-1
4.2300E-4	9.7656E-3	2.6597E-1
4.2400E-4	9.2773E-3	2.5361E-1
4.2500E-4	1.0010E-2	2.5107E-1
4.2600E-4	1.0010E-2	2.5811E-1
4.2700E-4	9.0332E-3	2.7080E-1
4.2800E-4	9.7656E-3	2.8882E-1
4.2900E-4	9.2773E-3	3.1060E-1
4.3000E-4	9.5215E-3	3.3613E-1
4.3100E-4	1.0010E-2	3.6450E-1
4.3200E-4	9.5215E-3	3.9780E-1
4.3300E-4	9.5215E-3	4.3799E-1
4.3400E-4	9.2773E-3	4.8262E-1
4.3500E-4	9.2773E-3	5.3389E-1
4.3600E-4	1.0254E-2	5.9189E-1
4.3700E-4	9.7656E-3	6.4604E-1
4.3800E-4	9.0332E-3	6.9063E-1
4.3900E-4	1.0010E-2	7.2212E-1
4.4000E-4	9.5215E-3	7.3325E-1
4.4100E-4	9.5215E-3	7.1792E-1
4.4200E-4	9.7656E-3	6.8174E-1
4.4300E-4	9.2773E-3	6.2700E-1
4.4400E-4	9.5215E-3	5.5552E-1
4.4500E-4	9.0332E-3	4.7539E-1
4.4600E-4	9.2773E-3	3.9575E-1
4.4700E-4	9.2773E-3	3.2222E-1
4.4800E-4	1.0254E-2	2.5752E-1
4.4900E-4	9.2773E-3	2.1201E-1
4.5000E-4	9.7656E-3	1.8037E-1
4.5100E-4	9.5215E-3	1.6196E-1
4.5200E-4	9.2773E-3	1.5552E-1
4.5300E-4	9.0332E-3	1.6011E-1
4.5400E-4	9.5215E-3	1.7080E-1
4.5500E-4	9.5215E-3	1.8643E-1
4.5600E-4	9.0332E-3	2.0566E-1
4.5700E-4	9.5215E-3	2.2705E-1
4.5800E-4	9.7656E-3	2.5171E-1
4.5900E-4	9.7656E-3	2.8047E-1
4.6000E-4	9.7656E-3	3.1699E-1
4.6100E-4	9.5215E-3	3.6069E-1
4.6200E-4	9.0332E-3	4.1177E-1
4.6300E-4	1.0010E-2	4.7227E-1
4.6400E-4	9.2773E-3	5.4033E-1
4.6500E-4	9.5215E-3	6.0762E-1
4.6600E-4	9.2773E-3	6.6660E-1
4.6700E-4	9.7656E-3	7.0723E-1
4.6800E-4	9.7656E-3	7.1611E-1
4.6900E-4	9.5215E-3	6.8711E-1
4.7000E-4	9.5215E-3	6.2612E-1
4.7100E-4	9.5215E-3	5.3882E-1
4.7200E-4	1.0010E-2	4.3677E-1
4.7300E-4	9.7656E-3	3.3296E-1
4.7400E-4	1.0010E-2	2.3735E-1
4.7500E-4	1.0010E-2	1.5483E-1
4.7600E-4	9.5215E-3	8.8525E-2
4.7700E-4	9.5215E-3	3.8721E-2
4.7800E-4	9.5215E-3	5.2734E-3
4.7900E-4	9.0332E-3	-1.6992E-2
4.8000E-4	9.7656E-3	-3.2080E-2
4.8100E-4	9.5215E-3	-4.0967E-2
4.8200E-4	1.0010E-2	-4.7998E-2
4.8300E-4	1.0254E-2	-5.3809E-2
4.8400E-4	9.5215E-3	-5.7373E-2
4.8500E-4	9.7656E-3	-6.0303E-2
4.8600E-4	9.0332E-3	-6.4941E-2
4.8700E-4	9.5215E-3	-6.7090E-2
4.8800E-4	9.5215E-3	-6.9971E-2
4.8900E-4	1.0498E-2	-7.2510E-2
4.9000E-4	9.0332E-3	-7.4463E-2
4.9100E-4	9.5215E-3	-7.3682E-2
4.9200E-4	9.5215E-3	-7.0850E-2
4.9300E-4	9.7656E-3	-6.5918E-2
4.9400E-4	9.7656E-3	-6.2158E-2
4.9500E-4	9.2773E-3	-5.6836E-2
4.9600E-4	8.7891E-3	-5.2393E-2
4.9700E-4	1.0010E-2	-5.0781E-2
4.9800E-4	9.7656E-3	-5.2295E-2
4.9900E-4	9.7656E-3	-5.5664E-2
5.0000E-4	1.0010E-2	-6.1133E-2
5.0100E-4	9.7656E-3	-6.7822E-2
5.0200E-4	9.5215E-3	-7.1729E-2
5.0300E-4	9.2773E-3	-7.2949E-2
5.0400E-4	9.2773E-3	-7.0752E-2
5.0500E-4	9.2773E-3	-6.4893E-2
5.0600E-4	9.5215E-3	-5.8740E-2
5.0700E-4	1.0254E-2	-5.1953E-2
5.0800E-4	9.0332E-3	-4.4189E-2
5.0900E-4	9.7656E-3	-3.8428E-2
5.1000E-4	9.5215E-3	-3.2715E-2
5.1100E-4	9.5215E-3	-2.1191E-2
5.1200E-4	9.7656E-3	-9.5215E-3
5.1300E-4	9.7656E-3	3.8574E-3
5.1400E-4	9.5215E-3	2.4707E-2
5.1500E-4	9.7656E-3	5.2246E-2
5.1600E-4	9.2773E-3	8.5986E-2
5.1700E-4	9.7656E-3	1.3071E-1
5.1800E-4	9.7656E-3	1.9062E-1
5.1900E-4	1.0010E-2	2.6323E-1
5.2000E-4	9.5215E-3	3.4868E-1
5.2100E-4	9.5215E-3	4.4629E-1
5.2200E-4	1.0010E-2	5.5161E-1
5.2300E-4	9.7656E-3	6.5044E-1
5.2400E-4	9.7656E-3	7.2915E-1
5.2500E-4	9.2773E-3	7.7837E-1
5.2600E-4	9.5215E-3	7.9185E-1
5.2700E-4	1.0254E-2	7.6260E-1
5.2800E-4	9.5215E-3	6.9883E-1
5.2900E-4	9.5215E-3	6.1401E-1
5.3000E-4	9.2773E-3	5.1709E-1
5.3100E-4	1.0010E-2	4.1909E-1
5.3200E-4	9.7656E-3	3.3042E-1
5.3300E-4	9.5215E-3	2.5532E-1
5.3400E-4	9.2773E-3	2.0024E-1
5.3500E-4	9.2773E-3	1.6367E-1
5.3600E-4	9.5215E-3	1.4399E-1
5.3700E-4	9.5215E-3	1.3979E-1
5.3800E-4	1.0010E-2	1.4907E-1
5.3900E-4	9.7656E-3	1.6226E-1
5.4000E-4	9.7656E-3	1.8198E-1
5.4100E-4	1.0010E-2	2.0347E-1
5.4200E-4	9.7656E-3	2.2822E-1
5.4300E-4	9.2773E-3	2.5562E-1
5.4400E-4	9.7656E-3	2.9106E-1
5.4500E-4	9.5215E-3	3.3223E-1
5.4600E-4	9.5215E-3	3.8149E-1
5.4700E-4	1.0010E-2	4.3940E-1
5.4800E-4	9.5215E-3	5.0830E-1
5.4900E-4	9.5215E-3	5.8257E-1
5.5000E-4	9.5215E-3	6.5596E-1
5.5100E-4	9.7656E-3	7.2100E-1
5.5200E-4	9.7656E-3	7.6777E-1
5.5300E-4	9.7656E-3	7.8628E-1
5.5400E-4	9.5215E-3	7.7432E-1
5.5500E-4	9.7656E-3	7.3403E-1
5.5600E-4	9.5215E-3	6.7056E-1
5.5700E-4	9.5215E-3	5.9351E-1
5.5800E-4	9.5215E-3	5.1289E-1
5.5900E-4	9.2773E-3	4.3540E-1
5.6000E-4	9.5215E-3	3.6655E-1
5.6100E-4	1.0010E-2	3.1113E-1
5.6200E-4	9.5215E-3	2.7026E-1
5.6300E-4	9.5215E-3	2.4331E-1
5.6400E-4	9.5215E-3	2.2925E-1
5.6500E-4	9.2773E-3	2.2734E-1
5.6600E-4	9.5215E-3	2.3247E-1
5.6700E-4	1.0010E-2	2.4263E-1
5.6800E-4	9.0332E-3	2.5864E-1
5.6900E-4	9.7656E-3	2.7939E-1
5.7000E-4	9.7656E-3	3.0479E-1
5.7100E-4	9.7656E-3	3.3628E-1
5.7200E-4	9.5215E-3	3.7344E-1
5.7300E-4	9.5215E-3	4.1372E-1
5.7400E-4	9.0332E-3	4.6064E-1
5.7500E-4	1.0498E-2	5.1377E-1
5.7600E-4	9.2773E-3	5.7178E-1
5.7700E-4	9.0332E-3	6.3374E-1
5.7800E-4	9.5215E-3	6.9619E-1
5.7900E-4	9.5215E-3	7.4741E-1
5.8000E-4	9.2773E-3	7.8145E-1
5.8100E-4	9.5215E-3	7.9482E-1
5.8200E-4	9.5215E-3	7.8540E-1
5.8300E-4	9.0332E-3	7.5244E-1
5.8400E-4	9.5215E-3	7.0269E-1
5.8500E-4	1.0254E-2	6.4360E-1
5.8600E-4	1.0010E-2	5.7915E-1
5.8700E-4	9.5215E-3	5.1338E-1
5.8800E-4	9.0332E-3	4.5332E-1
5.8900E-4	9.2773E-3	4.0439E-1
5.9000E-4	9.2773E-3	3.6465E-1
5.9100E-4	1.0010E-2	3.3496E-1
5.9200E-4	9.7656E-3	3.1816E-1
5.9300E-4	9.2773E-3	3.1294E-1
5.9400E-4	9.0332E-3	3.1689E-1
5.9500E-4	9.5215E-3	3.2979E-1
5.9600E-4	9.5215E-3	3.4941E-1
5.9700E-4	9.0332E-3	3.7236E-1
5.9800E-4	9.2773E-3	3.9756E-1
5.9900E-4	9.5215E-3	4.2329E-1
6.0000E-4	9.7656E-3	4.5298E-1
6.0100E-4	9.2773E-3	4.8901E-1
6.0200E-4	9.5215E-3	5.3047E-1
6.0300E-4	8.7891E-3	5.7632E-1
6.0400E-4	9.5215E-3	6.2832E-1
6.0500E-4	1.0010E-2	6.8120E-1
6.0600E-4	9.0332E-3	7.2793E-1
6.0700E-4	9.5215E-3	7.6509E-1
6.0800E-4	9.5215E-3	7.8989E-1
6.0900E-4	8.5449E-3	7.9785E-1
6.1000E-4	9.7656E-3	7.8794E-1
6.1100E-4	1.0254E-2	7.6382E-1
6.1200E-4	9.0332E-3	7.2773E-1
6.1300E-4	9.7656E-3	6.8384E-1
6.1400E-4	9.7656E-3	6.3457E-1
6.1500E-4	9.5215E-3	5.8237E-1
6.1600E-4	9.5215E-3	5.3286E-1
6.1700E-4	9.5215E-3	4.8818E-1
6.1800E-4	9.2773E-3	4.4868E-1
6.1900E-4	9.5215E-3	4.1768E-1
6.2000E-4	9.7656E-3	3.9873E-1
6.2100E-4	9.0332E-3	3.8789E-1
6.2200E-4	1.0010E-2	3.8760E-1
6.2300E-4	1.0010E-2	3.9585E-1
6.2400E-4	9.7656E-3	4.0933E-1
6.2500E-4	9.7656E-3	4.2720E-1
6.2600E-4	1.0254E-2	4.4790E-1
6.2700E-4	9.2773E-3	4.6899E-1
6.2800E-4	9.7656E-3	4.8931E-1
6.2900E-4	9.5215E-3	5.1362E-1
6.3000E-4	9.5215E-3	5.3887E-1
6.3100E-4	1.0254E-2	5.6777E-1
6.3200E-4	9.7656E-3	5.9731E-1
6.3300E-4	1.0010E-2	6.2969E-1
6.3400E-4	8.7891E-3	6.5962E-1
6.3500E-4	9.2773E-3	6.8574E-1
6.3600E-4	9.7656E-3	7.0601E-1
6.3700E-4	9.7656E-3	7.1870E-1
6.3800E-4	9.5215E-3	7.2290E-1
6.3900E-4	9.7656E-3	7.1919E-1
6.4000E-4	9.7656E-3	7.0645E-1
6.4100E-4	9.2773E-3	6.8950E-1
6.4200E-4	9.7656E-3	6.6943E-1
6.4300E-4	8.7891E-3	6.4609E-1
6.4400E-4	9.5215E-3	6.2065E-1
6.4500E-4	9.5215E-3	5.9663E-1
6.4600E-4	9.7656E-3	5.7290E-1
6.4700E-4	1.0010E-2	5.5288E-1
6.4800E-4	9.7656E-3	5.3853E-1
6.4900E-4	9.7656E-3	5.2783E-1
6.5000E-4	9.7656E-3	5.2217E-1
6.5100E-4	9.5215E-3	5.1870E-1
6.5200E-4	9.5215E-3	5.1816E-1
6.5300E-4	9.5215E-3	5.1963E-1
6.5400E-4	1.0010E-2	5.2441E-1
6.5500E-4	1.0010E-2	5.2954E-1
6.5600E-4	9.7656E-3	5.3481E-1
6.5700E-4	9.2773E-3	5.4336E-1
6.5800E-4	1.0010E-2	5.5107E-1
6.5900E-4	1.0254E-2	5.5806E-1
6.6000E-4	1.0010E-2	5.6499E-1
6.6100E-4	9.5215E-3	5.7280E-1
6.6200E-4	9.7656E-3	5.7861E-1
6.6300E-4	1.0010E-2	5.8613E-1
6.6400E-4	9.5215E-3	5.9473E-1
6.6500E-4	9.7656E-3	6.0376E-1
6.6600E-4	1.0254E-2	6.1313E-1
6.6700E-4	9.2773E-3	6.2095E-1
6.6800E-4	9.0332E-3	6.2671E-1
6.6900E-4	9.7656E-3	6.3149E-1
6.7000E-4	9.5215E-3	6.3633E-1
6.7100E-4	1.0254E-2	6.4189E-1
6.7200E-4	9.7656E-3	6.4678E-1
6.7300E-4	9.5215E-3	6.4976E-1
6.7400E-4	9.5215E-3	6.4976E-1
6.7500E-4	9.2773E-3	6.4624E-1
6.7600E-4	1.0010E-2	6.3687E-1
6.7700E-4	9.7656E-3	6.2427E-1
6.7800E-4	9.2773E-3	6.1084E-1
6.7900E-4	9.7656E-3	5.9438E-1
6.8000E-4	9.7656E-3	5.7681E-1
6.8100E-4	9.5215E-3	5.6079E-1
6.8200E-4	9.7656E-3	5.4346E-1
6.8300E-4	9.7656E-3	5.2500E-1
6.8400E-4	9.2773E-3	5.0879E-1
6.8500E-4	9.0332E-3	4.9561E-1
6.8600E-4	9.7656E-3	4.8511E-1
6.8700E-4	1.0010E-2	4.7949E-1
6.8800E-4	9.5215E-3	4.7827E-1
6.8900E-4	9.7656E-3	4.8296E-1
6.9000E-4	9.7656E-3	4.8965E-1
6.9100E-4	9.2773E-3	4.9932E-1
6.9200E-4	9.2773E-3	5.1011E-1
6.9300E-4	1.0254E-2	5.2319E-1
6.9400E-4	9.5215E-3	5.3794E-1
6.9500E-4	8.7891E-3	5.5654E-1
6.9600E-4	9.0332E-3	5.7783E-1
6.9700E-4	9.5215E-3	6.0532E-1
6.9800E-4	9.7656E-3	6.3413E-1
6.9900E-4	9.7656E-3	6.6499E-1
7.0000E-4	1.0010E-2	6.9258E-1
7.0100E-4	9.5215E-3	7.1304E-1
7.0200E-4	9.2773E-3	7.2305E-1
7.0300E-4	9.5215E-3	7.2412E-1
7.0400E-4	9.7656E-3	7.1553E-1
7.0500E-4	9.7656E-3	6.9917E-1
7.0600E-4	9.2773E-3	6.8013E-1
7.0700E-4	9.2773E-3	6.5479E-1
7.0800E-4	9.2773E-3	6.2866E-1
7.0900E-4	9.2773E-3	5.9961E-1
7.1000E-4	9.5215E-3	5.6934E-1
7.1100E-4	9.5215E-3	5.3438E-1
7.1200E-4	9.2773E-3	5.0298E-1
7.1300E-4	1.0254E-2	4.7207E-1
7.1400E-4	8.5449E-3	4.4434E-1
7.1500E-4	1.0010E-2	4.2334E-1
7.1600E-4	8.5449E-3	4.1147E-1
7.1700E-4	9.2773E-3	4.0684E-1
7.1800E-4	9.2773E-3	4.0854E-1
7.1900E-4	9.5215E-3	4.1680E-1
7.2000E-4	9.2773E-3	4.3037E-1
7.2100E-4	1.0010E-2	4.4951E-1
7.2200E-4	9.5215E-3	4.7231E-1
7.2300E-4	1.0254E-2	4.9922E-1
7.2400E-4	9.2773E-3	5.2837E-1
7.2500E-4	9.2773E-3	5.6060E-1
7.2600E-4	9.5215E-3	5.9297E-1
7.2700E-4	9.0332E-3	6.2612E-1
7.2800E-4	1.0010E-2	6.5840E-1
7.2900E-4	9.5215E-3	6.8970E-1
7.3000E-4	9.5215E-3	7.1416E-1
7.3100E-4	9.7656E-3	7.3120E-1
7.3200E-4	9.5215E-3	7.3828E-1
7.3300E-4	9.0332E-3	7.3384E-1
7.3400E-4	1.0254E-2	7.1646E-1
7.3500E-4	1.0010E-2	6.8926E-1
7.3600E-4	9.2773E-3	6.5405E-1
7.3700E-4	9.5215E-3	6.1274E-1
7.3800E-4	9.2773E-3	5.6943E-1
7.3900E-4	9.5215E-3	5.2603E-1
7.4000E-4	9.5215E-3	4.8691E-1
7.4100E-4	9.2773E-3	4.5400E-1
7.4200E-4	9.5215E-3	4.2949E-1
7.4300E-4	9.2773E-3	4.1152E-1
7.4400E-4	9.5215E-3	4.0244E-1
7.4500E-4	9.5215E-3	4.0195E-1
7.4600E-4	9.2773E-3	4.0811E-1
7.4700E-4	1.0010E-2	4.2129E-1
7.4800E-4	1.0010E-2	4.4268E-1
7.4900E-4	1.0010E-2	4.6655E-1
7.5000E-4	1.0254E-2	4.9102E-1
7.5100E-4	9.7656E-3	5.1631E-1
7.5200E-4	9.5215E-3	5.4209E-1
7.5300E-4	1.0010E-2	5.6787E-1
7.5400E-4	8.7891E-3	5.9731E-1
7.5500E-4	9.5215E-3	6.2925E-1
7.5600E-4	9.2773E-3	6.6357E-1
7.5700E-4	9.2773E-3	6.9487E-1
7.5800E-4	9.7656E-3	7.2163E-1
7.5900E-4	9.5215E-3	7.3867E-1
7.6000E-4	9.5215E-3	7.4111E-1
7.6100E-4	9.0332E-3	7.3213E-1
7.6200E-4	9.5215E-3	7.1313E-1
7.6300E-4	9.0332E-3	6.8501E-1
7.6400E-4	9.2773E-3	6.5322E-1
7.6500E-4	9.2773E-3	6.2051E-1
7.6600E-4	9.7656E-3	5.8418E-1
7.6700E-4	9.5215E-3	5.4717E-1
7.6800E-4	9.5215E-3	5.1270E-1
7.6900E-4	1.0010E-2	4.8135E-1
7.7000E-4	9.0332E-3	4.5562E-1
7.7100E-4	9.2773E-3	4.3994E-1
7.7200E-4	9.2773E-3	4.3218E-1
7.7300E-4	9.2773E-3	4.3120E-1
7.7400E-4	9.7656E-3	4.3442E-1
7.7500E-4	9.7656E-3	4.4170E-1
7.7600E-4	1.0010E-2	4.4922E-1
7.7700E-4	9.5215E-3	4.6118E-1
7.7800E-4	9.5215E-3	4.7544E-1
7.7900E-4	9.0332E-3	4.9302E-1
7.8000E-4	9.5215E-3	5.1582E-1
7.8100E-4	9.7656E-3	5.4287E-1
7.8200E-4	9.5215E-3	5.7173E-1
7.8300E-4	9.5215E-3	6.0020E-1
7.8400E-4	1.0010E-2	6.2900E-1
7.8500E-4	9.0332E-3	6.5479E-1
7.8600E-4	9.2773E-3	6.7632E-1
7.8700E-4	9.7656E-3	6.9326E-1
7.8800E-4	9.7656E-3	7.0347E-1
7.8900E-4	9.7656E-3	7.0806E-1
7.9000E-4	9.7656E-3	7.0562E-1
7.9100E-4	9.5215E-3	6.9927E-1
7.9200E-4	9.7656E-3	6.8496E-1
7.9300E-4	9.5215E-3	6.6870E-1
7.9400E-4	9.5215E-3	6.4805E-1
7.9500E-4	9.7656E-3	6.2534E-1
7.9600E-4	9.2773E-3	5.9985E-1
7.9700E-4	9.0332E-3	5.7476E-1
7.9800E-4	9.7656E-3	5.4785E-1
7.9900E-4	9.2773E-3	5.2300E-1
8.0000E-4	9.5215E-3	5.0215E-1
8.0100E-4	9.2773E-3	4.8828E-1
8.0200E-4	9.2773E-3	4.8032E-1
8.0300E-4	9.5215E-3	4.8203E-1
8.0400E-4	9.0332E-3	4.8887E-1
8.0500E-4	9.2773E-3	4.9980E-1
8.0600E-4	9.2773E-3	5.1357E-1
8.0700E-4	9.2773E-3	5.2808E-1
8.0800E-4	9.2773E-3	5.4380E-1
8.0900E-4	1.0254E-2	5.6211E-1
8.1000E-4	9.7656E-3	5.8101E-1
8.1100E-4	9.0332E-3	5.9634E-1
8.1200E-4	9.2773E-3	6.1152E-1
8.1300E-4	1.0010E-2	6.2466E-1
8.1400E-4	1.0010E-2	6.3423E-1
8.1500E-4	9.2773E-3	6.4258E-1
8.1600E-4	9.7656E-3	6.5112E-1
8.1700E-4	9.7656E-3	6.5894E-1
8.1800E-4	9.7656E-3	6.6694E-1
8.1900E-4	9.0332E-3	6.7378E-1
8.2000E-4	9.7656E-3	6.7559E-1
8.2100E-4	1.0010E-2	6.7505E-1
8.2200E-4	9.5215E-3	6.7319E-1
8.2300E-4	9.7656E-3	6.6582E-1
8.2400E-4	9.0332E-3	6.5391E-1
8.2500E-4	9.2773E-3	6.4180E-1
8.2600E-4	9.5215E-3	6.2686E-1
8.2700E-4	9.0332E-3	6.0869E-1
8.2800E-4	9.5215E-3	5.9043E-1
8.2900E-4	1.0010E-2	5.7383E-1
8.3000E-4	9.5215E-3	5.5952E-1
8.3100E-4	9.5215E-3	5.4629E-1
8.3200E-4	9.7656E-3	5.3496E-1
8.3300E-4	1.0010E-2	5.2363E-1
8.3400E-4	9.2773E-3	5.1528E-1
8.3500E-4	1.0010E-2	5.0732E-1
8.3600E-4	9.7656E-3	5.0376E-1
8.3700E-4	9.5215E-3	5.0391E-1
8.3800E-4	1.0010E-2	5.0693E-1
8.3900E-4	9.7656E-3	5.0991E-1
8.4000E-4	9.2773E-3	5.1436E-1
8.4100E-4	1.0254E-2	5.1997E-1
8.4200E-4	9.7656E-3	5.2710E-1
8.4300E-4	9.7656E-3	5.3740E-1
8.4400E-4	1.0010E-2	5.5083E-1
8.4500E-4	9.7656E-3	5.6714E-1
8.4600E-4	9.7656E-3	5.8652E-1
8.4700E-4	9.5215E-3	6.0649E-1
8.4800E-4	1.0010E-2	6.2759E-1
8.4900E-4	1.0010E-2	6.5024E-1
8.5000E-4	9.7656E-3	6.7329E-1
8.5100E-4	1.0010E-2	6.9316E-1
8.5200E-4	9.5215E-3	7.1279E-1
8.5300E-4	9.5215E-3	7.2881E-1
8.5400E-4	9.5215E-3	7.3921E-1
8.5500E-4	1.0010E-2	7.4126E-1
8.5600E-4	9.2773E-3	7.3496E-1
8.5700E-4	9.2773E-3	7.1895E-1
8.5800E-4	9.5215E-3	6.9463E-1
8.5900E-4	9.2773E-3	6.6396E-1
8.6000E-4	1.0254E-2	6.3027E-1
8.6100E-4	9.2773E-3	5.9385E-1
8.6200E-4	9.7656E-3	5.5659E-1
8.6300E-4	1.0010E-2	5.2153E-1
8.6400E-4	9.2773E-3	4.9087E-1
8.6500E-4	9.2773E-3	4.6255E-1
8.6600E-4	9.7656E-3	4.4346E-1
8.6700E-4	9.5215E-3	4.3193E-1
8.6800E-4	9.7656E-3	4.2754E-1
8.6900E-4	9.5215E-3	4.2715E-1
8.7000E-4	9.5215E-3	4.3257E-1
8.7100E-4	1.0010E-2	4.3853E-1
8.7200E-4	9.7656E-3	4.4888E-1
8.7300E-4	1.0010E-2	4.6445E-1
8.7400E-4	9.5215E-3	4.8389E-1
8.7500E-4	9.5215E-3	5.0913E-1
8.7600E-4	9.5215E-3	5.4175E-1
8.7700E-4	1.0010E-2	5.7754E-1
8.7800E-4	9.5215E-3	6.1504E-1
8.7900E-4	9.5215E-3	6.5791E-1
8.8000E-4	9.7656E-3	7.0063E-1
8.8100E-4	9.5215E-3	7.3779E-1
8.8200E-4	1.0010E-2	7.6709E-1
8.8300E-4	1.0498E-2	7.8296E-1
8.8400E-4	9.7656E-3	7.8052E-1
8.8500E-4	1.0254E-2	7.6475E-1
8.8600E-4	1.0010E-2	7.3428E-1
8.8700E-4	1.0254E-2	6.9136E-1
8.8800E-4	1.0254E-2	6.4126E-1
8.8900E-4	9.5215E-3	5.8545E-1
8.9000E-4	9.7656E-3	5.2490E-1
8.9100E-4	9.5215E-3	4.6943E-1
8.9200E-4	9.5215E-3	4.2183E-1
8.9300E-4	9.2773E-3	3.8267E-1
8.9400E-4	9.5215E-3	3.5298E-1
8.9500E-4	9.2773E-3	3.3491E-1
8.9600E-4	9.5215E-3	3.2588E-1
8.9700E-4	9.7656E-3	3.2446E-1
8.9800E-4	9.5215E-3	3.2905E-1
8.9900E-4	9.7656E-3	3.3882E-1
9.0000E-4	9.0332E-3	3.5337E-1
9.0100E-4	9.2773E-3	3.7339E-1
9.0200E-4	9.5215E-3	3.9834E-1
9.0300E-4	9.2773E-3	4.2764E-1
9.0400E-4	1.0010E-2	4.6611E-1
9.0500E-4	9.7656E-3	5.1060E-1
9.0600E-4	9.2773E-3	5.5996E-1
9.0700E-4	9.7656E-3	6.1377E-1
9.0800E-4	9.5215E-3	6.7329E-1
9.0900E-4	9.2773E-3	7.2915E-1
9.1000E-4	9.7656E-3	7.7070E-1
9.1100E-4	9.5215E-3	7.9541E-1
9.1200E-4	9.0332E-3	7.9756E-1
9.1300E-4	9.7656E-3	7.7607E-1
9.1400E-4	9.7656E-3	7.3291E-1
9.1500E-4	9.5215E-3	6.7603E-1
9.1600E-4	1.0010E-2	6.0679E-1
9.1700E-4	9.5215E-3	5.3208E-1
9.1800E-4	1.0010E-2	4.5732E-1
9.1900E-4	9.5215E-3	3.8857E-1
9.2000E-4	9.0332E-3	3.3110E-1
9.2100E-4	9.2773E-3	2.8740E-1
9.2200E-4	9.2773E-3	2.5981E-1
9.2300E-4	1.0254E-2	2.4448E-1
9.2400E-4	9.2773E-3	2.4009E-1
9.2500E-4	9.2773E-3	2.4531E-1
9.2600E-4	9.7656E-3	2.5659E-1
9.2700E-4	9.2773E-3	2.7085E-1
9.2800E-4	1.0254E-2	2.8940E-1
9.2900E-4	9.5215E-3	3.1147E-1
9.3000E-4	9.5215E-3	3.3486E-1
9.3100E-4	9.2773E-3	3.6123E-1
9.3200E-4	1.0010E-2	3.9590E-1
9.3300E-4	9.5215E-3	4.3877E-1
9.3400E-4	1.0010E-2	4.9150E-1
9.3500E-4	9.5215E-3	5.5420E-1
9.3600E-4	9.2773E-3	6.2637E-1
9.3700E-4	9.5215E-3	6.9546E-1
9.3800E-4	9.7656E-3	7.5034E-1
9.3900E-4	1.0010E-2	7.8496E-1
9.4000E-4	9.7656E-3	7.9316E-1
9.4100E-4	9.7656E-3	7.6899E-1
9.4200E-4	1.0254E-2	7.1587E-1
9.4300E-4	9.7656E-3	6.4194E-1
9.4400E-4	9.5215E-3	5.5391E-1
9.4500E-4	9.5215E-3	4.6128E-1
9.4600E-4	9.5215E-3	3.7197E-1
9.4700E-4	9.7656E-3	2.9507E-1
9.4800E-4	9.5215E-3	2.3574E-1
9.4900E-4	9.7656E-3	1.9482E-1
9.5000E-4	9.2773E-3	1.6978E-1
9.5100E-4	9.2773E-3	1.5688E-1
9.5200E-4	9.7656E-3	1.5239E-1
9.5300E-4	1.0254E-2	1.5537E-1
9.5400E-4	9.2773E-3	1.6313E-1
9.5500E-4	9.5215E-3	1.7637E-1
9.5600E-4	9.2773E-3	1.9536E-1
9.5700E-4	1.0010E-2	2.2026E-1
9.5800E-4	9.7656E-3	2.4956E-1
9.5900E-4	9.5215E-3	2.8389E-1
9.6000E-4	1.0010E-2	3.2393E-1
9.6100E-4	8.7891E-3	3.7407E-1
9.6200E-4	9.5215E-3	4.3384E-1
9.6300E-4	1.0010E-2	5.0684E-1
9.6400E-4	9.2773E-3	5.8892E-1
9.6500E-4	1.0010E-2	6.6943E-1
9.6600E-4	9.2773E-3	7.3389E-1
9.6700E-4	9.7656E-3	7.7031E-1
9.6800E-4	1.0254E-2	7.6421E-1
9.6900E-4	9.7656E-3	7.1406E-1
9.7000E-4	9.5215E-3	6.2910E-1
9.7100E-4	9.2773E-3	5.2124E-1
9.7200E-4	9.2773E-3	4.0547E-1
9.7300E-4	1.0010E-2	2.9380E-1
9.7400E-4	1.0010E-2	1.9697E-1
9.7500E-4	9.2773E-3	1.1563E-1
9.7600E-4	9.0332E-3	5.1758E-2
9.7700E-4	9.2773E-3	4.6387E-3
9.7800E-4	9.2773E-3	-2.6465E-2
9.7900E-4	9.2773E-3	-4.7705E-2
9.8000E-4	1.0010E-2	-6.1426E-2
9.8100E-4	9.2773E-3	-6.8945E-2
9.8200E-4	9.0332E-3	-7.3340E-2
9.8300E-4	9.2773E-3	-7.4805E-2
9.8400E-4	9.7656E-3	-7.3926E-2
9.8500E-4	1.0010E-2	-7.1729E-2
9.8600E-4	9.2773E-3	-6.9824E-2
9.8700E-4	1.0498E-2	-6.7529E-2
9.8800E-4	1.0010E-2	-6.7725E-2
9.8900E-4	9.0332E-3	-6.8018E-2
9.9000E-4	9.0332E-3	-6.9727E-2
9.9100E-4	9.5215E-3	-7.1533E-2
9.9200E-4	9.2773E-3	-7.3828E-2
9.9300E-4	9.2773E-3	-7.3828E-2
9.9400E-4	9.5215E-3	-7.5244E-2
9.9500E-4	9.5215E-3	-7.3389E-2
9.9600E-4	1.0254E-2	-6.9971E-2
9.9700E-4	9.2773E-3	-6.6650E-2
9.9800E-4	9.2773E-3	-6.6650E-2
9.9900E-4	9.7656E-3	-6.6650E-2
