Time [s]	Aux in [V]	Main in [V]
0.0000E+0	9.0332E-3	-4.0527E-3
1.0000E-6	9.2773E-3	-6.4453E-3
2.0000E-6	9.2773E-3	-9.5215E-3
3.0000E-6	9.7656E-3	-1.1914E-2
4.0000E-6	1.0010E-2	-1.3184E-2
5.0000E-6	9.5215E-3	-1.3770E-2
6.0000E-6	9.5215E-3	-1.1230E-2
7.0000E-6	1.0254E-2	-6.2012E-3
8.0000E-6	9.7656E-3	-1.4160E-3
9.0000E-6	9.2773E-3	5.7129E-3
1.0000E-5	9.2773E-3	1.4697E-2
1.1000E-5	9.7656E-3	2.8516E-2
1.2000E-5	9.5215E-3	4.3213E-2
1.3000E-5	9.5215E-3	6.4600E-2
1.4000E-5	1.0010E-2	9.0625E-2
1.5000E-5	1.0254E-2	1.2197E-1
1.6000E-5	9.5215E-3	1.6074E-1
1.7000E-5	1.0986E-2	2.1177E-1
1.8000E-5	1.0742E-2	2.7588E-1
1.9000E-5	9.7656E-3	3.5630E-1
2.0000E-5	1.0010E-2	4.5474E-1
2.1000E-5	1.0010E-2	5.6367E-1
2.2000E-5	9.5215E-3	6.7266E-1
2.3000E-5	9.5215E-3	7.6338E-1
2.4000E-5	9.5215E-3	8.2412E-1
2.5000E-5	9.7656E-3	8.4434E-1
2.6000E-5	9.5215E-3	8.2041E-1
2.7000E-5	1.0010E-2	7.5791E-1
2.8000E-5	9.2773E-3	6.7119E-1
2.9000E-5	9.2773E-3	5.7305E-1
3.0000E-5	9.2773E-3	4.7324E-1
3.1000E-5	9.5215E-3	3.8257E-1
3.2000E-5	8.7891E-3	3.0874E-1
3.3000E-5	9.7656E-3	2.5464E-1
3.4000E-5	9.7656E-3	2.1631E-1
3.5000E-5	9.0332E-3	1.9678E-1
3.6000E-5	9.7656E-3	1.9033E-1
3.7000E-5	9.2773E-3	1.9478E-1
3.8000E-5	9.2773E-3	2.0835E-1
3.9000E-5	9.5215E-3	2.2944E-1
4.0000E-5	8.7891E-3	2.5303E-1
4.1000E-5	9.5215E-3	2.7842E-1
4.2000E-5	1.0010E-2	3.0732E-1
4.3000E-5	1.0254E-2	3.3940E-1
4.4000E-5	9.7656E-3	3.7808E-1
4.5000E-5	1.0010E-2	4.2144E-1
4.6000E-5	9.0332E-3	4.7495E-1
4.7000E-5	9.2773E-3	5.3608E-1
4.8000E-5	9.2773E-3	6.0171E-1
4.9000E-5	9.2773E-3	6.6733E-1
5.0000E-5	9.0332E-3	7.2793E-1
5.1000E-5	9.5215E-3	7.7368E-1
5.2000E-5	1.0254E-2	8.0024E-1
5.3000E-5	9.5215E-3	8.0146E-1
5.4000E-5	9.2773E-3	7.7622E-1
5.5000E-5	9.2773E-3	7.2808E-1
5.6000E-5	9.0332E-3	6.6455E-1
5.7000E-5	9.2773E-3	5.8853E-1
5.8000E-5	9.5215E-3	5.1187E-1
5.9000E-5	9.7656E-3	4.4058E-1
6.0000E-5	9.2773E-3	3.8330E-1
6.1000E-5	8.7891E-3	3.4053E-1
6.2000E-5	9.5215E-3	3.1445E-1
6.3000E-5	9.5215E-3	2.9995E-1
6.4000E-5	9.5215E-3	2.9624E-1
6.5000E-5	9.0332E-3	2.9849E-1
6.6000E-5	9.2773E-3	3.0586E-1
6.7000E-5	9.5215E-3	3.1553E-1
6.8000E-5	9.5215E-3	3.3159E-1
6.9000E-5	9.2773E-3	3.5132E-1
7.0000E-5	9.5215E-3	3.7603E-1
7.1000E-5	9.7656E-3	4.0459E-1
7.2000E-5	9.2773E-3	4.4019E-1
7.3000E-5	9.2773E-3	4.8164E-1
7.4000E-5	9.5215E-3	5.3105E-1
7.5000E-5	9.2773E-3	5.8662E-1
7.6000E-5	9.5215E-3	6.4731E-1
7.7000E-5	9.5215E-3	7.0957E-1
7.8000E-5	9.2773E-3	7.6133E-1
7.9000E-5	9.7656E-3	7.9688E-1
8.0000E-5	1.0010E-2	8.1323E-1
8.1000E-5	9.2773E-3	8.0967E-1
8.2000E-5	9.7656E-3	7.8413E-1
8.3000E-5	9.2773E-3	7.4531E-1
8.4000E-5	9.7656E-3	6.9756E-1
8.5000E-5	9.7656E-3	6.4360E-1
8.6000E-5	9.5215E-3	5.8657E-1
8.7000E-5	9.2773E-3	5.3149E-1
8.8000E-5	9.5215E-3	4.8071E-1
8.9000E-5	1.0010E-2	4.3760E-1
9.0000E-5	9.2773E-3	4.0386E-1
9.1000E-5	9.5215E-3	3.8066E-1
9.2000E-5	9.7656E-3	3.6865E-1
9.3000E-5	1.0010E-2	3.6890E-1
9.4000E-5	1.0254E-2	3.7666E-1
9.5000E-5	1.0010E-2	3.9131E-1
9.6000E-5	9.7656E-3	4.1025E-1
9.7000E-5	1.0254E-2	4.3521E-1
9.8000E-5	9.0332E-3	4.6152E-1
9.9000E-5	1.0010E-2	4.9131E-1
1.0000E-4	9.5215E-3	5.2349E-1
1.0100E-4	9.7656E-3	5.5996E-1
1.0200E-4	9.5215E-3	5.9673E-1
1.0300E-4	9.7656E-3	6.3818E-1
1.0400E-4	9.7656E-3	6.8208E-1
1.0500E-4	1.0010E-2	7.2471E-1
1.0600E-4	9.7656E-3	7.5708E-1
1.0700E-4	1.0010E-2	7.7744E-1
1.0800E-4	9.5215E-3	7.8379E-1
1.0900E-4	9.2773E-3	7.7485E-1
1.1000E-4	9.5215E-3	7.5415E-1
1.1100E-4	9.7656E-3	7.2886E-1
1.1200E-4	9.5215E-3	7.0093E-1
1.1300E-4	1.0010E-2	6.6636E-1
1.1400E-4	9.0332E-3	6.3130E-1
1.1500E-4	9.7656E-3	5.9468E-1
1.1600E-4	9.5215E-3	5.5708E-1
1.1700E-4	1.0010E-2	5.1963E-1
1.1800E-4	9.0332E-3	4.8862E-1
1.1900E-4	9.7656E-3	4.6538E-1
1.2000E-4	9.5215E-3	4.4932E-1
1.2100E-4	1.0254E-2	4.4126E-1
1.2200E-4	9.5215E-3	4.4238E-1
1.2300E-4	9.5215E-3	4.5029E-1
1.2400E-4	9.5215E-3	4.5864E-1
1.2500E-4	9.2773E-3	4.7109E-1
1.2600E-4	1.0498E-2	4.8853E-1
1.2700E-4	9.5215E-3	5.0967E-1
1.2800E-4	9.0332E-3	5.3369E-1
1.2900E-4	9.5215E-3	5.6040E-1
1.3000E-4	1.0010E-2	5.8872E-1
1.3100E-4	1.0010E-2	6.1704E-1
1.3200E-4	9.2773E-3	6.4248E-1
1.3300E-4	9.5215E-3	6.6650E-1
1.3400E-4	9.7656E-3	6.8765E-1
1.3500E-4	9.5215E-3	7.0459E-1
1.3600E-4	1.0498E-2	7.1680E-1
1.3700E-4	1.0254E-2	7.2554E-1
1.3800E-4	9.2773E-3	7.2725E-1
1.3900E-4	9.5215E-3	7.2368E-1
1.4000E-4	9.2773E-3	7.1665E-1
1.4100E-4	9.5215E-3	7.0596E-1
1.4200E-4	9.5215E-3	6.9292E-1
1.4300E-4	9.7656E-3	6.7954E-1
1.4400E-4	9.2773E-3	6.6689E-1
1.4500E-4	9.2773E-3	6.5312E-1
1.4600E-4	9.5215E-3	6.4058E-1
1.4700E-4	1.0010E-2	6.2695E-1
1.4800E-4	9.5215E-3	6.1470E-1
1.4900E-4	9.5215E-3	6.0679E-1
1.5000E-4	9.7656E-3	6.0283E-1
1.5100E-4	1.0010E-2	6.0166E-1
1.5200E-4	9.7656E-3	6.0308E-1
1.5300E-4	9.0332E-3	6.0322E-1
1.5400E-4	1.0010E-2	6.0313E-1
1.5500E-4	9.2773E-3	6.0337E-1
1.5600E-4	9.2773E-3	6.0264E-1
1.5700E-4	9.2773E-3	6.0405E-1
1.5800E-4	9.2773E-3	6.0908E-1
1.5900E-4	9.0332E-3	6.1338E-1
1.6000E-4	9.0332E-3	6.1577E-1
1.6100E-4	9.2773E-3	6.1855E-1
1.6200E-4	9.5215E-3	6.2178E-1
1.6300E-4	9.5215E-3	6.2607E-1
1.6400E-4	1.0010E-2	6.3374E-1
1.6500E-4	9.7656E-3	6.4551E-1
1.6600E-4	9.0332E-3	6.5972E-1
1.6700E-4	9.2773E-3	6.7275E-1
1.6800E-4	1.0010E-2	6.8403E-1
1.6900E-4	9.5215E-3	6.9370E-1
1.7000E-4	9.2773E-3	7.0034E-1
1.7100E-4	9.5215E-3	7.0386E-1
1.7200E-4	9.2773E-3	7.0532E-1
1.7300E-4	9.5215E-3	7.0630E-1
1.7400E-4	9.7656E-3	7.0420E-1
1.7500E-4	1.0010E-2	7.0088E-1
1.7600E-4	9.5215E-3	6.9282E-1
1.7700E-4	9.7656E-3	6.8223E-1
1.7800E-4	9.7656E-3	6.6895E-1
1.7900E-4	9.2773E-3	6.5537E-1
1.8000E-4	9.7656E-3	6.3931E-1
1.8100E-4	9.7656E-3	6.2549E-1
1.8200E-4	9.5215E-3	6.1265E-1
1.8300E-4	9.2773E-3	6.0156E-1
1.8400E-4	9.2773E-3	5.8892E-1
1.8500E-4	9.5215E-3	5.7798E-1
1.8600E-4	1.0010E-2	5.6807E-1
1.8700E-4	9.5215E-3	5.6167E-1
1.8800E-4	9.2773E-3	5.5386E-1
1.8900E-4	9.7656E-3	5.4927E-1
1.9000E-4	9.0332E-3	5.4902E-1
1.9100E-4	1.0254E-2	5.5425E-1
1.9200E-4	9.7656E-3	5.6304E-1
1.9300E-4	1.0254E-2	5.7832E-1
1.9400E-4	9.2773E-3	5.9766E-1
1.9500E-4	1.0010E-2	6.1968E-1
1.9600E-4	9.7656E-3	6.4263E-1
1.9700E-4	1.0010E-2	6.6396E-1
1.9800E-4	9.7656E-3	6.8359E-1
1.9900E-4	1.0010E-2	7.0093E-1
2.0000E-4	9.7656E-3	7.1284E-1
2.0100E-4	9.2773E-3	7.1890E-1
2.0200E-4	9.0332E-3	7.2090E-1
2.0300E-4	9.5215E-3	7.1997E-1
2.0400E-4	9.5215E-3	7.1626E-1
2.0500E-4	9.0332E-3	7.1187E-1
2.0600E-4	1.0010E-2	7.0410E-1
2.0700E-4	1.0010E-2	6.9214E-1
2.0800E-4	9.7656E-3	6.7690E-1
2.0900E-4	9.2773E-3	6.5884E-1
2.1000E-4	1.0010E-2	6.3687E-1
2.1100E-4	9.5215E-3	6.1387E-1
2.1200E-4	1.0254E-2	5.9106E-1
2.1300E-4	9.7656E-3	5.6714E-1
2.1400E-4	1.0498E-2	5.4419E-1
2.1500E-4	9.5215E-3	5.2412E-1
2.1600E-4	9.7656E-3	5.0908E-1
2.1700E-4	9.0332E-3	5.0010E-1
2.1800E-4	9.7656E-3	4.9912E-1
2.1900E-4	8.3008E-3	5.0112E-1
2.2000E-4	9.0332E-3	5.0776E-1
2.2100E-4	9.5215E-3	5.2065E-1
2.2200E-4	1.0010E-2	5.3867E-1
2.2300E-4	1.0010E-2	5.5723E-1
2.2400E-4	9.5215E-3	5.8271E-1
2.2500E-4	9.5215E-3	6.1416E-1
2.2600E-4	9.5215E-3	6.4600E-1
2.2700E-4	1.0010E-2	6.7603E-1
2.2800E-4	9.7656E-3	7.0386E-1
2.2900E-4	9.5215E-3	7.2627E-1
2.3000E-4	9.7656E-3	7.3779E-1
2.3100E-4	9.7656E-3	7.4033E-1
2.3200E-4	9.2773E-3	7.3384E-1
2.3300E-4	9.7656E-3	7.2129E-1
2.3400E-4	9.5215E-3	7.0195E-1
2.3500E-4	9.2773E-3	6.8281E-1
2.3600E-4	9.5215E-3	6.6167E-1
2.3700E-4	9.5215E-3	6.3872E-1
2.3800E-4	9.7656E-3	6.1685E-1
2.3900E-4	9.2773E-3	5.9404E-1
2.4000E-4	1.0010E-2	5.7021E-1
2.4100E-4	1.0254E-2	5.4644E-1
2.4200E-4	9.7656E-3	5.2559E-1
2.4300E-4	9.5215E-3	5.0693E-1
2.4400E-4	9.5215E-3	4.9346E-1
2.4500E-4	9.2773E-3	4.8403E-1
2.4600E-4	9.5215E-3	4.8169E-1
2.4700E-4	1.0010E-2	4.8530E-1
2.4800E-4	9.2773E-3	4.9277E-1
2.4900E-4	1.0010E-2	5.0479E-1
2.5000E-4	9.7656E-3	5.2256E-1
2.5100E-4	9.7656E-3	5.4287E-1
2.5200E-4	9.5215E-3	5.6685E-1
2.5300E-4	9.7656E-3	5.9443E-1
2.5400E-4	9.5215E-3	6.2446E-1
2.5500E-4	1.0498E-2	6.5322E-1
2.5600E-4	9.5215E-3	6.7983E-1
2.5700E-4	9.5215E-3	7.0200E-1
2.5800E-4	9.2773E-3	7.1611E-1
2.5900E-4	9.2773E-3	7.2080E-1
2.6000E-4	9.2773E-3	7.2031E-1
2.6100E-4	9.7656E-3	7.1450E-1
2.6200E-4	9.5215E-3	7.0430E-1
2.6300E-4	9.2773E-3	6.9351E-1
2.6400E-4	9.2773E-3	6.8159E-1
2.6500E-4	1.0010E-2	6.6484E-1
2.6600E-4	9.7656E-3	6.4487E-1
2.6700E-4	1.0010E-2	6.1982E-1
2.6800E-4	9.5215E-3	5.9111E-1
2.6900E-4	9.2773E-3	5.6187E-1
2.7000E-4	1.0010E-2	5.3354E-1
2.7100E-4	9.7656E-3	5.0913E-1
2.7200E-4	1.0254E-2	4.9214E-1
2.7300E-4	1.0254E-2	4.8198E-1
2.7400E-4	9.2773E-3	4.7954E-1
2.7500E-4	9.5215E-3	4.8306E-1
2.7600E-4	9.2773E-3	4.9131E-1
2.7700E-4	9.2773E-3	5.0151E-1
2.7800E-4	9.5215E-3	5.1519E-1
2.7900E-4	1.0010E-2	5.3125E-1
2.8000E-4	1.0254E-2	5.5044E-1
2.8100E-4	9.7656E-3	5.7383E-1
2.8200E-4	9.5215E-3	6.0220E-1
2.8300E-4	9.5215E-3	6.3184E-1
2.8400E-4	8.5449E-3	6.6011E-1
2.8500E-4	9.0332E-3	6.8638E-1
2.8600E-4	9.5215E-3	7.0806E-1
2.8700E-4	9.7656E-3	7.2334E-1
2.8800E-4	9.2773E-3	7.3438E-1
2.8900E-4	9.5215E-3	7.3945E-1
2.9000E-4	9.5215E-3	7.3926E-1
2.9100E-4	9.7656E-3	7.3076E-1
2.9200E-4	9.5215E-3	7.1841E-1
2.9300E-4	9.2773E-3	7.0029E-1
2.9400E-4	9.2773E-3	6.7817E-1
2.9500E-4	9.7656E-3	6.5635E-1
2.9600E-4	9.7656E-3	6.3613E-1
2.9700E-4	9.7656E-3	6.1704E-1
2.9800E-4	9.2773E-3	6.0078E-1
2.9900E-4	9.7656E-3	5.8892E-1
3.0000E-4	9.5215E-3	5.7773E-1
3.0100E-4	1.0010E-2	5.6938E-1
3.0200E-4	1.0498E-2	5.6191E-1
3.0300E-4	9.7656E-3	5.5786E-1
3.0400E-4	9.7656E-3	5.5771E-1
3.0500E-4	9.5215E-3	5.6187E-1
3.0600E-4	9.7656E-3	5.6904E-1
3.0700E-4	9.5215E-3	5.8154E-1
3.0800E-4	9.7656E-3	5.9556E-1
3.0900E-4	9.5215E-3	6.1108E-1
3.1000E-4	9.5215E-3	6.2671E-1
3.1100E-4	9.7656E-3	6.4375E-1
3.1200E-4	9.2773E-3	6.5942E-1
3.1300E-4	9.7656E-3	6.7490E-1
3.1400E-4	9.7656E-3	6.8857E-1
3.1500E-4	9.7656E-3	7.0093E-1
3.1600E-4	1.0010E-2	7.1011E-1
3.1700E-4	9.7656E-3	7.1450E-1
3.1800E-4	9.5215E-3	7.1484E-1
3.1900E-4	9.7656E-3	7.1138E-1
3.2000E-4	9.7656E-3	7.0503E-1
3.2100E-4	9.5215E-3	6.9624E-1
3.2200E-4	1.0254E-2	6.8823E-1
3.2300E-4	1.0254E-2	6.8071E-1
3.2400E-4	1.0010E-2	6.7324E-1
3.2500E-4	9.5215E-3	6.6567E-1
3.2600E-4	1.0010E-2	6.6084E-1
3.2700E-4	1.0254E-2	6.5488E-1
3.2800E-4	9.0332E-3	6.4722E-1
3.2900E-4	9.5215E-3	6.4097E-1
3.3000E-4	9.2773E-3	6.3154E-1
3.3100E-4	1.0010E-2	6.2046E-1
3.3200E-4	9.5215E-3	6.1006E-1
3.3300E-4	9.7656E-3	6.0073E-1
3.3400E-4	9.7656E-3	5.9082E-1
3.3500E-4	9.5215E-3	5.8398E-1
3.3600E-4	1.0010E-2	5.7813E-1
3.3700E-4	9.5215E-3	5.7441E-1
3.3800E-4	9.5215E-3	5.7251E-1
3.3900E-4	1.0254E-2	5.7314E-1
3.4000E-4	9.0332E-3	5.7412E-1
3.4100E-4	1.0254E-2	5.7637E-1
3.4200E-4	1.0010E-2	5.8135E-1
3.4300E-4	1.0254E-2	5.8828E-1
3.4400E-4	1.0010E-2	5.9658E-1
3.4500E-4	9.7656E-3	6.0884E-1
3.4600E-4	9.5215E-3	6.2505E-1
3.4700E-4	1.0010E-2	6.4526E-1
3.4800E-4	1.0254E-2	6.6807E-1
3.4900E-4	9.2773E-3	6.9175E-1
3.5000E-4	9.0332E-3	7.1323E-1
3.5100E-4	9.5215E-3	7.2949E-1
3.5200E-4	9.0332E-3	7.3916E-1
3.5300E-4	9.5215E-3	7.4233E-1
3.5400E-4	9.5215E-3	7.3906E-1
3.5500E-4	1.0010E-2	7.3110E-1
3.5600E-4	9.0332E-3	7.2119E-1
3.5700E-4	8.7891E-3	7.0845E-1
3.5800E-4	9.5215E-3	6.9414E-1
3.5900E-4	9.5215E-3	6.7827E-1
3.6000E-4	1.0010E-2	6.6079E-1
3.6100E-4	9.5215E-3	6.4048E-1
3.6200E-4	9.7656E-3	6.1558E-1
3.6300E-4	1.0498E-2	5.8735E-1
3.6400E-4	9.7656E-3	5.5879E-1
3.6500E-4	9.5215E-3	5.3208E-1
3.6600E-4	8.7891E-3	5.0693E-1
3.6700E-4	9.5215E-3	4.8789E-1
3.6800E-4	9.2773E-3	4.7417E-1
3.6900E-4	9.0332E-3	4.6748E-1
3.7000E-4	9.7656E-3	4.6689E-1
3.7100E-4	1.0010E-2	4.7285E-1
3.7200E-4	9.0332E-3	4.8657E-1
3.7300E-4	1.0010E-2	5.0537E-1
3.7400E-4	9.7656E-3	5.2686E-1
3.7500E-4	9.2773E-3	5.5396E-1
3.7600E-4	9.5215E-3	5.8643E-1
3.7700E-4	9.5215E-3	6.2217E-1
3.7800E-4	9.5215E-3	6.6182E-1
3.7900E-4	9.5215E-3	7.0532E-1
3.8000E-4	1.0010E-2	7.4346E-1
3.8100E-4	9.7656E-3	7.7187E-1
3.8200E-4	9.2773E-3	7.8882E-1
3.8300E-4	1.0010E-2	7.9106E-1
3.8400E-4	9.7656E-3	7.7852E-1
3.8500E-4	9.5215E-3	7.5503E-1
3.8600E-4	9.2773E-3	7.2495E-1
3.8700E-4	1.0010E-2	6.8618E-1
3.8800E-4	9.2773E-3	6.4370E-1
3.8900E-4	9.5215E-3	5.9595E-1
3.9000E-4	9.2773E-3	5.4688E-1
3.9100E-4	1.0010E-2	4.9819E-1
3.9200E-4	9.5215E-3	4.5537E-1
3.9300E-4	9.2773E-3	4.2012E-1
3.9400E-4	9.0332E-3	3.9531E-1
3.9500E-4	9.2773E-3	3.7915E-1
3.9600E-4	8.5449E-3	3.7383E-1
3.9700E-4	9.5215E-3	3.7534E-1
3.9800E-4	9.5215E-3	3.8311E-1
3.9900E-4	1.0010E-2	3.9551E-1
4.0000E-4	9.2773E-3	4.1216E-1
4.0100E-4	1.0254E-2	4.2974E-1
4.0200E-4	9.5215E-3	4.5215E-1
4.0300E-4	9.2773E-3	4.7856E-1
4.0400E-4	9.2773E-3	5.1035E-1
4.0500E-4	9.2773E-3	5.5269E-1
4.0600E-4	9.0332E-3	6.0522E-1
4.0700E-4	9.5215E-3	6.6196E-1
4.0800E-4	9.0332E-3	7.1523E-1
4.0900E-4	9.5215E-3	7.6001E-1
4.1000E-4	9.7656E-3	7.8706E-1
4.1100E-4	9.7656E-3	7.9521E-1
4.1200E-4	1.0010E-2	7.8267E-1
4.1300E-4	1.0010E-2	7.5391E-1
4.1400E-4	9.2773E-3	7.1016E-1
4.1500E-4	9.5215E-3	6.5557E-1
4.1600E-4	9.5215E-3	5.9478E-1
4.1700E-4	9.7656E-3	5.3071E-1
4.1800E-4	9.7656E-3	4.6846E-1
4.1900E-4	9.7656E-3	4.1191E-1
4.2000E-4	9.7656E-3	3.6733E-1
4.2100E-4	9.2773E-3	3.3096E-1
4.2200E-4	9.0332E-3	3.0659E-1
4.2300E-4	9.7656E-3	2.9468E-1
4.2400E-4	9.7656E-3	2.9502E-1
4.2500E-4	9.7656E-3	3.0117E-1
4.2600E-4	9.0332E-3	3.1445E-1
4.2700E-4	9.5215E-3	3.3345E-1
4.2800E-4	9.0332E-3	3.5693E-1
4.2900E-4	9.5215E-3	3.8154E-1
4.3000E-4	9.7656E-3	4.0991E-1
4.3100E-4	9.2773E-3	4.4092E-1
4.3200E-4	1.0010E-2	4.7622E-1
4.3300E-4	9.0332E-3	5.1602E-1
4.3400E-4	8.7891E-3	5.6597E-1
4.3500E-4	1.0010E-2	6.2373E-1
4.3600E-4	9.2773E-3	6.8359E-1
4.3700E-4	9.7656E-3	7.3833E-1
4.3800E-4	9.5215E-3	7.8052E-1
4.3900E-4	9.2773E-3	7.9990E-1
4.4000E-4	9.5215E-3	7.9126E-1
4.4100E-4	1.0010E-2	7.5581E-1
4.4200E-4	8.5449E-3	6.9780E-1
4.4300E-4	9.5215E-3	6.2305E-1
4.4400E-4	9.2773E-3	5.4121E-1
4.4500E-4	9.5215E-3	4.5820E-1
4.4600E-4	9.0332E-3	3.8379E-1
4.4700E-4	9.2773E-3	3.2334E-1
4.4800E-4	1.0010E-2	2.7930E-1
4.4900E-4	1.0498E-2	2.4961E-1
4.5000E-4	9.7656E-3	2.3413E-1
4.5100E-4	9.7656E-3	2.2744E-1
4.5200E-4	9.2773E-3	2.2686E-1
4.5300E-4	1.0254E-2	2.3145E-1
4.5400E-4	9.2773E-3	2.4033E-1
4.5500E-4	9.7656E-3	2.5356E-1
4.5600E-4	9.7656E-3	2.7256E-1
4.5700E-4	1.0010E-2	2.9473E-1
4.5800E-4	9.5215E-3	3.2339E-1
4.5900E-4	9.5215E-3	3.5835E-1
4.6000E-4	1.0254E-2	4.0195E-1
4.6100E-4	9.7656E-3	4.5459E-1
4.6200E-4	9.7656E-3	5.1934E-1
4.6300E-4	1.0254E-2	5.9102E-1
4.6400E-4	9.0332E-3	6.6343E-1
4.6500E-4	1.0010E-2	7.2705E-1
4.6600E-4	1.0254E-2	7.6816E-1
4.6700E-4	9.2773E-3	7.7539E-1
4.6800E-4	9.2773E-3	7.4326E-1
4.6900E-4	1.0254E-2	6.7681E-1
4.7000E-4	1.0010E-2	5.8291E-1
4.7100E-4	9.7656E-3	4.7642E-1
4.7200E-4	1.0254E-2	3.7134E-1
4.7300E-4	1.0254E-2	2.7480E-1
4.7400E-4	1.0010E-2	1.9043E-1
4.7500E-4	9.5215E-3	1.2393E-1
4.7600E-4	1.0010E-2	7.4463E-2
4.7700E-4	9.5215E-3	3.9551E-2
4.7800E-4	1.0010E-2	1.7334E-2
4.7900E-4	9.5215E-3	5.2734E-3
4.8000E-4	9.2773E-3	-1.7578E-3
4.8100E-4	1.0498E-2	-6.1523E-3
4.8200E-4	1.0010E-2	-1.1084E-2
4.8300E-4	9.0332E-3	-1.6602E-2
4.8400E-4	9.2773E-3	-1.9336E-2
4.8500E-4	1.0010E-2	-2.0020E-2
4.8600E-4	9.2773E-3	-1.9434E-2
4.8700E-4	1.0254E-2	-1.6992E-2
4.8800E-4	9.2773E-3	-1.3330E-2
4.8900E-4	9.5215E-3	-1.2109E-2
4.9000E-4	9.0332E-3	-1.2842E-2
4.9100E-4	9.7656E-3	-1.7529E-2
4.9200E-4	9.2773E-3	-2.1973E-2
4.9300E-4	9.7656E-3	-2.4170E-2
4.9400E-4	9.5215E-3	-2.6123E-2
4.9500E-4	9.7656E-3	-2.9639E-2
4.9600E-4	9.5215E-3	-2.9102E-2
4.9700E-4	9.2773E-3	-2.8271E-2
4.9800E-4	9.7656E-3	-3.0127E-2
4.9900E-4	9.7656E-3	-3.0127E-2
5.0000E-4	9.5215E-3	-2.6025E-2
5.0100E-4	1.0254E-2	-2.1875E-2
5.0200E-4	9.0332E-3	-1.9727E-2
5.0300E-4	9.0332E-3	-1.6504E-2
5.0400E-4	9.2773E-3	-1.3867E-2
5.0500E-4	1.0010E-2	-1.2109E-2
5.0600E-4	9.0332E-3	-9.4727E-3
5.0700E-4	9.2773E-3	-2.6367E-3
5.0800E-4	9.5215E-3	5.2734E-3
5.0900E-4	1.0010E-2	1.5381E-2
5.1000E-4	1.0010E-2	2.4854E-2
5.1100E-4	9.0332E-3	3.6914E-2
5.1200E-4	9.2773E-3	5.0928E-2
5.1300E-4	1.0010E-2	7.0459E-2
5.1400E-4	9.7656E-3	9.4482E-2
5.1500E-4	9.7656E-3	1.2563E-1
5.1600E-4	9.7656E-3	1.6509E-1
5.1700E-4	9.2773E-3	2.1553E-1
5.1800E-4	9.5215E-3	2.7866E-1
5.1900E-4	9.7656E-3	3.5513E-1
5.2000E-4	9.5215E-3	4.4995E-1
5.2100E-4	9.5215E-3	5.5776E-1
5.2200E-4	9.0332E-3	6.6655E-1
5.2300E-4	1.0010E-2	7.6108E-1
5.2400E-4	9.7656E-3	8.2900E-1
5.2500E-4	9.7656E-3	8.5576E-1
5.2600E-4	9.5215E-3	8.3447E-1
5.2700E-4	9.5215E-3	7.7266E-1
5.2800E-4	9.5215E-3	6.8418E-1
5.2900E-4	9.5215E-3	5.8149E-1
5.3000E-4	9.7656E-3	4.7729E-1
5.3100E-4	1.0010E-2	3.8374E-1
5.3200E-4	9.5215E-3	3.0586E-1
5.3300E-4	9.7656E-3	2.4678E-1
5.3400E-4	9.5215E-3	2.0718E-1
5.3500E-4	9.5215E-3	1.8501E-1
5.3600E-4	9.7656E-3	1.7891E-1
5.3700E-4	9.5215E-3	1.8325E-1
5.3800E-4	9.7656E-3	1.9404E-1
5.3900E-4	1.0010E-2	2.0864E-1
5.4000E-4	9.2773E-3	2.2935E-1
5.4100E-4	1.0010E-2	2.5186E-1
5.4200E-4	9.7656E-3	2.8013E-1
5.4300E-4	9.2773E-3	3.1426E-1
5.4400E-4	9.2773E-3	3.5698E-1
5.4500E-4	9.2773E-3	4.0591E-1
5.4600E-4	1.0010E-2	4.6509E-1
5.4700E-4	9.7656E-3	5.3452E-1
5.4800E-4	9.2773E-3	6.1328E-1
5.4900E-4	9.5215E-3	6.9507E-1
5.5000E-4	9.2773E-3	7.6890E-1
5.5100E-4	9.2773E-3	8.2583E-1
5.5200E-4	9.2773E-3	8.5420E-1
5.5300E-4	1.0498E-2	8.5005E-1
5.5400E-4	1.0010E-2	8.1323E-1
5.5500E-4	9.7656E-3	7.5293E-1
5.5600E-4	9.2773E-3	6.7432E-1
5.5700E-4	9.7656E-3	5.8940E-1
5.5800E-4	9.0332E-3	5.0552E-1
5.5900E-4	9.7656E-3	4.3110E-1
5.6000E-4	9.5215E-3	3.7173E-1
5.6100E-4	9.5215E-3	3.2607E-1
5.6200E-4	9.5215E-3	2.9678E-1
5.6300E-4	9.2773E-3	2.7852E-1
5.6400E-4	9.7656E-3	2.7002E-1
5.6500E-4	9.7656E-3	2.6929E-1
5.6600E-4	9.0332E-3	2.7866E-1
5.6700E-4	9.7656E-3	2.9238E-1
5.6800E-4	9.5215E-3	3.1313E-1
5.6900E-4	9.7656E-3	3.3906E-1
5.7000E-4	1.0010E-2	3.6851E-1
5.7100E-4	9.7656E-3	4.0366E-1
5.7200E-4	9.5215E-3	4.4849E-1
5.7300E-4	9.2773E-3	4.9932E-1
5.7400E-4	9.7656E-3	5.5830E-1
5.7500E-4	9.5215E-3	6.2285E-1
5.7600E-4	9.5215E-3	6.8950E-1
5.7700E-4	9.5215E-3	7.4912E-1
5.7800E-4	9.7656E-3	7.9824E-1
5.7900E-4	1.0254E-2	8.2993E-1
5.8000E-4	9.7656E-3	8.3965E-1
5.8100E-4	9.7656E-3	8.2544E-1
5.8200E-4	9.7656E-3	7.9067E-1
5.8300E-4	9.0332E-3	7.3955E-1
5.8400E-4	1.0010E-2	6.7651E-1
5.8500E-4	1.0010E-2	6.0942E-1
5.8600E-4	9.5215E-3	5.4238E-1
5.8700E-4	9.5215E-3	4.8130E-1
5.8800E-4	9.2773E-3	4.2964E-1
5.8900E-4	9.2773E-3	3.9043E-1
5.9000E-4	9.5215E-3	3.6406E-1
5.9100E-4	1.0254E-2	3.4868E-1
5.9200E-4	9.5215E-3	3.4336E-1
5.9300E-4	9.7656E-3	3.4775E-1
5.9400E-4	9.5215E-3	3.5732E-1
5.9500E-4	9.5215E-3	3.7168E-1
5.9600E-4	1.0254E-2	3.9189E-1
5.9700E-4	9.7656E-3	4.1577E-1
5.9800E-4	9.5215E-3	4.4297E-1
5.9900E-4	9.5215E-3	4.7490E-1
6.0000E-4	9.5215E-3	5.1157E-1
6.0100E-4	9.7656E-3	5.5449E-1
6.0200E-4	9.5215E-3	6.0161E-1
6.0300E-4	9.7656E-3	6.5156E-1
6.0400E-4	9.2773E-3	7.0107E-1
6.0500E-4	9.5215E-3	7.4609E-1
6.0600E-4	9.2773E-3	7.8145E-1
6.0700E-4	1.0010E-2	8.0327E-1
6.0800E-4	9.2773E-3	8.1069E-1
6.0900E-4	1.0010E-2	8.0190E-1
6.1000E-4	9.2773E-3	7.8164E-1
6.1100E-4	9.5215E-3	7.4883E-1
6.1200E-4	1.0010E-2	7.0942E-1
6.1300E-4	9.5215E-3	6.6768E-1
6.1400E-4	9.5215E-3	6.2749E-1
6.1500E-4	9.7656E-3	5.8740E-1
6.1600E-4	9.2773E-3	5.5146E-1
6.1700E-4	9.7656E-3	5.2026E-1
6.1800E-4	9.2773E-3	4.9331E-1
6.1900E-4	9.5215E-3	4.7344E-1
6.2000E-4	9.2773E-3	4.6104E-1
6.2100E-4	9.0332E-3	4.5625E-1
6.2200E-4	9.7656E-3	4.5903E-1
6.2300E-4	9.0332E-3	4.6743E-1
6.2400E-4	9.7656E-3	4.8076E-1
6.2500E-4	9.5215E-3	4.9688E-1
6.2600E-4	9.2773E-3	5.1914E-1
6.2700E-4	9.5215E-3	5.4409E-1
6.2800E-4	9.0332E-3	5.7266E-1
6.2900E-4	9.7656E-3	6.0283E-1
6.3000E-4	9.2773E-3	6.3486E-1
6.3100E-4	9.2773E-3	6.6709E-1
6.3200E-4	9.5215E-3	6.9800E-1
6.3300E-4	1.0010E-2	7.2480E-1
6.3400E-4	9.5215E-3	7.4678E-1
6.3500E-4	9.0332E-3	7.6318E-1
6.3600E-4	9.2773E-3	7.6846E-1
6.3700E-4	9.7656E-3	7.6509E-1
6.3800E-4	9.7656E-3	7.5537E-1
6.3900E-4	9.5215E-3	7.3823E-1
6.4000E-4	9.5215E-3	7.1519E-1
6.4100E-4	9.7656E-3	6.9033E-1
6.4200E-4	9.2773E-3	6.6343E-1
6.4300E-4	9.7656E-3	6.3584E-1
6.4400E-4	9.5215E-3	6.1011E-1
6.4500E-4	1.0010E-2	5.8916E-1
6.4600E-4	9.0332E-3	5.7158E-1
6.4700E-4	9.5215E-3	5.5977E-1
6.4800E-4	9.5215E-3	5.4902E-1
6.4900E-4	9.5215E-3	5.4331E-1
6.5000E-4	9.2773E-3	5.3760E-1
6.5100E-4	9.2773E-3	5.3491E-1
6.5200E-4	9.7656E-3	5.3589E-1
6.5300E-4	9.7656E-3	5.4121E-1
6.5400E-4	9.5215E-3	5.4688E-1
6.5500E-4	9.5215E-3	5.5547E-1
6.5600E-4	9.5215E-3	5.6509E-1
6.5700E-4	1.0010E-2	5.7500E-1
6.5800E-4	9.2773E-3	5.8774E-1
6.5900E-4	9.2773E-3	6.0015E-1
6.6000E-4	9.7656E-3	6.1250E-1
6.6100E-4	1.0010E-2	6.2500E-1
6.6200E-4	8.7891E-3	6.3623E-1
6.6300E-4	9.5215E-3	6.4614E-1
6.6400E-4	9.7656E-3	6.5542E-1
6.6500E-4	8.7891E-3	6.6406E-1
6.6600E-4	9.7656E-3	6.7295E-1
6.6700E-4	1.0498E-2	6.8218E-1
6.6800E-4	1.0010E-2	6.9087E-1
6.6900E-4	9.7656E-3	7.0132E-1
6.7000E-4	9.5215E-3	7.1211E-1
6.7100E-4	1.0010E-2	7.1909E-1
6.7200E-4	9.5215E-3	7.2339E-1
6.7300E-4	9.2773E-3	7.2529E-1
6.7400E-4	9.5215E-3	7.2056E-1
6.7500E-4	1.0498E-2	7.0923E-1
6.7600E-4	9.7656E-3	6.9463E-1
6.7700E-4	9.5215E-3	6.7554E-1
6.7800E-4	9.7656E-3	6.5557E-1
6.7900E-4	1.0010E-2	6.3613E-1
6.8000E-4	9.5215E-3	6.1831E-1
6.8100E-4	9.7656E-3	6.0298E-1
6.8200E-4	8.7891E-3	5.9009E-1
6.8300E-4	1.0254E-2	5.7734E-1
6.8400E-4	9.2773E-3	5.6606E-1
6.8500E-4	1.0010E-2	5.5728E-1
6.8600E-4	9.5215E-3	5.4937E-1
6.8700E-4	9.7656E-3	5.4409E-1
6.8800E-4	1.0010E-2	5.4121E-1
6.8900E-4	9.7656E-3	5.4150E-1
6.9000E-4	9.7656E-3	5.4473E-1
6.9100E-4	9.7656E-3	5.5234E-1
6.9200E-4	9.7656E-3	5.6343E-1
6.9300E-4	9.5215E-3	5.7744E-1
6.9400E-4	9.7656E-3	5.9438E-1
6.9500E-4	9.2773E-3	6.1567E-1
6.9600E-4	9.2773E-3	6.3979E-1
6.9700E-4	9.0332E-3	6.6738E-1
6.9800E-4	9.2773E-3	6.9619E-1
6.9900E-4	9.2773E-3	7.2544E-1
7.0000E-4	9.7656E-3	7.4780E-1
7.0100E-4	9.7656E-3	7.6436E-1
7.0200E-4	9.2773E-3	7.7202E-1
7.0300E-4	9.0332E-3	7.6997E-1
7.0400E-4	9.5215E-3	7.5938E-1
7.0500E-4	1.0010E-2	7.4087E-1
7.0600E-4	9.5215E-3	7.1714E-1
7.0700E-4	1.0254E-2	6.8643E-1
7.0800E-4	9.2773E-3	6.5356E-1
7.0900E-4	1.0010E-2	6.1934E-1
7.1000E-4	9.5215E-3	5.8730E-1
7.1100E-4	9.7656E-3	5.5503E-1
7.1200E-4	9.7656E-3	5.2622E-1
7.1300E-4	9.2773E-3	5.0308E-1
7.1400E-4	9.0332E-3	4.8623E-1
7.1500E-4	9.5215E-3	4.7710E-1
7.1600E-4	9.0332E-3	4.7710E-1
7.1700E-4	9.5215E-3	4.8530E-1
7.1800E-4	9.7656E-3	4.9658E-1
7.1900E-4	9.7656E-3	5.1138E-1
7.2000E-4	9.2773E-3	5.2837E-1
7.2100E-4	9.5215E-3	5.4517E-1
7.2200E-4	9.7656E-3	5.6563E-1
7.2300E-4	1.0010E-2	5.9072E-1
7.2400E-4	1.0010E-2	6.1841E-1
7.2500E-4	9.7656E-3	6.5039E-1
7.2600E-4	1.0498E-2	6.8540E-1
7.2700E-4	9.7656E-3	7.2158E-1
7.2800E-4	9.7656E-3	7.5532E-1
7.2900E-4	9.5215E-3	7.8638E-1
7.3000E-4	9.0332E-3	8.0776E-1
7.3100E-4	1.0010E-2	8.2007E-1
7.3200E-4	1.0010E-2	8.1763E-1
7.3300E-4	9.7656E-3	8.0376E-1
7.3400E-4	9.7656E-3	7.7935E-1
7.3500E-4	1.0254E-2	7.4790E-1
7.3600E-4	9.5215E-3	7.0918E-1
7.3700E-4	9.0332E-3	6.6997E-1
7.3800E-4	9.2773E-3	6.3101E-1
7.3900E-4	9.5215E-3	5.9219E-1
7.4000E-4	9.5215E-3	5.5547E-1
7.4100E-4	9.5215E-3	5.2607E-1
7.4200E-4	9.7656E-3	5.0220E-1
7.4300E-4	9.2773E-3	4.8169E-1
7.4400E-4	8.7891E-3	4.6934E-1
7.4500E-4	1.0010E-2	4.6265E-1
7.4600E-4	9.5215E-3	4.6133E-1
7.4700E-4	1.0010E-2	4.6743E-1
7.4800E-4	9.2773E-3	4.8032E-1
7.4900E-4	1.0010E-2	4.9854E-1
7.5000E-4	9.2773E-3	5.2368E-1
7.5100E-4	1.0010E-2	5.5220E-1
7.5200E-4	9.2773E-3	5.8379E-1
7.5300E-4	9.5215E-3	6.1924E-1
7.5400E-4	9.5215E-3	6.5620E-1
7.5500E-4	9.7656E-3	6.9238E-1
7.5600E-4	9.0332E-3	7.2842E-1
7.5700E-4	1.0010E-2	7.5913E-1
7.5800E-4	9.2773E-3	7.8428E-1
7.5900E-4	9.2773E-3	7.9800E-1
7.6000E-4	9.2773E-3	7.9966E-1
7.6100E-4	9.7656E-3	7.8970E-1
7.6200E-4	9.0332E-3	7.7046E-1
7.6300E-4	9.5215E-3	7.4272E-1
7.6400E-4	9.0332E-3	7.1064E-1
7.6500E-4	9.2773E-3	6.7744E-1
7.6600E-4	9.7656E-3	6.4146E-1
7.6700E-4	9.0332E-3	6.0522E-1
7.6800E-4	9.7656E-3	5.7139E-1
7.6900E-4	9.0332E-3	5.4224E-1
7.7000E-4	9.5215E-3	5.1934E-1
7.7100E-4	9.5215E-3	5.0327E-1
7.7200E-4	9.7656E-3	4.9458E-1
7.7300E-4	9.2773E-3	4.9341E-1
7.7400E-4	9.5215E-3	4.9702E-1
7.7500E-4	1.0010E-2	5.0562E-1
7.7600E-4	9.2773E-3	5.1851E-1
7.7700E-4	9.7656E-3	5.3413E-1
7.7800E-4	9.2773E-3	5.5220E-1
7.7900E-4	1.0010E-2	5.7383E-1
7.8000E-4	9.2773E-3	5.9829E-1
7.8100E-4	9.5215E-3	6.2671E-1
7.8200E-4	1.0254E-2	6.5933E-1
7.8300E-4	9.2773E-3	6.9287E-1
7.8400E-4	9.2773E-3	7.2544E-1
7.8500E-4	9.2773E-3	7.5283E-1
7.8600E-4	9.5215E-3	7.7324E-1
7.8700E-4	9.5215E-3	7.8257E-1
7.8800E-4	9.2773E-3	7.8276E-1
7.8900E-4	9.2773E-3	7.7412E-1
7.9000E-4	9.2773E-3	7.6021E-1
7.9100E-4	9.5215E-3	7.4126E-1
7.9200E-4	9.2773E-3	7.1978E-1
7.9300E-4	9.2773E-3	6.9746E-1
7.9400E-4	9.5215E-3	6.7324E-1
7.9500E-4	9.5215E-3	6.4692E-1
7.9600E-4	9.5215E-3	6.2090E-1
7.9700E-4	9.5215E-3	5.9712E-1
7.9800E-4	9.2773E-3	5.7471E-1
7.9900E-4	9.7656E-3	5.5698E-1
8.0000E-4	9.0332E-3	5.4287E-1
8.0100E-4	8.7891E-3	5.3379E-1
8.0200E-4	9.7656E-3	5.2944E-1
8.0300E-4	9.5215E-3	5.2905E-1
8.0400E-4	9.2773E-3	5.3286E-1
8.0500E-4	9.2773E-3	5.4204E-1
8.0600E-4	9.2773E-3	5.5190E-1
8.0700E-4	9.0332E-3	5.6382E-1
8.0800E-4	9.5215E-3	5.7983E-1
8.0900E-4	9.2773E-3	5.9409E-1
8.1000E-4	9.2773E-3	6.0742E-1
8.1100E-4	9.2773E-3	6.2319E-1
8.1200E-4	1.0010E-2	6.3901E-1
8.1300E-4	9.7656E-3	6.5225E-1
8.1400E-4	9.2773E-3	6.6904E-1
8.1500E-4	9.0332E-3	6.8691E-1
8.1600E-4	9.0332E-3	7.0156E-1
8.1700E-4	1.0010E-2	7.1421E-1
8.1800E-4	9.5215E-3	7.2344E-1
8.1900E-4	9.5215E-3	7.2842E-1
8.2000E-4	9.5215E-3	7.2993E-1
8.2100E-4	9.7656E-3	7.3115E-1
8.2200E-4	9.0332E-3	7.2993E-1
8.2300E-4	9.5215E-3	7.2749E-1
8.2400E-4	9.5215E-3	7.2139E-1
8.2500E-4	1.0010E-2	7.1177E-1
8.2600E-4	9.0332E-3	6.9922E-1
8.2700E-4	9.2773E-3	6.8447E-1
8.2800E-4	9.5215E-3	6.6787E-1
8.2900E-4	9.2773E-3	6.5146E-1
8.3000E-4	1.0010E-2	6.3647E-1
8.3100E-4	9.5215E-3	6.2222E-1
8.3200E-4	1.0254E-2	6.1074E-1
8.3300E-4	1.0254E-2	6.0210E-1
8.3400E-4	9.2773E-3	5.9507E-1
8.3500E-4	1.0254E-2	5.9028E-1
8.3600E-4	1.0010E-2	5.8545E-1
8.3700E-4	9.7656E-3	5.7964E-1
8.3800E-4	1.0010E-2	5.7329E-1
8.3900E-4	9.5215E-3	5.7041E-1
8.4000E-4	9.2773E-3	5.7173E-1
8.4100E-4	9.5215E-3	5.7661E-1
8.4200E-4	9.7656E-3	5.8618E-1
8.4300E-4	9.0332E-3	5.9766E-1
8.4400E-4	9.2773E-3	6.1089E-1
8.4500E-4	9.2773E-3	6.2466E-1
8.4600E-4	9.5215E-3	6.4434E-1
8.4700E-4	9.5215E-3	6.6646E-1
8.4800E-4	9.0332E-3	6.9038E-1
8.4900E-4	9.5215E-3	7.1318E-1
8.5000E-4	9.0332E-3	7.3164E-1
8.5100E-4	1.0010E-2	7.4268E-1
8.5200E-4	1.0010E-2	7.4570E-1
8.5300E-4	1.0010E-2	7.4321E-1
8.5400E-4	9.5215E-3	7.3574E-1
8.5500E-4	8.7891E-3	7.2593E-1
8.5600E-4	9.5215E-3	7.1440E-1
8.5700E-4	9.7656E-3	7.0083E-1
8.5800E-4	9.2773E-3	6.8501E-1
8.5900E-4	9.7656E-3	6.6528E-1
8.6000E-4	9.7656E-3	6.4009E-1
8.6100E-4	9.2773E-3	6.1177E-1
8.6200E-4	9.7656E-3	5.8052E-1
8.6300E-4	1.0010E-2	5.4995E-1
8.6400E-4	9.2773E-3	5.2305E-1
8.6500E-4	1.0010E-2	5.0078E-1
8.6600E-4	9.5215E-3	4.8223E-1
8.6700E-4	9.5215E-3	4.7271E-1
8.6800E-4	9.2773E-3	4.6924E-1
8.6900E-4	9.7656E-3	4.7007E-1
8.7000E-4	9.5215E-3	4.7671E-1
8.7100E-4	9.2773E-3	4.8765E-1
8.7200E-4	1.0010E-2	5.0029E-1
8.7300E-4	9.5215E-3	5.1772E-1
8.7400E-4	9.5215E-3	5.3877E-1
8.7500E-4	9.5215E-3	5.6519E-1
8.7600E-4	9.7656E-3	5.9883E-1
8.7700E-4	9.5215E-3	6.4053E-1
8.7800E-4	9.5215E-3	6.8511E-1
8.7900E-4	9.5215E-3	7.3032E-1
8.8000E-4	9.5215E-3	7.7021E-1
8.8100E-4	9.7656E-3	7.9688E-1
8.8200E-4	9.5215E-3	8.0937E-1
8.8300E-4	9.7656E-3	8.0713E-1
8.8400E-4	9.0332E-3	7.9199E-1
8.8500E-4	1.0498E-2	7.6387E-1
8.8600E-4	1.0254E-2	7.3159E-1
8.8700E-4	9.5215E-3	6.9292E-1
8.8800E-4	9.5215E-3	6.5015E-1
8.8900E-4	9.2773E-3	6.0430E-1
8.9000E-4	9.0332E-3	5.5864E-1
8.9100E-4	9.7656E-3	5.1133E-1
8.9200E-4	9.5215E-3	4.6914E-1
8.9300E-4	9.5215E-3	4.3325E-1
8.9400E-4	9.5215E-3	4.0684E-1
8.9500E-4	1.0010E-2	3.9087E-1
8.9600E-4	9.2773E-3	3.8535E-1
8.9700E-4	9.5215E-3	3.8403E-1
8.9800E-4	1.0254E-2	3.8682E-1
8.9900E-4	9.2773E-3	3.9341E-1
9.0000E-4	9.7656E-3	4.0693E-1
9.0100E-4	9.2773E-3	4.2661E-1
9.0200E-4	9.5215E-3	4.5479E-1
9.0300E-4	1.0010E-2	4.9219E-1
9.0400E-4	9.5215E-3	5.3770E-1
9.0500E-4	9.2773E-3	5.8545E-1
9.0600E-4	9.5215E-3	6.3887E-1
9.0700E-4	9.7656E-3	6.9502E-1
9.0800E-4	9.2773E-3	7.4717E-1
9.0900E-4	9.7656E-3	7.8599E-1
9.1000E-4	9.7656E-3	8.0962E-1
9.1100E-4	1.0254E-2	8.1372E-1
9.1200E-4	9.5215E-3	7.9854E-1
9.1300E-4	1.0010E-2	7.6533E-1
9.1400E-4	9.2773E-3	7.1909E-1
9.1500E-4	9.7656E-3	6.6377E-1
9.1600E-4	9.5215E-3	5.9844E-1
9.1700E-4	9.7656E-3	5.2744E-1
9.1800E-4	9.2773E-3	4.5928E-1
9.1900E-4	1.0010E-2	4.0068E-1
9.2000E-4	9.5215E-3	3.5396E-1
9.2100E-4	9.5215E-3	3.2275E-1
9.2200E-4	9.5215E-3	3.0420E-1
9.2300E-4	9.7656E-3	2.9575E-1
9.2400E-4	9.7656E-3	2.9531E-1
9.2500E-4	9.2773E-3	3.0088E-1
9.2600E-4	9.5215E-3	3.1104E-1
9.2700E-4	1.0010E-2	3.2866E-1
9.2800E-4	9.7656E-3	3.5020E-1
9.2900E-4	9.5215E-3	3.7607E-1
9.3000E-4	9.5215E-3	4.0396E-1
9.3100E-4	9.7656E-3	4.3511E-1
9.3200E-4	1.0498E-2	4.7041E-1
9.3300E-4	1.0254E-2	5.1309E-1
9.3400E-4	9.5215E-3	5.6265E-1
9.3500E-4	1.0010E-2	6.2026E-1
9.3600E-4	9.2773E-3	6.7915E-1
9.3700E-4	9.7656E-3	7.3110E-1
9.3800E-4	9.7656E-3	7.6753E-1
9.3900E-4	9.5215E-3	7.8408E-1
9.4000E-4	1.0254E-2	7.7441E-1
9.4100E-4	9.7656E-3	7.3809E-1
9.4200E-4	9.7656E-3	6.7920E-1
9.4300E-4	9.5215E-3	6.0708E-1
9.4400E-4	9.2773E-3	5.2700E-1
9.4500E-4	9.7656E-3	4.4863E-1
9.4600E-4	9.2773E-3	3.8062E-1
9.4700E-4	9.5215E-3	3.2563E-1
9.4800E-4	9.5215E-3	2.8330E-1
9.4900E-4	9.7656E-3	2.5420E-1
9.5000E-4	9.2773E-3	2.3691E-1
9.5100E-4	1.0010E-2	2.2598E-1
9.5200E-4	9.2773E-3	2.2134E-1
9.5300E-4	9.7656E-3	2.2334E-1
9.5400E-4	9.2773E-3	2.2969E-1
9.5500E-4	9.0332E-3	2.4082E-1
9.5600E-4	9.5215E-3	2.5781E-1
9.5700E-4	9.7656E-3	2.8027E-1
9.5800E-4	9.7656E-3	3.1001E-1
9.5900E-4	9.7656E-3	3.4692E-1
9.6000E-4	9.7656E-3	3.8994E-1
9.6100E-4	9.7656E-3	4.4238E-1
9.6200E-4	9.5215E-3	5.0239E-1
9.6300E-4	1.0010E-2	5.6558E-1
9.6400E-4	9.5215E-3	6.2944E-1
9.6500E-4	9.7656E-3	6.8521E-1
9.6600E-4	9.0332E-3	7.2256E-1
9.6700E-4	9.0332E-3	7.3423E-1
9.6800E-4	9.0332E-3	7.1484E-1
9.6900E-4	1.0010E-2	6.6328E-1
9.7000E-4	9.5215E-3	5.8716E-1
9.7100E-4	9.7656E-3	4.9766E-1
9.7200E-4	9.0332E-3	4.0557E-1
9.7300E-4	9.2773E-3	3.1929E-1
9.7400E-4	9.2773E-3	2.4268E-1
9.7500E-4	1.0010E-2	1.7896E-1
9.7600E-4	9.7656E-3	1.2881E-1
9.7700E-4	9.7656E-3	9.0527E-2
9.7800E-4	1.0254E-2	6.1621E-2
9.7900E-4	9.5215E-3	4.1162E-2
9.8000E-4	9.2773E-3	2.7881E-2
9.8100E-4	9.0332E-3	1.7432E-2
9.8200E-4	9.2773E-3	8.7402E-3
9.8300E-4	9.5215E-3	2.8320E-3
9.8400E-4	1.0010E-2	0.0000E+0
9.8500E-4	9.2773E-3	-2.7832E-3
9.8600E-4	9.7656E-3	-3.9062E-3
9.8700E-4	1.0254E-2	-5.3711E-3
9.8800E-4	9.5215E-3	-7.6172E-3
9.8900E-4	9.7656E-3	-1.0010E-2
9.9000E-4	9.2773E-3	-1.1816E-2
9.9100E-4	9.2773E-3	-1.1865E-2
9.9200E-4	9.2773E-3	-8.1055E-3
9.9300E-4	1.0010E-2	-4.4434E-3
9.9400E-4	9.5215E-3	-1.4648E-3
9.9500E-4	9.5215E-3	2.4414E-3
9.9600E-4	1.0254E-2	2.8320E-3
9.9700E-4	9.7656E-3	9.7656E-4
9.9800E-4	9.7656E-3	9.7656E-4
9.9900E-4	1.0010E-2	9.7656E-4
