Time [s]	Aux in [V]	Main in [V]
0.0000E+0	9.2773E-3	1.0693E-2
1.0000E-6	9.5215E-3	-6.3477E-4
2.0000E-6	9.7656E-3	-1.3428E-2
3.0000E-6	9.2773E-3	-2.6514E-2
4.0000E-6	9.2773E-3	-3.2861E-2
5.0000E-6	9.5215E-3	-3.6816E-2
6.0000E-6	9.7656E-3	-3.7793E-2
7.0000E-6	9.7656E-3	-3.6963E-2
8.0000E-6	1.0010E-2	-3.3789E-2
9.0000E-6	1.0254E-2	-3.0957E-2
1.0000E-5	1.0498E-2	-2.7783E-2
1.1000E-5	9.5215E-3	-2.7148E-2
1.2000E-5	9.7656E-3	-2.6270E-2
1.3000E-5	9.5215E-3	-2.8418E-2
1.4000E-5	9.5215E-3	-3.0176E-2
1.5000E-5	9.0332E-3	-3.0371E-2
1.6000E-5	9.5215E-3	-2.6855E-2
1.7000E-5	1.0010E-2	-2.5635E-2
1.8000E-5	1.0010E-2	-2.4463E-2
1.9000E-5	9.5215E-3	-2.4561E-2
2.0000E-5	9.5215E-3	-2.7002E-2
2.1000E-5	9.5215E-3	-3.1104E-2
2.2000E-5	9.7656E-3	-3.0322E-2
2.3000E-5	9.5215E-3	-2.7002E-2
2.4000E-5	9.7656E-3	-2.3437E-2
2.5000E-5	9.2773E-3	-2.0557E-2
2.6000E-5	9.5215E-3	-1.8506E-2
2.7000E-5	1.0010E-2	-1.9824E-2
2.8000E-5	9.5215E-3	-2.1484E-2
2.9000E-5	9.5215E-3	-2.2559E-2
3.0000E-5	9.2773E-3	-2.1436E-2
3.1000E-5	1.0010E-2	-1.6309E-2
3.2000E-5	9.5215E-3	-9.1309E-3
3.3000E-5	1.0254E-2	4.8828E-5
3.4000E-5	9.7656E-3	1.2842E-2
3.5000E-5	9.5215E-3	3.2129E-2
3.6000E-5	9.5215E-3	5.5957E-2
3.7000E-5	9.7656E-3	8.4912E-2
3.8000E-5	9.5215E-3	1.2031E-1
3.9000E-5	9.5215E-3	1.6201E-1
4.0000E-5	9.7656E-3	2.1323E-1
4.1000E-5	9.2773E-3	2.7808E-1
4.2000E-5	9.7656E-3	3.6001E-1
4.3000E-5	9.2773E-3	4.5405E-1
4.4000E-5	9.2773E-3	5.5586E-1
4.5000E-5	9.5215E-3	6.5127E-1
4.6000E-5	9.7656E-3	7.2764E-1
4.7000E-5	8.7891E-3	7.7612E-1
4.8000E-5	1.0010E-2	7.8945E-1
4.9000E-5	9.2773E-3	7.6494E-1
5.0000E-5	9.5215E-3	7.0908E-1
5.1000E-5	9.7656E-3	6.3242E-1
5.2000E-5	9.5215E-3	5.4082E-1
5.3000E-5	9.7656E-3	4.4731E-1
5.4000E-5	1.0254E-2	3.6353E-1
5.5000E-5	9.2773E-3	2.9307E-1
5.6000E-5	9.2773E-3	2.3901E-1
5.7000E-5	9.5215E-3	2.0635E-1
5.8000E-5	1.0254E-2	1.9087E-1
5.9000E-5	9.7656E-3	1.8643E-1
6.0000E-5	8.7891E-3	1.9302E-1
6.1000E-5	9.7656E-3	2.0605E-1
6.2000E-5	1.0010E-2	2.2300E-1
6.3000E-5	9.5215E-3	2.4409E-1
6.4000E-5	9.2773E-3	2.6836E-1
6.5000E-5	9.5215E-3	2.9619E-1
6.6000E-5	9.2773E-3	3.2993E-1
6.7000E-5	9.7656E-3	3.6904E-1
6.8000E-5	1.0254E-2	4.1494E-1
6.9000E-5	9.7656E-3	4.6841E-1
7.0000E-5	9.7656E-3	5.2905E-1
7.1000E-5	1.0010E-2	5.9292E-1
7.2000E-5	9.2773E-3	6.5474E-1
7.3000E-5	9.5215E-3	7.0771E-1
7.4000E-5	1.0498E-2	7.4580E-1
7.5000E-5	9.7656E-3	7.6436E-1
7.6000E-5	9.2773E-3	7.6021E-1
7.7000E-5	9.2773E-3	7.3364E-1
7.8000E-5	9.5215E-3	6.8828E-1
7.9000E-5	1.0498E-2	6.2773E-1
8.0000E-5	1.0010E-2	5.6128E-1
8.1000E-5	9.7656E-3	4.9365E-1
8.2000E-5	1.0010E-2	4.3101E-1
8.3000E-5	9.5215E-3	3.7939E-1
8.4000E-5	9.5215E-3	3.4302E-1
8.5000E-5	9.5215E-3	3.1616E-1
8.6000E-5	1.0010E-2	3.0010E-1
8.7000E-5	9.7656E-3	2.9170E-1
8.8000E-5	9.5215E-3	2.9121E-1
8.9000E-5	1.0010E-2	2.9463E-1
9.0000E-5	9.5215E-3	3.0361E-1
9.1000E-5	9.2773E-3	3.1826E-1
9.2000E-5	9.0332E-3	3.3867E-1
9.3000E-5	9.7656E-3	3.6250E-1
9.4000E-5	1.0254E-2	3.9316E-1
9.5000E-5	9.5215E-3	4.3057E-1
9.6000E-5	9.5215E-3	4.7192E-1
9.7000E-5	1.0254E-2	5.1851E-1
9.8000E-5	1.0010E-2	5.7051E-1
9.9000E-5	1.0254E-2	6.2305E-1
1.0000E-4	9.2773E-3	6.7124E-1
1.0100E-4	1.0010E-2	7.0708E-1
1.0200E-4	9.5215E-3	7.2891E-1
1.0300E-4	9.2773E-3	7.3281E-1
1.0400E-4	9.5215E-3	7.2231E-1
1.0500E-4	9.2773E-3	6.9683E-1
1.0600E-4	9.5215E-3	6.6250E-1
1.0700E-4	1.0254E-2	6.2041E-1
1.0800E-4	9.7656E-3	5.7222E-1
1.0900E-4	1.0254E-2	5.2080E-1
1.1000E-4	9.5215E-3	4.7090E-1
1.1100E-4	9.2773E-3	4.2827E-1
1.1200E-4	9.0332E-3	3.9199E-1
1.1300E-4	9.0332E-3	3.6538E-1
1.1400E-4	9.7656E-3	3.4878E-1
1.1500E-4	9.5215E-3	3.4370E-1
1.1600E-4	9.2773E-3	3.4419E-1
1.1700E-4	9.2773E-3	3.5293E-1
1.1800E-4	9.0332E-3	3.6592E-1
1.1900E-4	9.5215E-3	3.7974E-1
1.2000E-4	9.0332E-3	3.9414E-1
1.2100E-4	9.5215E-3	4.1362E-1
1.2200E-4	9.5215E-3	4.3506E-1
1.2300E-4	1.0498E-2	4.6221E-1
1.2400E-4	9.5215E-3	4.9502E-1
1.2500E-4	9.2773E-3	5.3354E-1
1.2600E-4	1.0010E-2	5.7622E-1
1.2700E-4	9.5215E-3	6.2021E-1
1.2800E-4	1.0010E-2	6.6133E-1
1.2900E-4	9.5215E-3	6.9619E-1
1.3000E-4	9.2773E-3	7.2031E-1
1.3100E-4	1.0254E-2	7.2861E-1
1.3200E-4	8.7891E-3	7.2534E-1
1.3300E-4	1.0010E-2	7.1035E-1
1.3400E-4	1.0254E-2	6.8750E-1
1.3500E-4	1.0010E-2	6.5947E-1
1.3600E-4	9.7656E-3	6.2886E-1
1.3700E-4	1.0010E-2	5.9351E-1
1.3800E-4	9.7656E-3	5.5654E-1
1.3900E-4	9.7656E-3	5.2144E-1
1.4000E-4	1.0010E-2	4.8765E-1
1.4100E-4	9.5215E-3	4.6157E-1
1.4200E-4	1.0010E-2	4.4365E-1
1.4300E-4	9.5215E-3	4.3374E-1
1.4400E-4	9.7656E-3	4.2920E-1
1.4500E-4	9.5215E-3	4.3179E-1
1.4600E-4	1.0010E-2	4.3667E-1
1.4700E-4	9.7656E-3	4.4556E-1
1.4800E-4	9.2773E-3	4.6045E-1
1.4900E-4	9.7656E-3	4.7759E-1
1.5000E-4	1.0254E-2	4.9722E-1
1.5100E-4	9.7656E-3	5.1665E-1
1.5200E-4	1.0010E-2	5.3535E-1
1.5300E-4	9.5215E-3	5.5093E-1
1.5400E-4	1.0498E-2	5.6719E-1
1.5500E-4	9.5215E-3	5.8154E-1
1.5600E-4	9.0332E-3	5.9800E-1
1.5700E-4	9.0332E-3	6.1284E-1
1.5800E-4	9.2773E-3	6.2490E-1
1.5900E-4	1.0010E-2	6.3223E-1
1.6000E-4	9.7656E-3	6.3550E-1
1.6100E-4	9.5215E-3	6.3462E-1
1.6200E-4	9.7656E-3	6.3105E-1
1.6300E-4	1.0010E-2	6.2285E-1
1.6400E-4	9.5215E-3	6.1313E-1
1.6500E-4	9.7656E-3	6.0234E-1
1.6600E-4	1.0254E-2	5.9019E-1
1.6700E-4	9.5215E-3	5.7764E-1
1.6800E-4	1.0010E-2	5.6538E-1
1.6900E-4	9.5215E-3	5.5225E-1
1.7000E-4	1.0010E-2	5.3682E-1
1.7100E-4	9.5215E-3	5.1919E-1
1.7200E-4	9.7656E-3	5.0210E-1
1.7300E-4	9.7656E-3	4.8706E-1
1.7400E-4	9.5215E-3	4.7656E-1
1.7500E-4	1.0254E-2	4.7173E-1
1.7600E-4	9.7656E-3	4.7202E-1
1.7700E-4	9.7656E-3	4.7700E-1
1.7800E-4	1.0010E-2	4.8647E-1
1.7900E-4	9.7656E-3	4.9551E-1
1.8000E-4	9.5215E-3	5.0488E-1
1.8100E-4	9.2773E-3	5.1538E-1
1.8200E-4	9.7656E-3	5.2739E-1
1.8300E-4	1.0010E-2	5.3711E-1
1.8400E-4	9.2773E-3	5.4673E-1
1.8500E-4	9.7656E-3	5.5688E-1
1.8600E-4	9.7656E-3	5.6660E-1
1.8700E-4	9.5215E-3	5.7222E-1
1.8800E-4	9.5215E-3	5.7896E-1
1.8900E-4	1.0254E-2	5.8540E-1
1.9000E-4	9.7656E-3	5.9146E-1
1.9100E-4	9.7656E-3	5.9849E-1
1.9200E-4	9.5215E-3	6.0693E-1
1.9300E-4	9.5215E-3	6.1348E-1
1.9400E-4	9.7656E-3	6.1870E-1
1.9500E-4	9.5215E-3	6.2085E-1
1.9600E-4	9.2773E-3	6.1943E-1
1.9700E-4	9.5215E-3	6.1382E-1
1.9800E-4	1.0010E-2	6.0645E-1
1.9900E-4	1.0254E-2	6.0161E-1
2.0000E-4	8.5449E-3	5.9824E-1
2.0100E-4	1.0010E-2	5.9375E-1
2.0200E-4	9.2773E-3	5.9092E-1
2.0300E-4	1.0010E-2	5.9028E-1
2.0400E-4	9.7656E-3	5.8657E-1
2.0500E-4	9.7656E-3	5.7817E-1
2.0600E-4	9.7656E-3	5.6890E-1
2.0700E-4	9.2773E-3	5.5571E-1
2.0800E-4	9.2773E-3	5.3970E-1
2.0900E-4	9.2773E-3	5.2266E-1
2.1000E-4	9.2773E-3	5.0820E-1
2.1100E-4	9.7656E-3	4.9990E-1
2.1200E-4	9.2773E-3	4.9590E-1
2.1300E-4	1.0010E-2	4.9468E-1
2.1400E-4	9.7656E-3	4.9746E-1
2.1500E-4	9.2773E-3	5.0708E-1
2.1600E-4	9.5215E-3	5.1636E-1
2.1700E-4	9.2773E-3	5.3057E-1
2.1800E-4	1.0254E-2	5.4741E-1
2.1900E-4	1.0254E-2	5.6592E-1
2.2000E-4	9.5215E-3	5.8447E-1
2.2100E-4	9.7656E-3	6.0234E-1
2.2200E-4	1.0010E-2	6.1387E-1
2.2300E-4	1.0010E-2	6.2085E-1
2.2400E-4	1.0254E-2	6.2427E-1
2.2500E-4	9.5215E-3	6.2300E-1
2.2600E-4	9.7656E-3	6.1860E-1
2.2700E-4	9.7656E-3	6.1768E-1
2.2800E-4	9.7656E-3	6.1777E-1
2.2900E-4	9.2773E-3	6.1523E-1
2.3000E-4	1.0010E-2	6.0967E-1
2.3100E-4	1.0010E-2	6.0220E-1
2.3200E-4	9.2773E-3	5.8823E-1
2.3300E-4	1.0254E-2	5.7056E-1
2.3400E-4	9.2773E-3	5.5020E-1
2.3500E-4	9.7656E-3	5.2847E-1
2.3600E-4	9.2773E-3	5.0605E-1
2.3700E-4	9.5215E-3	4.8740E-1
2.3800E-4	9.7656E-3	4.7231E-1
2.3900E-4	9.7656E-3	4.6094E-1
2.4000E-4	9.2773E-3	4.5449E-1
2.4100E-4	1.0010E-2	4.5269E-1
2.4200E-4	9.5215E-3	4.5278E-1
2.4300E-4	9.7656E-3	4.5825E-1
2.4400E-4	1.0010E-2	4.6841E-1
2.4500E-4	9.7656E-3	4.8320E-1
2.4600E-4	1.0254E-2	5.0112E-1
2.4700E-4	1.0010E-2	5.2451E-1
2.4800E-4	9.2773E-3	5.5073E-1
2.4900E-4	9.2773E-3	5.8086E-1
2.5000E-4	9.7656E-3	6.0869E-1
2.5100E-4	1.0254E-2	6.3325E-1
2.5200E-4	9.7656E-3	6.4912E-1
2.5300E-4	9.5215E-3	6.5566E-1
2.5400E-4	9.7656E-3	6.5322E-1
2.5500E-4	1.0010E-2	6.4707E-1
2.5600E-4	9.5215E-3	6.3789E-1
2.5700E-4	1.0254E-2	6.2856E-1
2.5800E-4	1.0010E-2	6.1870E-1
2.5900E-4	9.2773E-3	6.0864E-1
2.6000E-4	9.0332E-3	5.9502E-1
2.6100E-4	9.5215E-3	5.7808E-1
2.6200E-4	9.5215E-3	5.5825E-1
2.6300E-4	9.5215E-3	5.3530E-1
2.6400E-4	9.7656E-3	5.0991E-1
2.6500E-4	9.5215E-3	4.8462E-1
2.6600E-4	1.0010E-2	4.6230E-1
2.6700E-4	9.5215E-3	4.4478E-1
2.6800E-4	1.0010E-2	4.3223E-1
2.6900E-4	9.7656E-3	4.2769E-1
2.7000E-4	1.0254E-2	4.2964E-1
2.7100E-4	1.0010E-2	4.3755E-1
2.7200E-4	9.7656E-3	4.4883E-1
2.7300E-4	9.2773E-3	4.6694E-1
2.7400E-4	9.5215E-3	4.8789E-1
2.7500E-4	9.7656E-3	5.1382E-1
2.7600E-4	9.5215E-3	5.4321E-1
2.7700E-4	9.5215E-3	5.7715E-1
2.7800E-4	1.0010E-2	6.0864E-1
2.7900E-4	1.0010E-2	6.3618E-1
2.8000E-4	1.0254E-2	6.5771E-1
2.8100E-4	1.0010E-2	6.7046E-1
2.8200E-4	9.5215E-3	6.7456E-1
2.8300E-4	9.5215E-3	6.7383E-1
2.8400E-4	9.5215E-3	6.7080E-1
2.8500E-4	1.0010E-2	6.6309E-1
2.8600E-4	9.7656E-3	6.5239E-1
2.8700E-4	1.0010E-2	6.3853E-1
2.8800E-4	9.5215E-3	6.2227E-1
2.8900E-4	9.7656E-3	5.9976E-1
2.9000E-4	1.0010E-2	5.7607E-1
2.9100E-4	9.2773E-3	5.5215E-1
2.9200E-4	9.5215E-3	5.3032E-1
2.9300E-4	9.5215E-3	5.0889E-1
2.9400E-4	1.0010E-2	4.9424E-1
2.9500E-4	9.0332E-3	4.8218E-1
2.9600E-4	9.7656E-3	4.7666E-1
2.9700E-4	1.0010E-2	4.7505E-1
2.9800E-4	1.0498E-2	4.7837E-1
2.9900E-4	9.5215E-3	4.8354E-1
3.0000E-4	9.7656E-3	4.9478E-1
3.0100E-4	9.2773E-3	5.1006E-1
3.0200E-4	9.7656E-3	5.2686E-1
3.0300E-4	9.5215E-3	5.5010E-1
3.0400E-4	9.5215E-3	5.7617E-1
3.0500E-4	9.5215E-3	6.0391E-1
3.0600E-4	9.7656E-3	6.3115E-1
3.0700E-4	9.5215E-3	6.6045E-1
3.0800E-4	9.2773E-3	6.8442E-1
3.0900E-4	9.5215E-3	7.0220E-1
3.1000E-4	9.5215E-3	7.1284E-1
3.1100E-4	1.0010E-2	7.1494E-1
3.1200E-4	9.2773E-3	7.0972E-1
3.1300E-4	9.2773E-3	7.0005E-1
3.1400E-4	1.0254E-2	6.8862E-1
3.1500E-4	9.0332E-3	6.7598E-1
3.1600E-4	1.0010E-2	6.6216E-1
3.1700E-4	9.7656E-3	6.4536E-1
3.1800E-4	1.0254E-2	6.2720E-1
3.1900E-4	8.7891E-3	6.0723E-1
3.2000E-4	9.7656E-3	5.8721E-1
3.2100E-4	9.7656E-3	5.6748E-1
3.2200E-4	1.0010E-2	5.5195E-1
3.2300E-4	9.7656E-3	5.3721E-1
3.2400E-4	9.5215E-3	5.2544E-1
3.2500E-4	9.2773E-3	5.1748E-1
3.2600E-4	9.7656E-3	5.1221E-1
3.2700E-4	1.0010E-2	5.0967E-1
3.2800E-4	9.5215E-3	5.1255E-1
3.2900E-4	1.0010E-2	5.1929E-1
3.3000E-4	1.0254E-2	5.2949E-1
3.3100E-4	9.7656E-3	5.4360E-1
3.3200E-4	9.2773E-3	5.6104E-1
3.3300E-4	9.5215E-3	5.7935E-1
3.3400E-4	1.0010E-2	5.9932E-1
3.3500E-4	1.0254E-2	6.1704E-1
3.3600E-4	9.7656E-3	6.3740E-1
3.3700E-4	9.7656E-3	6.5688E-1
3.3800E-4	9.7656E-3	6.7339E-1
3.3900E-4	9.5215E-3	6.8335E-1
3.4000E-4	9.2773E-3	6.8950E-1
3.4100E-4	9.7656E-3	6.9150E-1
3.4200E-4	1.0254E-2	6.9111E-1
3.4300E-4	9.5215E-3	6.8994E-1
3.4400E-4	9.5215E-3	6.9019E-1
3.4500E-4	9.5215E-3	6.8926E-1
3.4600E-4	1.0010E-2	6.8535E-1
3.4700E-4	1.0010E-2	6.7983E-1
3.4800E-4	9.2773E-3	6.7241E-1
3.4900E-4	9.5215E-3	6.6450E-1
3.5000E-4	1.0254E-2	6.5688E-1
3.5100E-4	9.7656E-3	6.4819E-1
3.5200E-4	9.2773E-3	6.3413E-1
3.5300E-4	1.0010E-2	6.1943E-1
3.5400E-4	1.0010E-2	6.0464E-1
3.5500E-4	9.7656E-3	5.9131E-1
3.5600E-4	9.2773E-3	5.8066E-1
3.5700E-4	1.0254E-2	5.7402E-1
3.5800E-4	1.0010E-2	5.6870E-1
3.5900E-4	9.2773E-3	5.6631E-1
3.6000E-4	9.7656E-3	5.6401E-1
3.6100E-4	9.5215E-3	5.6226E-1
3.6200E-4	1.0010E-2	5.6299E-1
3.6300E-4	1.0498E-2	5.6426E-1
3.6400E-4	9.5215E-3	5.6533E-1
3.6500E-4	9.7656E-3	5.6943E-1
3.6600E-4	1.0010E-2	5.7437E-1
3.6700E-4	9.5215E-3	5.8140E-1
3.6800E-4	9.2773E-3	5.9272E-1
3.6900E-4	1.0010E-2	6.0703E-1
3.7000E-4	9.7656E-3	6.2495E-1
3.7100E-4	1.0010E-2	6.4814E-1
3.7200E-4	9.2773E-3	6.7393E-1
3.7300E-4	1.0010E-2	6.9780E-1
3.7400E-4	9.5215E-3	7.1768E-1
3.7500E-4	9.5215E-3	7.3125E-1
3.7600E-4	1.0010E-2	7.3750E-1
3.7700E-4	9.7656E-3	7.3491E-1
3.7800E-4	9.5215E-3	7.2827E-1
3.7900E-4	9.7656E-3	7.1606E-1
3.8000E-4	9.5215E-3	6.9810E-1
3.8100E-4	9.5215E-3	6.7446E-1
3.8200E-4	9.5215E-3	6.4800E-1
3.8300E-4	1.0010E-2	6.1802E-1
3.8400E-4	1.0010E-2	5.8813E-1
3.8500E-4	9.5215E-3	5.5840E-1
3.8600E-4	1.0254E-2	5.3027E-1
3.8700E-4	9.7656E-3	5.0498E-1
3.8800E-4	9.7656E-3	4.8276E-1
3.8900E-4	1.0010E-2	4.6558E-1
3.9000E-4	9.5215E-3	4.5435E-1
3.9100E-4	9.7656E-3	4.4810E-1
3.9200E-4	8.7891E-3	4.4849E-1
3.9300E-4	9.5215E-3	4.5439E-1
3.9400E-4	9.7656E-3	4.6479E-1
3.9500E-4	1.0010E-2	4.8008E-1
3.9600E-4	9.5215E-3	5.0269E-1
3.9700E-4	1.0010E-2	5.2925E-1
3.9800E-4	1.0010E-2	5.5977E-1
3.9900E-4	9.5215E-3	5.9648E-1
4.0000E-4	1.0010E-2	6.3921E-1
4.0100E-4	9.5215E-3	6.8213E-1
4.0200E-4	1.0254E-2	7.2437E-1
4.0300E-4	9.2773E-3	7.5869E-1
4.0400E-4	9.5215E-3	7.8022E-1
4.0500E-4	9.7656E-3	7.8672E-1
4.0600E-4	1.0010E-2	7.8218E-1
4.0700E-4	9.2773E-3	7.6338E-1
4.0800E-4	9.5215E-3	7.3774E-1
4.0900E-4	1.0010E-2	7.0557E-1
4.1000E-4	9.5215E-3	6.6582E-1
4.1100E-4	1.0254E-2	6.1797E-1
4.1200E-4	9.0332E-3	5.6538E-1
4.1300E-4	9.7656E-3	5.1191E-1
4.1400E-4	9.2773E-3	4.6152E-1
4.1500E-4	1.0254E-2	4.1958E-1
4.1600E-4	9.7656E-3	3.8931E-1
4.1700E-4	9.5215E-3	3.7080E-1
4.1800E-4	1.0010E-2	3.6206E-1
4.1900E-4	9.5215E-3	3.6216E-1
4.2000E-4	1.0010E-2	3.6753E-1
4.2100E-4	9.5215E-3	3.7524E-1
4.2200E-4	1.0254E-2	3.8730E-1
4.2300E-4	9.5215E-3	4.0352E-1
4.2400E-4	9.7656E-3	4.2373E-1
4.2500E-4	1.0498E-2	4.4854E-1
4.2600E-4	9.7656E-3	4.7930E-1
4.2700E-4	1.0010E-2	5.1743E-1
4.2800E-4	9.0332E-3	5.6177E-1
4.2900E-4	1.0010E-2	6.1284E-1
4.3000E-4	9.5215E-3	6.6855E-1
4.3100E-4	9.7656E-3	7.2168E-1
4.3200E-4	9.5215E-3	7.6436E-1
4.3300E-4	9.2773E-3	7.9268E-1
4.3400E-4	9.7656E-3	8.0034E-1
4.3500E-4	9.7656E-3	7.8682E-1
4.3600E-4	9.2773E-3	7.5420E-1
4.3700E-4	9.7656E-3	7.0576E-1
4.3800E-4	9.2773E-3	6.4526E-1
4.3900E-4	9.5215E-3	5.7725E-1
4.4000E-4	9.2773E-3	5.0552E-1
4.4100E-4	1.0254E-2	4.3838E-1
4.4200E-4	1.0010E-2	3.7905E-1
4.4300E-4	1.0010E-2	3.3096E-1
4.4400E-4	9.2773E-3	2.9868E-1
4.4500E-4	9.2773E-3	2.8193E-1
4.4600E-4	9.5215E-3	2.7471E-1
4.4700E-4	9.7656E-3	2.7622E-1
4.4800E-4	1.0010E-2	2.8398E-1
4.4900E-4	9.5215E-3	2.9429E-1
4.5000E-4	9.5215E-3	3.1040E-1
4.5100E-4	9.7656E-3	3.3320E-1
4.5200E-4	9.7656E-3	3.5996E-1
4.5300E-4	9.0332E-3	3.9058E-1
4.5400E-4	9.7656E-3	4.2695E-1
4.5500E-4	9.5215E-3	4.6714E-1
4.5600E-4	9.5215E-3	5.1245E-1
4.5700E-4	1.0254E-2	5.6641E-1
4.5800E-4	9.7656E-3	6.2773E-1
4.5900E-4	1.0254E-2	6.9097E-1
4.6000E-4	9.5215E-3	7.4399E-1
4.6100E-4	9.7656E-3	7.8120E-1
4.6200E-4	1.0254E-2	7.9517E-1
4.6300E-4	9.7656E-3	7.7837E-1
4.6400E-4	1.0010E-2	7.3335E-1
4.6500E-4	9.2773E-3	6.6733E-1
4.6600E-4	1.0010E-2	5.8652E-1
4.6700E-4	9.5215E-3	4.9917E-1
4.6800E-4	9.5215E-3	4.1753E-1
4.6900E-4	9.7656E-3	3.4429E-1
4.7000E-4	9.2773E-3	2.8359E-1
4.7100E-4	1.0254E-2	2.4028E-1
4.7200E-4	1.0010E-2	2.1265E-1
4.7300E-4	9.7656E-3	1.9604E-1
4.7400E-4	9.5215E-3	1.9048E-1
4.7500E-4	9.5215E-3	1.9478E-1
4.7600E-4	9.7656E-3	2.0288E-1
4.7700E-4	1.0010E-2	2.1499E-1
4.7800E-4	9.7656E-3	2.3057E-1
4.7900E-4	1.0254E-2	2.5015E-1
4.8000E-4	1.0010E-2	2.7480E-1
4.8100E-4	9.7656E-3	3.0283E-1
4.8200E-4	1.0254E-2	3.3716E-1
4.8300E-4	1.0010E-2	3.8218E-1
4.8400E-4	1.0254E-2	4.3540E-1
4.8500E-4	9.7656E-3	5.0107E-1
4.8600E-4	9.5215E-3	5.7910E-1
4.8700E-4	9.2773E-3	6.6064E-1
4.8800E-4	9.7656E-3	7.2974E-1
4.8900E-4	9.5215E-3	7.7700E-1
4.9000E-4	9.2773E-3	7.8848E-1
4.9100E-4	9.5215E-3	7.5903E-1
4.9200E-4	9.7656E-3	6.9111E-1
4.9300E-4	9.0332E-3	5.9595E-1
4.9400E-4	9.5215E-3	4.8677E-1
4.9500E-4	1.0010E-2	3.7593E-1
4.9600E-4	9.2773E-3	2.7246E-1
4.9700E-4	9.2773E-3	1.8325E-1
4.9800E-4	9.5215E-3	1.1367E-1
4.9900E-4	9.2773E-3	5.9473E-2
5.0000E-4	9.7656E-3	2.1729E-2
5.0100E-4	9.7656E-3	-3.5156E-3
5.0200E-4	9.7656E-3	-1.8848E-2
5.0300E-4	9.2773E-3	-2.7930E-2
5.0400E-4	9.0332E-3	-3.1250E-2
5.0500E-4	9.2773E-3	-3.3643E-2
5.0600E-4	9.7656E-3	-3.4814E-2
5.0700E-4	9.5215E-3	-3.6523E-2
5.0800E-4	1.0010E-2	-3.9404E-2
5.0900E-4	9.2773E-3	-4.0625E-2
5.1000E-4	9.7656E-3	-4.1748E-2
5.1100E-4	9.5215E-3	-4.0088E-2
5.1200E-4	8.5449E-3	-3.7451E-2
5.1300E-4	9.5215E-3	-3.3301E-2
5.1400E-4	9.7656E-3	-2.9687E-2
5.1500E-4	9.5215E-3	-2.5830E-2
5.1600E-4	1.0010E-2	-2.4414E-2
5.1700E-4	9.2773E-3	-2.4121E-2
5.1800E-4	9.5215E-3	-2.4707E-2
5.1900E-4	9.5215E-3	-2.6074E-2
5.2000E-4	9.7656E-3	-2.8516E-2
5.2100E-4	8.7891E-3	-3.0371E-2
5.2200E-4	9.2773E-3	-3.0469E-2
5.2300E-4	9.5215E-3	-2.9150E-2
5.2400E-4	9.7656E-3	-2.8613E-2
5.2500E-4	9.7656E-3	-2.7148E-2
5.2600E-4	1.0010E-2	-2.6221E-2
5.2700E-4	1.0010E-2	-2.6416E-2
5.2800E-4	9.5215E-3	-2.7539E-2
5.2900E-4	9.2773E-3	-2.5977E-2
5.3000E-4	9.5215E-3	-2.2607E-2
5.3100E-4	9.5215E-3	-1.8311E-2
5.3200E-4	9.5215E-3	-1.0840E-2
5.3300E-4	9.5215E-3	-9.2773E-4
5.3400E-4	9.5215E-3	1.0889E-2
5.3500E-4	9.2773E-3	2.6318E-2
5.3600E-4	1.0254E-2	4.8096E-2
5.3700E-4	9.7656E-3	7.3779E-2
5.3800E-4	1.0010E-2	1.0957E-1
5.3900E-4	9.7656E-3	1.5400E-1
5.4000E-4	9.7656E-3	2.0859E-1
5.4100E-4	9.5215E-3	2.7612E-1
5.4200E-4	9.5215E-3	3.6201E-1
5.4300E-4	1.0010E-2	4.6079E-1
5.4400E-4	9.5215E-3	5.6836E-1
5.4500E-4	8.7891E-3	6.7490E-1
5.4600E-4	1.0498E-2	7.6396E-1
5.4700E-4	1.0010E-2	8.1997E-1
5.4800E-4	9.7656E-3	8.3745E-1
5.4900E-4	9.5215E-3	8.1245E-1
5.5000E-4	1.0498E-2	7.4897E-1
5.5100E-4	9.5215E-3	6.6108E-1
5.5200E-4	1.0010E-2	5.6245E-1
5.5300E-4	1.0254E-2	4.6108E-1
5.5400E-4	1.0010E-2	3.6787E-1
5.5500E-4	9.5215E-3	2.9175E-1
5.5600E-4	9.0332E-3	2.3438E-1
5.5700E-4	9.5215E-3	1.9541E-1
5.5800E-4	1.0010E-2	1.7295E-1
5.5900E-4	1.0010E-2	1.6606E-1
5.6000E-4	9.7656E-3	1.7031E-1
5.6100E-4	1.0010E-2	1.8389E-1
5.6200E-4	9.2773E-3	2.0234E-1
5.6300E-4	9.7656E-3	2.2495E-1
5.6400E-4	1.0010E-2	2.5293E-1
5.6500E-4	9.5215E-3	2.8384E-1
5.6600E-4	1.0254E-2	3.1777E-1
5.6700E-4	9.5215E-3	3.5669E-1
5.6800E-4	9.5215E-3	4.0449E-1
5.6900E-4	9.7656E-3	4.6064E-1
5.7000E-4	1.0010E-2	5.2441E-1
5.7100E-4	1.0010E-2	5.9434E-1
5.7200E-4	1.0010E-2	6.6768E-1
5.7300E-4	1.0010E-2	7.3350E-1
5.7400E-4	1.0254E-2	7.8188E-1
5.7500E-4	9.5215E-3	8.0840E-1
5.7600E-4	1.0010E-2	8.0640E-1
5.7700E-4	9.5215E-3	7.7495E-1
5.7800E-4	1.0742E-2	7.1709E-1
5.7900E-4	1.0010E-2	6.4487E-1
5.8000E-4	9.5215E-3	5.6587E-1
5.8100E-4	9.2773E-3	4.8760E-1
5.8200E-4	9.7656E-3	4.1841E-1
5.8300E-4	1.0010E-2	3.6528E-1
5.8400E-4	9.0332E-3	3.2407E-1
5.8500E-4	9.7656E-3	2.9478E-1
5.8600E-4	1.0010E-2	2.7803E-1
5.8700E-4	9.5215E-3	2.7109E-1
5.8800E-4	9.7656E-3	2.6958E-1
5.8900E-4	1.0010E-2	2.7441E-1
5.9000E-4	9.7656E-3	2.8682E-1
5.9100E-4	1.0010E-2	3.0449E-1
5.9200E-4	9.7656E-3	3.2588E-1
5.9300E-4	9.5215E-3	3.5317E-1
5.9400E-4	9.7656E-3	3.8384E-1
5.9500E-4	9.2773E-3	4.1943E-1
5.9600E-4	9.5215E-3	4.6484E-1
5.9700E-4	9.7656E-3	5.1870E-1
5.9800E-4	9.5215E-3	5.7959E-1
5.9900E-4	9.7656E-3	6.4707E-1
6.0000E-4	1.0010E-2	7.1514E-1
6.0100E-4	9.7656E-3	7.7056E-1
6.0200E-4	9.7656E-3	8.0415E-1
6.0300E-4	9.5215E-3	8.1514E-1
6.0400E-4	9.0332E-3	8.0361E-1
6.0500E-4	9.7656E-3	7.6909E-1
6.0600E-4	1.0010E-2	7.1875E-1
6.0700E-4	1.0498E-2	6.6357E-1
6.0800E-4	9.5215E-3	6.0566E-1
6.0900E-4	9.7656E-3	5.4795E-1
6.1000E-4	9.7656E-3	4.9302E-1
6.1100E-4	9.5215E-3	4.4722E-1
6.1200E-4	9.7656E-3	4.0986E-1
6.1300E-4	9.5215E-3	3.8120E-1
6.1400E-4	9.5215E-3	3.6040E-1
6.1500E-4	1.0254E-2	3.5249E-1
6.1600E-4	9.5215E-3	3.5332E-1
6.1700E-4	9.2773E-3	3.6050E-1
6.1800E-4	9.5215E-3	3.7324E-1
6.1900E-4	1.0010E-2	3.9473E-1
6.2000E-4	1.0010E-2	4.1694E-1
6.2100E-4	1.0010E-2	4.4297E-1
6.2200E-4	9.7656E-3	4.7310E-1
6.2300E-4	1.0254E-2	5.1021E-1
6.2400E-4	8.7891E-3	5.5054E-1
6.2500E-4	9.7656E-3	5.9521E-1
6.2600E-4	9.7656E-3	6.4268E-1
6.2700E-4	9.2773E-3	6.9199E-1
6.2800E-4	9.0332E-3	7.3721E-1
6.2900E-4	9.5215E-3	7.7153E-1
6.3000E-4	9.0332E-3	7.9292E-1
6.3100E-4	9.5215E-3	7.9971E-1
6.3200E-4	1.0010E-2	7.9150E-1
6.3300E-4	1.0010E-2	7.6821E-1
6.3400E-4	9.5215E-3	7.3481E-1
6.3500E-4	9.2773E-3	6.9399E-1
6.3600E-4	9.5215E-3	6.4736E-1
6.3700E-4	1.0254E-2	5.9653E-1
6.3800E-4	1.0254E-2	5.4883E-1
6.3900E-4	9.7656E-3	5.0698E-1
6.4000E-4	9.2773E-3	4.7324E-1
6.4100E-4	9.5215E-3	4.4531E-1
6.4200E-4	9.7656E-3	4.2866E-1
6.4300E-4	9.7656E-3	4.1992E-1
6.4400E-4	9.7656E-3	4.2056E-1
6.4500E-4	1.0010E-2	4.2612E-1
6.4600E-4	1.0498E-2	4.3892E-1
6.4700E-4	9.7656E-3	4.5259E-1
6.4800E-4	9.5215E-3	4.6895E-1
6.4900E-4	9.2773E-3	4.8613E-1
6.5000E-4	9.5215E-3	5.0806E-1
6.5100E-4	1.0010E-2	5.3213E-1
6.5200E-4	1.0010E-2	5.5967E-1
6.5300E-4	9.7656E-3	5.8843E-1
6.5400E-4	9.7656E-3	6.1699E-1
6.5500E-4	1.0010E-2	6.4551E-1
6.5600E-4	9.7656E-3	6.7207E-1
6.5700E-4	9.7656E-3	6.9756E-1
6.5800E-4	1.0010E-2	7.1831E-1
6.5900E-4	9.7656E-3	7.3330E-1
6.6000E-4	9.2773E-3	7.4028E-1
6.6100E-4	1.0010E-2	7.4307E-1
6.6200E-4	9.7656E-3	7.3730E-1
6.6300E-4	9.2773E-3	7.2710E-1
6.6400E-4	1.0254E-2	7.1206E-1
6.6500E-4	1.0254E-2	6.9561E-1
6.6600E-4	9.7656E-3	6.7393E-1
6.6700E-4	9.7656E-3	6.5269E-1
6.6800E-4	9.2773E-3	6.3198E-1
6.6900E-4	1.0254E-2	6.1343E-1
6.7000E-4	9.5215E-3	5.9609E-1
6.7100E-4	1.0010E-2	5.8335E-1
6.7200E-4	1.0010E-2	5.7300E-1
6.7300E-4	9.7656E-3	5.6572E-1
6.7400E-4	9.5215E-3	5.6245E-1
6.7500E-4	9.2773E-3	5.6274E-1
6.7600E-4	9.5215E-3	5.6396E-1
6.7700E-4	9.5215E-3	5.6821E-1
6.7800E-4	9.7656E-3	5.7236E-1
6.7900E-4	1.0254E-2	5.7607E-1
6.8000E-4	9.7656E-3	5.7852E-1
6.8100E-4	9.7656E-3	5.8228E-1
6.8200E-4	9.5215E-3	5.8677E-1
6.8300E-4	1.0010E-2	5.9453E-1
6.8400E-4	9.2773E-3	6.0557E-1
6.8500E-4	1.0010E-2	6.1914E-1
6.8600E-4	9.7656E-3	6.3315E-1
6.8700E-4	9.7656E-3	6.4624E-1
6.8800E-4	9.5215E-3	6.5645E-1
6.8900E-4	1.0254E-2	6.6479E-1
6.9000E-4	1.0254E-2	6.7290E-1
6.9100E-4	9.5215E-3	6.8071E-1
6.9200E-4	9.2773E-3	6.8833E-1
6.9300E-4	9.5215E-3	6.9414E-1
6.9400E-4	9.7656E-3	6.9761E-1
6.9500E-4	1.0010E-2	6.9814E-1
6.9600E-4	8.7891E-3	6.9580E-1
6.9700E-4	9.7656E-3	6.8965E-1
6.9800E-4	1.0254E-2	6.8071E-1
6.9900E-4	1.0254E-2	6.6729E-1
7.0000E-4	1.0010E-2	6.5010E-1
7.0100E-4	1.0254E-2	6.3037E-1
7.0200E-4	9.7656E-3	6.1055E-1
7.0300E-4	1.0498E-2	5.9136E-1
7.0400E-4	9.7656E-3	5.7568E-1
7.0500E-4	9.5215E-3	5.6147E-1
7.0600E-4	9.7656E-3	5.4888E-1
7.0700E-4	1.0254E-2	5.3843E-1
7.0800E-4	9.2773E-3	5.3062E-1
7.0900E-4	1.0010E-2	5.2578E-1
7.1000E-4	9.7656E-3	5.2393E-1
7.1100E-4	9.7656E-3	5.2490E-1
7.1200E-4	9.7656E-3	5.2612E-1
7.1300E-4	9.7656E-3	5.3018E-1
7.1400E-4	9.7656E-3	5.3584E-1
7.1500E-4	9.7656E-3	5.4482E-1
7.1600E-4	9.5215E-3	5.5771E-1
7.1700E-4	9.7656E-3	5.7876E-1
7.1800E-4	9.5215E-3	6.0254E-1
7.1900E-4	9.7656E-3	6.2837E-1
7.2000E-4	1.0010E-2	6.5713E-1
7.2100E-4	9.7656E-3	6.8574E-1
7.2200E-4	9.2773E-3	7.0845E-1
7.2300E-4	1.0010E-2	7.2783E-1
7.2400E-4	9.0332E-3	7.4370E-1
7.2500E-4	1.0010E-2	7.5054E-1
7.2600E-4	9.2773E-3	7.4839E-1
7.2700E-4	1.0010E-2	7.3916E-1
7.2800E-4	9.7656E-3	7.1987E-1
7.2900E-4	9.0332E-3	6.9282E-1
7.3000E-4	9.5215E-3	6.6265E-1
7.3100E-4	9.5215E-3	6.3022E-1
7.3200E-4	9.7656E-3	5.9624E-1
7.3300E-4	9.5215E-3	5.6597E-1
7.3400E-4	1.0254E-2	5.3633E-1
7.3500E-4	9.7656E-3	5.0869E-1
7.3600E-4	9.5215E-3	4.8394E-1
7.3700E-4	1.0010E-2	4.6611E-1
7.3800E-4	1.0010E-2	4.5264E-1
7.3900E-4	9.0332E-3	4.4868E-1
7.4000E-4	9.7656E-3	4.4927E-1
7.4100E-4	1.0010E-2	4.5806E-1
7.4200E-4	8.7891E-3	4.7051E-1
7.4300E-4	9.7656E-3	4.8804E-1
7.4400E-4	9.2773E-3	5.0537E-1
7.4500E-4	9.2773E-3	5.2603E-1
7.4600E-4	9.7656E-3	5.5020E-1
7.4700E-4	1.0010E-2	5.7666E-1
7.4800E-4	9.5215E-3	6.0474E-1
7.4900E-4	9.7656E-3	6.3477E-1
7.5000E-4	9.7656E-3	6.6636E-1
7.5100E-4	9.2773E-3	6.9365E-1
7.5200E-4	9.2773E-3	7.1792E-1
7.5300E-4	1.0254E-2	7.3599E-1
7.5400E-4	1.0010E-2	7.4478E-1
7.5500E-4	9.2773E-3	7.4341E-1
7.5600E-4	9.5215E-3	7.3086E-1
7.5700E-4	1.0254E-2	7.0645E-1
7.5800E-4	1.0254E-2	6.7407E-1
7.5900E-4	9.7656E-3	6.3506E-1
7.6000E-4	9.2773E-3	5.9312E-1
7.6100E-4	9.5215E-3	5.5259E-1
7.6200E-4	1.0254E-2	5.1797E-1
7.6300E-4	9.5215E-3	4.8755E-1
7.6400E-4	9.5215E-3	4.6426E-1
7.6500E-4	9.7656E-3	4.4673E-1
7.6600E-4	9.0332E-3	4.3530E-1
7.6700E-4	9.7656E-3	4.2769E-1
7.6800E-4	9.0332E-3	4.2729E-1
7.6900E-4	9.0332E-3	4.3335E-1
7.7000E-4	9.7656E-3	4.4468E-1
7.7100E-4	9.7656E-3	4.6152E-1
7.7200E-4	8.5449E-3	4.8320E-1
7.7300E-4	9.7656E-3	5.0840E-1
7.7400E-4	9.2773E-3	5.3579E-1
7.7500E-4	1.0010E-2	5.6582E-1
7.7600E-4	1.0254E-2	5.9883E-1
7.7700E-4	9.5215E-3	6.3179E-1
7.7800E-4	9.7656E-3	6.6382E-1
7.7900E-4	9.5215E-3	6.9189E-1
7.8000E-4	1.0010E-2	7.1572E-1
7.8100E-4	9.7656E-3	7.3242E-1
7.8200E-4	9.5215E-3	7.3955E-1
7.8300E-4	1.0010E-2	7.3364E-1
7.8400E-4	9.2773E-3	7.1953E-1
7.8500E-4	9.2773E-3	6.9229E-1
7.8600E-4	9.5215E-3	6.5703E-1
7.8700E-4	9.7656E-3	6.1763E-1
7.8800E-4	9.7656E-3	5.7866E-1
7.8900E-4	9.2773E-3	5.3989E-1
7.9000E-4	1.0254E-2	5.0723E-1
7.9100E-4	1.0254E-2	4.7822E-1
7.9200E-4	9.2773E-3	4.5864E-1
7.9300E-4	9.2773E-3	4.4556E-1
7.9400E-4	9.7656E-3	4.4087E-1
7.9500E-4	9.2773E-3	4.4209E-1
7.9600E-4	9.2773E-3	4.4941E-1
7.9700E-4	9.0332E-3	4.5884E-1
7.9800E-4	1.0010E-2	4.6968E-1
7.9900E-4	1.0010E-2	4.8237E-1
8.0000E-4	9.5215E-3	4.9639E-1
8.0100E-4	9.7656E-3	5.1040E-1
8.0200E-4	9.5215E-3	5.2749E-1
8.0300E-4	9.2773E-3	5.4888E-1
8.0400E-4	1.0254E-2	5.7070E-1
8.0500E-4	9.2773E-3	5.9565E-1
8.0600E-4	1.0010E-2	6.2227E-1
8.0700E-4	9.5215E-3	6.4849E-1
8.0800E-4	9.2773E-3	6.7231E-1
8.0900E-4	1.0254E-2	6.9180E-1
8.1000E-4	1.0742E-2	7.0527E-1
8.1100E-4	9.5215E-3	7.1235E-1
8.1200E-4	1.0010E-2	7.0928E-1
8.1300E-4	9.5215E-3	6.9658E-1
8.1400E-4	9.7656E-3	6.7900E-1
8.1500E-4	1.0010E-2	6.5498E-1
8.1600E-4	9.7656E-3	6.2729E-1
8.1700E-4	9.2773E-3	5.9819E-1
8.1800E-4	9.5215E-3	5.7280E-1
8.1900E-4	1.0010E-2	5.4780E-1
8.2000E-4	9.5215E-3	5.2681E-1
8.2100E-4	9.2773E-3	5.1006E-1
8.2200E-4	1.0254E-2	4.9976E-1
8.2300E-4	9.5215E-3	4.9253E-1
8.2400E-4	9.7656E-3	4.9009E-1
8.2500E-4	9.0332E-3	4.9370E-1
8.2600E-4	1.0010E-2	5.0122E-1
8.2700E-4	9.7656E-3	5.1167E-1
8.2800E-4	9.5215E-3	5.2344E-1
8.2900E-4	1.0010E-2	5.3682E-1
8.3000E-4	1.0254E-2	5.4976E-1
8.3100E-4	9.7656E-3	5.6499E-1
8.3200E-4	1.0254E-2	5.7954E-1
8.3300E-4	9.7656E-3	5.9443E-1
8.3400E-4	9.0332E-3	6.1118E-1
8.3500E-4	9.5215E-3	6.2822E-1
8.3600E-4	9.7656E-3	6.4150E-1
8.3700E-4	1.0010E-2	6.5132E-1
8.3800E-4	9.0332E-3	6.5986E-1
8.3900E-4	9.2773E-3	6.6387E-1
8.4000E-4	9.5215E-3	6.6563E-1
8.4100E-4	1.0254E-2	6.6704E-1
8.4200E-4	1.0254E-2	6.6685E-1
8.4300E-4	9.7656E-3	6.6113E-1
8.4400E-4	9.7656E-3	6.5303E-1
8.4500E-4	9.2773E-3	6.4053E-1
8.4600E-4	1.0254E-2	6.2437E-1
8.4700E-4	9.7656E-3	6.0703E-1
8.4800E-4	1.0254E-2	5.9248E-1
8.4900E-4	1.0010E-2	5.8052E-1
8.5000E-4	9.2773E-3	5.6919E-1
8.5100E-4	9.7656E-3	5.5898E-1
8.5200E-4	9.5215E-3	5.5176E-1
8.5300E-4	9.5215E-3	5.4429E-1
8.5400E-4	9.2773E-3	5.3647E-1
8.5500E-4	9.5215E-3	5.2954E-1
8.5600E-4	9.5215E-3	5.2300E-1
8.5700E-4	9.5215E-3	5.1738E-1
8.5800E-4	1.0010E-2	5.1563E-1
8.5900E-4	1.0010E-2	5.1416E-1
8.6000E-4	9.5215E-3	5.1567E-1
8.6100E-4	9.7656E-3	5.2075E-1
8.6200E-4	1.0498E-2	5.2568E-1
8.6300E-4	9.7656E-3	5.3096E-1
8.6400E-4	9.2773E-3	5.3774E-1
8.6500E-4	1.0010E-2	5.4663E-1
8.6600E-4	9.2773E-3	5.5571E-1
8.6700E-4	9.7656E-3	5.6816E-1
8.6800E-4	9.2773E-3	5.8188E-1
8.6900E-4	9.5215E-3	5.9956E-1
8.7000E-4	9.5215E-3	6.1831E-1
8.7100E-4	9.7656E-3	6.4058E-1
8.7200E-4	9.7656E-3	6.6196E-1
8.7300E-4	9.5215E-3	6.8066E-1
8.7400E-4	1.0254E-2	6.9556E-1
8.7500E-4	1.0010E-2	7.0381E-1
8.7600E-4	9.7656E-3	7.0557E-1
8.7700E-4	9.7656E-3	7.0254E-1
8.7800E-4	1.0254E-2	6.9624E-1
8.7900E-4	9.7656E-3	6.8643E-1
8.8000E-4	9.5215E-3	6.7124E-1
8.8100E-4	9.5215E-3	6.4951E-1
8.8200E-4	9.0332E-3	6.2227E-1
8.8300E-4	9.7656E-3	5.9141E-1
8.8400E-4	9.5215E-3	5.5864E-1
8.8500E-4	1.0010E-2	5.2827E-1
8.8600E-4	9.2773E-3	5.0151E-1
8.8700E-4	9.0332E-3	4.7725E-1
8.8800E-4	9.5215E-3	4.5742E-1
8.8900E-4	8.7891E-3	4.4170E-1
8.9000E-4	1.0254E-2	4.3052E-1
8.9100E-4	1.0010E-2	4.2251E-1
8.9200E-4	9.0332E-3	4.2144E-1
8.9300E-4	9.5215E-3	4.2749E-1
8.9400E-4	1.0010E-2	4.3857E-1
8.9500E-4	9.2773E-3	4.5518E-1
8.9600E-4	9.7656E-3	4.7861E-1
8.9700E-4	9.2773E-3	5.0850E-1
8.9800E-4	9.5215E-3	5.4106E-1
8.9900E-4	9.5215E-3	5.7720E-1
9.0000E-4	9.2773E-3	6.1875E-1
9.0100E-4	9.2773E-3	6.6426E-1
9.0200E-4	9.5215E-3	7.0684E-1
9.0300E-4	9.5215E-3	7.4253E-1
9.0400E-4	9.2773E-3	7.7036E-1
9.0500E-4	9.5215E-3	7.8311E-1
9.0600E-4	9.2773E-3	7.7803E-1
9.0700E-4	1.0010E-2	7.5859E-1
9.0800E-4	9.7656E-3	7.2710E-1
9.0900E-4	1.0010E-2	6.8413E-1
9.1000E-4	9.2773E-3	6.3408E-1
9.1100E-4	9.7656E-3	5.7998E-1
9.1200E-4	9.5215E-3	5.2456E-1
9.1300E-4	1.0010E-2	4.7246E-1
9.1400E-4	9.2773E-3	4.2744E-1
9.1500E-4	1.0010E-2	3.9092E-1
9.1600E-4	9.5215E-3	3.6465E-1
9.1700E-4	9.5215E-3	3.4692E-1
9.1800E-4	9.7656E-3	3.3799E-1
9.1900E-4	9.5215E-3	3.3359E-1
9.2000E-4	9.7656E-3	3.3350E-1
9.2100E-4	9.5215E-3	3.4043E-1
9.2200E-4	9.7656E-3	3.5176E-1
9.2300E-4	9.7656E-3	3.6768E-1
9.2400E-4	9.7656E-3	3.9155E-1
9.2500E-4	1.0254E-2	4.2451E-1
9.2600E-4	9.2773E-3	4.6265E-1
9.2700E-4	9.5215E-3	5.0962E-1
9.2800E-4	1.0010E-2	5.6406E-1
9.2900E-4	9.0332E-3	6.2310E-1
9.3000E-4	9.5215E-3	6.8267E-1
9.3100E-4	1.0010E-2	7.3950E-1
9.3200E-4	9.5215E-3	7.8364E-1
9.3300E-4	9.2773E-3	8.0737E-1
9.3400E-4	1.0010E-2	8.0889E-1
9.3500E-4	9.5215E-3	7.8774E-1
9.3600E-4	9.2773E-3	7.4233E-1
9.3700E-4	9.5215E-3	6.8174E-1
9.3800E-4	9.7656E-3	6.1211E-1
9.3900E-4	1.0010E-2	5.3701E-1
9.4000E-4	9.5215E-3	4.6260E-1
9.4100E-4	9.0332E-3	3.9624E-1
9.4200E-4	9.7656E-3	3.4019E-1
9.4300E-4	1.0010E-2	2.9751E-1
9.4400E-4	9.0332E-3	2.6836E-1
9.4500E-4	9.2773E-3	2.5151E-1
9.4600E-4	1.0010E-2	2.4590E-1
9.4700E-4	9.5215E-3	2.4741E-1
9.4800E-4	9.5215E-3	2.5620E-1
9.4900E-4	1.0254E-2	2.7090E-1
9.5000E-4	1.0010E-2	2.8896E-1
9.5100E-4	9.7656E-3	3.0977E-1
9.5200E-4	9.2773E-3	3.3701E-1
9.5300E-4	1.0010E-2	3.7139E-1
9.5400E-4	9.5215E-3	4.1201E-1
9.5500E-4	9.2773E-3	4.6294E-1
9.5600E-4	9.5215E-3	5.2007E-1
9.5700E-4	8.7891E-3	5.8623E-1
9.5800E-4	9.5215E-3	6.5352E-1
9.5900E-4	9.5215E-3	7.1929E-1
9.6000E-4	9.2773E-3	7.7158E-1
9.6100E-4	9.0332E-3	8.0459E-1
9.6200E-4	9.0332E-3	8.0591E-1
9.6300E-4	1.0010E-2	7.7881E-1
9.6400E-4	9.2773E-3	7.2207E-1
9.6500E-4	9.2773E-3	6.4575E-1
9.6600E-4	9.5215E-3	5.5933E-1
9.6700E-4	9.5215E-3	4.7490E-1
9.6800E-4	9.2773E-3	3.9341E-1
9.6900E-4	9.2773E-3	3.2241E-1
9.7000E-4	9.5215E-3	2.6523E-1
9.7100E-4	1.0010E-2	2.2275E-1
9.7200E-4	9.0332E-3	1.9082E-1
9.7300E-4	9.7656E-3	1.7295E-1
9.7400E-4	9.5215E-3	1.6396E-1
9.7500E-4	9.5215E-3	1.6343E-1
9.7600E-4	9.5215E-3	1.7109E-1
9.7700E-4	9.7656E-3	1.8438E-1
9.7800E-4	9.5215E-3	2.0073E-1
9.7900E-4	9.7656E-3	2.2437E-1
9.8000E-4	9.7656E-3	2.5298E-1
9.8100E-4	1.0010E-2	2.8442E-1
9.8200E-4	1.0498E-2	3.2485E-1
9.8300E-4	1.0010E-2	3.7729E-1
9.8400E-4	9.2773E-3	4.4175E-1
9.8500E-4	9.7656E-3	5.1958E-1
9.8600E-4	9.7656E-3	6.0703E-1
9.8700E-4	9.2773E-3	6.9414E-1
9.8800E-4	9.2773E-3	7.6484E-1
9.8900E-4	9.5215E-3	8.0586E-1
9.9000E-4	9.5215E-3	8.0273E-1
9.9100E-4	9.7656E-3	7.5669E-1
9.9200E-4	9.5215E-3	6.7139E-1
9.9300E-4	1.0254E-2	5.6226E-1
9.9400E-4	9.2773E-3	4.4458E-1
9.9500E-4	9.7656E-3	3.3135E-1
9.9600E-4	9.7656E-3	2.2886E-1
9.9700E-4	1.0010E-2	1.4233E-1
9.9800E-4	9.2773E-3	1.4233E-1
9.9900E-4	9.5215E-3	1.4233E-1
