Time [s]	Aux in [V]	Main in [V]
0.0000E+0	9.5215E-3	-1.8403E-1
1.0000E-6	1.0254E-2	-1.7866E-1
2.0000E-6	9.7656E-3	-1.7275E-1
3.0000E-6	9.7656E-3	-1.6729E-1
4.0000E-6	9.5215E-3	-1.6494E-1
5.0000E-6	9.7656E-3	-1.6216E-1
6.0000E-6	9.5215E-3	-1.5859E-1
7.0000E-6	1.0010E-2	-1.5732E-1
8.0000E-6	9.0332E-3	-1.5610E-1
9.0000E-6	9.2773E-3	-1.5308E-1
1.0000E-5	9.5215E-3	-1.4829E-1
1.1000E-5	9.7656E-3	-1.4355E-1
1.2000E-5	1.0254E-2	-1.3276E-1
1.3000E-5	9.2773E-3	-1.1831E-1
1.4000E-5	9.2773E-3	-1.0029E-1
1.5000E-5	9.5215E-3	-7.8076E-2
1.6000E-5	9.2773E-3	-4.9316E-2
1.7000E-5	1.0010E-2	-1.5039E-2
1.8000E-5	9.5215E-3	2.8613E-2
1.9000E-5	9.5215E-3	8.5937E-2
2.0000E-5	9.0332E-3	1.5806E-1
2.1000E-5	9.2773E-3	2.4600E-1
2.2000E-5	9.7656E-3	3.5171E-1
2.3000E-5	1.0254E-2	4.6426E-1
2.4000E-5	9.5215E-3	5.6753E-1
2.5000E-5	9.5215E-3	6.4712E-1
2.6000E-5	9.2773E-3	6.9053E-1
2.7000E-5	9.0332E-3	6.8540E-1
2.8000E-5	9.2773E-3	6.3760E-1
2.9000E-5	9.5215E-3	5.5645E-1
3.0000E-5	9.2773E-3	4.5640E-1
3.1000E-5	9.2773E-3	3.4790E-1
3.2000E-5	9.5215E-3	2.4683E-1
3.3000E-5	9.5215E-3	1.5850E-1
3.4000E-5	9.2773E-3	8.7842E-2
3.5000E-5	9.2773E-3	3.5645E-2
3.6000E-5	9.2773E-3	4.0039E-3
3.7000E-5	9.2773E-3	-1.1279E-2
3.8000E-5	9.5215E-3	-1.4453E-2
3.9000E-5	9.2773E-3	-8.2031E-3
4.0000E-5	9.2773E-3	7.1777E-3
4.1000E-5	9.5215E-3	3.0518E-2
4.2000E-5	9.7656E-3	5.9912E-2
4.3000E-5	9.7656E-3	9.7021E-2
4.4000E-5	1.0010E-2	1.4077E-1
4.5000E-5	1.0010E-2	1.8833E-1
4.6000E-5	9.5215E-3	2.4219E-1
4.7000E-5	9.7656E-3	3.0176E-1
4.8000E-5	9.2773E-3	3.6709E-1
4.9000E-5	9.5215E-3	4.3760E-1
5.0000E-5	1.0010E-2	5.0869E-1
5.1000E-5	9.7656E-3	5.7314E-1
5.2000E-5	9.7656E-3	6.1909E-1
5.3000E-5	9.2773E-3	6.4521E-1
5.4000E-5	9.7656E-3	6.4624E-1
5.5000E-5	9.0332E-3	6.2563E-1
5.6000E-5	9.5215E-3	5.8345E-1
5.7000E-5	8.7891E-3	5.3145E-1
5.8000E-5	1.0010E-2	4.6743E-1
5.9000E-5	9.2773E-3	3.9941E-1
6.0000E-5	9.5215E-3	3.2847E-1
6.1000E-5	9.7656E-3	2.6182E-1
6.2000E-5	1.0742E-2	2.0278E-1
6.3000E-5	9.0332E-3	1.5649E-1
6.4000E-5	9.5215E-3	1.2485E-1
6.5000E-5	9.2773E-3	1.0854E-1
6.6000E-5	9.5215E-3	1.0508E-1
6.7000E-5	9.0332E-3	1.1157E-1
6.8000E-5	9.5215E-3	1.2715E-1
6.9000E-5	9.2773E-3	1.4673E-1
7.0000E-5	1.0010E-2	1.7300E-1
7.1000E-5	1.0010E-2	2.0244E-1
7.2000E-5	9.5215E-3	2.3589E-1
7.3000E-5	9.5215E-3	2.7563E-1
7.4000E-5	9.5215E-3	3.2148E-1
7.5000E-5	9.2773E-3	3.7197E-1
7.6000E-5	9.5215E-3	4.2622E-1
7.7000E-5	9.7656E-3	4.7983E-1
7.8000E-5	9.5215E-3	5.2788E-1
7.9000E-5	1.0010E-2	5.6157E-1
8.0000E-5	9.7656E-3	5.7749E-1
8.1000E-5	9.0332E-3	5.7837E-1
8.2000E-5	9.5215E-3	5.6729E-1
8.3000E-5	9.2773E-3	5.4351E-1
8.4000E-5	9.5215E-3	5.1318E-1
8.5000E-5	9.5215E-3	4.7944E-1
8.6000E-5	9.5215E-3	4.3975E-1
8.7000E-5	9.5215E-3	3.9546E-1
8.8000E-5	9.5215E-3	3.4873E-1
8.9000E-5	9.7656E-3	3.0464E-1
9.0000E-5	9.5215E-3	2.6299E-1
9.1000E-5	9.0332E-3	2.2915E-1
9.2000E-5	1.0010E-2	2.0459E-1
9.3000E-5	9.7656E-3	1.8765E-1
9.4000E-5	9.7656E-3	1.8008E-1
9.5000E-5	9.7656E-3	1.8276E-1
9.6000E-5	1.0254E-2	1.9409E-1
9.7000E-5	9.7656E-3	2.1177E-1
9.8000E-5	9.2773E-3	2.3726E-1
9.9000E-5	9.5215E-3	2.6572E-1
1.0000E-4	1.0010E-2	2.9819E-1
1.0100E-4	9.5215E-3	3.3389E-1
1.0200E-4	9.5215E-3	3.7393E-1
1.0300E-4	9.5215E-3	4.1509E-1
1.0400E-4	9.0332E-3	4.5688E-1
1.0500E-4	9.2773E-3	4.9746E-1
1.0600E-4	9.5215E-3	5.3218E-1
1.0700E-4	9.2773E-3	5.5596E-1
1.0800E-4	9.7656E-3	5.7192E-1
1.0900E-4	9.0332E-3	5.7896E-1
1.1000E-4	9.2773E-3	5.7363E-1
1.1100E-4	9.5215E-3	5.5923E-1
1.1200E-4	1.0010E-2	5.3789E-1
1.1300E-4	9.5215E-3	5.0967E-1
1.1400E-4	9.5215E-3	4.7686E-1
1.1500E-4	9.2773E-3	4.4355E-1
1.1600E-4	9.5215E-3	4.0923E-1
1.1700E-4	9.0332E-3	3.7749E-1
1.1800E-4	9.2773E-3	3.4849E-1
1.1900E-4	9.5215E-3	3.2617E-1
1.2000E-4	8.5449E-3	3.0645E-1
1.2100E-4	9.5215E-3	2.9492E-1
1.2200E-4	9.5215E-3	2.9082E-1
1.2300E-4	9.5215E-3	2.9390E-1
1.2400E-4	9.5215E-3	3.0000E-1
1.2500E-4	9.7656E-3	3.1333E-1
1.2600E-4	9.7656E-3	3.2773E-1
1.2700E-4	9.7656E-3	3.4419E-1
1.2800E-4	9.7656E-3	3.6289E-1
1.2900E-4	9.0332E-3	3.8550E-1
1.3000E-4	9.5215E-3	4.0898E-1
1.3100E-4	9.7656E-3	4.3589E-1
1.3200E-4	9.2773E-3	4.6133E-1
1.3300E-4	9.5215E-3	4.8516E-1
1.3400E-4	9.7656E-3	5.0103E-1
1.3500E-4	1.0254E-2	5.1313E-1
1.3600E-4	1.0254E-2	5.1978E-1
1.3700E-4	1.0010E-2	5.2129E-1
1.3800E-4	9.7656E-3	5.1865E-1
1.3900E-4	9.2773E-3	5.1421E-1
1.4000E-4	9.7656E-3	5.0469E-1
1.4100E-4	9.2773E-3	4.9199E-1
1.4200E-4	9.2773E-3	4.7495E-1
1.4300E-4	9.7656E-3	4.5693E-1
1.4400E-4	9.2773E-3	4.3862E-1
1.4500E-4	9.2773E-3	4.2212E-1
1.4600E-4	9.2773E-3	4.0854E-1
1.4700E-4	9.7656E-3	3.9902E-1
1.4800E-4	9.2773E-3	3.9097E-1
1.4900E-4	9.5215E-3	3.8291E-1
1.5000E-4	1.0010E-2	3.7646E-1
1.5100E-4	9.0332E-3	3.7026E-1
1.5200E-4	9.7656E-3	3.6484E-1
1.5300E-4	9.5215E-3	3.5938E-1
1.5400E-4	9.2773E-3	3.6050E-1
1.5500E-4	1.0010E-2	3.6362E-1
1.5600E-4	9.2773E-3	3.6636E-1
1.5700E-4	9.2773E-3	3.7202E-1
1.5800E-4	9.0332E-3	3.8193E-1
1.5900E-4	1.0010E-2	3.9106E-1
1.6000E-4	9.5215E-3	4.0195E-1
1.6100E-4	8.7891E-3	4.1494E-1
1.6200E-4	1.0010E-2	4.2710E-1
1.6300E-4	9.0332E-3	4.3770E-1
1.6400E-4	1.0010E-2	4.4746E-1
1.6500E-4	9.5215E-3	4.5547E-1
1.6600E-4	9.5215E-3	4.6143E-1
1.6700E-4	9.5215E-3	4.6733E-1
1.6800E-4	9.5215E-3	4.7129E-1
1.6900E-4	1.0010E-2	4.7676E-1
1.7000E-4	9.7656E-3	4.8228E-1
1.7100E-4	9.2773E-3	4.8862E-1
1.7200E-4	1.0010E-2	4.9414E-1
1.7300E-4	9.0332E-3	4.9912E-1
1.7400E-4	8.7891E-3	5.0298E-1
1.7500E-4	1.0010E-2	5.0410E-1
1.7600E-4	9.2773E-3	5.0195E-1
1.7700E-4	9.5215E-3	4.9546E-1
1.7800E-4	9.5215E-3	4.8599E-1
1.7900E-4	9.5215E-3	4.7134E-1
1.8000E-4	9.0332E-3	4.5518E-1
1.8100E-4	9.2773E-3	4.3638E-1
1.8200E-4	9.7656E-3	4.1899E-1
1.8300E-4	9.0332E-3	4.0186E-1
1.8400E-4	9.5215E-3	3.8618E-1
1.8500E-4	9.5215E-3	3.7046E-1
1.8600E-4	9.7656E-3	3.6025E-1
1.8700E-4	1.0010E-2	3.5542E-1
1.8800E-4	9.5215E-3	3.5439E-1
1.8900E-4	1.0010E-2	3.5518E-1
1.9000E-4	9.2773E-3	3.6284E-1
1.9100E-4	9.7656E-3	3.7251E-1
1.9200E-4	9.7656E-3	3.8384E-1
1.9300E-4	9.5215E-3	3.9839E-1
1.9400E-4	9.2773E-3	4.1714E-1
1.9500E-4	9.2773E-3	4.3345E-1
1.9600E-4	1.0010E-2	4.4937E-1
1.9700E-4	9.7656E-3	4.6475E-1
1.9800E-4	9.2773E-3	4.8062E-1
1.9900E-4	9.5215E-3	4.9463E-1
2.0000E-4	9.2773E-3	5.0718E-1
2.0100E-4	9.2773E-3	5.1968E-1
2.0200E-4	9.5215E-3	5.3154E-1
2.0300E-4	9.5215E-3	5.3740E-1
2.0400E-4	9.5215E-3	5.3726E-1
2.0500E-4	1.0254E-2	5.3472E-1
2.0600E-4	9.5215E-3	5.2554E-1
2.0700E-4	1.0010E-2	5.0664E-1
2.0800E-4	9.7656E-3	4.8447E-1
2.0900E-4	9.2773E-3	4.6328E-1
2.1000E-4	8.7891E-3	4.3853E-1
2.1100E-4	9.5215E-3	4.1387E-1
2.1200E-4	9.2773E-3	3.9150E-1
2.1300E-4	9.7656E-3	3.7129E-1
2.1400E-4	9.5215E-3	3.5122E-1
2.1500E-4	9.5215E-3	3.3628E-1
2.1600E-4	9.0332E-3	3.2637E-1
2.1700E-4	9.7656E-3	3.2197E-1
2.1800E-4	9.2773E-3	3.2612E-1
2.1900E-4	9.0332E-3	3.3413E-1
2.2000E-4	9.2773E-3	3.4468E-1
2.2100E-4	1.0010E-2	3.5859E-1
2.2200E-4	9.0332E-3	3.7632E-1
2.2300E-4	9.5215E-3	3.9312E-1
2.2400E-4	9.5215E-3	4.1499E-1
2.2500E-4	9.5215E-3	4.4126E-1
2.2600E-4	9.7656E-3	4.6826E-1
2.2700E-4	9.5215E-3	4.9731E-1
2.2800E-4	9.5215E-3	5.2554E-1
2.2900E-4	9.7656E-3	5.5225E-1
2.3000E-4	9.2773E-3	5.7451E-1
2.3100E-4	9.5215E-3	5.9126E-1
2.3200E-4	9.5215E-3	5.9941E-1
2.3300E-4	9.5215E-3	5.9990E-1
2.3400E-4	9.5215E-3	5.8896E-1
2.3500E-4	9.5215E-3	5.7012E-1
2.3600E-4	9.5215E-3	5.4624E-1
2.3700E-4	9.7656E-3	5.1631E-1
2.3800E-4	9.7656E-3	4.8296E-1
2.3900E-4	9.0332E-3	4.5142E-1
2.4000E-4	9.2773E-3	4.1880E-1
2.4100E-4	9.2773E-3	3.8760E-1
2.4200E-4	9.0332E-3	3.6040E-1
2.4300E-4	9.5215E-3	3.3687E-1
2.4400E-4	9.7656E-3	3.2017E-1
2.4500E-4	9.5215E-3	3.1216E-1
2.4600E-4	9.2773E-3	3.1006E-1
2.4700E-4	1.0010E-2	3.1646E-1
2.4800E-4	9.7656E-3	3.3027E-1
2.4900E-4	9.5215E-3	3.4712E-1
2.5000E-4	9.0332E-3	3.6812E-1
2.5100E-4	9.5215E-3	3.9219E-1
2.5200E-4	1.0010E-2	4.1626E-1
2.5300E-4	9.5215E-3	4.4302E-1
2.5400E-4	9.2773E-3	4.7031E-1
2.5500E-4	9.2773E-3	4.9927E-1
2.5600E-4	1.0010E-2	5.2764E-1
2.5700E-4	1.0010E-2	5.5688E-1
2.5800E-4	9.7656E-3	5.8457E-1
2.5900E-4	9.2773E-3	6.1021E-1
2.6000E-4	9.2773E-3	6.2925E-1
2.6100E-4	9.5215E-3	6.4106E-1
2.6200E-4	9.0332E-3	6.4180E-1
2.6300E-4	9.5215E-3	6.3066E-1
2.6400E-4	9.5215E-3	6.0962E-1
2.6500E-4	9.2773E-3	5.7847E-1
2.6600E-4	9.5215E-3	5.4038E-1
2.6700E-4	9.0332E-3	4.9922E-1
2.6800E-4	9.0332E-3	4.5796E-1
2.6900E-4	9.2773E-3	4.1938E-1
2.7000E-4	9.0332E-3	3.8838E-1
2.7100E-4	9.7656E-3	3.6631E-1
2.7200E-4	9.7656E-3	3.5122E-1
2.7300E-4	9.0332E-3	3.4497E-1
2.7400E-4	9.2773E-3	3.4375E-1
2.7500E-4	1.0010E-2	3.4687E-1
2.7600E-4	9.2773E-3	3.5439E-1
2.7700E-4	9.2773E-3	3.6772E-1
2.7800E-4	9.5215E-3	3.8330E-1
2.7900E-4	9.2773E-3	4.0225E-1
2.8000E-4	9.0332E-3	4.2471E-1
2.8100E-4	9.7656E-3	4.5005E-1
2.8200E-4	8.7891E-3	4.7744E-1
2.8300E-4	9.5215E-3	5.0864E-1
2.8400E-4	9.0332E-3	5.4150E-1
2.8500E-4	9.5215E-3	5.7173E-1
2.8600E-4	9.7656E-3	5.9941E-1
2.8700E-4	9.2773E-3	6.2354E-1
2.8800E-4	9.7656E-3	6.3955E-1
2.8900E-4	1.0010E-2	6.4692E-1
2.9000E-4	9.7656E-3	6.4663E-1
2.9100E-4	9.5215E-3	6.3818E-1
2.9200E-4	9.5215E-3	6.1943E-1
2.9300E-4	9.5215E-3	5.9492E-1
2.9400E-4	9.2773E-3	5.6509E-1
2.9500E-4	9.5215E-3	5.3159E-1
2.9600E-4	9.2773E-3	4.9580E-1
2.9700E-4	1.0010E-2	4.6343E-1
2.9800E-4	9.7656E-3	4.3359E-1
2.9900E-4	9.7656E-3	4.1157E-1
3.0000E-4	1.0254E-2	3.9531E-1
3.0100E-4	8.7891E-3	3.8745E-1
3.0200E-4	9.5215E-3	3.8442E-1
3.0300E-4	9.5215E-3	3.8491E-1
3.0400E-4	9.5215E-3	3.8604E-1
3.0500E-4	9.7656E-3	3.9141E-1
3.0600E-4	9.7656E-3	3.9712E-1
3.0700E-4	9.2773E-3	4.0688E-1
3.0800E-4	9.5215E-3	4.1934E-1
3.0900E-4	9.7656E-3	4.3477E-1
3.1000E-4	9.5215E-3	4.5181E-1
3.1100E-4	9.5215E-3	4.6948E-1
3.1200E-4	9.2773E-3	4.8613E-1
3.1300E-4	9.2773E-3	5.0410E-1
3.1400E-4	9.7656E-3	5.2236E-1
3.1500E-4	9.2773E-3	5.3975E-1
3.1600E-4	9.7656E-3	5.5684E-1
3.1700E-4	9.2773E-3	5.7344E-1
3.1800E-4	1.0010E-2	5.8818E-1
3.1900E-4	8.5449E-3	5.9775E-1
3.2000E-4	9.7656E-3	6.0332E-1
3.2100E-4	9.7656E-3	6.0444E-1
3.2200E-4	9.2773E-3	5.9976E-1
3.2300E-4	9.0332E-3	5.9038E-1
3.2400E-4	9.7656E-3	5.7905E-1
3.2500E-4	9.7656E-3	5.6675E-1
3.2600E-4	1.0010E-2	5.5322E-1
3.2700E-4	1.0010E-2	5.4033E-1
3.2800E-4	9.0332E-3	5.2681E-1
3.2900E-4	9.5215E-3	5.1338E-1
3.3000E-4	1.0010E-2	5.0083E-1
3.3100E-4	9.7656E-3	4.9121E-1
3.3200E-4	9.2773E-3	4.8325E-1
3.3300E-4	1.0010E-2	4.7524E-1
3.3400E-4	9.5215E-3	4.6772E-1
3.3500E-4	1.0254E-2	4.6172E-1
3.3600E-4	8.7891E-3	4.5479E-1
3.3700E-4	1.0010E-2	4.4868E-1
3.3800E-4	8.7891E-3	4.4595E-1
3.3900E-4	1.0254E-2	4.4712E-1
3.4000E-4	9.5215E-3	4.4741E-1
3.4100E-4	1.0010E-2	4.5063E-1
3.4200E-4	9.2773E-3	4.5532E-1
3.4300E-4	9.5215E-3	4.6240E-1
3.4400E-4	9.7656E-3	4.6812E-1
3.4500E-4	1.0498E-2	4.7563E-1
3.4600E-4	9.5215E-3	4.8501E-1
3.4700E-4	9.5215E-3	4.9805E-1
3.4800E-4	9.5215E-3	5.1401E-1
3.4900E-4	9.5215E-3	5.3481E-1
3.5000E-4	9.5215E-3	5.5967E-1
3.5100E-4	9.7656E-3	5.8325E-1
3.5200E-4	9.2773E-3	6.0449E-1
3.5300E-4	9.2773E-3	6.2031E-1
3.5400E-4	9.7656E-3	6.3120E-1
3.5500E-4	9.5215E-3	6.3525E-1
3.5600E-4	9.7656E-3	6.3457E-1
3.5700E-4	9.0332E-3	6.2588E-1
3.5800E-4	9.2773E-3	6.0972E-1
3.5900E-4	9.7656E-3	5.8726E-1
3.6000E-4	9.5215E-3	5.5967E-1
3.6100E-4	9.7656E-3	5.2529E-1
3.6200E-4	9.2773E-3	4.8804E-1
3.6300E-4	8.7891E-3	4.5205E-1
3.6400E-4	9.5215E-3	4.1621E-1
3.6500E-4	9.2773E-3	3.8325E-1
3.6600E-4	8.5449E-3	3.5737E-1
3.6700E-4	9.5215E-3	3.3906E-1
3.6800E-4	1.0010E-2	3.2598E-1
3.6900E-4	9.7656E-3	3.2070E-1
3.7000E-4	9.7656E-3	3.2241E-1
3.7100E-4	9.7656E-3	3.2910E-1
3.7200E-4	9.5215E-3	3.4014E-1
3.7300E-4	9.2773E-3	3.5688E-1
3.7400E-4	1.0010E-2	3.7944E-1
3.7500E-4	1.0254E-2	4.0469E-1
3.7600E-4	9.5215E-3	4.3291E-1
3.7700E-4	9.2773E-3	4.6372E-1
3.7800E-4	1.0010E-2	5.0059E-1
3.7900E-4	9.5215E-3	5.3950E-1
3.8000E-4	9.0332E-3	5.8179E-1
3.8100E-4	9.2773E-3	6.2500E-1
3.8200E-4	9.2773E-3	6.6274E-1
3.8300E-4	9.2773E-3	6.8730E-1
3.8400E-4	9.0332E-3	6.9595E-1
3.8500E-4	9.7656E-3	6.8887E-1
3.8600E-4	1.0254E-2	6.6616E-1
3.8700E-4	9.5215E-3	6.3306E-1
3.8800E-4	9.5215E-3	5.9092E-1
3.8900E-4	9.7656E-3	5.4326E-1
3.9000E-4	9.7656E-3	4.9092E-1
3.9100E-4	9.5215E-3	4.3770E-1
3.9200E-4	1.0010E-2	3.8525E-1
3.9300E-4	9.5215E-3	3.3677E-1
3.9400E-4	9.0332E-3	2.9409E-1
3.9500E-4	9.7656E-3	2.6255E-1
3.9600E-4	9.5215E-3	2.4023E-1
3.9700E-4	9.2773E-3	2.2949E-1
3.9800E-4	9.0332E-3	2.2949E-1
3.9900E-4	1.0010E-2	2.3911E-1
4.0000E-4	9.7656E-3	2.5386E-1
4.0100E-4	9.5215E-3	2.7334E-1
4.0200E-4	9.5215E-3	2.9673E-1
4.0300E-4	9.5215E-3	3.2305E-1
4.0400E-4	9.2773E-3	3.5483E-1
4.0500E-4	9.7656E-3	3.9233E-1
4.0600E-4	9.5215E-3	4.3716E-1
4.0700E-4	9.7656E-3	4.8750E-1
4.0800E-4	9.5215E-3	5.4360E-1
4.0900E-4	1.0010E-2	6.0127E-1
4.1000E-4	9.7656E-3	6.5005E-1
4.1100E-4	9.7656E-3	6.8433E-1
4.1200E-4	9.7656E-3	6.9980E-1
4.1300E-4	9.7656E-3	6.9463E-1
4.1400E-4	1.0254E-2	6.6748E-1
4.1500E-4	9.2773E-3	6.2427E-1
4.1600E-4	9.5215E-3	5.6841E-1
4.1700E-4	9.5215E-3	5.0195E-1
4.1800E-4	9.5215E-3	4.3140E-1
4.1900E-4	9.7656E-3	3.6172E-1
4.2000E-4	9.5215E-3	2.9824E-1
4.2100E-4	9.5215E-3	2.4624E-1
4.2200E-4	1.0010E-2	2.0747E-1
4.2300E-4	9.2773E-3	1.8047E-1
4.2400E-4	9.2773E-3	1.6416E-1
4.2500E-4	9.7656E-3	1.5898E-1
4.2600E-4	9.5215E-3	1.5713E-1
4.2700E-4	9.5215E-3	1.6240E-1
4.2800E-4	1.0010E-2	1.7461E-1
4.2900E-4	9.2773E-3	1.9365E-1
4.3000E-4	9.5215E-3	2.1782E-1
4.3100E-4	1.0010E-2	2.5151E-1
4.3200E-4	9.2773E-3	2.8965E-1
4.3300E-4	9.7656E-3	3.3335E-1
4.3400E-4	9.5215E-3	3.8340E-1
4.3500E-4	9.0332E-3	4.3838E-1
4.3600E-4	1.0010E-2	4.9966E-1
4.3700E-4	1.0010E-2	5.6499E-1
4.3800E-4	9.2773E-3	6.2217E-1
4.3900E-4	9.2773E-3	6.6655E-1
4.4000E-4	9.5215E-3	6.9150E-1
4.4100E-4	9.2773E-3	6.8843E-1
4.4200E-4	1.0010E-2	6.5586E-1
4.4300E-4	1.0254E-2	6.0093E-1
4.4400E-4	9.5215E-3	5.2939E-1
4.4500E-4	9.7656E-3	4.4595E-1
4.4600E-4	9.2773E-3	3.6128E-1
4.4700E-4	1.0010E-2	2.8188E-1
4.4800E-4	9.5215E-3	2.1484E-1
4.4900E-4	9.7656E-3	1.5996E-1
4.5000E-4	9.5215E-3	1.1968E-1
4.5100E-4	9.0332E-3	9.0674E-2
4.5200E-4	1.0254E-2	7.4805E-2
4.5300E-4	9.5215E-3	6.6650E-2
4.5400E-4	1.0742E-2	6.6064E-2
4.5500E-4	9.7656E-3	7.2900E-2
4.5600E-4	9.5215E-3	8.7598E-2
4.5700E-4	9.5215E-3	1.0708E-1
4.5800E-4	9.5215E-3	1.3076E-1
4.5900E-4	9.5215E-3	1.5908E-1
4.6000E-4	9.5215E-3	1.9556E-1
4.6100E-4	9.5215E-3	2.4102E-1
4.6200E-4	9.0332E-3	2.9536E-1
4.6300E-4	9.5215E-3	3.6079E-1
4.6400E-4	9.5215E-3	4.3496E-1
4.6500E-4	9.5215E-3	5.1328E-1
4.6600E-4	9.2773E-3	5.8711E-1
4.6700E-4	1.0010E-2	6.4473E-1
4.6800E-4	9.0332E-3	6.7456E-1
4.6900E-4	1.0010E-2	6.7007E-1
4.7000E-4	9.5215E-3	6.2549E-1
4.7100E-4	1.0010E-2	5.4683E-1
4.7200E-4	9.0332E-3	4.4561E-1
4.7300E-4	9.0332E-3	3.3452E-1
4.7400E-4	9.2773E-3	2.2378E-1
4.7500E-4	9.7656E-3	1.2266E-1
4.7600E-4	8.7891E-3	3.5254E-2
4.7700E-4	9.2773E-3	-3.1250E-2
4.7800E-4	9.7656E-3	-7.9736E-2
4.7900E-4	9.2773E-3	-1.1348E-1
4.8000E-4	9.5215E-3	-1.3398E-1
4.8100E-4	1.0010E-2	-1.4380E-1
4.8200E-4	9.5215E-3	-1.5122E-1
4.8300E-4	9.5215E-3	-1.5327E-1
4.8400E-4	9.5215E-3	-1.5273E-1
4.8500E-4	9.5215E-3	-1.4995E-1
4.8600E-4	8.5449E-3	-1.4683E-1
4.8700E-4	9.2773E-3	-1.4443E-1
4.8800E-4	9.7656E-3	-1.4702E-1
4.8900E-4	9.5215E-3	-1.5112E-1
4.9000E-4	1.0010E-2	-1.5605E-1
4.9100E-4	9.2773E-3	-1.6182E-1
4.9200E-4	9.7656E-3	-1.6680E-1
4.9300E-4	9.5215E-3	-1.6851E-1
4.9400E-4	9.0332E-3	-1.6807E-1
4.9500E-4	1.0010E-2	-1.6787E-1
4.9600E-4	9.0332E-3	-1.6680E-1
4.9700E-4	9.5215E-3	-1.6455E-1
4.9800E-4	9.5215E-3	-1.6226E-1
4.9900E-4	9.2773E-3	-1.6147E-1
5.0000E-4	9.7656E-3	-1.6182E-1
5.0100E-4	9.5215E-3	-1.6226E-1
5.0200E-4	9.0332E-3	-1.6274E-1
5.0300E-4	9.0332E-3	-1.6318E-1
5.0400E-4	9.0332E-3	-1.6270E-1
5.0500E-4	9.5215E-3	-1.6260E-1
5.0600E-4	9.0332E-3	-1.6323E-1
5.0700E-4	9.7656E-3	-1.6333E-1
5.0800E-4	9.2773E-3	-1.6221E-1
5.0900E-4	9.2773E-3	-1.6152E-1
5.1000E-4	9.5215E-3	-1.5435E-1
5.1100E-4	9.2773E-3	-1.4204E-1
5.1200E-4	9.0332E-3	-1.2573E-1
5.1300E-4	9.7656E-3	-1.0767E-1
5.1400E-4	9.2773E-3	-8.2373E-2
5.1500E-4	9.5215E-3	-5.4736E-2
5.1600E-4	9.5215E-3	-2.3486E-2
5.1700E-4	9.5215E-3	1.3672E-2
5.1800E-4	9.0332E-3	6.0889E-2
5.1900E-4	9.7656E-3	1.1787E-1
5.2000E-4	9.5215E-3	1.8882E-1
5.2100E-4	9.2773E-3	2.7695E-1
5.2200E-4	9.2773E-3	3.8052E-1
5.2300E-4	9.5215E-3	4.9224E-1
5.2400E-4	1.0010E-2	5.9834E-1
5.2500E-4	1.0010E-2	6.8110E-1
5.2600E-4	9.5215E-3	7.2734E-1
5.2700E-4	9.7656E-3	7.2842E-1
5.2800E-4	9.2773E-3	6.8296E-1
5.2900E-4	9.5215E-3	6.0078E-1
5.3000E-4	9.0332E-3	4.9766E-1
5.3100E-4	9.7656E-3	3.8687E-1
5.3200E-4	9.2773E-3	2.8306E-1
5.3300E-4	9.0332E-3	1.9556E-1
5.3400E-4	1.0010E-2	1.2988E-1
5.3500E-4	1.0010E-2	8.4326E-2
5.3600E-4	1.0010E-2	5.7910E-2
5.3700E-4	1.0010E-2	4.6436E-2
5.3800E-4	9.5215E-3	4.5898E-2
5.3900E-4	9.5215E-3	5.3955E-2
5.4000E-4	9.2773E-3	6.7139E-2
5.4100E-4	9.5215E-3	8.6084E-2
5.4200E-4	9.0332E-3	1.0830E-1
5.4300E-4	9.5215E-3	1.3403E-1
5.4400E-4	9.0332E-3	1.6528E-1
5.4500E-4	9.5215E-3	2.0479E-1
5.4600E-4	9.5215E-3	2.5352E-1
5.4700E-4	9.2773E-3	3.1118E-1
5.4800E-4	9.5215E-3	3.8032E-1
5.4900E-4	9.5215E-3	4.5537E-1
5.5000E-4	9.5215E-3	5.3530E-1
5.5100E-4	1.0010E-2	6.1040E-1
5.5200E-4	9.0332E-3	6.7090E-1
5.5300E-4	1.0254E-2	7.0874E-1
5.5400E-4	9.7656E-3	7.1768E-1
5.5500E-4	9.7656E-3	6.9282E-1
5.5600E-4	9.2773E-3	6.3799E-1
5.5700E-4	1.0254E-2	5.6479E-1
5.5800E-4	9.5215E-3	4.7832E-1
5.5900E-4	9.7656E-3	3.9170E-1
5.6000E-4	9.5215E-3	3.1382E-1
5.6100E-4	9.2773E-3	2.4854E-1
5.6200E-4	9.2773E-3	1.9844E-1
5.6300E-4	9.7656E-3	1.6523E-1
5.6400E-4	9.5215E-3	1.4424E-1
5.6500E-4	9.5215E-3	1.3530E-1
5.6600E-4	1.0010E-2	1.3623E-1
5.6700E-4	9.5215E-3	1.4121E-1
5.6800E-4	9.2773E-3	1.5327E-1
5.6900E-4	9.5215E-3	1.7163E-1
5.7000E-4	8.7891E-3	1.9429E-1
5.7100E-4	9.5215E-3	2.2158E-1
5.7200E-4	1.0010E-2	2.5605E-1
5.7300E-4	1.0010E-2	2.9648E-1
5.7400E-4	9.7656E-3	3.4360E-1
5.7500E-4	9.5215E-3	3.9653E-1
5.7600E-4	9.2773E-3	4.5645E-1
5.7700E-4	9.0332E-3	5.1958E-1
5.7800E-4	9.5215E-3	5.8418E-1
5.7900E-4	9.7656E-3	6.4414E-1
5.8000E-4	9.2773E-3	6.8940E-1
5.8100E-4	9.5215E-3	7.1313E-1
5.8200E-4	9.5215E-3	7.1538E-1
5.8300E-4	9.5215E-3	6.9224E-1
5.8400E-4	9.5215E-3	6.4678E-1
5.8500E-4	9.2773E-3	5.9028E-1
5.8600E-4	9.2773E-3	5.2759E-1
5.8700E-4	9.7656E-3	4.6045E-1
5.8800E-4	9.5215E-3	3.9634E-1
5.8900E-4	1.0010E-2	3.3896E-1
5.9000E-4	9.2773E-3	2.9116E-1
5.9100E-4	9.7656E-3	2.5635E-1
5.9200E-4	1.0010E-2	2.3613E-1
5.9300E-4	9.5215E-3	2.2656E-1
5.9400E-4	9.2773E-3	2.2749E-1
5.9500E-4	9.5215E-3	2.3564E-1
5.9600E-4	9.5215E-3	2.5063E-1
5.9700E-4	9.5215E-3	2.7046E-1
5.9800E-4	9.5215E-3	2.9580E-1
5.9900E-4	1.0010E-2	3.2539E-1
6.0000E-4	1.0010E-2	3.5747E-1
6.0100E-4	9.5215E-3	3.9321E-1
6.0200E-4	9.2773E-3	4.3257E-1
6.0300E-4	9.2773E-3	4.7568E-1
6.0400E-4	9.2773E-3	5.1978E-1
6.0500E-4	9.7656E-3	5.6650E-1
6.0600E-4	9.5215E-3	6.1162E-1
6.0700E-4	9.2773E-3	6.5068E-1
6.0800E-4	9.7656E-3	6.7969E-1
6.0900E-4	9.2773E-3	6.9521E-1
6.1000E-4	9.2773E-3	6.9590E-1
6.1100E-4	9.5215E-3	6.7979E-1
6.1200E-4	9.5215E-3	6.4839E-1
6.1300E-4	9.2773E-3	6.0361E-1
6.1400E-4	9.2773E-3	5.5400E-1
6.1500E-4	1.0010E-2	5.0039E-1
6.1600E-4	9.2773E-3	4.4873E-1
6.1700E-4	1.0010E-2	4.0420E-1
6.1800E-4	9.7656E-3	3.6777E-1
6.1900E-4	9.7656E-3	3.3989E-1
6.2000E-4	9.5215E-3	3.2324E-1
6.2100E-4	9.7656E-3	3.1392E-1
6.2200E-4	9.2773E-3	3.1089E-1
6.2300E-4	9.2773E-3	3.1323E-1
6.2400E-4	9.7656E-3	3.2021E-1
6.2500E-4	9.0332E-3	3.2969E-1
6.2600E-4	1.0010E-2	3.4360E-1
6.2700E-4	9.2773E-3	3.6265E-1
6.2800E-4	9.0332E-3	3.8804E-1
6.2900E-4	9.7656E-3	4.1616E-1
6.3000E-4	9.5215E-3	4.4609E-1
6.3100E-4	1.0010E-2	4.7729E-1
6.3200E-4	9.2773E-3	5.0840E-1
6.3300E-4	9.0332E-3	5.3716E-1
6.3400E-4	9.0332E-3	5.6362E-1
6.3500E-4	1.0010E-2	5.8848E-1
6.3600E-4	9.2773E-3	6.0835E-1
6.3700E-4	9.7656E-3	6.2095E-1
6.3800E-4	9.2773E-3	6.2847E-1
6.3900E-4	9.2773E-3	6.2871E-1
6.4000E-4	8.7891E-3	6.2061E-1
6.4100E-4	1.0010E-2	6.0562E-1
6.4200E-4	9.2773E-3	5.8584E-1
6.4300E-4	9.0332E-3	5.6294E-1
6.4400E-4	9.7656E-3	5.4014E-1
6.4500E-4	9.5215E-3	5.2075E-1
6.4600E-4	9.5215E-3	5.0200E-1
6.4700E-4	9.2773E-3	4.8491E-1
6.4800E-4	9.2773E-3	4.7090E-1
6.4900E-4	1.0010E-2	4.5757E-1
6.5000E-4	9.0332E-3	4.4639E-1
6.5100E-4	9.7656E-3	4.3921E-1
6.5200E-4	8.7891E-3	4.3794E-1
6.5300E-4	9.7656E-3	4.3672E-1
6.5400E-4	9.0332E-3	4.3984E-1
6.5500E-4	9.5215E-3	4.4067E-1
6.5600E-4	1.0010E-2	4.4399E-1
6.5700E-4	9.7656E-3	4.4629E-1
6.5800E-4	9.0332E-3	4.5078E-1
6.5900E-4	9.7656E-3	4.5713E-1
6.6000E-4	1.0010E-2	4.6519E-1
6.6100E-4	9.5215E-3	4.7451E-1
6.6200E-4	9.5215E-3	4.8735E-1
6.6300E-4	9.7656E-3	5.0029E-1
6.6400E-4	9.2773E-3	5.1094E-1
6.6500E-4	9.7656E-3	5.2217E-1
6.6600E-4	9.5215E-3	5.3096E-1
6.6700E-4	9.7656E-3	5.3667E-1
6.6800E-4	9.5215E-3	5.4282E-1
6.6900E-4	9.0332E-3	5.5083E-1
6.7000E-4	9.2773E-3	5.5933E-1
6.7100E-4	9.5215E-3	5.6807E-1
6.7200E-4	9.2773E-3	5.7456E-1
6.7300E-4	9.5215E-3	5.7534E-1
6.7400E-4	9.7656E-3	5.7266E-1
6.7500E-4	9.0332E-3	5.6475E-1
6.7600E-4	9.5215E-3	5.5439E-1
6.7700E-4	1.0010E-2	5.4375E-1
6.7800E-4	9.5215E-3	5.3438E-1
6.7900E-4	9.7656E-3	5.2139E-1
6.8000E-4	9.0332E-3	5.0825E-1
6.8100E-4	9.7656E-3	4.9219E-1
6.8200E-4	9.7656E-3	4.7422E-1
6.8300E-4	1.0010E-2	4.5547E-1
6.8400E-4	9.7656E-3	4.3877E-1
6.8500E-4	9.5215E-3	4.2446E-1
6.8600E-4	9.5215E-3	4.1538E-1
6.8700E-4	9.7656E-3	4.0991E-1
6.8800E-4	9.0332E-3	4.0791E-1
6.8900E-4	1.0010E-2	4.0796E-1
6.9000E-4	9.7656E-3	4.0957E-1
6.9100E-4	9.0332E-3	4.1172E-1
6.9200E-4	9.0332E-3	4.1548E-1
6.9300E-4	9.2773E-3	4.2236E-1
6.9400E-4	9.2773E-3	4.3550E-1
6.9500E-4	9.2773E-3	4.5239E-1
6.9600E-4	9.2773E-3	4.7466E-1
6.9700E-4	9.2773E-3	5.0020E-1
6.9800E-4	9.2773E-3	5.2861E-1
6.9900E-4	9.2773E-3	5.5781E-1
7.0000E-4	1.0254E-2	5.8599E-1
7.0100E-4	9.5215E-3	6.1172E-1
7.0200E-4	9.0332E-3	6.3330E-1
7.0300E-4	1.0254E-2	6.4897E-1
7.0400E-4	9.7656E-3	6.5430E-1
7.0500E-4	9.5215E-3	6.5244E-1
7.0600E-4	9.5215E-3	6.4180E-1
7.0700E-4	9.5215E-3	6.2271E-1
7.0800E-4	9.5215E-3	5.9492E-1
7.0900E-4	9.2773E-3	5.6328E-1
7.1000E-4	9.5215E-3	5.2710E-1
7.1100E-4	9.5215E-3	4.8901E-1
7.1200E-4	9.7656E-3	4.5298E-1
7.1300E-4	9.7656E-3	4.2129E-1
7.1400E-4	1.0010E-2	3.9194E-1
7.1500E-4	9.2773E-3	3.6929E-1
7.1600E-4	9.7656E-3	3.5156E-1
7.1700E-4	1.0498E-2	3.4380E-1
7.1800E-4	9.5215E-3	3.4106E-1
7.1900E-4	9.0332E-3	3.4663E-1
7.2000E-4	9.2773E-3	3.5820E-1
7.2100E-4	9.7656E-3	3.7515E-1
7.2200E-4	9.5215E-3	3.9316E-1
7.2300E-4	9.7656E-3	4.1382E-1
7.2400E-4	8.7891E-3	4.3789E-1
7.2500E-4	1.0498E-2	4.6626E-1
7.2600E-4	9.2773E-3	4.9883E-1
7.2700E-4	1.0010E-2	5.3311E-1
7.2800E-4	9.5215E-3	5.6909E-1
7.2900E-4	9.0332E-3	6.0444E-1
7.3000E-4	9.0332E-3	6.3452E-1
7.3100E-4	9.7656E-3	6.5825E-1
7.3200E-4	9.5215E-3	6.7075E-1
7.3300E-4	9.2773E-3	6.7285E-1
7.3400E-4	9.7656E-3	6.6563E-1
7.3500E-4	9.5215E-3	6.4756E-1
7.3600E-4	9.5215E-3	6.1973E-1
7.3700E-4	9.2773E-3	5.8770E-1
7.3800E-4	9.5215E-3	5.5293E-1
7.3900E-4	9.5215E-3	5.1294E-1
7.4000E-4	9.5215E-3	4.7212E-1
7.4100E-4	9.5215E-3	4.3516E-1
7.4200E-4	9.2773E-3	4.0117E-1
7.4300E-4	1.0010E-2	3.7148E-1
7.4400E-4	9.0332E-3	3.4966E-1
7.4500E-4	9.7656E-3	3.3657E-1
7.4600E-4	1.0010E-2	3.3003E-1
7.4700E-4	9.0332E-3	3.3188E-1
7.4800E-4	9.5215E-3	3.4092E-1
7.4900E-4	1.0010E-2	3.5601E-1
7.5000E-4	1.0010E-2	3.7588E-1
7.5100E-4	9.0332E-3	3.9844E-1
7.5200E-4	9.2773E-3	4.2554E-1
7.5300E-4	9.5215E-3	4.5737E-1
7.5400E-4	9.5215E-3	4.9185E-1
7.5500E-4	9.5215E-3	5.2861E-1
7.5600E-4	9.5215E-3	5.6870E-1
7.5700E-4	9.7656E-3	6.0752E-1
7.5800E-4	9.2773E-3	6.4375E-1
7.5900E-4	9.2773E-3	6.7227E-1
7.6000E-4	1.0010E-2	6.9126E-1
7.6100E-4	9.7656E-3	6.9653E-1
7.6200E-4	9.2773E-3	6.8882E-1
7.6300E-4	9.2773E-3	6.6689E-1
7.6400E-4	9.2773E-3	6.3789E-1
7.6500E-4	9.0332E-3	6.0342E-1
7.6600E-4	9.7656E-3	5.6660E-1
7.6700E-4	9.7656E-3	5.2881E-1
7.6800E-4	9.2773E-3	4.9263E-1
7.6900E-4	1.0254E-2	4.5811E-1
7.7000E-4	9.7656E-3	4.2568E-1
7.7100E-4	1.0254E-2	3.9824E-1
7.7200E-4	1.0010E-2	3.7617E-1
7.7300E-4	1.0254E-2	3.5996E-1
7.7400E-4	9.2773E-3	3.4814E-1
7.7500E-4	9.5215E-3	3.4517E-1
7.7600E-4	9.7656E-3	3.4805E-1
7.7700E-4	9.7656E-3	3.5674E-1
7.7800E-4	9.5215E-3	3.7036E-1
7.7900E-4	9.5215E-3	3.9058E-1
7.8000E-4	9.7656E-3	4.1299E-1
7.8100E-4	8.7891E-3	4.3989E-1
7.8200E-4	9.0332E-3	4.6860E-1
7.8300E-4	9.0332E-3	4.9922E-1
7.8400E-4	9.5215E-3	5.3047E-1
7.8500E-4	1.0254E-2	5.6230E-1
7.8600E-4	9.5215E-3	5.9233E-1
7.8700E-4	9.5215E-3	6.1997E-1
7.8800E-4	9.5215E-3	6.4141E-1
7.8900E-4	1.0254E-2	6.5498E-1
7.9000E-4	9.5215E-3	6.5791E-1
7.9100E-4	9.2773E-3	6.5190E-1
7.9200E-4	9.2773E-3	6.3838E-1
7.9300E-4	1.0010E-2	6.1768E-1
7.9400E-4	1.0254E-2	5.9336E-1
7.9500E-4	9.5215E-3	5.6831E-1
7.9600E-4	9.2773E-3	5.4023E-1
7.9700E-4	9.5215E-3	5.0972E-1
7.9800E-4	9.5215E-3	4.8403E-1
7.9900E-4	9.5215E-3	4.6035E-1
8.0000E-4	9.2773E-3	4.4048E-1
8.0100E-4	9.5215E-3	4.2637E-1
8.0200E-4	9.5215E-3	4.1787E-1
8.0300E-4	9.2773E-3	4.1333E-1
8.0400E-4	9.5215E-3	4.1367E-1
8.0500E-4	1.0010E-2	4.1694E-1
8.0600E-4	9.7656E-3	4.2471E-1
8.0700E-4	9.5215E-3	4.3760E-1
8.0800E-4	1.0010E-2	4.5171E-1
8.0900E-4	9.7656E-3	4.6650E-1
8.1000E-4	9.7656E-3	4.8496E-1
8.1100E-4	9.2773E-3	5.0361E-1
8.1200E-4	9.5215E-3	5.2183E-1
8.1300E-4	9.2773E-3	5.3955E-1
8.1400E-4	9.7656E-3	5.5522E-1
8.1500E-4	9.5215E-3	5.6777E-1
8.1600E-4	9.5215E-3	5.7886E-1
8.1700E-4	9.5215E-3	5.8657E-1
8.1800E-4	1.0010E-2	5.9326E-1
8.1900E-4	9.0332E-3	5.9878E-1
8.2000E-4	1.0010E-2	6.0005E-1
8.2100E-4	9.7656E-3	5.9775E-1
8.2200E-4	9.5215E-3	5.9375E-1
8.2300E-4	9.0332E-3	5.8574E-1
8.2400E-4	8.7891E-3	5.7651E-1
8.2500E-4	9.0332E-3	5.6782E-1
8.2600E-4	9.5215E-3	5.5723E-1
8.2700E-4	9.7656E-3	5.4492E-1
8.2800E-4	9.7656E-3	5.3174E-1
8.2900E-4	9.2773E-3	5.1846E-1
8.3000E-4	8.7891E-3	5.0532E-1
8.3100E-4	9.5215E-3	4.9038E-1
8.3200E-4	9.2773E-3	4.7695E-1
8.3300E-4	9.5215E-3	4.6567E-1
8.3400E-4	9.2773E-3	4.5708E-1
8.3500E-4	1.0254E-2	4.4956E-1
8.3600E-4	9.2773E-3	4.4604E-1
8.3700E-4	1.0010E-2	4.4297E-1
8.3800E-4	9.5215E-3	4.4077E-1
8.3900E-4	9.7656E-3	4.3770E-1
8.4000E-4	9.7656E-3	4.3462E-1
8.4100E-4	9.7656E-3	4.3433E-1
8.4200E-4	9.5215E-3	4.3745E-1
8.4300E-4	1.0498E-2	4.4458E-1
8.4400E-4	1.0010E-2	4.5366E-1
8.4500E-4	9.7656E-3	4.6675E-1
8.4600E-4	9.2773E-3	4.8169E-1
8.4700E-4	9.7656E-3	4.9824E-1
8.4800E-4	9.5215E-3	5.1660E-1
8.4900E-4	9.0332E-3	5.3726E-1
8.5000E-4	9.5215E-3	5.5991E-1
8.5100E-4	9.7656E-3	5.8203E-1
8.5200E-4	9.7656E-3	6.0298E-1
8.5300E-4	9.7656E-3	6.1987E-1
8.5400E-4	1.0010E-2	6.3193E-1
8.5500E-4	1.0010E-2	6.3887E-1
8.5600E-4	9.2773E-3	6.3911E-1
8.5700E-4	1.0254E-2	6.3115E-1
8.5800E-4	9.2773E-3	6.1738E-1
8.5900E-4	9.5215E-3	5.9990E-1
8.6000E-4	9.5215E-3	5.7803E-1
8.6100E-4	9.2773E-3	5.5273E-1
8.6200E-4	1.0254E-2	5.2866E-1
8.6300E-4	9.2773E-3	5.0093E-1
8.6400E-4	9.2773E-3	4.7061E-1
8.6500E-4	9.5215E-3	4.3809E-1
8.6600E-4	9.7656E-3	4.0640E-1
8.6700E-4	9.5215E-3	3.7793E-1
8.6800E-4	8.7891E-3	3.5586E-1
8.6900E-4	9.7656E-3	3.4229E-1
8.7000E-4	9.2773E-3	3.3696E-1
8.7100E-4	9.5215E-3	3.4038E-1
8.7200E-4	9.7656E-3	3.4917E-1
8.7300E-4	9.5215E-3	3.6260E-1
8.7400E-4	9.2773E-3	3.8115E-1
8.7500E-4	9.5215E-3	4.0288E-1
8.7600E-4	9.2773E-3	4.3027E-1
8.7700E-4	9.7656E-3	4.6040E-1
8.7800E-4	1.0010E-2	4.9619E-1
8.7900E-4	9.7656E-3	5.3403E-1
8.8000E-4	9.7656E-3	5.7422E-1
8.8100E-4	9.7656E-3	6.0918E-1
8.8200E-4	1.0010E-2	6.3833E-1
8.8300E-4	1.0010E-2	6.5674E-1
8.8400E-4	9.5215E-3	6.6245E-1
8.8500E-4	1.0498E-2	6.5791E-1
8.8600E-4	9.2773E-3	6.4272E-1
8.8700E-4	9.2773E-3	6.1758E-1
8.8800E-4	9.5215E-3	5.8437E-1
8.8900E-4	9.2773E-3	5.4502E-1
8.9000E-4	9.7656E-3	4.9629E-1
8.9100E-4	9.5215E-3	4.4414E-1
8.9200E-4	9.5215E-3	3.9204E-1
8.9300E-4	1.0010E-2	3.4414E-1
8.9400E-4	9.2773E-3	3.0239E-1
8.9500E-4	1.0010E-2	2.6782E-1
8.9600E-4	9.5215E-3	2.4346E-1
8.9700E-4	9.5215E-3	2.2949E-1
8.9800E-4	9.2773E-3	2.2295E-1
8.9900E-4	9.2773E-3	2.2622E-1
9.0000E-4	9.5215E-3	2.4004E-1
9.0100E-4	9.2773E-3	2.6128E-1
9.0200E-4	9.5215E-3	2.8784E-1
9.0300E-4	1.0498E-2	3.1904E-1
9.0400E-4	9.5215E-3	3.5361E-1
9.0500E-4	1.0010E-2	3.9233E-1
9.0600E-4	9.5215E-3	4.3428E-1
9.0700E-4	8.7891E-3	4.8018E-1
9.0800E-4	9.2773E-3	5.3057E-1
9.0900E-4	9.5215E-3	5.7881E-1
9.1000E-4	9.7656E-3	6.1919E-1
9.1100E-4	9.7656E-3	6.4868E-1
9.1200E-4	1.0254E-2	6.6196E-1
9.1300E-4	9.0332E-3	6.5688E-1
9.1400E-4	9.5215E-3	6.3608E-1
9.1500E-4	9.5215E-3	6.0015E-1
9.1600E-4	1.0010E-2	5.4990E-1
9.1700E-4	9.5215E-3	4.9106E-1
9.1800E-4	9.5215E-3	4.2764E-1
9.1900E-4	9.7656E-3	3.6304E-1
9.2000E-4	9.5215E-3	3.0566E-1
9.2100E-4	9.5215E-3	2.5859E-1
9.2200E-4	9.2773E-3	2.2236E-1
9.2300E-4	9.7656E-3	1.9712E-1
9.2400E-4	9.5215E-3	1.8281E-1
9.2500E-4	1.0254E-2	1.7646E-1
9.2600E-4	9.2773E-3	1.7720E-1
9.2700E-4	9.7656E-3	1.8452E-1
9.2800E-4	9.7656E-3	1.9756E-1
9.2900E-4	9.2773E-3	2.1362E-1
9.3000E-4	9.2773E-3	2.3262E-1
9.3100E-4	9.2773E-3	2.5752E-1
9.3200E-4	9.2773E-3	2.8574E-1
9.3300E-4	9.7656E-3	3.1875E-1
9.3400E-4	9.5215E-3	3.5786E-1
9.3500E-4	9.0332E-3	4.0493E-1
9.3600E-4	9.0332E-3	4.5796E-1
9.3700E-4	1.0010E-2	5.1709E-1
9.3800E-4	9.5215E-3	5.7261E-1
9.3900E-4	9.5215E-3	6.1772E-1
9.4000E-4	9.2773E-3	6.4834E-1
9.4100E-4	9.2773E-3	6.5552E-1
9.4200E-4	1.0010E-2	6.3511E-1
9.4300E-4	9.7656E-3	5.9346E-1
9.4400E-4	9.5215E-3	5.3579E-1
9.4500E-4	9.7656E-3	4.6187E-1
9.4600E-4	9.2773E-3	3.8413E-1
9.4700E-4	9.5215E-3	3.0713E-1
9.4800E-4	9.5215E-3	2.3853E-1
9.4900E-4	9.5215E-3	1.8062E-1
9.5000E-4	1.0010E-2	1.3779E-1
9.5100E-4	9.5215E-3	1.0791E-1
9.5200E-4	9.2773E-3	9.1895E-2
9.5300E-4	1.0254E-2	8.4424E-2
9.5400E-4	9.2773E-3	8.5693E-2
9.5500E-4	1.0010E-2	9.5068E-2
9.5600E-4	9.5215E-3	1.1060E-1
9.5700E-4	1.0010E-2	1.3296E-1
9.5800E-4	9.2773E-3	1.6079E-1
9.5900E-4	9.7656E-3	1.9268E-1
9.6000E-4	9.5215E-3	2.2729E-1
9.6100E-4	1.0010E-2	2.6621E-1
9.6200E-4	9.5215E-3	3.0845E-1
9.6300E-4	1.0010E-2	3.6001E-1
9.6400E-4	9.5215E-3	4.2202E-1
9.6500E-4	9.2773E-3	4.9282E-1
9.6600E-4	9.5215E-3	5.6143E-1
9.6700E-4	9.2773E-3	6.1855E-1
9.6800E-4	9.5215E-3	6.4937E-1
9.6900E-4	9.7656E-3	6.4380E-1
9.7000E-4	9.5215E-3	6.0000E-1
9.7100E-4	9.0332E-3	5.2451E-1
9.7200E-4	1.0498E-2	4.2710E-1
9.7300E-4	9.5215E-3	3.1948E-1
9.7400E-4	9.7656E-3	2.1450E-1
9.7500E-4	9.5215E-3	1.1997E-1
9.7600E-4	9.5215E-3	3.9990E-2
9.7700E-4	9.5215E-3	-2.1777E-2
9.7800E-4	9.2773E-3	-6.6357E-2
9.7900E-4	9.5215E-3	-9.6289E-2
9.8000E-4	9.2773E-3	-1.1714E-1
9.8100E-4	9.5215E-3	-1.3110E-1
9.8200E-4	9.5215E-3	-1.4268E-1
9.8300E-4	9.7656E-3	-1.4946E-1
9.8400E-4	9.2773E-3	-1.5464E-1
9.8500E-4	9.5215E-3	-1.5630E-1
9.8600E-4	8.7891E-3	-1.5610E-1
9.8700E-4	9.0332E-3	-1.5151E-1
9.8800E-4	9.2773E-3	-1.4961E-1
9.8900E-4	9.7656E-3	-1.4844E-1
9.9000E-4	9.7656E-3	-1.5098E-1
9.9100E-4	9.0332E-3	-1.5488E-1
9.9200E-4	9.5215E-3	-1.6157E-1
9.9300E-4	9.7656E-3	-1.6621E-1
9.9400E-4	9.2773E-3	-1.7007E-1
9.9500E-4	1.0010E-2	-1.6914E-1
9.9600E-4	9.0332E-3	-1.6577E-1
9.9700E-4	9.7656E-3	-1.5923E-1
9.9800E-4	9.7656E-3	-1.5923E-1
9.9900E-4	9.5215E-3	-1.5923E-1
