Time [s]	Aux in [V]	Main in [V]
0.0000E+0	9.7656E-3	-3.2959E-2
1.0000E-6	1.0010E-2	-2.8320E-2
2.0000E-6	9.0332E-3	-2.2363E-2
3.0000E-6	9.7656E-3	-1.4160E-2
4.0000E-6	9.7656E-3	-3.5645E-3
5.0000E-6	1.0010E-2	1.0059E-2
6.0000E-6	1.0010E-2	2.9053E-2
7.0000E-6	9.5215E-3	5.3955E-2
8.0000E-6	9.5215E-3	8.7012E-2
9.0000E-6	1.0254E-2	1.2485E-1
1.0000E-5	9.0332E-3	1.7310E-1
1.1000E-5	9.5215E-3	2.3013E-1
1.2000E-5	9.2773E-3	3.0181E-1
1.3000E-5	8.7891E-3	3.8813E-1
1.4000E-5	9.2773E-3	4.9385E-1
1.5000E-5	9.0332E-3	6.0591E-1
1.6000E-5	9.7656E-3	7.1265E-1
1.7000E-5	9.5215E-3	7.9536E-1
1.8000E-5	9.7656E-3	8.4277E-1
1.9000E-5	9.5215E-3	8.4233E-1
2.0000E-5	1.0010E-2	7.9570E-1
2.1000E-5	9.5215E-3	7.1455E-1
2.2000E-5	1.0010E-2	6.1416E-1
2.3000E-5	9.0332E-3	5.0610E-1
2.4000E-5	1.0010E-2	4.0190E-1
2.5000E-5	1.0010E-2	3.1250E-1
2.6000E-5	9.5215E-3	2.4180E-1
2.7000E-5	9.2773E-3	1.9058E-1
2.8000E-5	9.2773E-3	1.5557E-1
2.9000E-5	9.7656E-3	1.4136E-1
3.0000E-5	9.5215E-3	1.4224E-1
3.1000E-5	1.0254E-2	1.5522E-1
3.2000E-5	1.0010E-2	1.7778E-1
3.3000E-5	9.2773E-3	2.0664E-1
3.4000E-5	9.5215E-3	2.3770E-1
3.5000E-5	1.0010E-2	2.7031E-1
3.6000E-5	9.0332E-3	3.0732E-1
3.7000E-5	9.5215E-3	3.4434E-1
3.8000E-5	1.0254E-2	3.8784E-1
3.9000E-5	9.7656E-3	4.3833E-1
4.0000E-5	9.5215E-3	4.9551E-1
4.1000E-5	9.5215E-3	5.5708E-1
4.2000E-5	9.5215E-3	6.2920E-1
4.3000E-5	9.7656E-3	6.9907E-1
4.4000E-5	9.5215E-3	7.5732E-1
4.5000E-5	9.7656E-3	7.9888E-1
4.6000E-5	9.5215E-3	8.1494E-1
4.7000E-5	9.5215E-3	7.9878E-1
4.8000E-5	1.0254E-2	7.5786E-1
4.9000E-5	1.0010E-2	6.9717E-1
5.0000E-5	9.5215E-3	6.2334E-1
5.1000E-5	9.7656E-3	5.4473E-1
5.2000E-5	9.5215E-3	4.6870E-1
5.3000E-5	9.2773E-3	3.9805E-1
5.4000E-5	9.5215E-3	3.3950E-1
5.5000E-5	1.0254E-2	2.9551E-1
5.6000E-5	9.0332E-3	2.6533E-1
5.7000E-5	9.7656E-3	2.4790E-1
5.8000E-5	1.0254E-2	2.4419E-1
5.9000E-5	9.0332E-3	2.5078E-1
6.0000E-5	9.5215E-3	2.6416E-1
6.1000E-5	1.0010E-2	2.8428E-1
6.2000E-5	9.5215E-3	3.0991E-1
6.3000E-5	1.0010E-2	3.3940E-1
6.4000E-5	9.2773E-3	3.7349E-1
6.5000E-5	9.2773E-3	4.1089E-1
6.6000E-5	9.2773E-3	4.5645E-1
6.7000E-5	9.2773E-3	5.0952E-1
6.8000E-5	9.5215E-3	5.6938E-1
6.9000E-5	9.5215E-3	6.3374E-1
7.0000E-5	1.0010E-2	6.9946E-1
7.1000E-5	9.7656E-3	7.5625E-1
7.2000E-5	9.5215E-3	7.9814E-1
7.3000E-5	1.0010E-2	8.1953E-1
7.4000E-5	1.0254E-2	8.1636E-1
7.5000E-5	1.0254E-2	7.9189E-1
7.6000E-5	9.5215E-3	7.5073E-1
7.7000E-5	1.0010E-2	6.9512E-1
7.8000E-5	1.0010E-2	6.3433E-1
7.9000E-5	9.7656E-3	5.7241E-1
8.0000E-5	9.7656E-3	5.1299E-1
8.1000E-5	9.5215E-3	4.5552E-1
8.2000E-5	9.2773E-3	4.0830E-1
8.3000E-5	9.5215E-3	3.7202E-1
8.4000E-5	9.5215E-3	3.4824E-1
8.5000E-5	9.5215E-3	3.3408E-1
8.6000E-5	9.5215E-3	3.3252E-1
8.7000E-5	9.7656E-3	3.4097E-1
8.8000E-5	9.7656E-3	3.5503E-1
8.9000E-5	9.7656E-3	3.7295E-1
9.0000E-5	9.7656E-3	3.9751E-1
9.1000E-5	9.5215E-3	4.2632E-1
9.2000E-5	9.0332E-3	4.5771E-1
9.3000E-5	9.7656E-3	4.9463E-1
9.4000E-5	1.0010E-2	5.3687E-1
9.5000E-5	1.0010E-2	5.8062E-1
9.6000E-5	9.2773E-3	6.2700E-1
9.7000E-5	9.5215E-3	6.7427E-1
9.8000E-5	1.0010E-2	7.1665E-1
9.9000E-5	9.5215E-3	7.5254E-1
1.0000E-4	1.0010E-2	7.7856E-1
1.0100E-4	9.5215E-3	7.9102E-1
1.0200E-4	9.5215E-3	7.8833E-1
1.0300E-4	9.7656E-3	7.7017E-1
1.0400E-4	9.2773E-3	7.3809E-1
1.0500E-4	1.0010E-2	6.9541E-1
1.0600E-4	9.0332E-3	6.4756E-1
1.0700E-4	1.0254E-2	5.9746E-1
1.0800E-4	9.0332E-3	5.5146E-1
1.0900E-4	9.5215E-3	5.1304E-1
1.1000E-4	9.5215E-3	4.8140E-1
1.1100E-4	9.5215E-3	4.5742E-1
1.1200E-4	9.2773E-3	4.4102E-1
1.1300E-4	9.7656E-3	4.3086E-1
1.1400E-4	8.7891E-3	4.2334E-1
1.1500E-4	9.5215E-3	4.2124E-1
1.1600E-4	9.7656E-3	4.2466E-1
1.1700E-4	9.7656E-3	4.3145E-1
1.1800E-4	9.5215E-3	4.4336E-1
1.1900E-4	9.5215E-3	4.6108E-1
1.2000E-4	9.5215E-3	4.8320E-1
1.2100E-4	1.0010E-2	5.0898E-1
1.2200E-4	9.7656E-3	5.3813E-1
1.2300E-4	9.5215E-3	5.6831E-1
1.2400E-4	9.5215E-3	5.9844E-1
1.2500E-4	9.7656E-3	6.2905E-1
1.2600E-4	9.5215E-3	6.5439E-1
1.2700E-4	9.2773E-3	6.7866E-1
1.2800E-4	9.7656E-3	6.9800E-1
1.2900E-4	9.7656E-3	7.1294E-1
1.3000E-4	9.7656E-3	7.2021E-1
1.3100E-4	1.0010E-2	7.2100E-1
1.3200E-4	9.7656E-3	7.1465E-1
1.3300E-4	1.0254E-2	7.0269E-1
1.3400E-4	1.0010E-2	6.8618E-1
1.3500E-4	9.7656E-3	6.6685E-1
1.3600E-4	9.5215E-3	6.4551E-1
1.3700E-4	9.7656E-3	6.2310E-1
1.3800E-4	9.5215E-3	6.0103E-1
1.3900E-4	9.7656E-3	5.7939E-1
1.4000E-4	9.7656E-3	5.6113E-1
1.4100E-4	9.5215E-3	5.4897E-1
1.4200E-4	1.0010E-2	5.3843E-1
1.4300E-4	1.0010E-2	5.3066E-1
1.4400E-4	9.5215E-3	5.2739E-1
1.4500E-4	9.5215E-3	5.2754E-1
1.4600E-4	1.0010E-2	5.3022E-1
1.4700E-4	9.0332E-3	5.3628E-1
1.4800E-4	8.5449E-3	5.4658E-1
1.4900E-4	9.5215E-3	5.5889E-1
1.5000E-4	9.5215E-3	5.6929E-1
1.5100E-4	9.7656E-3	5.7627E-1
1.5200E-4	9.7656E-3	5.8374E-1
1.5300E-4	1.0010E-2	5.9058E-1
1.5400E-4	9.5215E-3	5.9644E-1
1.5500E-4	9.2773E-3	6.0176E-1
1.5600E-4	9.2773E-3	6.0811E-1
1.5700E-4	9.7656E-3	6.1216E-1
1.5800E-4	9.5215E-3	6.1416E-1
1.5900E-4	9.2773E-3	6.1416E-1
1.6000E-4	9.5215E-3	6.1572E-1
1.6100E-4	9.5215E-3	6.1919E-1
1.6200E-4	9.5215E-3	6.2397E-1
1.6300E-4	9.7656E-3	6.3008E-1
1.6400E-4	9.2773E-3	6.3594E-1
1.6500E-4	9.2773E-3	6.4170E-1
1.6600E-4	9.7656E-3	6.4399E-1
1.6700E-4	1.0010E-2	6.4390E-1
1.6800E-4	9.7656E-3	6.4053E-1
1.6900E-4	9.5215E-3	6.3408E-1
1.7000E-4	9.5215E-3	6.2114E-1
1.7100E-4	9.7656E-3	6.0508E-1
1.7200E-4	9.2773E-3	5.8872E-1
1.7300E-4	9.7656E-3	5.7173E-1
1.7400E-4	9.5215E-3	5.5654E-1
1.7500E-4	1.0010E-2	5.4526E-1
1.7600E-4	9.7656E-3	5.3770E-1
1.7700E-4	9.5215E-3	5.3140E-1
1.7800E-4	9.2773E-3	5.2393E-1
1.7900E-4	9.5215E-3	5.1641E-1
1.8000E-4	9.5215E-3	5.0737E-1
1.8100E-4	9.7656E-3	5.0225E-1
1.8200E-4	1.0010E-2	4.9907E-1
1.8300E-4	1.0254E-2	5.0034E-1
1.8400E-4	9.5215E-3	5.0542E-1
1.8500E-4	9.0332E-3	5.1621E-1
1.8600E-4	9.2773E-3	5.2705E-1
1.8700E-4	1.0010E-2	5.4014E-1
1.8800E-4	8.7891E-3	5.5708E-1
1.8900E-4	9.7656E-3	5.7847E-1
1.9000E-4	1.0010E-2	6.0352E-1
1.9100E-4	1.0254E-2	6.3032E-1
1.9200E-4	9.5215E-3	6.5547E-1
1.9300E-4	9.2773E-3	6.7642E-1
1.9400E-4	9.5215E-3	6.9209E-1
1.9500E-4	9.0332E-3	7.0127E-1
1.9600E-4	9.5215E-3	7.0381E-1
1.9700E-4	9.5215E-3	6.9961E-1
1.9800E-4	9.5215E-3	6.9043E-1
1.9900E-4	9.5215E-3	6.7388E-1
2.0000E-4	9.7656E-3	6.5142E-1
2.0100E-4	9.5215E-3	6.2568E-1
2.0200E-4	9.2773E-3	5.9883E-1
2.0300E-4	9.2773E-3	5.6982E-1
2.0400E-4	9.7656E-3	5.4326E-1
2.0500E-4	9.7656E-3	5.1968E-1
2.0600E-4	9.2773E-3	4.9751E-1
2.0700E-4	9.7656E-3	4.7881E-1
2.0800E-4	1.0254E-2	4.6543E-1
2.0900E-4	9.5215E-3	4.5728E-1
2.1000E-4	9.5215E-3	4.5420E-1
2.1100E-4	9.7656E-3	4.5767E-1
2.1200E-4	9.2773E-3	4.6797E-1
2.1300E-4	9.5215E-3	4.8228E-1
2.1400E-4	1.0010E-2	4.9839E-1
2.1500E-4	1.0010E-2	5.1763E-1
2.1600E-4	9.5215E-3	5.3906E-1
2.1700E-4	9.7656E-3	5.6196E-1
2.1800E-4	9.7656E-3	5.8818E-1
2.1900E-4	9.7656E-3	6.1724E-1
2.2000E-4	8.7891E-3	6.4687E-1
2.2100E-4	9.2773E-3	6.7676E-1
2.2200E-4	1.0010E-2	7.0195E-1
2.2300E-4	9.5215E-3	7.2153E-1
2.2400E-4	9.7656E-3	7.3359E-1
2.2500E-4	1.0010E-2	7.3721E-1
2.2600E-4	9.2773E-3	7.3105E-1
2.2700E-4	1.0010E-2	7.1709E-1
2.2800E-4	9.2773E-3	6.9487E-1
2.2900E-4	1.0254E-2	6.6533E-1
2.3000E-4	1.0254E-2	6.2915E-1
2.3100E-4	1.0254E-2	5.9072E-1
2.3200E-4	9.0332E-3	5.5464E-1
2.3300E-4	9.0332E-3	5.2031E-1
2.3400E-4	9.7656E-3	4.9048E-1
2.3500E-4	1.0010E-2	4.6802E-1
2.3600E-4	9.7656E-3	4.5127E-1
2.3700E-4	1.0010E-2	4.4028E-1
2.3800E-4	9.2773E-3	4.3765E-1
2.3900E-4	9.5215E-3	4.3940E-1
2.4000E-4	9.5215E-3	4.4761E-1
2.4100E-4	9.7656E-3	4.5981E-1
2.4200E-4	1.0010E-2	4.7568E-1
2.4300E-4	9.2773E-3	4.9619E-1
2.4400E-4	9.5215E-3	5.2246E-1
2.4500E-4	9.7656E-3	5.5176E-1
2.4600E-4	9.0332E-3	5.8452E-1
2.4700E-4	9.2773E-3	6.2080E-1
2.4800E-4	1.0254E-2	6.5645E-1
2.4900E-4	9.5215E-3	6.9082E-1
2.5000E-4	1.0010E-2	7.2231E-1
2.5100E-4	9.7656E-3	7.4902E-1
2.5200E-4	9.7656E-3	7.6504E-1
2.5300E-4	9.2773E-3	7.7090E-1
2.5400E-4	9.5215E-3	7.6387E-1
2.5500E-4	9.7656E-3	7.4502E-1
2.5600E-4	9.5215E-3	7.1689E-1
2.5700E-4	1.0010E-2	6.8203E-1
2.5800E-4	9.2773E-3	6.4395E-1
2.5900E-4	9.5215E-3	6.0640E-1
2.6000E-4	9.5215E-3	5.7002E-1
2.6100E-4	9.7656E-3	5.3628E-1
2.6200E-4	9.7656E-3	5.0640E-1
2.6300E-4	9.2773E-3	4.8306E-1
2.6400E-4	9.0332E-3	4.6665E-1
2.6500E-4	9.7656E-3	4.5649E-1
2.6600E-4	8.7891E-3	4.5322E-1
2.6700E-4	9.0332E-3	4.5605E-1
2.6800E-4	9.7656E-3	4.6099E-1
2.6900E-4	9.7656E-3	4.7246E-1
2.7000E-4	9.2773E-3	4.8853E-1
2.7100E-4	9.2773E-3	5.0630E-1
2.7200E-4	9.5215E-3	5.2759E-1
2.7300E-4	9.2773E-3	5.5361E-1
2.7400E-4	9.5215E-3	5.7949E-1
2.7500E-4	9.5215E-3	6.0669E-1
2.7600E-4	9.5215E-3	6.3604E-1
2.7700E-4	9.7656E-3	6.6479E-1
2.7800E-4	9.5215E-3	6.9185E-1
2.7900E-4	9.2773E-3	7.1382E-1
2.8000E-4	9.2773E-3	7.3086E-1
2.8100E-4	1.0498E-2	7.4170E-1
2.8200E-4	9.7656E-3	7.4521E-1
2.8300E-4	9.0332E-3	7.4009E-1
2.8400E-4	9.5215E-3	7.3091E-1
2.8500E-4	9.7656E-3	7.1406E-1
2.8600E-4	9.0332E-3	6.8979E-1
2.8700E-4	1.0254E-2	6.6318E-1
2.8800E-4	9.2773E-3	6.3267E-1
2.8900E-4	9.2773E-3	5.9971E-1
2.9000E-4	9.7656E-3	5.7256E-1
2.9100E-4	9.2773E-3	5.5176E-1
2.9200E-4	9.2773E-3	5.3765E-1
2.9300E-4	9.2773E-3	5.2778E-1
2.9400E-4	1.0010E-2	5.2520E-1
2.9500E-4	9.2773E-3	5.2549E-1
2.9600E-4	9.0332E-3	5.2593E-1
2.9700E-4	9.7656E-3	5.2896E-1
2.9800E-4	1.0254E-2	5.3740E-1
2.9900E-4	9.5215E-3	5.4575E-1
3.0000E-4	9.7656E-3	5.5576E-1
3.0100E-4	9.5215E-3	5.6914E-1
3.0200E-4	1.0010E-2	5.8384E-1
3.0300E-4	9.7656E-3	5.9805E-1
3.0400E-4	9.5215E-3	6.1499E-1
3.0500E-4	1.0010E-2	6.3384E-1
3.0600E-4	1.0010E-2	6.5200E-1
3.0700E-4	9.2773E-3	6.6636E-1
3.0800E-4	9.2773E-3	6.8267E-1
3.0900E-4	1.0010E-2	6.9492E-1
3.1000E-4	9.5215E-3	7.0273E-1
3.1100E-4	9.7656E-3	7.0937E-1
3.1200E-4	9.5215E-3	7.1323E-1
3.1300E-4	9.7656E-3	7.1123E-1
3.1400E-4	9.7656E-3	7.0610E-1
3.1500E-4	9.2773E-3	6.9512E-1
3.1600E-4	9.0332E-3	6.8193E-1
3.1700E-4	9.5215E-3	6.6602E-1
3.1800E-4	1.0254E-2	6.4932E-1
3.1900E-4	9.5215E-3	6.3501E-1
3.2000E-4	9.7656E-3	6.2290E-1
3.2100E-4	9.5215E-3	6.1123E-1
3.2200E-4	1.0010E-2	5.9980E-1
3.2300E-4	9.5215E-3	5.8989E-1
3.2400E-4	9.7656E-3	5.7847E-1
3.2500E-4	9.5215E-3	5.6841E-1
3.2600E-4	1.0010E-2	5.5859E-1
3.2700E-4	9.2773E-3	5.5386E-1
3.2800E-4	9.5215E-3	5.5103E-1
3.2900E-4	1.0254E-2	5.4971E-1
3.3000E-4	1.0010E-2	5.5010E-1
3.3100E-4	9.5215E-3	5.5273E-1
3.3200E-4	8.7891E-3	5.5356E-1
3.3300E-4	9.5215E-3	5.5317E-1
3.3400E-4	9.2773E-3	5.5361E-1
3.3500E-4	9.7656E-3	5.5674E-1
3.3600E-4	9.0332E-3	5.6030E-1
3.3700E-4	1.0010E-2	5.7061E-1
3.3800E-4	9.5215E-3	5.8608E-1
3.3900E-4	9.2773E-3	6.0640E-1
3.4000E-4	1.0254E-2	6.2798E-1
3.4100E-4	9.7656E-3	6.5488E-1
3.4200E-4	1.0010E-2	6.8062E-1
3.4300E-4	9.5215E-3	7.0605E-1
3.4400E-4	9.0332E-3	7.2915E-1
3.4500E-4	9.5215E-3	7.4893E-1
3.4600E-4	9.7656E-3	7.6064E-1
3.4700E-4	9.5215E-3	7.6694E-1
3.4800E-4	9.0332E-3	7.6665E-1
3.4900E-4	9.5215E-3	7.5933E-1
3.5000E-4	9.2773E-3	7.4404E-1
3.5100E-4	9.5215E-3	7.2368E-1
3.5200E-4	9.7656E-3	6.9604E-1
3.5300E-4	1.0010E-2	6.6372E-1
3.5400E-4	9.2773E-3	6.2764E-1
3.5500E-4	9.5215E-3	5.9067E-1
3.5600E-4	1.0010E-2	5.5474E-1
3.5700E-4	9.7656E-3	5.2114E-1
3.5800E-4	1.0010E-2	4.9424E-1
3.5900E-4	9.5215E-3	4.7202E-1
3.6000E-4	9.5215E-3	4.5688E-1
3.6100E-4	9.5215E-3	4.4805E-1
3.6200E-4	9.7656E-3	4.4814E-1
3.6300E-4	1.0010E-2	4.5083E-1
3.6400E-4	9.2773E-3	4.6157E-1
3.6500E-4	9.7656E-3	4.7729E-1
3.6600E-4	9.5215E-3	4.9761E-1
3.6700E-4	1.0010E-2	5.2212E-1
3.6800E-4	9.5215E-3	5.5220E-1
3.6900E-4	1.0254E-2	5.8384E-1
3.7000E-4	1.0010E-2	6.2056E-1
3.7100E-4	9.7656E-3	6.5918E-1
3.7200E-4	9.0332E-3	6.9795E-1
3.7300E-4	9.5215E-3	7.3384E-1
3.7400E-4	9.5215E-3	7.6455E-1
3.7500E-4	9.0332E-3	7.8599E-1
3.7600E-4	9.0332E-3	7.9536E-1
3.7700E-4	9.5215E-3	7.9180E-1
3.7800E-4	9.7656E-3	7.7520E-1
3.7900E-4	1.0254E-2	7.4868E-1
3.8000E-4	9.7656E-3	7.1270E-1
3.8100E-4	9.2773E-3	6.6792E-1
3.8200E-4	9.5215E-3	6.1567E-1
3.8300E-4	1.0010E-2	5.5942E-1
3.8400E-4	9.0332E-3	5.0420E-1
3.8500E-4	9.5215E-3	4.5195E-1
3.8600E-4	9.5215E-3	4.0923E-1
3.8700E-4	9.7656E-3	3.7729E-1
3.8800E-4	1.0010E-2	3.5669E-1
3.8900E-4	9.7656E-3	3.4614E-1
3.9000E-4	1.0010E-2	3.4395E-1
3.9100E-4	9.0332E-3	3.5029E-1
3.9200E-4	9.5215E-3	3.6270E-1
3.9300E-4	9.2773E-3	3.8101E-1
3.9400E-4	1.0010E-2	4.0381E-1
3.9500E-4	9.5215E-3	4.3140E-1
3.9600E-4	9.7656E-3	4.6196E-1
3.9700E-4	9.7656E-3	4.9878E-1
3.9800E-4	1.0010E-2	5.4126E-1
3.9900E-4	9.5215E-3	5.8955E-1
4.0000E-4	9.7656E-3	6.4507E-1
4.0100E-4	9.5215E-3	7.0361E-1
4.0200E-4	9.7656E-3	7.5508E-1
4.0300E-4	1.0254E-2	7.9473E-1
4.0400E-4	9.5215E-3	8.1611E-1
4.0500E-4	9.7656E-3	8.1563E-1
4.0600E-4	1.0010E-2	7.9199E-1
4.0700E-4	1.0010E-2	7.4966E-1
4.0800E-4	9.2773E-3	6.9365E-1
4.0900E-4	9.7656E-3	6.2710E-1
4.1000E-4	9.7656E-3	5.5479E-1
4.1100E-4	9.7656E-3	4.8340E-1
4.1200E-4	9.0332E-3	4.2046E-1
4.1300E-4	9.2773E-3	3.6733E-1
4.1400E-4	9.5215E-3	3.2690E-1
4.1500E-4	1.0010E-2	2.9951E-1
4.1600E-4	9.2773E-3	2.8428E-1
4.1700E-4	9.7656E-3	2.7739E-1
4.1800E-4	1.0010E-2	2.7798E-1
4.1900E-4	9.7656E-3	2.8540E-1
4.2000E-4	9.5215E-3	2.9849E-1
4.2100E-4	1.0010E-2	3.1694E-1
4.2200E-4	9.7656E-3	3.4019E-1
4.2300E-4	1.0010E-2	3.6738E-1
4.2400E-4	1.0254E-2	4.0107E-1
4.2500E-4	1.0010E-2	4.4165E-1
4.2600E-4	1.0254E-2	4.8901E-1
4.2700E-4	1.0254E-2	5.4517E-1
4.2800E-4	9.2773E-3	6.1040E-1
4.2900E-4	9.7656E-3	6.8018E-1
4.3000E-4	9.5215E-3	7.4644E-1
4.3100E-4	1.0010E-2	7.9873E-1
4.3200E-4	1.0010E-2	8.2842E-1
4.3300E-4	9.2773E-3	8.2896E-1
4.3400E-4	9.7656E-3	7.9663E-1
4.3500E-4	9.5215E-3	7.3442E-1
4.3600E-4	9.0332E-3	6.5488E-1
4.3700E-4	9.2773E-3	5.6606E-1
4.3800E-4	1.0254E-2	4.7788E-1
4.3900E-4	9.7656E-3	3.9766E-1
4.4000E-4	9.2773E-3	3.3076E-1
4.4100E-4	9.7656E-3	2.7700E-1
4.4200E-4	1.0254E-2	2.3804E-1
4.4300E-4	1.0254E-2	2.1250E-1
4.4400E-4	9.5215E-3	1.9951E-1
4.4500E-4	1.0498E-2	1.9624E-1
4.4600E-4	9.5215E-3	1.9976E-1
4.4700E-4	9.7656E-3	2.0801E-1
4.4800E-4	9.5215E-3	2.2222E-1
4.4900E-4	9.7656E-3	2.3887E-1
4.5000E-4	9.5215E-3	2.6152E-1
4.5100E-4	9.7656E-3	2.9126E-1
4.5200E-4	9.5215E-3	3.2817E-1
4.5300E-4	9.5215E-3	3.7227E-1
4.5400E-4	9.5215E-3	4.2739E-1
4.5500E-4	1.0010E-2	4.9263E-1
4.5600E-4	9.7656E-3	5.6670E-1
4.5700E-4	9.2773E-3	6.4609E-1
4.5800E-4	1.0498E-2	7.1792E-1
4.5900E-4	9.7656E-3	7.7324E-1
4.6000E-4	9.2773E-3	7.9741E-1
4.6100E-4	9.7656E-3	7.8345E-1
4.6200E-4	1.0254E-2	7.3101E-1
4.6300E-4	9.7656E-3	6.4902E-1
4.6400E-4	9.2773E-3	5.4497E-1
4.6500E-4	1.0010E-2	4.3398E-1
4.6600E-4	1.0254E-2	3.2710E-1
4.6700E-4	9.5215E-3	2.3091E-1
4.6800E-4	9.5215E-3	1.5000E-1
4.6900E-4	1.0010E-2	8.5742E-2
4.7000E-4	1.0010E-2	3.9551E-2
4.7100E-4	1.0254E-2	8.0566E-3
4.7200E-4	9.2773E-3	-1.0645E-2
4.7300E-4	9.5215E-3	-2.0215E-2
4.7400E-4	9.5215E-3	-2.4756E-2
4.7500E-4	1.0010E-2	-2.6807E-2
4.7600E-4	9.5215E-3	-2.5879E-2
4.7700E-4	9.2773E-3	-2.5342E-2
4.7800E-4	1.0498E-2	-2.6172E-2
4.7900E-4	9.7656E-3	-2.5977E-2
4.8000E-4	9.5215E-3	-2.7686E-2
4.8100E-4	1.0010E-2	-2.9883E-2
4.8200E-4	1.0010E-2	-3.4082E-2
4.8300E-4	9.7656E-3	-3.8232E-2
4.8400E-4	9.5215E-3	-3.9795E-2
4.8500E-4	9.5215E-3	-3.8428E-2
4.8600E-4	9.7656E-3	-3.9014E-2
4.8700E-4	1.0010E-2	-3.6719E-2
4.8800E-4	9.7656E-3	-3.3301E-2
4.8900E-4	1.0010E-2	-3.3057E-2
4.9000E-4	9.5215E-3	-3.4131E-2
4.9100E-4	1.0010E-2	-3.3594E-2
4.9200E-4	9.2773E-3	-3.3252E-2
4.9300E-4	9.5215E-3	-3.5449E-2
4.9400E-4	9.5215E-3	-3.7109E-2
4.9500E-4	9.7656E-3	-3.8672E-2
4.9600E-4	9.5215E-3	-4.0576E-2
4.9700E-4	1.0254E-2	-4.2773E-2
4.9800E-4	9.7656E-3	-4.1309E-2
4.9900E-4	1.0010E-2	-3.8086E-2
5.0000E-4	9.2773E-3	-3.3545E-2
5.0100E-4	9.7656E-3	-2.5000E-2
5.0200E-4	9.0332E-3	-1.3379E-2
5.0300E-4	9.5215E-3	-3.4180E-4
5.0400E-4	9.5215E-3	1.3672E-2
5.0500E-4	9.7656E-3	2.8662E-2
5.0600E-4	9.7656E-3	4.6387E-2
5.0700E-4	1.0010E-2	6.6406E-2
5.0800E-4	9.5215E-3	9.0625E-2
5.0900E-4	9.2773E-3	1.2319E-1
5.1000E-4	9.7656E-3	1.6626E-1
5.1100E-4	9.7656E-3	2.1890E-1
5.1200E-4	9.5215E-3	2.8926E-1
5.1300E-4	9.5215E-3	3.7827E-1
5.1400E-4	9.2773E-3	4.8306E-1
5.1500E-4	1.0010E-2	5.9634E-1
5.1600E-4	9.5215E-3	7.0327E-1
5.1700E-4	1.0254E-2	7.8740E-1
5.1800E-4	9.7656E-3	8.3560E-1
5.1900E-4	1.0254E-2	8.3823E-1
5.2000E-4	1.0010E-2	7.9546E-1
5.2100E-4	9.5215E-3	7.1841E-1
5.2200E-4	1.0254E-2	6.1997E-1
5.2300E-4	9.0332E-3	5.1328E-1
5.2400E-4	9.2773E-3	4.1133E-1
5.2500E-4	9.7656E-3	3.2334E-1
5.2600E-4	9.7656E-3	2.5425E-1
5.2700E-4	9.7656E-3	2.0376E-1
5.2800E-4	9.7656E-3	1.7202E-1
5.2900E-4	9.5215E-3	1.5562E-1
5.3000E-4	9.5215E-3	1.5059E-1
5.3100E-4	1.0010E-2	1.5664E-1
5.3200E-4	1.0010E-2	1.7183E-1
5.3300E-4	9.7656E-3	1.9204E-1
5.3400E-4	9.2773E-3	2.1787E-1
5.3500E-4	9.7656E-3	2.5239E-1
5.3600E-4	1.0254E-2	2.8999E-1
5.3700E-4	9.2773E-3	3.3042E-1
5.3800E-4	9.2773E-3	3.7905E-1
5.3900E-4	9.7656E-3	4.3501E-1
5.4000E-4	9.7656E-3	4.9668E-1
5.4100E-4	9.2773E-3	5.6709E-1
5.4200E-4	9.2773E-3	6.4346E-1
5.4300E-4	9.2773E-3	7.1851E-1
5.4400E-4	9.5215E-3	7.8242E-1
5.4500E-4	1.0254E-2	8.2598E-1
5.4600E-4	9.7656E-3	8.4194E-1
5.4700E-4	9.7656E-3	8.2788E-1
5.4800E-4	9.2773E-3	7.8262E-1
5.4900E-4	9.5215E-3	7.1689E-1
5.5000E-4	9.5215E-3	6.3848E-1
5.5100E-4	9.2773E-3	5.5610E-1
5.5200E-4	9.5215E-3	4.7656E-1
5.5300E-4	9.7656E-3	4.0767E-1
5.5400E-4	9.5215E-3	3.5068E-1
5.5500E-4	9.7656E-3	3.0791E-1
5.5600E-4	1.0010E-2	2.7920E-1
5.5700E-4	9.7656E-3	2.6289E-1
5.5800E-4	9.2773E-3	2.5752E-1
5.5900E-4	9.5215E-3	2.6221E-1
5.6000E-4	9.2773E-3	2.7866E-1
5.6100E-4	9.7656E-3	3.0083E-1
5.6200E-4	1.0010E-2	3.2803E-1
5.6300E-4	1.0498E-2	3.5898E-1
5.6400E-4	9.5215E-3	3.9336E-1
5.6500E-4	9.5215E-3	4.2939E-1
5.6600E-4	1.0010E-2	4.6958E-1
5.6700E-4	9.2773E-3	5.1650E-1
5.6800E-4	8.5449E-3	5.7432E-1
5.6900E-4	9.5215E-3	6.3726E-1
5.7000E-4	1.0254E-2	7.0049E-1
5.7100E-4	9.7656E-3	7.6084E-1
5.7200E-4	9.0332E-3	8.0425E-1
5.7300E-4	1.0010E-2	8.2520E-1
5.7400E-4	9.7656E-3	8.2300E-1
5.7500E-4	9.2773E-3	7.9839E-1
5.7600E-4	9.7656E-3	7.5278E-1
5.7700E-4	9.5215E-3	6.9619E-1
5.7800E-4	9.7656E-3	6.3213E-1
5.7900E-4	9.7656E-3	5.6606E-1
5.8000E-4	9.5215E-3	5.0142E-1
5.8100E-4	9.7656E-3	4.4590E-1
5.8200E-4	1.0010E-2	4.0273E-1
5.8300E-4	9.5215E-3	3.7134E-1
5.8400E-4	9.7656E-3	3.5093E-1
5.8500E-4	9.0332E-3	3.4175E-1
5.8600E-4	9.5215E-3	3.4209E-1
5.8700E-4	9.0332E-3	3.4761E-1
5.8800E-4	9.5215E-3	3.5967E-1
5.8900E-4	9.5215E-3	3.7642E-1
5.9000E-4	9.7656E-3	3.9692E-1
5.9100E-4	9.5215E-3	4.1826E-1
5.9200E-4	9.5215E-3	4.4575E-1
5.9300E-4	9.5215E-3	4.7578E-1
5.9400E-4	9.2773E-3	5.1240E-1
5.9500E-4	9.5215E-3	5.5513E-1
5.9600E-4	9.5215E-3	6.0283E-1
5.9700E-4	9.5215E-3	6.5059E-1
5.9800E-4	1.0254E-2	6.9722E-1
5.9900E-4	9.0332E-3	7.3750E-1
6.0000E-4	9.0332E-3	7.6885E-1
6.0100E-4	9.5215E-3	7.8608E-1
6.0200E-4	9.2773E-3	7.8965E-1
6.0300E-4	9.5215E-3	7.7744E-1
6.0400E-4	9.5215E-3	7.5327E-1
6.0500E-4	9.7656E-3	7.1860E-1
6.0600E-4	9.5215E-3	6.7749E-1
6.0700E-4	9.5215E-3	6.3223E-1
6.0800E-4	9.5215E-3	5.8857E-1
6.0900E-4	9.7656E-3	5.4692E-1
6.1000E-4	9.2773E-3	5.1152E-1
6.1100E-4	9.5215E-3	4.8184E-1
6.1200E-4	9.5215E-3	4.5962E-1
6.1300E-4	9.7656E-3	4.4424E-1
6.1400E-4	9.2773E-3	4.3677E-1
6.1500E-4	1.0254E-2	4.3516E-1
6.1600E-4	9.7656E-3	4.4175E-1
6.1700E-4	9.7656E-3	4.5474E-1
6.1800E-4	9.5215E-3	4.7139E-1
6.1900E-4	9.7656E-3	4.9175E-1
6.2000E-4	9.2773E-3	5.1362E-1
6.2100E-4	9.5215E-3	5.3555E-1
6.2200E-4	9.7656E-3	5.5996E-1
6.2300E-4	9.5215E-3	5.8496E-1
6.2400E-4	9.7656E-3	6.0947E-1
6.2500E-4	9.7656E-3	6.3438E-1
6.2600E-4	9.5215E-3	6.5874E-1
6.2700E-4	9.7656E-3	6.8013E-1
6.2800E-4	9.7656E-3	6.9873E-1
6.2900E-4	9.5215E-3	7.1353E-1
6.3000E-4	1.0010E-2	7.2002E-1
6.3100E-4	9.5215E-3	7.1807E-1
6.3200E-4	9.2773E-3	7.0684E-1
6.3300E-4	9.2773E-3	6.9043E-1
6.3400E-4	1.0010E-2	6.6665E-1
6.3500E-4	1.0254E-2	6.4009E-1
6.3600E-4	1.0498E-2	6.1455E-1
6.3700E-4	9.2773E-3	5.9219E-1
6.3800E-4	9.5215E-3	5.7031E-1
6.3900E-4	9.7656E-3	5.4922E-1
6.4000E-4	9.7656E-3	5.3389E-1
6.4100E-4	9.7656E-3	5.1987E-1
6.4200E-4	1.0254E-2	5.0693E-1
6.4300E-4	9.7656E-3	4.9683E-1
6.4400E-4	9.2773E-3	4.9482E-1
6.4500E-4	9.7656E-3	4.9473E-1
6.4600E-4	9.2773E-3	4.9951E-1
6.4700E-4	9.5215E-3	5.0586E-1
6.4800E-4	1.0010E-2	5.1421E-1
6.4900E-4	9.7656E-3	5.2119E-1
6.5000E-4	1.0010E-2	5.2715E-1
6.5100E-4	9.5215E-3	5.3374E-1
6.5200E-4	9.2773E-3	5.4219E-1
6.5300E-4	9.7656E-3	5.4907E-1
6.5400E-4	1.0254E-2	5.5967E-1
6.5500E-4	1.0010E-2	5.7290E-1
6.5600E-4	9.5215E-3	5.8643E-1
6.5700E-4	9.7656E-3	5.9883E-1
6.5800E-4	9.7656E-3	6.1445E-1
6.5900E-4	9.2773E-3	6.2505E-1
6.6000E-4	9.0332E-3	6.3481E-1
6.6100E-4	9.2773E-3	6.4072E-1
6.6200E-4	1.0010E-2	6.4370E-1
6.6300E-4	9.5215E-3	6.4590E-1
6.6400E-4	9.0332E-3	6.4790E-1
6.6500E-4	9.7656E-3	6.4819E-1
6.6600E-4	9.0332E-3	6.4897E-1
6.6700E-4	9.5215E-3	6.4937E-1
6.6800E-4	9.7656E-3	6.4502E-1
6.6900E-4	9.2773E-3	6.3740E-1
6.7000E-4	9.2773E-3	6.2583E-1
6.7100E-4	1.0010E-2	6.1216E-1
6.7200E-4	9.5215E-3	5.9873E-1
6.7300E-4	9.7656E-3	5.8560E-1
6.7400E-4	9.5215E-3	5.7437E-1
6.7500E-4	9.7656E-3	5.6099E-1
6.7600E-4	9.2773E-3	5.4585E-1
6.7700E-4	9.5215E-3	5.2935E-1
6.7800E-4	1.0254E-2	5.1489E-1
6.7900E-4	9.2773E-3	5.0303E-1
6.8000E-4	9.7656E-3	4.9434E-1
6.8100E-4	9.2773E-3	4.9224E-1
6.8200E-4	9.7656E-3	4.9390E-1
6.8300E-4	9.5215E-3	4.9805E-1
6.8400E-4	9.7656E-3	5.0308E-1
6.8500E-4	9.2773E-3	5.1543E-1
6.8600E-4	9.0332E-3	5.2925E-1
6.8700E-4	9.7656E-3	5.4771E-1
6.8800E-4	9.5215E-3	5.6743E-1
6.8900E-4	9.7656E-3	5.9048E-1
6.9000E-4	9.2773E-3	6.1060E-1
6.9100E-4	1.0010E-2	6.2983E-1
6.9200E-4	9.5215E-3	6.4868E-1
6.9300E-4	9.7656E-3	6.6455E-1
6.9400E-4	1.0010E-2	6.7529E-1
6.9500E-4	9.0332E-3	6.8335E-1
6.9600E-4	9.2773E-3	6.8652E-1
6.9700E-4	1.0010E-2	6.8125E-1
6.9800E-4	9.0332E-3	6.6919E-1
6.9900E-4	9.2773E-3	6.5137E-1
7.0000E-4	1.0254E-2	6.2793E-1
7.0100E-4	9.5215E-3	6.0200E-1
7.0200E-4	1.0742E-2	5.7441E-1
7.0300E-4	9.5215E-3	5.5000E-1
7.0400E-4	9.5215E-3	5.2769E-1
7.0500E-4	9.5215E-3	5.0728E-1
7.0600E-4	1.0010E-2	4.8804E-1
7.0700E-4	1.0010E-2	4.7158E-1
7.0800E-4	1.0010E-2	4.5801E-1
7.0900E-4	1.0010E-2	4.4805E-1
7.1000E-4	1.0254E-2	4.4351E-1
7.1100E-4	1.0010E-2	4.4360E-1
7.1200E-4	9.2773E-3	4.4858E-1
7.1300E-4	9.5215E-3	4.5781E-1
7.1400E-4	9.2773E-3	4.7368E-1
7.1500E-4	1.0254E-2	4.9683E-1
7.1600E-4	9.0332E-3	5.2568E-1
7.1700E-4	9.0332E-3	5.5850E-1
7.1800E-4	9.2773E-3	5.9224E-1
7.1900E-4	9.2773E-3	6.2388E-1
7.2000E-4	9.7656E-3	6.5137E-1
7.2100E-4	1.0254E-2	6.7607E-1
7.2200E-4	9.5215E-3	6.9819E-1
7.2300E-4	9.5215E-3	7.1416E-1
7.2400E-4	9.2773E-3	7.2271E-1
7.2500E-4	9.2773E-3	7.2324E-1
7.2600E-4	9.7656E-3	7.1274E-1
7.2700E-4	9.5215E-3	6.9136E-1
7.2800E-4	1.0010E-2	6.6499E-1
7.2900E-4	9.2773E-3	6.3394E-1
7.3000E-4	1.0010E-2	5.9893E-1
7.3100E-4	9.0332E-3	5.6274E-1
7.3200E-4	9.2773E-3	5.2930E-1
7.3300E-4	9.2773E-3	4.9902E-1
7.3400E-4	9.5215E-3	4.7461E-1
7.3500E-4	9.5215E-3	4.5454E-1
7.3600E-4	9.5215E-3	4.4141E-1
7.3700E-4	9.7656E-3	4.3154E-1
7.3800E-4	9.5215E-3	4.2559E-1
7.3900E-4	9.5215E-3	4.2441E-1
7.4000E-4	9.5215E-3	4.3130E-1
7.4100E-4	8.7891E-3	4.4331E-1
7.4200E-4	9.0332E-3	4.6177E-1
7.4300E-4	1.0010E-2	4.8379E-1
7.4400E-4	9.5215E-3	5.0850E-1
7.4500E-4	9.5215E-3	5.3428E-1
7.4600E-4	1.0010E-2	5.6245E-1
7.4700E-4	9.0332E-3	5.9424E-1
7.4800E-4	9.5215E-3	6.2915E-1
7.4900E-4	9.5215E-3	6.6006E-1
7.5000E-4	9.7656E-3	6.8750E-1
7.5100E-4	9.5215E-3	7.0898E-1
7.5200E-4	9.2773E-3	7.1958E-1
7.5300E-4	8.7891E-3	7.1963E-1
7.5400E-4	9.5215E-3	7.1294E-1
7.5500E-4	1.0010E-2	6.9751E-1
7.5600E-4	9.2773E-3	6.7490E-1
7.5700E-4	1.0742E-2	6.4678E-1
7.5800E-4	9.5215E-3	6.1367E-1
7.5900E-4	1.0010E-2	5.8120E-1
7.6000E-4	9.7656E-3	5.5029E-1
7.6100E-4	9.5215E-3	5.2124E-1
7.6200E-4	1.0010E-2	4.9707E-1
7.6300E-4	9.7656E-3	4.7852E-1
7.6400E-4	9.5215E-3	4.5962E-1
7.6500E-4	9.7656E-3	4.4565E-1
7.6600E-4	9.7656E-3	4.3706E-1
7.6700E-4	9.7656E-3	4.3398E-1
7.6800E-4	9.0332E-3	4.3706E-1
7.6900E-4	9.2773E-3	4.4868E-1
7.7000E-4	9.5215E-3	4.6704E-1
7.7100E-4	1.0010E-2	4.9077E-1
7.7200E-4	1.0010E-2	5.1523E-1
7.7300E-4	9.7656E-3	5.4194E-1
7.7400E-4	1.0010E-2	5.7041E-1
7.7500E-4	9.0332E-3	5.9736E-1
7.7600E-4	9.2773E-3	6.2305E-1
7.7700E-4	9.7656E-3	6.4980E-1
7.7800E-4	9.7656E-3	6.7314E-1
7.7900E-4	9.7656E-3	6.9136E-1
7.8000E-4	1.0254E-2	7.0483E-1
7.8100E-4	9.7656E-3	7.1582E-1
7.8200E-4	9.5215E-3	7.1704E-1
7.8300E-4	1.0010E-2	7.1035E-1
7.8400E-4	9.5215E-3	6.9653E-1
7.8500E-4	9.5215E-3	6.7588E-1
7.8600E-4	1.0010E-2	6.4526E-1
7.8700E-4	1.0010E-2	6.1396E-1
7.8800E-4	9.5215E-3	5.8267E-1
7.8900E-4	9.5215E-3	5.5244E-1
7.9000E-4	1.0498E-2	5.2529E-1
7.9100E-4	9.5215E-3	5.0474E-1
7.9200E-4	9.5215E-3	4.9033E-1
7.9300E-4	9.7656E-3	4.8301E-1
7.9400E-4	9.5215E-3	4.7959E-1
7.9500E-4	9.5215E-3	4.8140E-1
7.9600E-4	9.7656E-3	4.8647E-1
7.9700E-4	9.5215E-3	4.9292E-1
7.9800E-4	9.0332E-3	5.0142E-1
7.9900E-4	1.0498E-2	5.1479E-1
8.0000E-4	9.7656E-3	5.2749E-1
8.0100E-4	9.7656E-3	5.4092E-1
8.0200E-4	9.7656E-3	5.5459E-1
8.0300E-4	9.7656E-3	5.6899E-1
8.0400E-4	9.7656E-3	5.8188E-1
8.0500E-4	9.5215E-3	5.9702E-1
8.0600E-4	9.7656E-3	6.1187E-1
8.0700E-4	1.0010E-2	6.2534E-1
8.0800E-4	9.5215E-3	6.3599E-1
8.0900E-4	1.0498E-2	6.4619E-1
8.1000E-4	9.5215E-3	6.5361E-1
8.1100E-4	9.7656E-3	6.5884E-1
8.1200E-4	9.5215E-3	6.6094E-1
8.1300E-4	9.0332E-3	6.6108E-1
8.1400E-4	1.0010E-2	6.5908E-1
8.1500E-4	9.7656E-3	6.5557E-1
8.1600E-4	9.0332E-3	6.4897E-1
8.1700E-4	1.0254E-2	6.4282E-1
8.1800E-4	9.5215E-3	6.3257E-1
8.1900E-4	9.7656E-3	6.2017E-1
8.2000E-4	9.2773E-3	6.0718E-1
8.2100E-4	9.2773E-3	5.9438E-1
8.2200E-4	9.5215E-3	5.8291E-1
8.2300E-4	1.0010E-2	5.7441E-1
8.2400E-4	9.2773E-3	5.6709E-1
8.2500E-4	9.2773E-3	5.6099E-1
8.2600E-4	9.5215E-3	5.5659E-1
8.2700E-4	9.5215E-3	5.5356E-1
8.2800E-4	9.2773E-3	5.5034E-1
8.2900E-4	9.7656E-3	5.4683E-1
8.3000E-4	9.2773E-3	5.4321E-1
8.3100E-4	9.2773E-3	5.3965E-1
8.3200E-4	9.5215E-3	5.3555E-1
8.3300E-4	1.0254E-2	5.3584E-1
8.3400E-4	1.0010E-2	5.4165E-1
8.3500E-4	1.0010E-2	5.4893E-1
8.3600E-4	9.2773E-3	5.5928E-1
8.3700E-4	9.5215E-3	5.7158E-1
8.3800E-4	9.2773E-3	5.8530E-1
8.3900E-4	9.5215E-3	5.9917E-1
8.4000E-4	9.2773E-3	6.1338E-1
8.4100E-4	9.5215E-3	6.2832E-1
8.4200E-4	9.2773E-3	6.4673E-1
8.4300E-4	9.5215E-3	6.6401E-1
8.4400E-4	1.0010E-2	6.7764E-1
8.4500E-4	1.0010E-2	6.9067E-1
8.4600E-4	9.5215E-3	7.0083E-1
8.4700E-4	1.0254E-2	7.0410E-1
8.4800E-4	9.5215E-3	7.0190E-1
8.4900E-4	9.2773E-3	6.9663E-1
8.5000E-4	1.0010E-2	6.8159E-1
8.5100E-4	9.5215E-3	6.5977E-1
8.5200E-4	9.5215E-3	6.3389E-1
8.5300E-4	9.0332E-3	6.0303E-1
8.5400E-4	9.0332E-3	5.6772E-1
8.5500E-4	1.0010E-2	5.3647E-1
8.5600E-4	1.0254E-2	5.0820E-1
8.5700E-4	9.7656E-3	4.8262E-1
8.5800E-4	9.2773E-3	4.6211E-1
8.5900E-4	9.5215E-3	4.4956E-1
8.6000E-4	9.2773E-3	4.4150E-1
8.6100E-4	9.2773E-3	4.3599E-1
8.6200E-4	9.5215E-3	4.3457E-1
8.6300E-4	1.0010E-2	4.3823E-1
8.6400E-4	9.0332E-3	4.4512E-1
8.6500E-4	9.7656E-3	4.5664E-1
8.6600E-4	9.2773E-3	4.7842E-1
8.6700E-4	1.0010E-2	5.0415E-1
8.6800E-4	9.7656E-3	5.3608E-1
8.6900E-4	9.5215E-3	5.7241E-1
8.7000E-4	9.2773E-3	6.1318E-1
8.7100E-4	9.5215E-3	6.5376E-1
8.7200E-4	1.0010E-2	6.9497E-1
8.7300E-4	1.0010E-2	7.3174E-1
8.7400E-4	9.0332E-3	7.6265E-1
8.7500E-4	9.2773E-3	7.8198E-1
8.7600E-4	1.0010E-2	7.8525E-1
8.7700E-4	9.5215E-3	7.7334E-1
8.7800E-4	1.0498E-2	7.4941E-1
8.7900E-4	9.5215E-3	7.1309E-1
8.8000E-4	9.0332E-3	6.7007E-1
8.8100E-4	9.7656E-3	6.2095E-1
8.8200E-4	1.0010E-2	5.7065E-1
8.8300E-4	9.5215E-3	5.1880E-1
8.8400E-4	1.0010E-2	4.7148E-1
8.8500E-4	9.7656E-3	4.2686E-1
8.8600E-4	1.0010E-2	3.9268E-1
8.8700E-4	1.0254E-2	3.6572E-1
8.8800E-4	9.0332E-3	3.4858E-1
8.8900E-4	9.5215E-3	3.4038E-1
8.9000E-4	9.7656E-3	3.4043E-1
8.9100E-4	9.2773E-3	3.4570E-1
8.9200E-4	1.0010E-2	3.5913E-1
8.9300E-4	1.0498E-2	3.7681E-1
8.9400E-4	9.5215E-3	3.9766E-1
8.9500E-4	9.5215E-3	4.2656E-1
8.9600E-4	9.2773E-3	4.6250E-1
8.9700E-4	9.7656E-3	5.0415E-1
8.9800E-4	9.7656E-3	5.4966E-1
8.9900E-4	1.0010E-2	6.0132E-1
9.0000E-4	9.2773E-3	6.5552E-1
9.0100E-4	9.5215E-3	7.1147E-1
9.0200E-4	1.0010E-2	7.5942E-1
9.0300E-4	9.7656E-3	7.9272E-1
9.0400E-4	9.2773E-3	8.0923E-1
9.0500E-4	9.7656E-3	8.0410E-1
9.0600E-4	1.0010E-2	7.7261E-1
9.0700E-4	9.2773E-3	7.2554E-1
9.0800E-4	9.5215E-3	6.6968E-1
9.0900E-4	9.5215E-3	6.0464E-1
9.1000E-4	1.0254E-2	5.3652E-1
9.1100E-4	1.0010E-2	4.7349E-1
9.1200E-4	9.5215E-3	4.1538E-1
9.1300E-4	9.7656E-3	3.6577E-1
9.1400E-4	9.2773E-3	3.2788E-1
9.1500E-4	9.0332E-3	3.0029E-1
9.1600E-4	8.7891E-3	2.8218E-1
9.1700E-4	9.5215E-3	2.7266E-1
9.1800E-4	9.7656E-3	2.7095E-1
9.1900E-4	1.0010E-2	2.7393E-1
9.2000E-4	9.2773E-3	2.8281E-1
9.2100E-4	1.0254E-2	2.9956E-1
9.2200E-4	9.2773E-3	3.2139E-1
9.2300E-4	9.7656E-3	3.4990E-1
9.2400E-4	9.5215E-3	3.8711E-1
9.2500E-4	9.7656E-3	4.3242E-1
9.2600E-4	9.2773E-3	4.8306E-1
9.2700E-4	1.0010E-2	5.4375E-1
9.2800E-4	9.2773E-3	6.1035E-1
9.2900E-4	9.5215E-3	6.7759E-1
9.3000E-4	9.5215E-3	7.3999E-1
9.3100E-4	9.2773E-3	7.8838E-1
9.3200E-4	9.5215E-3	8.1348E-1
9.3300E-4	9.7656E-3	8.1021E-1
9.3400E-4	9.2773E-3	7.7524E-1
9.3500E-4	9.2773E-3	7.1406E-1
9.3600E-4	9.7656E-3	6.3491E-1
9.3700E-4	9.2773E-3	5.4458E-1
9.3800E-4	9.5215E-3	4.5425E-1
9.3900E-4	9.2773E-3	3.7065E-1
9.4000E-4	9.0332E-3	2.9932E-1
9.4100E-4	1.0498E-2	2.4375E-1
9.4200E-4	9.5215E-3	2.0674E-1
9.4300E-4	9.2773E-3	1.8408E-1
9.4400E-4	9.2773E-3	1.7495E-1
9.4500E-4	1.0010E-2	1.7622E-1
9.4600E-4	9.5215E-3	1.8452E-1
9.4700E-4	9.7656E-3	1.9687E-1
9.4800E-4	8.7891E-3	2.1147E-1
9.4900E-4	9.0332E-3	2.3140E-1
9.5000E-4	1.0254E-2	2.5420E-1
9.5100E-4	9.7656E-3	2.8291E-1
9.5200E-4	9.2773E-3	3.1948E-1
9.5300E-4	9.5215E-3	3.6499E-1
9.5400E-4	9.5215E-3	4.1953E-1
9.5500E-4	9.2773E-3	4.8301E-1
9.5600E-4	9.5215E-3	5.5566E-1
9.5700E-4	9.7656E-3	6.3330E-1
9.5800E-4	1.0010E-2	7.0801E-1
9.5900E-4	9.7656E-3	7.6650E-1
9.6000E-4	9.0332E-3	7.9912E-1
9.6100E-4	9.7656E-3	7.9307E-1
9.6200E-4	1.0254E-2	7.4741E-1
9.6300E-4	9.7656E-3	6.6655E-1
9.6400E-4	1.0254E-2	5.6230E-1
9.6500E-4	8.7891E-3	4.4868E-1
9.6600E-4	1.0254E-2	3.3916E-1
9.6700E-4	1.0742E-2	2.3921E-1
9.6800E-4	9.0332E-3	1.5591E-1
9.6900E-4	1.0010E-2	9.2188E-2
9.7000E-4	9.7656E-3	4.5361E-2
9.7100E-4	9.2773E-3	1.2646E-2
9.7200E-4	1.0010E-2	-7.3730E-3
9.7300E-4	9.5215E-3	-1.8115E-2
9.7400E-4	9.5215E-3	-2.1680E-2
9.7500E-4	9.2773E-3	-2.3682E-2
9.7600E-4	1.0010E-2	-2.4170E-2
9.7700E-4	9.5215E-3	-2.3730E-2
9.7800E-4	9.5215E-3	-2.3291E-2
9.7900E-4	9.5215E-3	-2.5146E-2
9.8000E-4	1.0010E-2	-2.8516E-2
9.8100E-4	9.7656E-3	-3.0176E-2
9.8200E-4	1.0254E-2	-3.0176E-2
9.8300E-4	1.0254E-2	-2.8760E-2
9.8400E-4	1.0010E-2	-2.7490E-2
9.8500E-4	9.0332E-3	-2.4365E-2
9.8600E-4	9.2773E-3	-2.2803E-2
9.8700E-4	9.5215E-3	-2.4414E-2
9.8800E-4	8.7891E-3	-2.6270E-2
9.8900E-4	1.0010E-2	-3.0029E-2
9.9000E-4	9.2773E-3	-3.1934E-2
9.9100E-4	9.0332E-3	-3.2910E-2
9.9200E-4	9.2773E-3	-3.2324E-2
9.9300E-4	9.5215E-3	-3.3252E-2
9.9400E-4	9.7656E-3	-3.2275E-2
9.9500E-4	9.5215E-3	-3.0566E-2
9.9600E-4	9.0332E-3	-2.9834E-2
9.9700E-4	9.7656E-3	-2.7832E-2
9.9800E-4	1.0010E-2	-2.7832E-2
9.9900E-4	9.7656E-3	-2.7832E-2
