Time [s]	Aux in [V]	Main in [V]
0.0000E+0	1.0010E-2	6.7871E-3
1.0000E-6	9.7656E-3	3.8086E-3
2.0000E-6	9.5215E-3	-9.7656E-4
3.0000E-6	9.7656E-3	-6.4941E-3
4.0000E-6	1.0010E-2	-9.5703E-3
5.0000E-6	1.0254E-2	-9.7656E-3
6.0000E-6	9.0332E-3	-9.3262E-3
7.0000E-6	9.5215E-3	-5.9570E-3
8.0000E-6	9.7656E-3	-2.9785E-3
9.0000E-6	9.7656E-3	1.0254E-3
1.0000E-5	9.2773E-3	6.1523E-3
1.1000E-5	9.2773E-3	1.1719E-2
1.2000E-5	1.0010E-2	1.9727E-2
1.3000E-5	1.0010E-2	3.1543E-2
1.4000E-5	9.0332E-3	4.4727E-2
1.5000E-5	9.2773E-3	6.1914E-2
1.6000E-5	9.7656E-3	8.6035E-2
1.7000E-5	9.2773E-3	1.1626E-1
1.8000E-5	9.5215E-3	1.5884E-1
1.9000E-5	1.0254E-2	2.1724E-1
2.0000E-5	9.7656E-3	2.9111E-1
2.1000E-5	1.0010E-2	3.8501E-1
2.2000E-5	9.7656E-3	4.9619E-1
2.3000E-5	9.2773E-3	6.1680E-1
2.4000E-5	1.0010E-2	7.2920E-1
2.5000E-5	8.7891E-3	8.1880E-1
2.6000E-5	9.7656E-3	8.6924E-1
2.7000E-5	1.0010E-2	8.7310E-1
2.8000E-5	9.5215E-3	8.2954E-1
2.9000E-5	9.5215E-3	7.5034E-1
3.0000E-5	9.2773E-3	6.4795E-1
3.1000E-5	9.5215E-3	5.3560E-1
3.2000E-5	1.0010E-2	4.2842E-1
3.3000E-5	9.7656E-3	3.3164E-1
3.4000E-5	1.0010E-2	2.5464E-1
3.5000E-5	1.0010E-2	1.9917E-1
3.6000E-5	9.5215E-3	1.6841E-1
3.7000E-5	9.7656E-3	1.5645E-1
3.8000E-5	9.5215E-3	1.6255E-1
3.9000E-5	9.0332E-3	1.7607E-1
4.0000E-5	9.5215E-3	1.9766E-1
4.1000E-5	9.7656E-3	2.2305E-1
4.2000E-5	1.0010E-2	2.4985E-1
4.3000E-5	1.0010E-2	2.7832E-1
4.4000E-5	9.2773E-3	3.1255E-1
4.5000E-5	9.7656E-3	3.5020E-1
4.6000E-5	8.7891E-3	3.9307E-1
4.7000E-5	9.7656E-3	4.4458E-1
4.8000E-5	9.2773E-3	5.0728E-1
4.9000E-5	1.0254E-2	5.7983E-1
5.0000E-5	9.7656E-3	6.5947E-1
5.1000E-5	9.7656E-3	7.3716E-1
5.2000E-5	9.2773E-3	8.0117E-1
5.3000E-5	9.2773E-3	8.4082E-1
5.4000E-5	9.2773E-3	8.5107E-1
5.5000E-5	9.7656E-3	8.2964E-1
5.6000E-5	9.7656E-3	7.7910E-1
5.7000E-5	9.2773E-3	7.1064E-1
5.8000E-5	8.7891E-3	6.3228E-1
5.9000E-5	9.2773E-3	5.5122E-1
6.0000E-5	9.2773E-3	4.7305E-1
6.1000E-5	9.7656E-3	4.0796E-1
6.2000E-5	9.2773E-3	3.5474E-1
6.3000E-5	9.7656E-3	3.1597E-1
6.4000E-5	9.5215E-3	2.8970E-1
6.5000E-5	9.7656E-3	2.7686E-1
6.6000E-5	9.5215E-3	2.7178E-1
6.7000E-5	1.0010E-2	2.7656E-1
6.8000E-5	9.2773E-3	2.8896E-1
6.9000E-5	9.2773E-3	3.0757E-1
7.0000E-5	9.5215E-3	3.3091E-1
7.1000E-5	1.0010E-2	3.6216E-1
7.2000E-5	9.7656E-3	3.9985E-1
7.3000E-5	1.0010E-2	4.4385E-1
7.4000E-5	9.2773E-3	4.9375E-1
7.5000E-5	1.0010E-2	5.5171E-1
7.6000E-5	9.5215E-3	6.1343E-1
7.7000E-5	9.5215E-3	6.7612E-1
7.8000E-5	9.0332E-3	7.3706E-1
7.9000E-5	9.2773E-3	7.9248E-1
8.0000E-5	9.7656E-3	8.3140E-1
8.1000E-5	9.7656E-3	8.5005E-1
8.2000E-5	9.5215E-3	8.4893E-1
8.3000E-5	1.0010E-2	8.2695E-1
8.4000E-5	9.7656E-3	7.8550E-1
8.5000E-5	9.5215E-3	7.2920E-1
8.6000E-5	1.0010E-2	6.6719E-1
8.7000E-5	9.5215E-3	6.0137E-1
8.8000E-5	1.0254E-2	5.3496E-1
8.9000E-5	1.0010E-2	4.7451E-1
9.0000E-5	9.2773E-3	4.2822E-1
9.1000E-5	9.0332E-3	3.9375E-1
9.2000E-5	9.2773E-3	3.7104E-1
9.3000E-5	8.7891E-3	3.6104E-1
9.4000E-5	9.5215E-3	3.6123E-1
9.5000E-5	9.2773E-3	3.6924E-1
9.6000E-5	9.5215E-3	3.8242E-1
9.7000E-5	9.5215E-3	4.0137E-1
9.8000E-5	9.2773E-3	4.2397E-1
9.9000E-5	9.5215E-3	4.5107E-1
1.0000E-4	9.5215E-3	4.8115E-1
1.0100E-4	1.0498E-2	5.1440E-1
1.0200E-4	1.0254E-2	5.5015E-1
1.0300E-4	9.7656E-3	5.9121E-1
1.0400E-4	9.7656E-3	6.3613E-1
1.0500E-4	9.7656E-3	6.8369E-1
1.0600E-4	9.0332E-3	7.3433E-1
1.0700E-4	9.0332E-3	7.8330E-1
1.0800E-4	9.7656E-3	8.2285E-1
1.0900E-4	9.7656E-3	8.4834E-1
1.1000E-4	9.7656E-3	8.5610E-1
1.1100E-4	9.7656E-3	8.4282E-1
1.1200E-4	1.0010E-2	8.1294E-1
1.1300E-4	9.7656E-3	7.7344E-1
1.1400E-4	9.0332E-3	7.2754E-1
1.1500E-4	9.7656E-3	6.7969E-1
1.1600E-4	9.2773E-3	6.3491E-1
1.1700E-4	9.5215E-3	5.9507E-1
1.1800E-4	9.7656E-3	5.5835E-1
1.1900E-4	9.5215E-3	5.2798E-1
1.2000E-4	9.5215E-3	5.0713E-1
1.2100E-4	1.0010E-2	4.9238E-1
1.2200E-4	1.0010E-2	4.8271E-1
1.2300E-4	9.5215E-3	4.8037E-1
1.2400E-4	9.7656E-3	4.8398E-1
1.2500E-4	9.7656E-3	4.9062E-1
1.2600E-4	9.7656E-3	5.0469E-1
1.2700E-4	9.2773E-3	5.2300E-1
1.2800E-4	9.5215E-3	5.4517E-1
1.2900E-4	1.0254E-2	5.7119E-1
1.3000E-4	9.2773E-3	6.0054E-1
1.3100E-4	1.0010E-2	6.3164E-1
1.3200E-4	9.7656E-3	6.6519E-1
1.3300E-4	1.0254E-2	6.9834E-1
1.3400E-4	9.5215E-3	7.3091E-1
1.3500E-4	9.5215E-3	7.5981E-1
1.3600E-4	9.7656E-3	7.8218E-1
1.3700E-4	1.0010E-2	7.9619E-1
1.3800E-4	9.2773E-3	8.0181E-1
1.3900E-4	9.5215E-3	7.9751E-1
1.4000E-4	9.7656E-3	7.8525E-1
1.4100E-4	9.5215E-3	7.6724E-1
1.4200E-4	9.5215E-3	7.4414E-1
1.4300E-4	1.0010E-2	7.2080E-1
1.4400E-4	9.2773E-3	6.9697E-1
1.4500E-4	9.7656E-3	6.7383E-1
1.4600E-4	1.0010E-2	6.5103E-1
1.4700E-4	9.2773E-3	6.3008E-1
1.4800E-4	9.0332E-3	6.0811E-1
1.4900E-4	1.0254E-2	5.8970E-1
1.5000E-4	1.0254E-2	5.7671E-1
1.5100E-4	9.7656E-3	5.6904E-1
1.5200E-4	9.7656E-3	5.6826E-1
1.5300E-4	9.7656E-3	5.7061E-1
1.5400E-4	9.7656E-3	5.7461E-1
1.5500E-4	1.0010E-2	5.8057E-1
1.5600E-4	9.5215E-3	5.8813E-1
1.5700E-4	9.7656E-3	5.9585E-1
1.5800E-4	9.5215E-3	6.0649E-1
1.5900E-4	1.0010E-2	6.1763E-1
1.6000E-4	9.2773E-3	6.2676E-1
1.6100E-4	9.5215E-3	6.3413E-1
1.6200E-4	9.2773E-3	6.3843E-1
1.6300E-4	9.5215E-3	6.4111E-1
1.6400E-4	9.2773E-3	6.4673E-1
1.6500E-4	9.7656E-3	6.5513E-1
1.6600E-4	9.5215E-3	6.6655E-1
1.6700E-4	1.0254E-2	6.8071E-1
1.6800E-4	9.5215E-3	6.9912E-1
1.6900E-4	9.7656E-3	7.1724E-1
1.7000E-4	9.2773E-3	7.3467E-1
1.7100E-4	9.5215E-3	7.5127E-1
1.7200E-4	9.7656E-3	7.6406E-1
1.7300E-4	9.2773E-3	7.6870E-1
1.7400E-4	1.0010E-2	7.6621E-1
1.7500E-4	1.0254E-2	7.5923E-1
1.7600E-4	1.0010E-2	7.4678E-1
1.7700E-4	9.5215E-3	7.3345E-1
1.7800E-4	9.2773E-3	7.2246E-1
1.7900E-4	9.5215E-3	7.1133E-1
1.8000E-4	9.5215E-3	6.9854E-1
1.8100E-4	9.5215E-3	6.8574E-1
1.8200E-4	9.2773E-3	6.7158E-1
1.8300E-4	9.5215E-3	6.5479E-1
1.8400E-4	9.5215E-3	6.3848E-1
1.8500E-4	1.0010E-2	6.2144E-1
1.8600E-4	1.0010E-2	6.0508E-1
1.8700E-4	1.0010E-2	5.9219E-1
1.8800E-4	9.5215E-3	5.8022E-1
1.8900E-4	9.2773E-3	5.6860E-1
1.9000E-4	9.5215E-3	5.6260E-1
1.9100E-4	9.7656E-3	5.5981E-1
1.9200E-4	9.0332E-3	5.5986E-1
1.9300E-4	1.0010E-2	5.6680E-1
1.9400E-4	1.0010E-2	5.8208E-1
1.9500E-4	9.5215E-3	6.0039E-1
1.9600E-4	9.7656E-3	6.2329E-1
1.9700E-4	9.7656E-3	6.4849E-1
1.9800E-4	9.2773E-3	6.7319E-1
1.9900E-4	1.0254E-2	6.9810E-1
2.0000E-4	9.5215E-3	7.2329E-1
2.0100E-4	9.2773E-3	7.4634E-1
2.0200E-4	9.5215E-3	7.6797E-1
2.0300E-4	9.7656E-3	7.8774E-1
2.0400E-4	9.7656E-3	7.9834E-1
2.0500E-4	9.2773E-3	7.9956E-1
2.0600E-4	9.5215E-3	7.9111E-1
2.0700E-4	1.0010E-2	7.7144E-1
2.0800E-4	9.7656E-3	7.4146E-1
2.0900E-4	9.0332E-3	7.0737E-1
2.1000E-4	9.0332E-3	6.7144E-1
2.1100E-4	9.0332E-3	6.3652E-1
2.1200E-4	9.5215E-3	6.0435E-1
2.1300E-4	9.7656E-3	5.7646E-1
2.1400E-4	9.0332E-3	5.5293E-1
2.1500E-4	9.5215E-3	5.3550E-1
2.1600E-4	1.0010E-2	5.2090E-1
2.1700E-4	9.5215E-3	5.1143E-1
2.1800E-4	1.0010E-2	5.0791E-1
2.1900E-4	1.0010E-2	5.1045E-1
2.2000E-4	9.2773E-3	5.1514E-1
2.2100E-4	1.0010E-2	5.2520E-1
2.2200E-4	9.2773E-3	5.3916E-1
2.2300E-4	9.0332E-3	5.5806E-1
2.2400E-4	9.5215E-3	5.8052E-1
2.2500E-4	8.5449E-3	6.0718E-1
2.2600E-4	9.0332E-3	6.3911E-1
2.2700E-4	9.5215E-3	6.7690E-1
2.2800E-4	9.5215E-3	7.1655E-1
2.2900E-4	9.7656E-3	7.5459E-1
2.3000E-4	9.5215E-3	7.9028E-1
2.3100E-4	9.5215E-3	8.1523E-1
2.3200E-4	9.2773E-3	8.2695E-1
2.3300E-4	9.5215E-3	8.2798E-1
2.3400E-4	9.7656E-3	8.1689E-1
2.3500E-4	9.7656E-3	7.9551E-1
2.3600E-4	9.2773E-3	7.7051E-1
2.3700E-4	1.0010E-2	7.4189E-1
2.3800E-4	9.5215E-3	7.0850E-1
2.3900E-4	9.2773E-3	6.7236E-1
2.4000E-4	9.7656E-3	6.3652E-1
2.4100E-4	1.0254E-2	6.0005E-1
2.4200E-4	9.2773E-3	5.6528E-1
2.4300E-4	9.2773E-3	5.3325E-1
2.4400E-4	9.5215E-3	5.0981E-1
2.4500E-4	9.0332E-3	4.9155E-1
2.4600E-4	9.5215E-3	4.8325E-1
2.4700E-4	9.7656E-3	4.8018E-1
2.4800E-4	1.0254E-2	4.8447E-1
2.4900E-4	1.0010E-2	4.9380E-1
2.5000E-4	9.7656E-3	5.0957E-1
2.5100E-4	9.7656E-3	5.2808E-1
2.5200E-4	9.5215E-3	5.5088E-1
2.5300E-4	9.5215E-3	5.7896E-1
2.5400E-4	9.7656E-3	6.1284E-1
2.5500E-4	9.7656E-3	6.5044E-1
2.5600E-4	9.0332E-3	6.8872E-1
2.5700E-4	1.0010E-2	7.2930E-1
2.5800E-4	9.5215E-3	7.6387E-1
2.5900E-4	9.5215E-3	7.8818E-1
2.6000E-4	1.0010E-2	8.0317E-1
2.6100E-4	9.2773E-3	8.0933E-1
2.6200E-4	9.2773E-3	8.0557E-1
2.6300E-4	9.7656E-3	7.9365E-1
2.6400E-4	9.2773E-3	7.7603E-1
2.6500E-4	1.0254E-2	7.5303E-1
2.6600E-4	9.2773E-3	7.2446E-1
2.6700E-4	9.0332E-3	6.9292E-1
2.6800E-4	1.0010E-2	6.5938E-1
2.6900E-4	1.0010E-2	6.2568E-1
2.7000E-4	9.7656E-3	5.9282E-1
2.7100E-4	9.5215E-3	5.6353E-1
2.7200E-4	9.7656E-3	5.3979E-1
2.7300E-4	9.7656E-3	5.2432E-1
2.7400E-4	9.5215E-3	5.1650E-1
2.7500E-4	9.7656E-3	5.1392E-1
2.7600E-4	9.7656E-3	5.1826E-1
2.7700E-4	9.7656E-3	5.2681E-1
2.7800E-4	9.2773E-3	5.3882E-1
2.7900E-4	1.0010E-2	5.5347E-1
2.8000E-4	9.5215E-3	5.7344E-1
2.8100E-4	9.2773E-3	5.9595E-1
2.8200E-4	9.5215E-3	6.2114E-1
2.8300E-4	1.0010E-2	6.5146E-1
2.8400E-4	9.0332E-3	6.8501E-1
2.8500E-4	8.7891E-3	7.1914E-1
2.8600E-4	9.5215E-3	7.5234E-1
2.8700E-4	9.2773E-3	7.8354E-1
2.8800E-4	9.2773E-3	8.0483E-1
2.8900E-4	9.7656E-3	8.1431E-1
2.9000E-4	9.2773E-3	8.1387E-1
2.9100E-4	9.5215E-3	8.0469E-1
2.9200E-4	9.7656E-3	7.8745E-1
2.9300E-4	9.5215E-3	7.6582E-1
2.9400E-4	9.7656E-3	7.4414E-1
2.9500E-4	1.0010E-2	7.1978E-1
2.9600E-4	9.7656E-3	6.9351E-1
2.9700E-4	9.7656E-3	6.6489E-1
2.9800E-4	1.0254E-2	6.3711E-1
2.9900E-4	9.5215E-3	6.0996E-1
3.0000E-4	1.0010E-2	5.8652E-1
3.0100E-4	9.7656E-3	5.6738E-1
3.0200E-4	9.5215E-3	5.5430E-1
3.0300E-4	8.5449E-3	5.4683E-1
3.0400E-4	9.2773E-3	5.4502E-1
3.0500E-4	1.0010E-2	5.4883E-1
3.0600E-4	1.0010E-2	5.5518E-1
3.0700E-4	9.5215E-3	5.6455E-1
3.0800E-4	9.0332E-3	5.7695E-1
3.0900E-4	9.2773E-3	5.9092E-1
3.1000E-4	9.0332E-3	6.0474E-1
3.1100E-4	9.5215E-3	6.2129E-1
3.1200E-4	9.0332E-3	6.3999E-1
3.1300E-4	1.0498E-2	6.5825E-1
3.1400E-4	1.0010E-2	6.7563E-1
3.1500E-4	9.5215E-3	6.9302E-1
3.1600E-4	9.2773E-3	7.0908E-1
3.1700E-4	9.5215E-3	7.2305E-1
3.1800E-4	9.7656E-3	7.3276E-1
3.1900E-4	1.0010E-2	7.3984E-1
3.2000E-4	1.0010E-2	7.4551E-1
3.2100E-4	8.5449E-3	7.4746E-1
3.2200E-4	9.5215E-3	7.4556E-1
3.2300E-4	9.2773E-3	7.4224E-1
3.2400E-4	9.5215E-3	7.3779E-1
3.2500E-4	1.0010E-2	7.3027E-1
3.2600E-4	9.2773E-3	7.2163E-1
3.2700E-4	9.7656E-3	7.1279E-1
3.2800E-4	9.5215E-3	7.0469E-1
3.2900E-4	9.5215E-3	6.9526E-1
3.3000E-4	1.0010E-2	6.8486E-1
3.3100E-4	9.7656E-3	6.7417E-1
3.3200E-4	1.0254E-2	6.6333E-1
3.3300E-4	9.7656E-3	6.4946E-1
3.3400E-4	9.5215E-3	6.3525E-1
3.3500E-4	1.0254E-2	6.2153E-1
3.3600E-4	9.2773E-3	6.1113E-1
3.3700E-4	9.7656E-3	6.0093E-1
3.3800E-4	9.2773E-3	5.9634E-1
3.3900E-4	9.7656E-3	5.9561E-1
3.4000E-4	9.2773E-3	5.9653E-1
3.4100E-4	9.2773E-3	5.9771E-1
3.4200E-4	9.5215E-3	6.0249E-1
3.4300E-4	9.5215E-3	6.0664E-1
3.4400E-4	9.7656E-3	6.1304E-1
3.4500E-4	9.0332E-3	6.2246E-1
3.4600E-4	1.0010E-2	6.3447E-1
3.4700E-4	9.7656E-3	6.4834E-1
3.4800E-4	9.5215E-3	6.6597E-1
3.4900E-4	9.5215E-3	6.8545E-1
3.5000E-4	9.2773E-3	7.0645E-1
3.5100E-4	9.5215E-3	7.2637E-1
3.5200E-4	9.5215E-3	7.4429E-1
3.5300E-4	1.0254E-2	7.5845E-1
3.5400E-4	9.5215E-3	7.6743E-1
3.5500E-4	9.2773E-3	7.7002E-1
3.5600E-4	9.0332E-3	7.6699E-1
3.5700E-4	9.2773E-3	7.5889E-1
3.5800E-4	9.5215E-3	7.4458E-1
3.5900E-4	9.7656E-3	7.2397E-1
3.6000E-4	9.0332E-3	6.9834E-1
3.6100E-4	1.0010E-2	6.6821E-1
3.6200E-4	1.0010E-2	6.3330E-1
3.6300E-4	9.5215E-3	5.9736E-1
3.6400E-4	9.5215E-3	5.6221E-1
3.6500E-4	9.2773E-3	5.3008E-1
3.6600E-4	9.2773E-3	5.0386E-1
3.6700E-4	1.0254E-2	4.8247E-1
3.6800E-4	9.5215E-3	4.6694E-1
3.6900E-4	1.0498E-2	4.5767E-1
3.7000E-4	9.5215E-3	4.5503E-1
3.7100E-4	9.2773E-3	4.6011E-1
3.7200E-4	1.0010E-2	4.7266E-1
3.7300E-4	1.0010E-2	4.9019E-1
3.7400E-4	9.5215E-3	5.1450E-1
3.7500E-4	1.0010E-2	5.4150E-1
3.7600E-4	9.2773E-3	5.7070E-1
3.7700E-4	9.2773E-3	6.0400E-1
3.7800E-4	9.5215E-3	6.4341E-1
3.7900E-4	9.5215E-3	6.8564E-1
3.8000E-4	1.0010E-2	7.3096E-1
3.8100E-4	9.5215E-3	7.7388E-1
3.8200E-4	9.2773E-3	8.0981E-1
3.8300E-4	9.7656E-3	8.3271E-1
3.8400E-4	9.5215E-3	8.3984E-1
3.8500E-4	9.0332E-3	8.3057E-1
3.8600E-4	9.7656E-3	8.0688E-1
3.8700E-4	9.2773E-3	7.7012E-1
3.8800E-4	9.7656E-3	7.2393E-1
3.8900E-4	1.0254E-2	6.7280E-1
3.9000E-4	8.7891E-3	6.1694E-1
3.9100E-4	1.0010E-2	5.6045E-1
3.9200E-4	8.7891E-3	5.0732E-1
3.9300E-4	9.2773E-3	4.6089E-1
3.9400E-4	9.2773E-3	4.2188E-1
3.9500E-4	9.7656E-3	3.9258E-1
3.9600E-4	9.2773E-3	3.7319E-1
3.9700E-4	9.5215E-3	3.6289E-1
3.9800E-4	9.5215E-3	3.6230E-1
3.9900E-4	9.2773E-3	3.6787E-1
4.0000E-4	1.0010E-2	3.8154E-1
4.0100E-4	1.0010E-2	4.0190E-1
4.0200E-4	9.2773E-3	4.2827E-1
4.0300E-4	9.5215E-3	4.5864E-1
4.0400E-4	1.0010E-2	4.9561E-1
4.0500E-4	9.7656E-3	5.3716E-1
4.0600E-4	1.0010E-2	5.8330E-1
4.0700E-4	9.5215E-3	6.3672E-1
4.0800E-4	9.5215E-3	6.9136E-1
4.0900E-4	9.5215E-3	7.4551E-1
4.1000E-4	1.0010E-2	7.9185E-1
4.1100E-4	9.5215E-3	8.2207E-1
4.1200E-4	9.2773E-3	8.3110E-1
4.1300E-4	9.7656E-3	8.2075E-1
4.1400E-4	9.5215E-3	7.8877E-1
4.1500E-4	9.7656E-3	7.4209E-1
4.1600E-4	9.7656E-3	6.8374E-1
4.1700E-4	9.5215E-3	6.1709E-1
4.1800E-4	9.5215E-3	5.4790E-1
4.1900E-4	1.0254E-2	4.7969E-1
4.2000E-4	9.2773E-3	4.1870E-1
4.2100E-4	8.7891E-3	3.6855E-1
4.2200E-4	9.7656E-3	3.3164E-1
4.2300E-4	1.0010E-2	3.0493E-1
4.2400E-4	9.0332E-3	2.9053E-1
4.2500E-4	1.0254E-2	2.8315E-1
4.2600E-4	9.5215E-3	2.8149E-1
4.2700E-4	9.7656E-3	2.8418E-1
4.2800E-4	9.2773E-3	2.9272E-1
4.2900E-4	9.7656E-3	3.0659E-1
4.3000E-4	9.5215E-3	3.2852E-1
4.3100E-4	9.5215E-3	3.5947E-1
4.3200E-4	9.2773E-3	3.9917E-1
4.3300E-4	1.0254E-2	4.4756E-1
4.3400E-4	1.0498E-2	5.0508E-1
4.3500E-4	9.5215E-3	5.6855E-1
4.3600E-4	9.2773E-3	6.3662E-1
4.3700E-4	1.0010E-2	7.0601E-1
4.3800E-4	8.7891E-3	7.6938E-1
4.3900E-4	9.5215E-3	8.1274E-1
4.4000E-4	9.5215E-3	8.3203E-1
4.4100E-4	9.2773E-3	8.2104E-1
4.4200E-4	9.7656E-3	7.7925E-1
4.4300E-4	9.7656E-3	7.1099E-1
4.4400E-4	9.5215E-3	6.2769E-1
4.4500E-4	9.7656E-3	5.3623E-1
4.4600E-4	9.2773E-3	4.4756E-1
4.4700E-4	9.2773E-3	3.6782E-1
4.4800E-4	9.2773E-3	3.0190E-1
4.4900E-4	9.7656E-3	2.4971E-1
4.5000E-4	9.7656E-3	2.1299E-1
4.5100E-4	1.0254E-2	1.8823E-1
4.5200E-4	9.7656E-3	1.7456E-1
4.5300E-4	1.0010E-2	1.7119E-1
4.5400E-4	9.5215E-3	1.7827E-1
4.5500E-4	9.2773E-3	1.9141E-1
4.5600E-4	9.2773E-3	2.0918E-1
4.5700E-4	9.7656E-3	2.2974E-1
4.5800E-4	9.5215E-3	2.5298E-1
4.5900E-4	9.5215E-3	2.8228E-1
4.6000E-4	9.7656E-3	3.1533E-1
4.6100E-4	9.2773E-3	3.5806E-1
4.6200E-4	9.7656E-3	4.1465E-1
4.6300E-4	9.2773E-3	4.8242E-1
4.6400E-4	9.0332E-3	5.5840E-1
4.6500E-4	9.5215E-3	6.4175E-1
4.6600E-4	9.2773E-3	7.2017E-1
4.6700E-4	1.0254E-2	7.7539E-1
4.6800E-4	1.0010E-2	7.9912E-1
4.6900E-4	1.0010E-2	7.8682E-1
4.7000E-4	9.0332E-3	7.3486E-1
4.7100E-4	9.7656E-3	6.4922E-1
4.7200E-4	9.5215E-3	5.4419E-1
4.7300E-4	1.0010E-2	4.3188E-1
4.7400E-4	9.7656E-3	3.1924E-1
4.7500E-4	9.7656E-3	2.1953E-1
4.7600E-4	9.7656E-3	1.3774E-1
4.7700E-4	9.5215E-3	7.3877E-2
4.7800E-4	9.5215E-3	2.7734E-2
4.7900E-4	9.5215E-3	-2.1973E-3
4.8000E-4	9.5215E-3	-2.1826E-2
4.8100E-4	9.5215E-3	-3.2715E-2
4.8200E-4	9.2773E-3	-3.5352E-2
4.8300E-4	9.5215E-3	-3.6475E-2
4.8400E-4	8.7891E-3	-3.4912E-2
4.8500E-4	9.5215E-3	-3.1836E-2
4.8600E-4	8.7891E-3	-2.9785E-2
4.8700E-4	9.7656E-3	-3.1055E-2
4.8800E-4	8.7891E-3	-3.1787E-2
4.8900E-4	9.5215E-3	-3.2666E-2
4.9000E-4	9.2773E-3	-3.3594E-2
4.9100E-4	9.7656E-3	-3.2520E-2
4.9200E-4	9.7656E-3	-2.9297E-2
4.9300E-4	1.0010E-2	-2.3730E-2
4.9400E-4	9.2773E-3	-1.9873E-2
4.9500E-4	8.7891E-3	-1.8311E-2
4.9600E-4	9.5215E-3	-1.8018E-2
4.9700E-4	9.2773E-3	-2.0215E-2
4.9800E-4	8.5449E-3	-2.3389E-2
4.9900E-4	9.7656E-3	-2.4072E-2
5.0000E-4	1.0010E-2	-2.2461E-2
5.0100E-4	9.7656E-3	-2.3340E-2
5.0200E-4	9.2773E-3	-2.2559E-2
5.0300E-4	9.5215E-3	-2.2754E-2
5.0400E-4	9.5215E-3	-2.3682E-2
5.0500E-4	9.2773E-3	-2.6514E-2
5.0600E-4	9.5215E-3	-2.5586E-2
5.0700E-4	9.7656E-3	-2.4316E-2
5.0800E-4	9.0332E-3	-2.2314E-2
5.0900E-4	9.5215E-3	-1.8115E-2
5.1000E-4	1.0254E-2	-1.0937E-2
5.1100E-4	1.0010E-2	-4.5898E-3
5.1200E-4	9.5215E-3	5.4687E-3
5.1300E-4	9.0332E-3	1.8604E-2
5.1400E-4	9.0332E-3	3.5400E-2
5.1500E-4	1.0254E-2	5.8545E-2
5.1600E-4	9.2773E-3	8.7891E-2
5.1700E-4	9.7656E-3	1.2456E-1
5.1800E-4	9.2773E-3	1.7432E-1
5.1900E-4	9.7656E-3	2.3398E-1
5.2000E-4	9.0332E-3	3.0498E-1
5.2100E-4	9.5215E-3	3.9214E-1
5.2200E-4	9.2773E-3	4.9307E-1
5.2300E-4	9.5215E-3	5.9854E-1
5.2400E-4	9.2773E-3	6.9639E-1
5.2500E-4	9.7656E-3	7.7568E-1
5.2600E-4	9.7656E-3	8.2026E-1
5.2700E-4	1.0010E-2	8.2178E-1
5.2800E-4	9.5215E-3	7.8105E-1
5.2900E-4	9.2773E-3	7.0791E-1
5.3000E-4	9.5215E-3	6.1318E-1
5.3100E-4	9.7656E-3	5.1206E-1
5.3200E-4	9.5215E-3	4.1304E-1
5.3300E-4	9.5215E-3	3.2305E-1
5.3400E-4	9.0332E-3	2.5068E-1
5.3500E-4	1.0010E-2	1.9517E-1
5.3600E-4	9.5215E-3	1.5537E-1
5.3700E-4	8.7891E-3	1.3379E-1
5.3800E-4	9.2773E-3	1.2852E-1
5.3900E-4	1.0010E-2	1.3467E-1
5.4000E-4	9.5215E-3	1.4834E-1
5.4100E-4	8.7891E-3	1.6934E-1
5.4200E-4	1.0010E-2	1.9644E-1
5.4300E-4	9.2773E-3	2.3057E-1
5.4400E-4	1.0010E-2	2.6948E-1
5.4500E-4	9.5215E-3	3.1885E-1
5.4600E-4	9.2773E-3	3.7729E-1
5.4700E-4	9.5215E-3	4.4351E-1
5.4800E-4	9.2773E-3	5.1387E-1
5.4900E-4	1.0498E-2	5.8857E-1
5.5000E-4	9.5215E-3	6.6294E-1
5.5100E-4	9.5215E-3	7.3037E-1
5.5200E-4	9.5215E-3	7.8101E-1
5.5300E-4	9.7656E-3	8.1074E-1
5.5400E-4	9.2773E-3	8.1440E-1
5.5500E-4	9.5215E-3	7.9067E-1
5.5600E-4	9.7656E-3	7.4282E-1
5.5700E-4	9.5215E-3	6.8140E-1
5.5800E-4	9.7656E-3	6.0874E-1
5.5900E-4	9.2773E-3	5.3433E-1
5.6000E-4	1.0010E-2	4.6206E-1
5.6100E-4	9.2773E-3	3.9761E-1
5.6200E-4	9.5215E-3	3.4253E-1
5.6300E-4	9.5215E-3	3.0093E-1
5.6400E-4	9.5215E-3	2.7285E-1
5.6500E-4	9.5215E-3	2.5757E-1
5.6600E-4	9.2773E-3	2.5435E-1
5.6700E-4	9.5215E-3	2.5952E-1
5.6800E-4	9.7656E-3	2.7329E-1
5.6900E-4	9.2773E-3	2.9341E-1
5.7000E-4	1.0010E-2	3.1987E-1
5.7100E-4	9.7656E-3	3.5083E-1
5.7200E-4	9.0332E-3	3.8682E-1
5.7300E-4	9.5215E-3	4.2817E-1
5.7400E-4	1.0010E-2	4.7720E-1
5.7500E-4	1.0254E-2	5.3237E-1
5.7600E-4	1.0254E-2	5.9238E-1
5.7700E-4	9.7656E-3	6.5537E-1
5.7800E-4	9.0332E-3	7.1709E-1
5.7900E-4	9.7656E-3	7.6724E-1
5.8000E-4	9.5215E-3	7.9990E-1
5.8100E-4	1.0010E-2	8.1235E-1
5.8200E-4	9.2773E-3	8.0518E-1
5.8300E-4	9.2773E-3	7.7690E-1
5.8400E-4	9.5215E-3	7.3325E-1
5.8500E-4	9.2773E-3	6.8213E-1
5.8600E-4	9.5215E-3	6.2632E-1
5.8700E-4	9.7656E-3	5.6797E-1
5.8800E-4	1.0010E-2	5.1230E-1
5.8900E-4	9.5215E-3	4.6470E-1
5.9000E-4	9.2773E-3	4.2388E-1
5.9100E-4	1.0254E-2	3.9312E-1
5.9200E-4	9.5215E-3	3.7300E-1
5.9300E-4	9.5215E-3	3.6260E-1
5.9400E-4	1.0010E-2	3.5986E-1
5.9500E-4	1.0010E-2	3.6328E-1
5.9600E-4	1.0010E-2	3.7251E-1
5.9700E-4	9.7656E-3	3.8872E-1
5.9800E-4	9.5215E-3	4.0991E-1
5.9900E-4	9.7656E-3	4.3521E-1
6.0000E-4	1.0010E-2	4.6807E-1
6.0100E-4	1.0010E-2	5.0815E-1
6.0200E-4	1.0010E-2	5.5283E-1
6.0300E-4	8.7891E-3	6.0137E-1
6.0400E-4	8.7891E-3	6.5366E-1
6.0500E-4	1.0010E-2	7.0488E-1
6.0600E-4	9.2773E-3	7.5342E-1
6.0700E-4	9.5215E-3	7.9243E-1
6.0800E-4	8.7891E-3	8.2021E-1
6.0900E-4	9.2773E-3	8.3096E-1
6.1000E-4	9.5215E-3	8.2739E-1
6.1100E-4	9.5215E-3	8.0767E-1
6.1200E-4	8.5449E-3	7.7500E-1
6.1300E-4	1.0010E-2	7.3247E-1
6.1400E-4	9.7656E-3	6.8672E-1
6.1500E-4	9.2773E-3	6.3799E-1
6.1600E-4	9.2773E-3	5.9014E-1
6.1700E-4	9.5215E-3	5.4790E-1
6.1800E-4	9.5215E-3	5.1250E-1
6.1900E-4	1.0010E-2	4.8481E-1
6.2000E-4	9.5215E-3	4.6772E-1
6.2100E-4	9.7656E-3	4.5654E-1
6.2200E-4	9.0332E-3	4.5112E-1
6.2300E-4	9.7656E-3	4.5215E-1
6.2400E-4	9.5215E-3	4.5664E-1
6.2500E-4	9.7656E-3	4.6445E-1
6.2600E-4	9.2773E-3	4.7813E-1
6.2700E-4	1.0010E-2	4.9707E-1
6.2800E-4	1.0010E-2	5.2090E-1
6.2900E-4	9.5215E-3	5.4580E-1
6.3000E-4	8.7891E-3	5.7480E-1
6.3100E-4	8.7891E-3	6.0156E-1
6.3200E-4	9.5215E-3	6.2871E-1
6.3300E-4	9.7656E-3	6.5737E-1
6.3400E-4	9.7656E-3	6.8691E-1
6.3500E-4	1.0010E-2	7.0996E-1
6.3600E-4	9.7656E-3	7.3164E-1
6.3700E-4	9.7656E-3	7.4849E-1
6.3800E-4	9.5215E-3	7.5630E-1
6.3900E-4	9.5215E-3	7.5532E-1
6.4000E-4	9.0332E-3	7.4824E-1
6.4100E-4	9.2773E-3	7.3467E-1
6.4200E-4	9.0332E-3	7.1611E-1
6.4300E-4	1.0010E-2	6.9512E-1
6.4400E-4	1.0254E-2	6.7632E-1
6.4500E-4	9.0332E-3	6.5854E-1
6.4600E-4	9.2773E-3	6.4106E-1
6.4700E-4	1.0254E-2	6.2593E-1
6.4800E-4	9.2773E-3	6.1118E-1
6.4900E-4	9.7656E-3	5.9834E-1
6.5000E-4	9.7656E-3	5.8647E-1
6.5100E-4	1.0010E-2	5.7817E-1
6.5200E-4	9.7656E-3	5.7100E-1
6.5300E-4	9.2773E-3	5.6636E-1
6.5400E-4	9.5215E-3	5.6523E-1
6.5500E-4	9.5215E-3	5.6807E-1
6.5600E-4	1.0498E-2	5.7529E-1
6.5700E-4	9.5215E-3	5.8477E-1
6.5800E-4	9.2773E-3	5.9526E-1
6.5900E-4	1.0254E-2	6.0518E-1
6.6000E-4	1.0010E-2	6.1357E-1
6.6100E-4	9.2773E-3	6.2026E-1
6.6200E-4	9.5215E-3	6.2900E-1
6.6300E-4	9.2773E-3	6.3970E-1
6.6400E-4	9.2773E-3	6.4907E-1
6.6500E-4	1.0010E-2	6.6021E-1
6.6600E-4	9.7656E-3	6.7168E-1
6.6700E-4	9.7656E-3	6.7896E-1
6.6800E-4	9.5215E-3	6.8442E-1
6.6900E-4	1.0010E-2	6.8838E-1
6.7000E-4	9.5215E-3	6.9185E-1
6.7100E-4	9.2773E-3	6.9517E-1
6.7200E-4	9.0332E-3	7.0059E-1
6.7300E-4	9.2773E-3	7.0488E-1
6.7400E-4	9.5215E-3	7.0728E-1
6.7500E-4	9.2773E-3	7.0464E-1
6.7600E-4	8.7891E-3	6.9863E-1
6.7700E-4	1.0010E-2	6.8667E-1
6.7800E-4	9.2773E-3	6.7168E-1
6.7900E-4	1.0010E-2	6.5571E-1
6.8000E-4	9.2773E-3	6.3975E-1
6.8100E-4	1.0498E-2	6.2148E-1
6.8200E-4	8.7891E-3	6.0459E-1
6.8300E-4	1.0010E-2	5.8657E-1
6.8400E-4	9.7656E-3	5.7075E-1
6.8500E-4	9.2773E-3	5.5713E-1
6.8600E-4	9.2773E-3	5.4863E-1
6.8700E-4	9.7656E-3	5.4189E-1
6.8800E-4	9.5215E-3	5.3896E-1
6.8900E-4	1.0254E-2	5.3804E-1
6.9000E-4	1.0010E-2	5.3857E-1
6.9100E-4	9.7656E-3	5.4067E-1
6.9200E-4	9.0332E-3	5.4688E-1
6.9300E-4	9.2773E-3	5.5869E-1
6.9400E-4	9.5215E-3	5.7446E-1
6.9500E-4	9.7656E-3	5.9556E-1
6.9600E-4	1.0010E-2	6.1782E-1
6.9700E-4	9.7656E-3	6.4258E-1
6.9800E-4	1.0010E-2	6.6919E-1
6.9900E-4	1.0010E-2	6.9634E-1
7.0000E-4	9.5215E-3	7.2173E-1
7.0100E-4	9.2773E-3	7.4536E-1
7.0200E-4	9.5215E-3	7.6353E-1
7.0300E-4	9.7656E-3	7.7251E-1
7.0400E-4	9.5215E-3	7.7227E-1
7.0500E-4	1.0010E-2	7.6226E-1
7.0600E-4	9.2773E-3	7.4561E-1
7.0700E-4	9.5215E-3	7.2339E-1
7.0800E-4	1.0254E-2	6.9619E-1
7.0900E-4	9.7656E-3	6.6812E-1
7.1000E-4	1.0010E-2	6.3867E-1
7.1100E-4	9.5215E-3	6.0742E-1
7.1200E-4	9.5215E-3	5.7749E-1
7.1300E-4	9.7656E-3	5.4956E-1
7.1400E-4	9.7656E-3	5.2471E-1
7.1500E-4	9.2773E-3	5.0664E-1
7.1600E-4	9.2773E-3	4.9414E-1
7.1700E-4	9.7656E-3	4.8667E-1
7.1800E-4	8.7891E-3	4.8623E-1
7.1900E-4	1.0010E-2	4.8989E-1
7.2000E-4	9.0332E-3	4.9492E-1
7.2100E-4	9.7656E-3	5.0542E-1
7.2200E-4	1.0254E-2	5.2051E-1
7.2300E-4	1.0254E-2	5.4106E-1
7.2400E-4	1.0254E-2	5.6519E-1
7.2500E-4	9.5215E-3	5.9512E-1
7.2600E-4	9.2773E-3	6.2627E-1
7.2700E-4	1.0010E-2	6.5786E-1
7.2800E-4	1.0010E-2	6.8643E-1
7.2900E-4	9.5215E-3	7.1309E-1
7.3000E-4	8.7891E-3	7.3481E-1
7.3100E-4	9.7656E-3	7.4951E-1
7.3200E-4	9.2773E-3	7.5747E-1
7.3300E-4	9.5215E-3	7.5830E-1
7.3400E-4	9.5215E-3	7.4893E-1
7.3500E-4	1.0010E-2	7.2964E-1
7.3600E-4	9.5215E-3	7.0415E-1
7.3700E-4	9.7656E-3	6.7236E-1
7.3800E-4	9.2773E-3	6.3779E-1
7.3900E-4	9.2773E-3	6.0063E-1
7.4000E-4	9.2773E-3	5.6558E-1
7.4100E-4	1.0254E-2	5.3394E-1
7.4200E-4	9.2773E-3	5.0483E-1
7.4300E-4	1.0010E-2	4.8091E-1
7.4400E-4	9.7656E-3	4.6587E-1
7.4500E-4	9.2773E-3	4.5801E-1
7.4600E-4	9.7656E-3	4.5615E-1
7.4700E-4	9.5215E-3	4.6240E-1
7.4800E-4	9.5215E-3	4.7656E-1
7.4900E-4	1.0254E-2	4.9409E-1
7.5000E-4	9.2773E-3	5.1470E-1
7.5100E-4	9.5215E-3	5.3989E-1
7.5200E-4	9.2773E-3	5.6924E-1
7.5300E-4	9.2773E-3	5.9834E-1
7.5400E-4	9.5215E-3	6.2910E-1
7.5500E-4	8.7891E-3	6.6035E-1
7.5600E-4	9.5215E-3	6.9082E-1
7.5700E-4	1.0010E-2	7.1973E-1
7.5800E-4	9.5215E-3	7.4600E-1
7.5900E-4	9.2773E-3	7.6548E-1
7.6000E-4	9.5215E-3	7.7510E-1
7.6100E-4	9.5215E-3	7.7476E-1
7.6200E-4	9.5215E-3	7.6431E-1
7.6300E-4	9.5215E-3	7.4268E-1
7.6400E-4	9.7656E-3	7.1616E-1
7.6500E-4	9.2773E-3	6.8569E-1
7.6600E-4	9.5215E-3	6.5176E-1
7.6700E-4	9.7656E-3	6.1450E-1
7.6800E-4	9.5215E-3	5.7930E-1
7.6900E-4	9.5215E-3	5.4663E-1
7.7000E-4	1.0010E-2	5.1987E-1
7.7100E-4	9.7656E-3	4.9824E-1
7.7200E-4	9.5215E-3	4.8330E-1
7.7300E-4	1.0010E-2	4.7456E-1
7.7400E-4	1.0010E-2	4.7114E-1
7.7500E-4	1.0498E-2	4.7261E-1
7.7600E-4	9.2773E-3	4.8003E-1
7.7700E-4	1.0010E-2	4.9009E-1
7.7800E-4	9.2773E-3	5.0396E-1
7.7900E-4	1.0010E-2	5.2139E-1
7.8000E-4	9.0332E-3	5.4160E-1
7.8100E-4	8.7891E-3	5.6494E-1
7.8200E-4	1.0010E-2	5.9106E-1
7.8300E-4	1.0010E-2	6.1797E-1
7.8400E-4	9.0332E-3	6.4482E-1
7.8500E-4	9.5215E-3	6.7061E-1
7.8600E-4	9.2773E-3	6.9390E-1
7.8700E-4	9.7656E-3	7.1411E-1
7.8800E-4	9.5215E-3	7.3174E-1
7.8900E-4	9.5215E-3	7.4404E-1
7.9000E-4	9.7656E-3	7.4995E-1
7.9100E-4	9.7656E-3	7.4541E-1
7.9200E-4	9.2773E-3	7.3364E-1
7.9300E-4	1.0010E-2	7.1455E-1
7.9400E-4	9.7656E-3	6.8950E-1
7.9500E-4	1.0010E-2	6.6216E-1
7.9600E-4	9.5215E-3	6.3579E-1
7.9700E-4	9.7656E-3	6.0972E-1
7.9800E-4	9.5215E-3	5.8501E-1
7.9900E-4	9.5215E-3	5.6553E-1
8.0000E-4	9.2773E-3	5.4927E-1
8.0100E-4	1.0498E-2	5.3765E-1
8.0200E-4	9.5215E-3	5.3345E-1
8.0300E-4	9.5215E-3	5.3267E-1
8.0400E-4	9.0332E-3	5.3389E-1
8.0500E-4	9.5215E-3	5.3794E-1
8.0600E-4	9.7656E-3	5.4634E-1
8.0700E-4	9.5215E-3	5.5684E-1
8.0800E-4	9.5215E-3	5.7080E-1
8.0900E-4	9.7656E-3	5.8765E-1
8.1000E-4	9.7656E-3	6.0640E-1
8.1100E-4	9.5215E-3	6.2412E-1
8.1200E-4	9.5215E-3	6.4170E-1
8.1300E-4	1.0010E-2	6.5698E-1
8.1400E-4	9.7656E-3	6.7227E-1
8.1500E-4	9.5215E-3	6.8574E-1
8.1600E-4	9.2773E-3	6.9795E-1
8.1700E-4	1.0010E-2	7.0576E-1
8.1800E-4	9.7656E-3	7.1084E-1
8.1900E-4	1.0498E-2	7.1401E-1
8.2000E-4	9.5215E-3	7.1445E-1
8.2100E-4	9.2773E-3	7.0918E-1
8.2200E-4	9.5215E-3	7.0000E-1
8.2300E-4	1.0010E-2	6.8740E-1
8.2400E-4	9.5215E-3	6.6953E-1
8.2500E-4	9.5215E-3	6.5283E-1
8.2600E-4	9.5215E-3	6.3989E-1
8.2700E-4	9.5215E-3	6.2852E-1
8.2800E-4	1.0254E-2	6.1992E-1
8.2900E-4	9.7656E-3	6.1377E-1
8.3000E-4	9.5215E-3	6.0718E-1
8.3100E-4	1.0254E-2	5.9917E-1
8.3200E-4	9.2773E-3	5.9375E-1
8.3300E-4	1.0010E-2	5.8799E-1
8.3400E-4	9.7656E-3	5.8105E-1
8.3500E-4	1.0010E-2	5.7505E-1
8.3600E-4	9.5215E-3	5.7031E-1
8.3700E-4	9.2773E-3	5.6563E-1
8.3800E-4	1.0010E-2	5.6108E-1
8.3900E-4	9.2773E-3	5.6040E-1
8.4000E-4	9.0332E-3	5.6138E-1
8.4100E-4	1.0010E-2	5.6353E-1
8.4200E-4	1.0010E-2	5.6689E-1
8.4300E-4	1.0010E-2	5.7388E-1
8.4400E-4	1.0254E-2	5.8032E-1
8.4500E-4	9.5215E-3	5.8784E-1
8.4600E-4	9.2773E-3	6.0020E-1
8.4700E-4	9.5215E-3	6.1646E-1
8.4800E-4	9.5215E-3	6.3545E-1
8.4900E-4	9.2773E-3	6.5972E-1
8.5000E-4	9.5215E-3	6.8594E-1
8.5100E-4	1.0498E-2	7.1177E-1
8.5200E-4	9.7656E-3	7.3555E-1
8.5300E-4	9.0332E-3	7.5391E-1
8.5400E-4	9.5215E-3	7.6479E-1
8.5500E-4	9.2773E-3	7.7002E-1
8.5600E-4	9.5215E-3	7.6563E-1
8.5700E-4	9.7656E-3	7.5034E-1
8.5800E-4	9.7656E-3	7.2705E-1
8.5900E-4	1.0254E-2	6.9971E-1
8.6000E-4	1.0010E-2	6.6641E-1
8.6100E-4	1.0498E-2	6.3335E-1
8.6200E-4	1.0254E-2	6.0234E-1
8.6300E-4	1.0254E-2	5.7612E-1
8.6400E-4	9.5215E-3	5.5034E-1
8.6500E-4	9.7656E-3	5.2749E-1
8.6600E-4	1.0010E-2	5.0742E-1
8.6700E-4	1.0010E-2	4.9146E-1
8.6800E-4	9.2773E-3	4.7896E-1
8.6900E-4	9.2773E-3	4.7061E-1
8.7000E-4	9.5215E-3	4.6670E-1
8.7100E-4	9.5215E-3	4.6860E-1
8.7200E-4	9.0332E-3	4.7446E-1
8.7300E-4	9.7656E-3	4.8682E-1
8.7400E-4	9.5215E-3	5.0576E-1
8.7500E-4	9.5215E-3	5.3003E-1
8.7600E-4	9.5215E-3	5.6001E-1
8.7700E-4	1.0254E-2	5.9707E-1
8.7800E-4	9.5215E-3	6.3892E-1
8.7900E-4	9.7656E-3	6.8247E-1
8.8000E-4	9.7656E-3	7.2446E-1
8.8100E-4	9.7656E-3	7.6035E-1
8.8200E-4	9.7656E-3	7.8872E-1
8.8300E-4	9.5215E-3	8.0264E-1
8.8400E-4	9.7656E-3	8.0220E-1
8.8500E-4	9.2773E-3	7.8818E-1
8.8600E-4	9.7656E-3	7.6133E-1
8.8700E-4	9.7656E-3	7.2246E-1
8.8800E-4	1.0010E-2	6.7637E-1
8.8900E-4	1.0498E-2	6.2764E-1
8.9000E-4	9.5215E-3	5.7861E-1
8.9100E-4	9.7656E-3	5.3130E-1
8.9200E-4	9.2773E-3	4.8584E-1
8.9300E-4	9.7656E-3	4.4697E-1
8.9400E-4	9.5215E-3	4.1504E-1
8.9500E-4	1.0254E-2	3.9175E-1
8.9600E-4	9.5215E-3	3.7271E-1
8.9700E-4	1.0010E-2	3.6323E-1
8.9800E-4	9.5215E-3	3.5942E-1
8.9900E-4	9.5215E-3	3.5845E-1
9.0000E-4	1.0010E-2	3.6445E-1
9.0100E-4	1.0254E-2	3.7979E-1
9.0200E-4	9.0332E-3	4.0073E-1
9.0300E-4	9.5215E-3	4.3003E-1
9.0400E-4	1.0010E-2	4.6880E-1
9.0500E-4	1.0010E-2	5.1191E-1
9.0600E-4	9.7656E-3	5.6118E-1
9.0700E-4	8.7891E-3	6.1538E-1
9.0800E-4	9.2773E-3	6.7056E-1
9.0900E-4	1.0010E-2	7.2290E-1
9.1000E-4	1.0010E-2	7.6597E-1
9.1100E-4	9.2773E-3	7.9487E-1
9.1200E-4	9.2773E-3	8.0518E-1
9.1300E-4	1.0254E-2	7.9175E-1
9.1400E-4	1.0010E-2	7.5845E-1
9.1500E-4	9.7656E-3	7.1074E-1
9.1600E-4	9.5215E-3	6.5015E-1
9.1700E-4	9.2773E-3	5.8164E-1
9.1800E-4	9.2773E-3	5.1387E-1
9.1900E-4	1.0010E-2	4.5078E-1
9.2000E-4	1.0010E-2	3.9297E-1
9.2100E-4	9.5215E-3	3.4277E-1
9.2200E-4	1.0010E-2	3.0522E-1
9.2300E-4	1.0010E-2	2.8018E-1
9.2400E-4	1.0010E-2	2.6421E-1
9.2500E-4	1.0498E-2	2.5933E-1
9.2600E-4	9.7656E-3	2.6499E-1
9.2700E-4	1.0010E-2	2.7559E-1
9.2800E-4	1.0254E-2	2.9004E-1
9.2900E-4	1.0010E-2	3.0625E-1
9.3000E-4	9.5215E-3	3.2441E-1
9.3100E-4	9.0332E-3	3.4971E-1
9.3200E-4	9.2773E-3	3.8374E-1
9.3300E-4	9.5215E-3	4.2480E-1
9.3400E-4	9.7656E-3	4.7749E-1
9.3500E-4	1.0010E-2	5.3989E-1
9.3600E-4	9.2773E-3	6.0493E-1
9.3700E-4	1.0010E-2	6.6777E-1
9.3800E-4	9.7656E-3	7.2012E-1
9.3900E-4	1.0254E-2	7.5532E-1
9.4000E-4	9.7656E-3	7.6782E-1
9.4100E-4	9.7656E-3	7.5542E-1
9.4200E-4	9.0332E-3	7.1787E-1
9.4300E-4	1.0010E-2	6.6079E-1
9.4400E-4	9.5215E-3	5.8882E-1
9.4500E-4	9.5215E-3	5.1001E-1
9.4600E-4	1.0498E-2	4.2964E-1
9.4700E-4	1.0010E-2	3.5493E-1
9.4800E-4	9.7656E-3	2.9092E-1
9.4900E-4	9.7656E-3	2.3989E-1
9.5000E-4	9.5215E-3	2.0278E-1
9.5100E-4	1.0010E-2	1.7671E-1
9.5200E-4	9.5215E-3	1.6050E-1
9.5300E-4	9.5215E-3	1.5449E-1
9.5400E-4	1.0010E-2	1.5508E-1
9.5500E-4	9.7656E-3	1.5937E-1
9.5600E-4	9.5215E-3	1.6948E-1
9.5700E-4	1.0254E-2	1.8452E-1
9.5800E-4	1.0010E-2	2.0542E-1
9.5900E-4	9.5215E-3	2.3428E-1
9.6000E-4	9.7656E-3	2.7241E-1
9.6100E-4	9.5215E-3	3.2319E-1
9.6200E-4	9.2773E-3	3.8735E-1
9.6300E-4	1.0010E-2	4.6401E-1
9.6400E-4	9.7656E-3	5.4800E-1
9.6500E-4	1.0254E-2	6.2974E-1
9.6600E-4	9.5215E-3	6.9814E-1
9.6700E-4	9.5215E-3	7.4253E-1
9.6800E-4	1.0010E-2	7.5518E-1
9.6900E-4	9.5215E-3	7.3203E-1
9.7000E-4	9.7656E-3	6.7505E-1
9.7100E-4	9.5215E-3	5.9360E-1
9.7200E-4	9.5215E-3	4.9502E-1
9.7300E-4	1.0254E-2	3.8696E-1
9.7400E-4	9.0332E-3	2.8057E-1
9.7500E-4	9.7656E-3	1.8486E-1
9.7600E-4	9.5215E-3	1.0273E-1
9.7700E-4	9.5215E-3	3.8574E-2
9.7800E-4	9.5215E-3	-5.3711E-3
9.7900E-4	9.5215E-3	-3.0176E-2
9.8000E-4	9.5215E-3	-4.2383E-2
9.8100E-4	9.7656E-3	-4.3945E-2
9.8200E-4	9.2773E-3	-3.7891E-2
9.8300E-4	9.2773E-3	-3.0127E-2
9.8400E-4	9.2773E-3	-2.3926E-2
9.8500E-4	1.0742E-2	-1.6748E-2
9.8600E-4	1.0010E-2	-1.4209E-2
9.8700E-4	9.5215E-3	-1.3184E-2
9.8800E-4	1.0010E-2	-1.3525E-2
9.8900E-4	9.5215E-3	-1.6357E-2
9.9000E-4	9.7656E-3	-2.0361E-2
9.9100E-4	9.7656E-3	-2.2266E-2
9.9200E-4	9.7656E-3	-2.5830E-2
9.9300E-4	1.0254E-2	-3.0371E-2
9.9400E-4	1.0498E-2	-3.2959E-2
9.9500E-4	9.0332E-3	-3.5107E-2
9.9600E-4	9.7656E-3	-3.8184E-2
9.9700E-4	9.2773E-3	-3.9355E-2
9.9800E-4	9.5215E-3	-3.9355E-2
9.9900E-4	1.0010E-2	-3.9355E-2
