Time [s]	Aux in [V]	Main in [V]
0.0000E+0	9.7656E-3	-1.0225E-1
1.0000E-6	9.2773E-3	-1.0366E-1
2.0000E-6	9.2773E-3	-1.0347E-1
3.0000E-6	9.7656E-3	-1.0479E-1
4.0000E-6	9.7656E-3	-1.0942E-1
5.0000E-6	1.0010E-2	-1.1260E-1
6.0000E-6	9.5215E-3	-1.1372E-1
7.0000E-6	9.7656E-3	-1.1577E-1
8.0000E-6	1.0010E-2	-1.1743E-1
9.0000E-6	1.0010E-2	-1.1743E-1
1.0000E-5	1.0254E-2	-1.1650E-1
1.1000E-5	1.0254E-2	-1.1431E-1
1.2000E-5	9.5215E-3	-1.1143E-1
1.3000E-5	9.5215E-3	-1.0625E-1
1.4000E-5	1.0010E-2	-1.0273E-1
1.5000E-5	9.7656E-3	-9.7559E-2
1.6000E-5	8.7891E-3	-9.1943E-2
1.7000E-5	1.0010E-2	-8.5156E-2
1.8000E-5	1.0010E-2	-7.6221E-2
1.9000E-5	9.7656E-3	-6.4648E-2
2.0000E-5	9.5215E-3	-4.9658E-2
2.1000E-5	9.7656E-3	-2.9346E-2
2.2000E-5	9.2773E-3	-3.7109E-3
2.3000E-5	9.2773E-3	2.9736E-2
2.4000E-5	9.7656E-3	7.4219E-2
2.5000E-5	1.0498E-2	1.3086E-1
2.6000E-5	9.5215E-3	2.0254E-1
2.7000E-5	1.0498E-2	2.9009E-1
2.8000E-5	9.7656E-3	3.9116E-1
2.9000E-5	9.7656E-3	4.9814E-1
3.0000E-5	9.5215E-3	5.9683E-1
3.1000E-5	9.7656E-3	6.7451E-1
3.2000E-5	1.0254E-2	7.2031E-1
3.3000E-5	1.0254E-2	7.2563E-1
3.4000E-5	9.7656E-3	6.9204E-1
3.5000E-5	9.7656E-3	6.2876E-1
3.6000E-5	9.7656E-3	5.4399E-1
3.7000E-5	1.0010E-2	4.5103E-1
3.8000E-5	9.5215E-3	3.5996E-1
3.9000E-5	9.0332E-3	2.8066E-1
4.0000E-5	9.0332E-3	2.1582E-1
4.1000E-5	9.5215E-3	1.6558E-1
4.2000E-5	1.0010E-2	1.3237E-1
4.3000E-5	9.7656E-3	1.1260E-1
4.4000E-5	9.5215E-3	1.0479E-1
4.5000E-5	9.7656E-3	1.0615E-1
4.6000E-5	9.7656E-3	1.1875E-1
4.7000E-5	1.0010E-2	1.3584E-1
4.8000E-5	9.5215E-3	1.6050E-1
4.9000E-5	9.7656E-3	1.9023E-1
5.0000E-5	9.5215E-3	2.2441E-1
5.1000E-5	1.0254E-2	2.6040E-1
5.2000E-5	9.2773E-3	3.0195E-1
5.3000E-5	1.0010E-2	3.4976E-1
5.4000E-5	9.2773E-3	3.9946E-1
5.5000E-5	9.0332E-3	4.5415E-1
5.6000E-5	1.0254E-2	5.1553E-1
5.7000E-5	9.5215E-3	5.7651E-1
5.8000E-5	1.0010E-2	6.2588E-1
5.9000E-5	9.0332E-3	6.6196E-1
6.0000E-5	1.0498E-2	6.7866E-1
6.1000E-5	1.0010E-2	6.7070E-1
6.2000E-5	9.7656E-3	6.3740E-1
6.3000E-5	1.0010E-2	5.8911E-1
6.4000E-5	1.0010E-2	5.2896E-1
6.5000E-5	1.0010E-2	4.6118E-1
6.6000E-5	9.7656E-3	3.9458E-1
6.7000E-5	9.5215E-3	3.3691E-1
6.8000E-5	1.0010E-2	2.8691E-1
6.9000E-5	9.7656E-3	2.4819E-1
7.0000E-5	9.2773E-3	2.2251E-1
7.1000E-5	9.7656E-3	2.0718E-1
7.2000E-5	8.7891E-3	1.9937E-1
7.3000E-5	9.7656E-3	2.0083E-1
7.4000E-5	1.0254E-2	2.1025E-1
7.5000E-5	9.0332E-3	2.2583E-1
7.6000E-5	9.2773E-3	2.4814E-1
7.7000E-5	1.0010E-2	2.7651E-1
7.8000E-5	1.0010E-2	3.0977E-1
7.9000E-5	9.0332E-3	3.4453E-1
8.0000E-5	1.0010E-2	3.8232E-1
8.1000E-5	9.5215E-3	4.2266E-1
8.2000E-5	9.5215E-3	4.6792E-1
8.3000E-5	9.5215E-3	5.1606E-1
8.4000E-5	9.2773E-3	5.6455E-1
8.5000E-5	1.0010E-2	6.1006E-1
8.6000E-5	9.5215E-3	6.4517E-1
8.7000E-5	1.0254E-2	6.6318E-1
8.8000E-5	9.7656E-3	6.6602E-1
8.9000E-5	1.0498E-2	6.5396E-1
9.0000E-5	9.7656E-3	6.2856E-1
9.1000E-5	9.2773E-3	5.9248E-1
9.2000E-5	9.7656E-3	5.4805E-1
9.3000E-5	9.7656E-3	4.9644E-1
9.4000E-5	9.5215E-3	4.4233E-1
9.5000E-5	8.7891E-3	3.9087E-1
9.6000E-5	9.2773E-3	3.4775E-1
9.7000E-5	1.0254E-2	3.1475E-1
9.8000E-5	9.5215E-3	2.9175E-1
9.9000E-5	9.5215E-3	2.8076E-1
1.0000E-4	9.7656E-3	2.7734E-1
1.0100E-4	1.0010E-2	2.7861E-1
1.0200E-4	9.5215E-3	2.8716E-1
1.0300E-4	1.0010E-2	3.0054E-1
1.0400E-4	1.0742E-2	3.1914E-1
1.0500E-4	9.5215E-3	3.4185E-1
1.0600E-4	1.0254E-2	3.6807E-1
1.0700E-4	1.0010E-2	3.9614E-1
1.0800E-4	1.0010E-2	4.2646E-1
1.0900E-4	1.0254E-2	4.5518E-1
1.1000E-4	1.0010E-2	4.8750E-1
1.1100E-4	1.0010E-2	5.2231E-1
1.1200E-4	9.5215E-3	5.5854E-1
1.1300E-4	9.5215E-3	5.9468E-1
1.1400E-4	9.5215E-3	6.2813E-1
1.1500E-4	9.7656E-3	6.5264E-1
1.1600E-4	9.7656E-3	6.6904E-1
1.1700E-4	1.0010E-2	6.7104E-1
1.1800E-4	9.2773E-3	6.6152E-1
1.1900E-4	9.2773E-3	6.4307E-1
1.2000E-4	1.0254E-2	6.1704E-1
1.2100E-4	9.7656E-3	5.8257E-1
1.2200E-4	9.2773E-3	5.4658E-1
1.2300E-4	9.5215E-3	5.0928E-1
1.2400E-4	9.7656E-3	4.7207E-1
1.2500E-4	1.0010E-2	4.3560E-1
1.2600E-4	9.7656E-3	4.0552E-1
1.2700E-4	9.2773E-3	3.8315E-1
1.2800E-4	1.0010E-2	3.6895E-1
1.2900E-4	1.0010E-2	3.6323E-1
1.3000E-4	9.5215E-3	3.6660E-1
1.3100E-4	9.5215E-3	3.7666E-1
1.3200E-4	9.7656E-3	3.8848E-1
1.3300E-4	1.0010E-2	4.0356E-1
1.3400E-4	9.7656E-3	4.2036E-1
1.3500E-4	9.5215E-3	4.4043E-1
1.3600E-4	1.0498E-2	4.6455E-1
1.3700E-4	9.5215E-3	4.9385E-1
1.3800E-4	1.0010E-2	5.2588E-1
1.3900E-4	9.5215E-3	5.5972E-1
1.4000E-4	9.5215E-3	5.9116E-1
1.4100E-4	9.5215E-3	6.1782E-1
1.4200E-4	9.7656E-3	6.3735E-1
1.4300E-4	9.0332E-3	6.5127E-1
1.4400E-4	1.0010E-2	6.5986E-1
1.4500E-4	8.5449E-3	6.6123E-1
1.4600E-4	9.5215E-3	6.5615E-1
1.4700E-4	9.7656E-3	6.4805E-1
1.4800E-4	1.0010E-2	6.3594E-1
1.4900E-4	1.0254E-2	6.2085E-1
1.5000E-4	9.5215E-3	6.0576E-1
1.5100E-4	9.5215E-3	5.9072E-1
1.5200E-4	1.0010E-2	5.7388E-1
1.5300E-4	1.0010E-2	5.5654E-1
1.5400E-4	1.0010E-2	5.3896E-1
1.5500E-4	9.5215E-3	5.2231E-1
1.5600E-4	9.7656E-3	5.0669E-1
1.5700E-4	9.5215E-3	4.9360E-1
1.5800E-4	9.7656E-3	4.8110E-1
1.5900E-4	9.2773E-3	4.7285E-1
1.6000E-4	9.5215E-3	4.6855E-1
1.6100E-4	9.2773E-3	4.6636E-1
1.6200E-4	9.7656E-3	4.6860E-1
1.6300E-4	9.7656E-3	4.7578E-1
1.6400E-4	1.0010E-2	4.8208E-1
1.6500E-4	9.5215E-3	4.9097E-1
1.6600E-4	1.0010E-2	5.0200E-1
1.6700E-4	9.2773E-3	5.1333E-1
1.6800E-4	9.7656E-3	5.2388E-1
1.6900E-4	9.2773E-3	5.3647E-1
1.7000E-4	1.0010E-2	5.4722E-1
1.7100E-4	9.0332E-3	5.6104E-1
1.7200E-4	1.0010E-2	5.7539E-1
1.7300E-4	9.7656E-3	5.8965E-1
1.7400E-4	9.5215E-3	6.0562E-1
1.7500E-4	9.5215E-3	6.2061E-1
1.7600E-4	9.7656E-3	6.3228E-1
1.7700E-4	9.5215E-3	6.4043E-1
1.7800E-4	9.7656E-3	6.4565E-1
1.7900E-4	1.0010E-2	6.4644E-1
1.8000E-4	9.7656E-3	6.4629E-1
1.8100E-4	9.7656E-3	6.4395E-1
1.8200E-4	9.5215E-3	6.4194E-1
1.8300E-4	9.5215E-3	6.3818E-1
1.8400E-4	9.7656E-3	6.3267E-1
1.8500E-4	9.2773E-3	6.2310E-1
1.8600E-4	1.0010E-2	6.0830E-1
1.8700E-4	9.2773E-3	5.8975E-1
1.8800E-4	9.7656E-3	5.6685E-1
1.8900E-4	1.0498E-2	5.4312E-1
1.9000E-4	1.0010E-2	5.2085E-1
1.9100E-4	9.5215E-3	5.0210E-1
1.9200E-4	1.0010E-2	4.8755E-1
1.9300E-4	9.2773E-3	4.7798E-1
1.9400E-4	1.0010E-2	4.7153E-1
1.9500E-4	9.5215E-3	4.6616E-1
1.9600E-4	9.5215E-3	4.6230E-1
1.9700E-4	9.7656E-3	4.6147E-1
1.9800E-4	9.2773E-3	4.6318E-1
1.9900E-4	9.5215E-3	4.6831E-1
2.0000E-4	1.0254E-2	4.7720E-1
2.0100E-4	1.0742E-2	4.9302E-1
2.0200E-4	9.5215E-3	5.1187E-1
2.0300E-4	1.0010E-2	5.3506E-1
2.0400E-4	9.5215E-3	5.6069E-1
2.0500E-4	9.2773E-3	5.8916E-1
2.0600E-4	9.5215E-3	6.1470E-1
2.0700E-4	9.0332E-3	6.3643E-1
2.0800E-4	9.7656E-3	6.5625E-1
2.0900E-4	9.5215E-3	6.6987E-1
2.1000E-4	9.5215E-3	6.7661E-1
2.1100E-4	9.2773E-3	6.7632E-1
2.1200E-4	1.0254E-2	6.6899E-1
2.1300E-4	9.7656E-3	6.5327E-1
2.1400E-4	1.0254E-2	6.3232E-1
2.1500E-4	9.2773E-3	6.0459E-1
2.1600E-4	9.2773E-3	5.7197E-1
2.1700E-4	9.5215E-3	5.3818E-1
2.1800E-4	9.5215E-3	5.0381E-1
2.1900E-4	9.7656E-3	4.6978E-1
2.2000E-4	9.7656E-3	4.3994E-1
2.2100E-4	9.7656E-3	4.1592E-1
2.2200E-4	9.7656E-3	3.9702E-1
2.2300E-4	9.5215E-3	3.8613E-1
2.2400E-4	9.7656E-3	3.8262E-1
2.2500E-4	9.5215E-3	3.8682E-1
2.2600E-4	9.0332E-3	3.9712E-1
2.2700E-4	1.0010E-2	4.1201E-1
2.2800E-4	1.0010E-2	4.2905E-1
2.2900E-4	1.0254E-2	4.4722E-1
2.3000E-4	9.2773E-3	4.6709E-1
2.3100E-4	9.7656E-3	4.9204E-1
2.3200E-4	9.5215E-3	5.2559E-1
2.3300E-4	9.7656E-3	5.6416E-1
2.3400E-4	9.5215E-3	6.0483E-1
2.3500E-4	9.7656E-3	6.4658E-1
2.3600E-4	9.5215E-3	6.8018E-1
2.3700E-4	1.0010E-2	7.0205E-1
2.3800E-4	9.0332E-3	7.1172E-1
2.3900E-4	9.5215E-3	7.0937E-1
2.4000E-4	1.0010E-2	6.9658E-1
2.4100E-4	9.5215E-3	6.7407E-1
2.4200E-4	9.5215E-3	6.4224E-1
2.4300E-4	9.7656E-3	6.0444E-1
2.4400E-4	1.0010E-2	5.6406E-1
2.4500E-4	1.0010E-2	5.2007E-1
2.4600E-4	1.0498E-2	4.7969E-1
2.4700E-4	9.7656E-3	4.4355E-1
2.4800E-4	9.5215E-3	4.1431E-1
2.4900E-4	9.7656E-3	3.9243E-1
2.5000E-4	9.7656E-3	3.7622E-1
2.5100E-4	9.5215E-3	3.6577E-1
2.5200E-4	1.0254E-2	3.6021E-1
2.5300E-4	9.7656E-3	3.6084E-1
2.5400E-4	9.7656E-3	3.6636E-1
2.5500E-4	9.7656E-3	3.7788E-1
2.5600E-4	9.7656E-3	3.9399E-1
2.5700E-4	9.7656E-3	4.1538E-1
2.5800E-4	9.5215E-3	4.3945E-1
2.5900E-4	9.5215E-3	4.6899E-1
2.6000E-4	9.5215E-3	5.0249E-1
2.6100E-4	1.0254E-2	5.3354E-1
2.6200E-4	9.2773E-3	5.6543E-1
2.6300E-4	9.5215E-3	5.9629E-1
2.6400E-4	1.0254E-2	6.2485E-1
2.6500E-4	1.0010E-2	6.4863E-1
2.6600E-4	9.5215E-3	6.6919E-1
2.6700E-4	1.0010E-2	6.8037E-1
2.6800E-4	1.0010E-2	6.7949E-1
2.6900E-4	1.0010E-2	6.6699E-1
2.7000E-4	9.5215E-3	6.4033E-1
2.7100E-4	9.5215E-3	6.0571E-1
2.7200E-4	9.7656E-3	5.6543E-1
2.7300E-4	1.0254E-2	5.2402E-1
2.7400E-4	9.7656E-3	4.8306E-1
2.7500E-4	9.7656E-3	4.4707E-1
2.7600E-4	9.7656E-3	4.1655E-1
2.7700E-4	9.7656E-3	3.9502E-1
2.7800E-4	9.2773E-3	3.8027E-1
2.7900E-4	9.0332E-3	3.7207E-1
2.8000E-4	1.0010E-2	3.7183E-1
2.8100E-4	1.0254E-2	3.7627E-1
2.8200E-4	1.0010E-2	3.8408E-1
2.8300E-4	1.0010E-2	3.9736E-1
2.8400E-4	9.7656E-3	4.1284E-1
2.8500E-4	1.0498E-2	4.3135E-1
2.8600E-4	1.0010E-2	4.5420E-1
2.8700E-4	1.0254E-2	4.7861E-1
2.8800E-4	9.5215E-3	5.0400E-1
2.8900E-4	8.7891E-3	5.3164E-1
2.9000E-4	9.5215E-3	5.5850E-1
2.9100E-4	9.0332E-3	5.8369E-1
2.9200E-4	9.2773E-3	6.0952E-1
2.9300E-4	9.2773E-3	6.2974E-1
2.9400E-4	9.5215E-3	6.4478E-1
2.9500E-4	1.0010E-2	6.5518E-1
2.9600E-4	9.0332E-3	6.5771E-1
2.9700E-4	9.5215E-3	6.5005E-1
2.9800E-4	9.2773E-3	6.3760E-1
2.9900E-4	9.2773E-3	6.1641E-1
3.0000E-4	1.0010E-2	5.8823E-1
3.0100E-4	9.7656E-3	5.5732E-1
3.0200E-4	1.0010E-2	5.2642E-1
3.0300E-4	9.2773E-3	4.9521E-1
3.0400E-4	9.2773E-3	4.6860E-1
3.0500E-4	9.5215E-3	4.4712E-1
3.0600E-4	9.5215E-3	4.3218E-1
3.0700E-4	9.5215E-3	4.2173E-1
3.0800E-4	9.5215E-3	4.1636E-1
3.0900E-4	1.0254E-2	4.1348E-1
3.1000E-4	9.5215E-3	4.1445E-1
3.1100E-4	1.0254E-2	4.1675E-1
3.1200E-4	9.5215E-3	4.2192E-1
3.1300E-4	9.5215E-3	4.2939E-1
3.1400E-4	9.7656E-3	4.3984E-1
3.1500E-4	9.2773E-3	4.5156E-1
3.1600E-4	9.5215E-3	4.6538E-1
3.1700E-4	1.0254E-2	4.7788E-1
3.1800E-4	9.5215E-3	4.9170E-1
3.1900E-4	9.2773E-3	5.0776E-1
3.2000E-4	9.7656E-3	5.2583E-1
3.2100E-4	9.5215E-3	5.4326E-1
3.2200E-4	9.2773E-3	5.6255E-1
3.2300E-4	9.2773E-3	5.8018E-1
3.2400E-4	9.7656E-3	5.9438E-1
3.2500E-4	9.2773E-3	5.9985E-1
3.2600E-4	9.2773E-3	6.0068E-1
3.2700E-4	9.5215E-3	5.9634E-1
3.2800E-4	9.2773E-3	5.8760E-1
3.2900E-4	9.5215E-3	5.7520E-1
3.3000E-4	9.2773E-3	5.6284E-1
3.3100E-4	9.5215E-3	5.5029E-1
3.3200E-4	9.5215E-3	5.4087E-1
3.3300E-4	1.0010E-2	5.3325E-1
3.3400E-4	9.5215E-3	5.2500E-1
3.3500E-4	9.0332E-3	5.1821E-1
3.3600E-4	1.0498E-2	5.1255E-1
3.3700E-4	9.5215E-3	5.0459E-1
3.3800E-4	9.5215E-3	4.9624E-1
3.3900E-4	1.0010E-2	4.9072E-1
3.4000E-4	9.5215E-3	4.8545E-1
3.4100E-4	9.7656E-3	4.7974E-1
3.4200E-4	1.0254E-2	4.7319E-1
3.4300E-4	9.2773E-3	4.6748E-1
3.4400E-4	1.0010E-2	4.6367E-1
3.4500E-4	9.7656E-3	4.6318E-1
3.4600E-4	9.7656E-3	4.6221E-1
3.4700E-4	9.7656E-3	4.6479E-1
3.4800E-4	9.7656E-3	4.6714E-1
3.4900E-4	9.5215E-3	4.6855E-1
3.5000E-4	1.0010E-2	4.6958E-1
3.5100E-4	9.2773E-3	4.7520E-1
3.5200E-4	9.0332E-3	4.8501E-1
3.5300E-4	9.7656E-3	5.0166E-1
3.5400E-4	9.2773E-3	5.2217E-1
3.5500E-4	9.7656E-3	5.4575E-1
3.5600E-4	9.5215E-3	5.7100E-1
3.5700E-4	9.2773E-3	5.9414E-1
3.5800E-4	9.5215E-3	6.1479E-1
3.5900E-4	9.7656E-3	6.3071E-1
3.6000E-4	9.7656E-3	6.3906E-1
3.6100E-4	9.7656E-3	6.3989E-1
3.6200E-4	1.0498E-2	6.3389E-1
3.6300E-4	9.0332E-3	6.1890E-1
3.6400E-4	9.5215E-3	5.9878E-1
3.6500E-4	9.7656E-3	5.7554E-1
3.6600E-4	9.7656E-3	5.4761E-1
3.6700E-4	9.5215E-3	5.1509E-1
3.6800E-4	9.5215E-3	4.8154E-1
3.6900E-4	1.0010E-2	4.4902E-1
3.7000E-4	1.0010E-2	4.1948E-1
3.7100E-4	9.5215E-3	3.9468E-1
3.7200E-4	1.0010E-2	3.7539E-1
3.7300E-4	1.0254E-2	3.6196E-1
3.7400E-4	9.0332E-3	3.5410E-1
3.7500E-4	1.0010E-2	3.5059E-1
3.7600E-4	9.7656E-3	3.5283E-1
3.7700E-4	9.2773E-3	3.6040E-1
3.7800E-4	9.5215E-3	3.7188E-1
3.7900E-4	9.2773E-3	3.8877E-1
3.8000E-4	9.5215E-3	4.1167E-1
3.8100E-4	9.2773E-3	4.3857E-1
3.8200E-4	9.7656E-3	4.6997E-1
3.8300E-4	9.5215E-3	5.0366E-1
3.8400E-4	9.2773E-3	5.3833E-1
3.8500E-4	9.7656E-3	5.7842E-1
3.8600E-4	9.2773E-3	6.2104E-1
3.8700E-4	9.5215E-3	6.6240E-1
3.8800E-4	1.0010E-2	6.9741E-1
3.8900E-4	1.0010E-2	7.2104E-1
3.9000E-4	1.0010E-2	7.2666E-1
3.9100E-4	9.7656E-3	7.1357E-1
3.9200E-4	9.5215E-3	6.8472E-1
3.9300E-4	1.0498E-2	6.4243E-1
3.9400E-4	9.2773E-3	5.9185E-1
3.9500E-4	1.0254E-2	5.3530E-1
3.9600E-4	9.7656E-3	4.7861E-1
3.9700E-4	9.5215E-3	4.2280E-1
3.9800E-4	9.2773E-3	3.7588E-1
3.9900E-4	9.7656E-3	3.3535E-1
4.0000E-4	1.0010E-2	3.0591E-1
4.0100E-4	1.0010E-2	2.8730E-1
4.0200E-4	1.0254E-2	2.7764E-1
4.0300E-4	9.7656E-3	2.7148E-1
4.0400E-4	9.7656E-3	2.7300E-1
4.0500E-4	9.7656E-3	2.7915E-1
4.0600E-4	9.7656E-3	2.8799E-1
4.0700E-4	9.5215E-3	3.0215E-1
4.0800E-4	9.7656E-3	3.2397E-1
4.0900E-4	1.0010E-2	3.4932E-1
4.1000E-4	9.5215E-3	3.7749E-1
4.1100E-4	1.0010E-2	4.1206E-1
4.1200E-4	9.5215E-3	4.5386E-1
4.1300E-4	1.0254E-2	5.0303E-1
4.1400E-4	9.7656E-3	5.5996E-1
4.1500E-4	9.5215E-3	6.2139E-1
4.1600E-4	9.0332E-3	6.7876E-1
4.1700E-4	9.7656E-3	7.1963E-1
4.1800E-4	9.5215E-3	7.4038E-1
4.1900E-4	9.0332E-3	7.3809E-1
4.2000E-4	9.2773E-3	7.0972E-1
4.2100E-4	1.0010E-2	6.5781E-1
4.2200E-4	1.0010E-2	5.9316E-1
4.2300E-4	9.2773E-3	5.1860E-1
4.2400E-4	1.0010E-2	4.4160E-1
4.2500E-4	1.0010E-2	3.7070E-1
4.2600E-4	9.5215E-3	3.0986E-1
4.2700E-4	9.7656E-3	2.6250E-1
4.2800E-4	9.5215E-3	2.3022E-1
4.2900E-4	9.5215E-3	2.0981E-1
4.3000E-4	9.5215E-3	1.9814E-1
4.3100E-4	9.5215E-3	1.9434E-1
4.3200E-4	9.7656E-3	1.9644E-1
4.3300E-4	9.5215E-3	2.0513E-1
4.3400E-4	9.2773E-3	2.1709E-1
4.3500E-4	1.0010E-2	2.3403E-1
4.3600E-4	9.7656E-3	2.5513E-1
4.3700E-4	1.0254E-2	2.7974E-1
4.3800E-4	1.0010E-2	3.0894E-1
4.3900E-4	9.7656E-3	3.4863E-1
4.4000E-4	9.7656E-3	3.9687E-1
4.4100E-4	9.7656E-3	4.5615E-1
4.4200E-4	9.5215E-3	5.2329E-1
4.4300E-4	8.7891E-3	5.9233E-1
4.4400E-4	9.7656E-3	6.5405E-1
4.4500E-4	1.0254E-2	7.0308E-1
4.4600E-4	1.0010E-2	7.2803E-1
4.4700E-4	1.0010E-2	7.2476E-1
4.4800E-4	8.5449E-3	6.9277E-1
4.4900E-4	9.5215E-3	6.3516E-1
4.5000E-4	9.7656E-3	5.5659E-1
4.5100E-4	9.5215E-3	4.6860E-1
4.5200E-4	9.2773E-3	3.8066E-1
4.5300E-4	9.7656E-3	2.9873E-1
4.5400E-4	9.7656E-3	2.2905E-1
4.5500E-4	9.7656E-3	1.7271E-1
4.5600E-4	1.0010E-2	1.3086E-1
4.5700E-4	1.0498E-2	1.0166E-1
4.5800E-4	1.0254E-2	8.5889E-2
4.5900E-4	9.5215E-3	7.9541E-2
4.6000E-4	1.0010E-2	8.2764E-2
4.6100E-4	1.0010E-2	9.2188E-2
4.6200E-4	9.2773E-3	1.0854E-1
4.6300E-4	9.5215E-3	1.2803E-1
4.6400E-4	9.7656E-3	1.5215E-1
4.6500E-4	1.0742E-2	1.8237E-1
4.6600E-4	9.7656E-3	2.1890E-1
4.6700E-4	9.5215E-3	2.6289E-1
4.6800E-4	9.0332E-3	3.1641E-1
4.6900E-4	9.0332E-3	3.8140E-1
4.7000E-4	9.7656E-3	4.5894E-1
4.7100E-4	1.0254E-2	5.4600E-1
4.7200E-4	1.0010E-2	6.2988E-1
4.7300E-4	9.7656E-3	6.9775E-1
4.7400E-4	9.7656E-3	7.3506E-1
4.7500E-4	9.2773E-3	7.3091E-1
4.7600E-4	9.7656E-3	6.8125E-1
4.7700E-4	9.7656E-3	5.9360E-1
4.7800E-4	1.0010E-2	4.8271E-1
4.7900E-4	9.2773E-3	3.6118E-1
4.8000E-4	9.5215E-3	2.4287E-1
4.8100E-4	9.7656E-3	1.3896E-1
4.8200E-4	9.7656E-3	5.4639E-2
4.8300E-4	9.5215E-3	-1.3232E-2
4.8400E-4	1.0010E-2	-6.2109E-2
4.8500E-4	9.7656E-3	-9.4043E-2
4.8600E-4	9.2773E-3	-1.1265E-1
4.8700E-4	9.7656E-3	-1.2280E-1
4.8800E-4	9.5215E-3	-1.2397E-1
4.8900E-4	9.2773E-3	-1.2075E-1
4.9000E-4	9.7656E-3	-1.1758E-1
4.9100E-4	9.5215E-3	-1.1528E-1
4.9200E-4	9.5215E-3	-1.1416E-1
4.9300E-4	9.5215E-3	-1.1426E-1
4.9400E-4	9.7656E-3	-1.1479E-1
4.9500E-4	9.2773E-3	-1.1660E-1
4.9600E-4	9.5215E-3	-1.1758E-1
4.9700E-4	1.0498E-2	-1.1787E-1
4.9800E-4	1.0010E-2	-1.1855E-1
4.9900E-4	9.5215E-3	-1.1899E-1
5.0000E-4	9.5215E-3	-1.1860E-1
5.0100E-4	9.7656E-3	-1.1763E-1
5.0200E-4	9.7656E-3	-1.1680E-1
5.0300E-4	9.5215E-3	-1.1689E-1
5.0400E-4	9.7656E-3	-1.1953E-1
5.0500E-4	9.5215E-3	-1.2212E-1
5.0600E-4	9.5215E-3	-1.2715E-1
5.0700E-4	9.7656E-3	-1.3154E-1
5.0800E-4	1.0010E-2	-1.3315E-1
5.0900E-4	9.5215E-3	-1.3232E-1
5.1000E-4	9.2773E-3	-1.3008E-1
5.1100E-4	9.7656E-3	-1.2520E-1
5.1200E-4	9.7656E-3	-1.1821E-1
5.1300E-4	9.5215E-3	-1.1353E-1
5.1400E-4	9.2773E-3	-1.0723E-1
5.1500E-4	9.2773E-3	-1.0054E-1
5.1600E-4	1.0010E-2	-9.4287E-2
5.1700E-4	9.7656E-3	-8.8477E-2
5.1800E-4	9.7656E-3	-7.8613E-2
5.1900E-4	9.5215E-3	-6.7139E-2
5.2000E-4	1.0010E-2	-5.2490E-2
5.2100E-4	1.0010E-2	-3.3398E-2
5.2200E-4	1.0010E-2	-8.0566E-3
5.2300E-4	9.5215E-3	2.5146E-2
5.2400E-4	9.2773E-3	6.6113E-2
5.2500E-4	9.5215E-3	1.1953E-1
5.2600E-4	1.0254E-2	1.8926E-1
5.2700E-4	9.2773E-3	2.7769E-1
5.2800E-4	9.5215E-3	3.8306E-1
5.2900E-4	1.0010E-2	5.0083E-1
5.3000E-4	1.0010E-2	6.1445E-1
5.3100E-4	9.2773E-3	7.0522E-1
5.3200E-4	9.5215E-3	7.5762E-1
5.3300E-4	1.0498E-2	7.6543E-1
5.3400E-4	9.5215E-3	7.2598E-1
5.3500E-4	9.5215E-3	6.4946E-1
5.3600E-4	1.0010E-2	5.5127E-1
5.3700E-4	8.7891E-3	4.4658E-1
5.3800E-4	9.5215E-3	3.4331E-1
5.3900E-4	9.5215E-3	2.5386E-1
5.4000E-4	9.7656E-3	1.8140E-1
5.4100E-4	9.5215E-3	1.2852E-1
5.4200E-4	1.0010E-2	9.3018E-2
5.4300E-4	1.0254E-2	7.3145E-2
5.4400E-4	9.5215E-3	6.6895E-2
5.4500E-4	9.5215E-3	7.2363E-2
5.4600E-4	9.7656E-3	8.7891E-2
5.4700E-4	9.7656E-3	1.0967E-1
5.4800E-4	9.2773E-3	1.3667E-1
5.4900E-4	9.7656E-3	1.6650E-1
5.5000E-4	9.5215E-3	1.9854E-1
5.5100E-4	9.5215E-3	2.3315E-1
5.5200E-4	9.5215E-3	2.7510E-1
5.5300E-4	1.0254E-2	3.2617E-1
5.5400E-4	9.7656E-3	3.8608E-1
5.5500E-4	9.2773E-3	4.5781E-1
5.5600E-4	1.0010E-2	5.3550E-1
5.5700E-4	9.5215E-3	6.1128E-1
5.5800E-4	8.7891E-3	6.7476E-1
5.5900E-4	9.5215E-3	7.1831E-1
5.6000E-4	1.0254E-2	7.3164E-1
5.6100E-4	9.5215E-3	7.1528E-1
5.6200E-4	1.0010E-2	6.7305E-1
5.6300E-4	9.5215E-3	6.0864E-1
5.6400E-4	1.0010E-2	5.3193E-1
5.6500E-4	9.7656E-3	4.5215E-1
5.6600E-4	9.5215E-3	3.7500E-1
5.6700E-4	9.7656E-3	3.0361E-1
5.6800E-4	9.2773E-3	2.4814E-1
5.6900E-4	9.5215E-3	2.0684E-1
5.7000E-4	9.2773E-3	1.8159E-1
5.7100E-4	9.2773E-3	1.6860E-1
5.7200E-4	9.7656E-3	1.6768E-1
5.7300E-4	9.5215E-3	1.7236E-1
5.7400E-4	1.0010E-2	1.8403E-1
5.7500E-4	9.2773E-3	1.9932E-1
5.7600E-4	1.0010E-2	2.2021E-1
5.7700E-4	1.0010E-2	2.4668E-1
5.7800E-4	9.5215E-3	2.7944E-1
5.7900E-4	9.5215E-3	3.1689E-1
5.8000E-4	9.2773E-3	3.6304E-1
5.8100E-4	9.5215E-3	4.1616E-1
5.8200E-4	9.2773E-3	4.7520E-1
5.8300E-4	9.2773E-3	5.3960E-1
5.8400E-4	9.7656E-3	6.0747E-1
5.8500E-4	1.0010E-2	6.6851E-1
5.8600E-4	1.0010E-2	7.1543E-1
5.8700E-4	9.5215E-3	7.4062E-1
5.8800E-4	9.5215E-3	7.4502E-1
5.8900E-4	9.2773E-3	7.2529E-1
5.9000E-4	9.5215E-3	6.8394E-1
5.9100E-4	9.5215E-3	6.2759E-1
5.9200E-4	1.0010E-2	5.6494E-1
5.9300E-4	9.7656E-3	4.9888E-1
5.9400E-4	9.2773E-3	4.3560E-1
5.9500E-4	1.0254E-2	3.8052E-1
5.9600E-4	1.0010E-2	3.3628E-1
5.9700E-4	9.5215E-3	3.0234E-1
5.9800E-4	1.0010E-2	2.7979E-1
5.9900E-4	9.7656E-3	2.6655E-1
6.0000E-4	9.7656E-3	2.6089E-1
6.0100E-4	1.0254E-2	2.6289E-1
6.0200E-4	1.0010E-2	2.7358E-1
6.0300E-4	9.5215E-3	2.8882E-1
6.0400E-4	8.7891E-3	3.1035E-1
6.0500E-4	9.5215E-3	3.3931E-1
6.0600E-4	1.0254E-2	3.7344E-1
6.0700E-4	9.0332E-3	4.1167E-1
6.0800E-4	1.0010E-2	4.5498E-1
6.0900E-4	1.0010E-2	5.0356E-1
6.1000E-4	9.5215E-3	5.5303E-1
6.1100E-4	9.2773E-3	6.0234E-1
6.1200E-4	9.7656E-3	6.4790E-1
6.1300E-4	9.2773E-3	6.8330E-1
6.1400E-4	9.2773E-3	7.0571E-1
6.1500E-4	9.7656E-3	7.1509E-1
6.1600E-4	1.0254E-2	7.1040E-1
6.1700E-4	9.2773E-3	6.9185E-1
6.1800E-4	9.5215E-3	6.6499E-1
6.1900E-4	9.5215E-3	6.2651E-1
6.2000E-4	1.0254E-2	5.8276E-1
6.2100E-4	9.7656E-3	5.3589E-1
6.2200E-4	1.0254E-2	4.9146E-1
6.2300E-4	9.5215E-3	4.4746E-1
6.2400E-4	1.0498E-2	4.1260E-1
6.2500E-4	9.2773E-3	3.8374E-1
6.2600E-4	9.5215E-3	3.6216E-1
6.2700E-4	9.2773E-3	3.4907E-1
6.2800E-4	9.7656E-3	3.4492E-1
6.2900E-4	1.0010E-2	3.4639E-1
6.3000E-4	9.7656E-3	3.5220E-1
6.3100E-4	9.2773E-3	3.6245E-1
6.3200E-4	1.0254E-2	3.7441E-1
6.3300E-4	1.0010E-2	3.9136E-1
6.3400E-4	9.7656E-3	4.1265E-1
6.3500E-4	9.5215E-3	4.3813E-1
6.3600E-4	9.7656E-3	4.6733E-1
6.3700E-4	9.2773E-3	4.9868E-1
6.3800E-4	9.5215E-3	5.2856E-1
6.3900E-4	9.2773E-3	5.5669E-1
6.4000E-4	1.0010E-2	5.8369E-1
6.4100E-4	9.7656E-3	6.1025E-1
6.4200E-4	9.5215E-3	6.3008E-1
6.4300E-4	9.2773E-3	6.4478E-1
6.4400E-4	9.2773E-3	6.5347E-1
6.4500E-4	9.5215E-3	6.5615E-1
6.4600E-4	9.2773E-3	6.4795E-1
6.4700E-4	1.0010E-2	6.3369E-1
6.4800E-4	9.5215E-3	6.1484E-1
6.4900E-4	1.0010E-2	5.9165E-1
6.5000E-4	1.0010E-2	5.6616E-1
6.5100E-4	9.0332E-3	5.4292E-1
6.5200E-4	9.7656E-3	5.2256E-1
6.5300E-4	9.7656E-3	5.0444E-1
6.5400E-4	9.2773E-3	4.9126E-1
6.5500E-4	1.0498E-2	4.8154E-1
6.5600E-4	9.5215E-3	4.7476E-1
6.5700E-4	9.5215E-3	4.7163E-1
6.5800E-4	9.5215E-3	4.7002E-1
6.5900E-4	1.0010E-2	4.6694E-1
6.6000E-4	9.2773E-3	4.6577E-1
6.6100E-4	9.5215E-3	4.6597E-1
6.6200E-4	9.5215E-3	4.6616E-1
6.6300E-4	9.5215E-3	4.6914E-1
6.6400E-4	9.5215E-3	4.7700E-1
6.6500E-4	1.0254E-2	4.8789E-1
6.6600E-4	9.2773E-3	5.0049E-1
6.6700E-4	1.0010E-2	5.1245E-1
6.6800E-4	1.0010E-2	5.2310E-1
6.6900E-4	1.0010E-2	5.3086E-1
6.7000E-4	1.0010E-2	5.3447E-1
6.7100E-4	9.7656E-3	5.3594E-1
6.7200E-4	1.0010E-2	5.3901E-1
6.7300E-4	9.5215E-3	5.4507E-1
6.7400E-4	1.0254E-2	5.5269E-1
6.7500E-4	1.0010E-2	5.6157E-1
6.7600E-4	9.7656E-3	5.7197E-1
6.7700E-4	9.7656E-3	5.8042E-1
6.7800E-4	9.7656E-3	5.8535E-1
6.7900E-4	9.5215E-3	5.8745E-1
6.8000E-4	9.7656E-3	5.8584E-1
6.8100E-4	9.2773E-3	5.7754E-1
6.8200E-4	1.0010E-2	5.6743E-1
6.8300E-4	9.5215E-3	5.5342E-1
6.8400E-4	1.0010E-2	5.3789E-1
6.8500E-4	9.7656E-3	5.2329E-1
6.8600E-4	9.2773E-3	5.0923E-1
6.8700E-4	9.7656E-3	4.9448E-1
6.8800E-4	9.7656E-3	4.8179E-1
6.8900E-4	9.7656E-3	4.7061E-1
6.9000E-4	9.7656E-3	4.6030E-1
6.9100E-4	9.2773E-3	4.5249E-1
6.9200E-4	9.2773E-3	4.4683E-1
6.9300E-4	9.2773E-3	4.4287E-1
6.9400E-4	9.5215E-3	4.4033E-1
6.9500E-4	9.5215E-3	4.3857E-1
6.9600E-4	9.7656E-3	4.3989E-1
6.9700E-4	9.0332E-3	4.4355E-1
6.9800E-4	9.7656E-3	4.4731E-1
6.9900E-4	9.7656E-3	4.5508E-1
7.0000E-4	9.7656E-3	4.6616E-1
7.0100E-4	1.0010E-2	4.7935E-1
7.0200E-4	9.5215E-3	4.9678E-1
7.0300E-4	9.2773E-3	5.1997E-1
7.0400E-4	9.7656E-3	5.4492E-1
7.0500E-4	9.7656E-3	5.6958E-1
7.0600E-4	1.0010E-2	5.9375E-1
7.0700E-4	9.5215E-3	6.1357E-1
7.0800E-4	9.5215E-3	6.2935E-1
7.0900E-4	1.0010E-2	6.3760E-1
7.1000E-4	9.5215E-3	6.3989E-1
7.1100E-4	9.0332E-3	6.3574E-1
7.1200E-4	1.0010E-2	6.2417E-1
7.1300E-4	9.2773E-3	6.0498E-1
7.1400E-4	9.7656E-3	5.8257E-1
7.1500E-4	1.0254E-2	5.5552E-1
7.1600E-4	9.5215E-3	5.2520E-1
7.1700E-4	9.0332E-3	4.9370E-1
7.1800E-4	9.7656E-3	4.6240E-1
7.1900E-4	9.2773E-3	4.3135E-1
7.2000E-4	9.7656E-3	4.0557E-1
7.2100E-4	1.0498E-2	3.8555E-1
7.2200E-4	1.0010E-2	3.7153E-1
7.2300E-4	9.5215E-3	3.6455E-1
7.2400E-4	1.0010E-2	3.6509E-1
7.2500E-4	8.7891E-3	3.6890E-1
7.2600E-4	9.2773E-3	3.7573E-1
7.2700E-4	1.0498E-2	3.8687E-1
7.2800E-4	9.7656E-3	4.0239E-1
7.2900E-4	1.0010E-2	4.1841E-1
7.3000E-4	1.0254E-2	4.3975E-1
7.3100E-4	9.2773E-3	4.6426E-1
7.3200E-4	9.7656E-3	4.9360E-1
7.3300E-4	9.2773E-3	5.2529E-1
7.3400E-4	9.5215E-3	5.5942E-1
7.3500E-4	1.0010E-2	5.9062E-1
7.3600E-4	9.7656E-3	6.2036E-1
7.3700E-4	9.7656E-3	6.4160E-1
7.3800E-4	1.0010E-2	6.5186E-1
7.3900E-4	9.5215E-3	6.5220E-1
7.4000E-4	1.0254E-2	6.4141E-1
7.4100E-4	9.2773E-3	6.1914E-1
7.4200E-4	9.7656E-3	5.9019E-1
7.4300E-4	9.5215E-3	5.5786E-1
7.4400E-4	9.5215E-3	5.2378E-1
7.4500E-4	9.5215E-3	4.9087E-1
7.4600E-4	9.7656E-3	4.5996E-1
7.4700E-4	9.2773E-3	4.3350E-1
7.4800E-4	1.0010E-2	4.1099E-1
7.4900E-4	9.2773E-3	3.9199E-1
7.5000E-4	9.5215E-3	3.7651E-1
7.5100E-4	1.0010E-2	3.6743E-1
7.5200E-4	1.0010E-2	3.6343E-1
7.5300E-4	1.0254E-2	3.6533E-1
7.5400E-4	9.7656E-3	3.7397E-1
7.5500E-4	9.7656E-3	3.8911E-1
7.5600E-4	9.5215E-3	4.0425E-1
7.5700E-4	9.7656E-3	4.2168E-1
7.5800E-4	9.7656E-3	4.3970E-1
7.5900E-4	9.0332E-3	4.6128E-1
7.6000E-4	9.7656E-3	4.8740E-1
7.6100E-4	9.7656E-3	5.1899E-1
7.6200E-4	9.5215E-3	5.5264E-1
7.6300E-4	9.7656E-3	5.8848E-1
7.6400E-4	1.0010E-2	6.2061E-1
7.6500E-4	1.0254E-2	6.4673E-1
7.6600E-4	9.5215E-3	6.6270E-1
7.6700E-4	9.7656E-3	6.6763E-1
7.6800E-4	9.2773E-3	6.5991E-1
7.6900E-4	9.7656E-3	6.4185E-1
7.7000E-4	1.0010E-2	6.1606E-1
7.7100E-4	1.0010E-2	5.8521E-1
7.7200E-4	9.5215E-3	5.5000E-1
7.7300E-4	1.0254E-2	5.1494E-1
7.7400E-4	9.7656E-3	4.8115E-1
7.7500E-4	1.0010E-2	4.4849E-1
7.7600E-4	9.5215E-3	4.2134E-1
7.7700E-4	9.7656E-3	4.0098E-1
7.7800E-4	9.7656E-3	3.8340E-1
7.7900E-4	9.2773E-3	3.7046E-1
7.8000E-4	1.0498E-2	3.6240E-1
7.8100E-4	9.5215E-3	3.5786E-1
7.8200E-4	9.2773E-3	3.5986E-1
7.8300E-4	9.7656E-3	3.6924E-1
7.8400E-4	1.0010E-2	3.8467E-1
7.8500E-4	1.0254E-2	4.0542E-1
7.8600E-4	1.0010E-2	4.3081E-1
7.8700E-4	9.2773E-3	4.5835E-1
7.8800E-4	1.0010E-2	4.8765E-1
7.8900E-4	1.0254E-2	5.1650E-1
7.9000E-4	1.0254E-2	5.4380E-1
7.9100E-4	8.3008E-3	5.7114E-1
7.9200E-4	9.7656E-3	5.9277E-1
7.9300E-4	1.0010E-2	6.1196E-1
7.9400E-4	9.7656E-3	6.2666E-1
7.9500E-4	9.7656E-3	6.3433E-1
7.9600E-4	1.0254E-2	6.3481E-1
7.9700E-4	9.7656E-3	6.3203E-1
7.9800E-4	9.5215E-3	6.2070E-1
7.9900E-4	9.5215E-3	6.0366E-1
8.0000E-4	1.0010E-2	5.8184E-1
8.0100E-4	9.7656E-3	5.5674E-1
8.0200E-4	1.0010E-2	5.2993E-1
8.0300E-4	9.7656E-3	5.0454E-1
8.0400E-4	9.0332E-3	4.8062E-1
8.0500E-4	1.0254E-2	4.6138E-1
8.0600E-4	9.5215E-3	4.4561E-1
8.0700E-4	9.0332E-3	4.3130E-1
8.0800E-4	9.5215E-3	4.2354E-1
8.0900E-4	9.5215E-3	4.1890E-1
8.1000E-4	9.5215E-3	4.1802E-1
8.1100E-4	9.5215E-3	4.2085E-1
8.1200E-4	1.0254E-2	4.3164E-1
8.1300E-4	1.0498E-2	4.4351E-1
8.1400E-4	9.2773E-3	4.6104E-1
8.1500E-4	9.5215E-3	4.8027E-1
8.1600E-4	1.0010E-2	5.0146E-1
8.1700E-4	9.2773E-3	5.1968E-1
8.1800E-4	1.0254E-2	5.3701E-1
8.1900E-4	9.5215E-3	5.5083E-1
8.2000E-4	9.5215E-3	5.6323E-1
8.2100E-4	1.0010E-2	5.7446E-1
8.2200E-4	1.0254E-2	5.8433E-1
8.2300E-4	9.2773E-3	5.9146E-1
8.2400E-4	9.5215E-3	5.9868E-1
8.2500E-4	1.0254E-2	6.0420E-1
8.2600E-4	9.7656E-3	6.0566E-1
8.2700E-4	9.2773E-3	6.0342E-1
8.2800E-4	9.2773E-3	5.9683E-1
8.2900E-4	9.5215E-3	5.8408E-1
8.3000E-4	1.0010E-2	5.6685E-1
8.3100E-4	9.2773E-3	5.4697E-1
8.3200E-4	1.0254E-2	5.2861E-1
8.3300E-4	1.0010E-2	5.1353E-1
8.3400E-4	1.0010E-2	5.0229E-1
8.3500E-4	1.0010E-2	4.9492E-1
8.3600E-4	9.0332E-3	4.9033E-1
8.3700E-4	9.0332E-3	4.8545E-1
8.3800E-4	9.5215E-3	4.7822E-1
8.3900E-4	8.7891E-3	4.7017E-1
8.4000E-4	9.7656E-3	4.6182E-1
8.4100E-4	1.0010E-2	4.5479E-1
8.4200E-4	1.0254E-2	4.5039E-1
8.4300E-4	9.5215E-3	4.4902E-1
8.4400E-4	1.0010E-2	4.5000E-1
8.4500E-4	1.0254E-2	4.5244E-1
8.4600E-4	9.5215E-3	4.5366E-1
8.4700E-4	9.7656E-3	4.5527E-1
8.4800E-4	9.7656E-3	4.5967E-1
8.4900E-4	9.7656E-3	4.6533E-1
8.5000E-4	9.7656E-3	4.7256E-1
8.5100E-4	9.7656E-3	4.8413E-1
8.5200E-4	1.0010E-2	4.9824E-1
8.5300E-4	9.5215E-3	5.1377E-1
8.5400E-4	9.5215E-3	5.3345E-1
8.5500E-4	9.5215E-3	5.5820E-1
8.5600E-4	9.0332E-3	5.8281E-1
8.5700E-4	9.7656E-3	6.0728E-1
8.5800E-4	9.5215E-3	6.3120E-1
8.5900E-4	9.2773E-3	6.4946E-1
8.6000E-4	9.5215E-3	6.6011E-1
8.6100E-4	9.7656E-3	6.6758E-1
8.6200E-4	1.0010E-2	6.6777E-1
8.6300E-4	9.2773E-3	6.5884E-1
8.6400E-4	9.5215E-3	6.4165E-1
8.6500E-4	1.0254E-2	6.1797E-1
8.6600E-4	9.2773E-3	5.8735E-1
8.6700E-4	9.7656E-3	5.5259E-1
8.6800E-4	1.0010E-2	5.1660E-1
8.6900E-4	9.2773E-3	4.8237E-1
8.7000E-4	9.2773E-3	4.5068E-1
8.7100E-4	9.2773E-3	4.2261E-1
8.7200E-4	1.0010E-2	3.9810E-1
8.7300E-4	9.7656E-3	3.7896E-1
8.7400E-4	1.0010E-2	3.6392E-1
8.7500E-4	9.0332E-3	3.5630E-1
8.7600E-4	9.5215E-3	3.5317E-1
8.7700E-4	9.5215E-3	3.5601E-1
8.7800E-4	9.7656E-3	3.6382E-1
8.7900E-4	9.7656E-3	3.8008E-1
8.8000E-4	9.5215E-3	4.0156E-1
8.8100E-4	9.5215E-3	4.2905E-1
8.8200E-4	9.7656E-3	4.6128E-1
8.8300E-4	9.0332E-3	4.9854E-1
8.8400E-4	9.5215E-3	5.3765E-1
8.8500E-4	1.0010E-2	5.7769E-1
8.8600E-4	9.7656E-3	6.1841E-1
8.8700E-4	9.5215E-3	6.5967E-1
8.8800E-4	1.0254E-2	6.9521E-1
8.8900E-4	9.2773E-3	7.1816E-1
8.9000E-4	9.2773E-3	7.2642E-1
8.9100E-4	1.0010E-2	7.1968E-1
8.9200E-4	9.7656E-3	6.9482E-1
8.9300E-4	9.5215E-3	6.5454E-1
8.9400E-4	9.7656E-3	6.0469E-1
8.9500E-4	1.0010E-2	5.4849E-1
8.9600E-4	1.0254E-2	4.8867E-1
8.9700E-4	1.0010E-2	4.3149E-1
8.9800E-4	9.5215E-3	3.8032E-1
8.9900E-4	1.0010E-2	3.3931E-1
9.0000E-4	9.0332E-3	3.0991E-1
9.0100E-4	9.5215E-3	2.9023E-1
9.0200E-4	1.0010E-2	2.7959E-1
9.0300E-4	1.0010E-2	2.7656E-1
9.0400E-4	9.5215E-3	2.7837E-1
9.0500E-4	9.5215E-3	2.8545E-1
9.0600E-4	9.5215E-3	2.9673E-1
9.0700E-4	9.7656E-3	3.1147E-1
9.0800E-4	9.7656E-3	3.3154E-1
9.0900E-4	1.0010E-2	3.5688E-1
9.1000E-4	1.0254E-2	3.8574E-1
9.1100E-4	9.5215E-3	4.2080E-1
9.1200E-4	9.5215E-3	4.6309E-1
9.1300E-4	9.0332E-3	5.1177E-1
9.1400E-4	1.0010E-2	5.6689E-1
9.1500E-4	9.5215E-3	6.2471E-1
9.1600E-4	9.7656E-3	6.7983E-1
9.1700E-4	1.0010E-2	7.2065E-1
9.1800E-4	9.7656E-3	7.4209E-1
9.1900E-4	9.2773E-3	7.3970E-1
9.2000E-4	9.5215E-3	7.1372E-1
9.2100E-4	9.5215E-3	6.6567E-1
9.2200E-4	8.7891E-3	6.0513E-1
9.2300E-4	1.0010E-2	5.3545E-1
9.2400E-4	9.7656E-3	4.6099E-1
9.2500E-4	1.0254E-2	3.8667E-1
9.2600E-4	9.7656E-3	3.2012E-1
9.2700E-4	9.2773E-3	2.6636E-1
9.2800E-4	9.0332E-3	2.2549E-1
9.2900E-4	9.7656E-3	1.9893E-1
9.3000E-4	1.0010E-2	1.8550E-1
9.3100E-4	9.5215E-3	1.8359E-1
9.3200E-4	9.7656E-3	1.8662E-1
9.3300E-4	9.5215E-3	1.9683E-1
9.3400E-4	1.0010E-2	2.1240E-1
9.3500E-4	9.5215E-3	2.3267E-1
9.3600E-4	9.5215E-3	2.5337E-1
9.3700E-4	1.0254E-2	2.7852E-1
9.3800E-4	9.5215E-3	3.0820E-1
9.3900E-4	9.5215E-3	3.4419E-1
9.4000E-4	9.7656E-3	3.8872E-1
9.4100E-4	9.2773E-3	4.4414E-1
9.4200E-4	1.0254E-2	5.0850E-1
9.4300E-4	9.5215E-3	5.7749E-1
9.4400E-4	9.0332E-3	6.4634E-1
9.4500E-4	9.7656E-3	7.0303E-1
9.4600E-4	9.0332E-3	7.3994E-1
9.4700E-4	9.7656E-3	7.4810E-1
9.4800E-4	9.2773E-3	7.2393E-1
9.4900E-4	1.0742E-2	6.6963E-1
9.5000E-4	9.2773E-3	5.9326E-1
9.5100E-4	9.5215E-3	5.0151E-1
9.5200E-4	9.7656E-3	4.0508E-1
9.5300E-4	9.2773E-3	3.1772E-1
9.5400E-4	9.7656E-3	2.4106E-1
9.5500E-4	9.0332E-3	1.8115E-1
9.5600E-4	1.0010E-2	1.4258E-1
9.5700E-4	1.0010E-2	1.2246E-1
9.5800E-4	1.0010E-2	1.1265E-1
9.5900E-4	9.5215E-3	1.1377E-1
9.6000E-4	1.0010E-2	1.2012E-1
9.6100E-4	9.7656E-3	1.2915E-1
9.6200E-4	9.7656E-3	1.3945E-1
9.6300E-4	9.7656E-3	1.5342E-1
9.6400E-4	1.0498E-2	1.7300E-1
9.6500E-4	9.2773E-3	1.9917E-1
9.6600E-4	9.7656E-3	2.3130E-1
9.6700E-4	9.7656E-3	2.7334E-1
9.6800E-4	9.2773E-3	3.2778E-1
9.6900E-4	9.7656E-3	3.8994E-1
9.7000E-4	9.5215E-3	4.6377E-1
9.7100E-4	9.5215E-3	5.4404E-1
9.7200E-4	1.0254E-2	6.2051E-1
9.7300E-4	9.2773E-3	6.7861E-1
9.7400E-4	9.2773E-3	7.0869E-1
9.7500E-4	9.2773E-3	6.9902E-1
9.7600E-4	9.5215E-3	6.4771E-1
9.7700E-4	1.0010E-2	5.6211E-1
9.7800E-4	1.0254E-2	4.5527E-1
9.7900E-4	9.7656E-3	3.4150E-1
9.8000E-4	9.7656E-3	2.3169E-1
9.8100E-4	9.7656E-3	1.3604E-1
9.8200E-4	1.0010E-2	5.8691E-2
9.8300E-4	9.2773E-3	2.9297E-4
9.8400E-4	9.2773E-3	-4.3506E-2
9.8500E-4	9.7656E-3	-7.3926E-2
9.8600E-4	9.5215E-3	-9.3555E-2
9.8700E-4	9.7656E-3	-1.0630E-1
9.8800E-4	9.2773E-3	-1.1470E-1
9.8900E-4	1.0254E-2	-1.1714E-1
9.9000E-4	9.2773E-3	-1.1670E-1
9.9100E-4	9.7656E-3	-1.1655E-1
9.9200E-4	1.0010E-2	-1.1401E-1
9.9300E-4	9.5215E-3	-1.1211E-1
9.9400E-4	9.7656E-3	-1.1079E-1
9.9500E-4	9.5215E-3	-1.1011E-1
9.9600E-4	1.0254E-2	-1.0933E-1
9.9700E-4	9.7656E-3	-1.1069E-1
9.9800E-4	1.0010E-2	-1.1069E-1
9.9900E-4	9.5215E-3	-1.1069E-1
