Time [s]	Aux in [V]	Main in [V]
0.0000E+0	9.7656E-3	-1.3672E-3
1.0000E-6	9.7656E-3	2.5879E-3
2.0000E-6	9.5215E-3	5.5176E-3
3.0000E-6	1.0010E-2	1.0254E-2
4.0000E-6	9.5215E-3	1.2451E-2
5.0000E-6	9.7656E-3	1.3721E-2
6.0000E-6	9.7656E-3	1.4111E-2
7.0000E-6	9.5215E-3	1.6943E-2
8.0000E-6	9.5215E-3	1.9043E-2
9.0000E-6	1.0010E-2	2.2510E-2
1.0000E-5	9.5215E-3	2.7637E-2
1.1000E-5	1.0254E-2	3.4131E-2
1.2000E-5	9.7656E-3	4.0723E-2
1.3000E-5	1.0010E-2	5.1465E-2
1.4000E-5	9.2773E-3	6.4648E-2
1.5000E-5	9.2773E-3	7.9004E-2
1.6000E-5	9.5215E-3	9.4922E-2
1.7000E-5	8.7891E-3	1.1660E-1
1.8000E-5	9.7656E-3	1.4126E-1
1.9000E-5	1.0010E-2	1.7432E-1
2.0000E-5	1.0010E-2	2.1748E-1
2.1000E-5	1.0010E-2	2.7480E-1
2.2000E-5	9.2773E-3	3.4536E-1
2.3000E-5	9.7656E-3	4.3447E-1
2.4000E-5	9.7656E-3	5.3682E-1
2.5000E-5	1.0010E-2	6.4678E-1
2.6000E-5	9.7656E-3	7.4868E-1
2.7000E-5	9.0332E-3	8.2822E-1
2.8000E-5	9.5215E-3	8.7168E-1
2.9000E-5	9.7656E-3	8.7295E-1
3.0000E-5	1.0010E-2	8.3120E-1
3.1000E-5	1.0254E-2	7.5542E-1
3.2000E-5	9.7656E-3	6.5674E-1
3.3000E-5	9.2773E-3	5.4927E-1
3.4000E-5	9.2773E-3	4.4561E-1
3.5000E-5	9.5215E-3	3.5347E-1
3.6000E-5	9.5215E-3	2.8105E-1
3.7000E-5	9.5215E-3	2.3057E-1
3.8000E-5	9.5215E-3	1.9961E-1
3.9000E-5	9.7656E-3	1.8486E-1
4.0000E-5	9.7656E-3	1.8408E-1
4.1000E-5	9.7656E-3	1.9375E-1
4.2000E-5	9.2773E-3	2.1118E-1
4.3000E-5	9.5215E-3	2.3481E-1
4.4000E-5	9.5215E-3	2.6338E-1
4.5000E-5	1.0010E-2	2.9443E-1
4.6000E-5	9.7656E-3	3.2822E-1
4.7000E-5	1.0010E-2	3.6831E-1
4.8000E-5	9.5215E-3	4.1206E-1
4.9000E-5	8.7891E-3	4.6309E-1
5.0000E-5	9.2773E-3	5.2661E-1
5.1000E-5	9.7656E-3	5.9712E-1
5.2000E-5	9.5215E-3	6.7002E-1
5.3000E-5	9.5215E-3	7.4062E-1
5.4000E-5	9.5215E-3	8.0059E-1
5.5000E-5	9.2773E-3	8.3892E-1
5.6000E-5	9.2773E-3	8.5117E-1
5.7000E-5	1.0254E-2	8.3481E-1
5.8000E-5	1.0742E-2	7.9170E-1
5.9000E-5	9.7656E-3	7.2759E-1
6.0000E-5	9.5215E-3	6.5005E-1
6.1000E-5	9.5215E-3	5.6934E-1
6.2000E-5	9.2773E-3	4.9541E-1
6.3000E-5	1.0498E-2	4.3096E-1
6.4000E-5	9.5215E-3	3.7837E-1
6.5000E-5	9.2773E-3	3.4067E-1
6.6000E-5	9.7656E-3	3.1685E-1
6.7000E-5	9.7656E-3	3.0293E-1
6.8000E-5	9.7656E-3	3.0254E-1
6.9000E-5	1.0254E-2	3.0962E-1
7.0000E-5	9.7656E-3	3.2188E-1
7.1000E-5	9.7656E-3	3.3862E-1
7.2000E-5	9.7656E-3	3.5981E-1
7.3000E-5	9.2773E-3	3.8140E-1
7.4000E-5	9.7656E-3	4.1074E-1
7.5000E-5	9.5215E-3	4.4736E-1
7.6000E-5	9.5215E-3	4.9092E-1
7.7000E-5	9.2773E-3	5.4028E-1
7.8000E-5	9.5215E-3	5.9800E-1
7.9000E-5	9.2773E-3	6.5830E-1
8.0000E-5	9.2773E-3	7.1934E-1
8.1000E-5	9.2773E-3	7.7461E-1
8.2000E-5	9.7656E-3	8.1870E-1
8.3000E-5	9.5215E-3	8.4448E-1
8.4000E-5	1.0254E-2	8.5020E-1
8.5000E-5	9.5215E-3	8.3345E-1
8.6000E-5	9.7656E-3	7.9756E-1
8.7000E-5	1.0010E-2	7.4604E-1
8.8000E-5	9.5215E-3	6.8691E-1
8.9000E-5	9.2773E-3	6.2349E-1
9.0000E-5	9.5215E-3	5.6343E-1
9.1000E-5	9.7656E-3	5.0928E-1
9.2000E-5	9.5215E-3	4.6670E-1
9.3000E-5	9.0332E-3	4.3364E-1
9.4000E-5	9.5215E-3	4.1304E-1
9.5000E-5	1.0010E-2	4.0107E-1
9.6000E-5	8.5449E-3	3.9814E-1
9.7000E-5	9.5215E-3	4.0098E-1
9.8000E-5	9.5215E-3	4.0957E-1
9.9000E-5	1.0010E-2	4.2100E-1
1.0000E-4	9.7656E-3	4.3701E-1
1.0100E-4	9.2773E-3	4.5723E-1
1.0200E-4	9.7656E-3	4.8027E-1
1.0300E-4	1.0010E-2	5.0869E-1
1.0400E-4	9.2773E-3	5.4409E-1
1.0500E-4	9.5215E-3	5.8501E-1
1.0600E-4	9.2773E-3	6.3130E-1
1.0700E-4	9.7656E-3	6.8350E-1
1.0800E-4	1.0254E-2	7.3320E-1
1.0900E-4	1.0010E-2	7.7529E-1
1.1000E-4	9.5215E-3	8.0405E-1
1.1100E-4	1.0010E-2	8.1851E-1
1.1200E-4	1.0010E-2	8.1494E-1
1.1300E-4	9.5215E-3	7.9746E-1
1.1400E-4	9.5215E-3	7.6978E-1
1.1500E-4	9.5215E-3	7.3433E-1
1.1600E-4	9.2773E-3	6.9199E-1
1.1700E-4	9.2773E-3	6.4790E-1
1.1800E-4	9.5215E-3	6.0522E-1
1.1900E-4	9.7656E-3	5.6470E-1
1.2000E-4	9.5215E-3	5.3149E-1
1.2100E-4	9.0332E-3	5.0493E-1
1.2200E-4	9.7656E-3	4.8638E-1
1.2300E-4	9.7656E-3	4.7134E-1
1.2400E-4	9.5215E-3	4.6509E-1
1.2500E-4	1.0010E-2	4.6274E-1
1.2600E-4	9.5215E-3	4.6689E-1
1.2700E-4	1.0010E-2	4.7363E-1
1.2800E-4	9.5215E-3	4.8887E-1
1.2900E-4	1.0254E-2	5.0547E-1
1.3000E-4	1.0010E-2	5.2598E-1
1.3100E-4	9.5215E-3	5.4722E-1
1.3200E-4	9.2773E-3	5.7358E-1
1.3300E-4	9.5215E-3	5.9932E-1
1.3400E-4	1.0010E-2	6.2524E-1
1.3500E-4	9.7656E-3	6.5181E-1
1.3600E-4	9.5215E-3	6.7910E-1
1.3700E-4	9.2773E-3	7.0000E-1
1.3800E-4	1.0010E-2	7.1997E-1
1.3900E-4	1.0010E-2	7.3740E-1
1.4000E-4	1.0254E-2	7.5112E-1
1.4100E-4	9.7656E-3	7.5713E-1
1.4200E-4	9.5215E-3	7.5923E-1
1.4300E-4	9.2773E-3	7.5396E-1
1.4400E-4	9.5215E-3	7.4106E-1
1.4500E-4	9.5215E-3	7.2114E-1
1.4600E-4	9.7656E-3	7.0059E-1
1.4700E-4	1.0010E-2	6.8018E-1
1.4800E-4	9.2773E-3	6.5889E-1
1.4900E-4	9.0332E-3	6.4131E-1
1.5000E-4	1.0010E-2	6.2417E-1
1.5100E-4	9.5215E-3	6.0903E-1
1.5200E-4	9.5215E-3	5.9409E-1
1.5300E-4	8.7891E-3	5.8398E-1
1.5400E-4	1.0010E-2	5.7480E-1
1.5500E-4	9.5215E-3	5.7085E-1
1.5600E-4	1.0010E-2	5.6880E-1
1.5700E-4	9.5215E-3	5.6914E-1
1.5800E-4	9.5215E-3	5.7114E-1
1.5900E-4	9.2773E-3	5.7505E-1
1.6000E-4	1.0010E-2	5.7876E-1
1.6100E-4	9.5215E-3	5.8452E-1
1.6200E-4	1.0010E-2	5.9282E-1
1.6300E-4	9.5215E-3	6.0015E-1
1.6400E-4	9.2773E-3	6.0884E-1
1.6500E-4	9.2773E-3	6.1929E-1
1.6600E-4	9.5215E-3	6.2822E-1
1.6700E-4	1.0010E-2	6.3521E-1
1.6800E-4	9.7656E-3	6.4370E-1
1.6900E-4	9.7656E-3	6.5137E-1
1.7000E-4	9.7656E-3	6.5864E-1
1.7100E-4	1.0254E-2	6.6479E-1
1.7200E-4	9.2773E-3	6.7334E-1
1.7300E-4	9.2773E-3	6.7979E-1
1.7400E-4	9.0332E-3	6.8667E-1
1.7500E-4	9.2773E-3	6.8901E-1
1.7600E-4	9.7656E-3	6.9180E-1
1.7700E-4	9.0332E-3	6.9136E-1
1.7800E-4	9.7656E-3	6.9097E-1
1.7900E-4	1.0010E-2	6.8545E-1
1.8000E-4	9.7656E-3	6.7969E-1
1.8100E-4	9.5215E-3	6.7168E-1
1.8200E-4	1.0010E-2	6.6040E-1
1.8300E-4	1.0498E-2	6.4370E-1
1.8400E-4	9.2773E-3	6.2544E-1
1.8500E-4	1.0254E-2	6.0776E-1
1.8600E-4	9.7656E-3	5.9272E-1
1.8700E-4	9.2773E-3	5.7949E-1
1.8800E-4	9.2773E-3	5.6885E-1
1.8900E-4	9.2773E-3	5.5937E-1
1.9000E-4	9.2773E-3	5.5098E-1
1.9100E-4	9.0332E-3	5.4199E-1
1.9200E-4	9.5215E-3	5.3677E-1
1.9300E-4	1.0254E-2	5.3545E-1
1.9400E-4	9.7656E-3	5.4087E-1
1.9500E-4	9.7656E-3	5.5249E-1
1.9600E-4	9.5215E-3	5.6729E-1
1.9700E-4	9.5215E-3	5.8462E-1
1.9800E-4	9.5215E-3	6.0361E-1
1.9900E-4	9.7656E-3	6.2549E-1
2.0000E-4	9.7656E-3	6.4878E-1
2.0100E-4	9.7656E-3	6.7378E-1
2.0200E-4	9.5215E-3	6.9927E-1
2.0300E-4	1.0254E-2	7.2656E-1
2.0400E-4	9.5215E-3	7.4990E-1
2.0500E-4	1.0010E-2	7.6602E-1
2.0600E-4	1.0010E-2	7.7476E-1
2.0700E-4	9.2773E-3	7.7505E-1
2.0800E-4	1.0254E-2	7.6431E-1
2.0900E-4	1.0010E-2	7.4702E-1
2.1000E-4	1.0254E-2	7.2593E-1
2.1100E-4	9.7656E-3	6.9971E-1
2.1200E-4	9.5215E-3	6.6919E-1
2.1300E-4	9.7656E-3	6.3892E-1
2.1400E-4	9.5215E-3	6.0581E-1
2.1500E-4	9.7656E-3	5.7285E-1
2.1600E-4	1.0010E-2	5.4458E-1
2.1700E-4	1.0010E-2	5.2319E-1
2.1800E-4	9.5215E-3	5.0630E-1
2.1900E-4	9.7656E-3	4.9683E-1
2.2000E-4	1.0010E-2	4.9111E-1
2.2100E-4	9.7656E-3	4.8960E-1
2.2200E-4	1.0010E-2	4.9004E-1
2.2300E-4	9.5215E-3	4.9429E-1
2.2400E-4	9.5215E-3	5.0254E-1
2.2500E-4	1.0010E-2	5.1758E-1
2.2600E-4	9.7656E-3	5.4014E-1
2.2700E-4	9.5215E-3	5.6934E-1
2.2800E-4	9.2773E-3	6.0088E-1
2.2900E-4	9.7656E-3	6.3765E-1
2.3000E-4	9.2773E-3	6.7559E-1
2.3100E-4	1.0010E-2	7.0825E-1
2.3200E-4	9.5215E-3	7.3804E-1
2.3300E-4	9.5215E-3	7.6748E-1
2.3400E-4	9.5215E-3	7.8452E-1
2.3500E-4	9.7656E-3	7.9141E-1
2.3600E-4	9.2773E-3	7.8984E-1
2.3700E-4	1.0010E-2	7.7725E-1
2.3800E-4	9.5215E-3	7.5371E-1
2.3900E-4	9.2773E-3	7.2407E-1
2.4000E-4	1.0254E-2	6.9009E-1
2.4100E-4	1.0010E-2	6.5498E-1
2.4200E-4	1.0498E-2	6.1992E-1
2.4300E-4	9.7656E-3	5.8477E-1
2.4400E-4	9.0332E-3	5.5532E-1
2.4500E-4	9.7656E-3	5.3232E-1
2.4600E-4	9.5215E-3	5.1343E-1
2.4700E-4	9.5215E-3	5.0142E-1
2.4800E-4	9.5215E-3	4.9727E-1
2.4900E-4	9.5215E-3	4.9790E-1
2.5000E-4	1.0254E-2	5.0239E-1
2.5100E-4	9.2773E-3	5.1221E-1
2.5200E-4	1.0254E-2	5.2656E-1
2.5300E-4	1.0010E-2	5.4429E-1
2.5400E-4	9.7656E-3	5.6567E-1
2.5500E-4	9.7656E-3	5.9155E-1
2.5600E-4	9.5215E-3	6.2178E-1
2.5700E-4	9.2773E-3	6.5435E-1
2.5800E-4	9.0332E-3	6.8892E-1
2.5900E-4	1.0010E-2	7.2690E-1
2.6000E-4	1.0010E-2	7.6079E-1
2.6100E-4	9.5215E-3	7.8667E-1
2.6200E-4	9.7656E-3	8.0439E-1
2.6300E-4	9.5215E-3	8.1118E-1
2.6400E-4	9.2773E-3	8.0474E-1
2.6500E-4	9.5215E-3	7.8926E-1
2.6600E-4	1.0010E-2	7.6626E-1
2.6700E-4	9.7656E-3	7.3599E-1
2.6800E-4	9.7656E-3	7.0063E-1
2.6900E-4	9.5215E-3	6.6250E-1
2.7000E-4	9.7656E-3	6.2446E-1
2.7100E-4	1.0010E-2	5.8940E-1
2.7200E-4	1.0010E-2	5.5854E-1
2.7300E-4	9.7656E-3	5.3252E-1
2.7400E-4	1.0010E-2	5.1211E-1
2.7500E-4	1.0010E-2	4.9697E-1
2.7600E-4	9.5215E-3	4.8857E-1
2.7700E-4	9.2773E-3	4.8481E-1
2.7800E-4	9.5215E-3	4.8794E-1
2.7900E-4	9.7656E-3	4.9883E-1
2.8000E-4	9.5215E-3	5.1445E-1
2.8100E-4	1.0254E-2	5.3115E-1
2.8200E-4	9.5215E-3	5.5142E-1
2.8300E-4	1.0254E-2	5.7432E-1
2.8400E-4	1.0010E-2	5.9688E-1
2.8500E-4	9.7656E-3	6.2329E-1
2.8600E-4	1.0010E-2	6.5332E-1
2.8700E-4	9.5215E-3	6.8652E-1
2.8800E-4	9.5215E-3	7.2090E-1
2.8900E-4	9.5215E-3	7.5332E-1
2.9000E-4	9.2773E-3	7.7896E-1
2.9100E-4	1.0010E-2	7.9604E-1
2.9200E-4	1.0254E-2	8.0239E-1
2.9300E-4	9.2773E-3	7.9619E-1
2.9400E-4	1.0010E-2	7.8438E-1
2.9500E-4	1.0254E-2	7.6440E-1
2.9600E-4	9.7656E-3	7.3975E-1
2.9700E-4	9.7656E-3	7.1338E-1
2.9800E-4	9.7656E-3	6.8735E-1
2.9900E-4	9.2773E-3	6.5820E-1
3.0000E-4	8.5449E-3	6.3013E-1
3.0100E-4	1.0010E-2	6.0488E-1
3.0200E-4	9.0332E-3	5.8477E-1
3.0300E-4	9.5215E-3	5.7002E-1
3.0400E-4	1.0010E-2	5.6001E-1
3.0500E-4	9.5215E-3	5.5581E-1
3.0600E-4	9.2773E-3	5.5664E-1
3.0700E-4	1.0010E-2	5.5962E-1
3.0800E-4	9.7656E-3	5.6558E-1
3.0900E-4	1.0742E-2	5.7480E-1
3.1000E-4	9.5215E-3	5.8809E-1
3.1100E-4	1.0010E-2	6.0410E-1
3.1200E-4	9.5215E-3	6.1909E-1
3.1300E-4	9.5215E-3	6.3418E-1
3.1400E-4	9.7656E-3	6.5029E-1
3.1500E-4	9.5215E-3	6.6616E-1
3.1600E-4	1.0010E-2	6.7949E-1
3.1700E-4	9.2773E-3	6.9360E-1
3.1800E-4	9.2773E-3	7.0747E-1
3.1900E-4	9.7656E-3	7.1855E-1
3.2000E-4	1.0010E-2	7.2871E-1
3.2100E-4	9.7656E-3	7.3457E-1
3.2200E-4	9.0332E-3	7.3647E-1
3.2300E-4	9.5215E-3	7.3428E-1
3.2400E-4	9.2773E-3	7.2710E-1
3.2500E-4	9.2773E-3	7.1382E-1
3.2600E-4	9.7656E-3	7.0220E-1
3.2700E-4	9.5215E-3	6.9028E-1
3.2800E-4	9.5215E-3	6.7778E-1
3.2900E-4	9.5215E-3	6.6523E-1
3.3000E-4	9.7656E-3	6.5532E-1
3.3100E-4	9.7656E-3	6.4355E-1
3.3200E-4	9.5215E-3	6.3188E-1
3.3300E-4	1.0254E-2	6.1987E-1
3.3400E-4	9.2773E-3	6.1055E-1
3.3500E-4	9.2773E-3	5.9946E-1
3.3600E-4	9.7656E-3	5.9102E-1
3.3700E-4	9.5215E-3	5.8286E-1
3.3800E-4	9.7656E-3	5.7603E-1
3.3900E-4	9.5215E-3	5.6982E-1
3.4000E-4	1.0010E-2	5.6460E-1
3.4100E-4	1.0254E-2	5.5972E-1
3.4200E-4	9.2773E-3	5.5957E-1
3.4300E-4	1.0010E-2	5.6338E-1
3.4400E-4	9.5215E-3	5.6987E-1
3.4500E-4	1.0010E-2	5.8032E-1
3.4600E-4	1.0254E-2	5.9419E-1
3.4700E-4	9.5215E-3	6.0962E-1
3.4800E-4	9.5215E-3	6.2476E-1
3.4900E-4	1.0010E-2	6.4194E-1
3.5000E-4	9.7656E-3	6.6040E-1
3.5100E-4	9.7656E-3	6.7900E-1
3.5200E-4	1.0010E-2	6.9639E-1
3.5300E-4	9.2773E-3	7.1553E-1
3.5400E-4	1.0254E-2	7.3408E-1
3.5500E-4	9.0332E-3	7.5093E-1
3.5600E-4	9.7656E-3	7.6436E-1
3.5700E-4	9.7656E-3	7.7158E-1
3.5800E-4	1.0010E-2	7.7275E-1
3.5900E-4	9.5215E-3	7.6724E-1
3.6000E-4	9.7656E-3	7.5386E-1
3.6100E-4	9.7656E-3	7.3301E-1
3.6200E-4	9.0332E-3	7.0830E-1
3.6300E-4	9.2773E-3	6.7861E-1
3.6400E-4	1.0254E-2	6.4648E-1
3.6500E-4	9.7656E-3	6.1440E-1
3.6600E-4	9.5215E-3	5.8486E-1
3.6700E-4	9.5215E-3	5.5815E-1
3.6800E-4	9.2773E-3	5.3501E-1
3.6900E-4	9.5215E-3	5.1436E-1
3.7000E-4	1.0498E-2	4.9629E-1
3.7100E-4	1.0010E-2	4.8457E-1
3.7200E-4	9.5215E-3	4.7769E-1
3.7300E-4	9.2773E-3	4.7783E-1
3.7400E-4	9.2773E-3	4.8569E-1
3.7500E-4	9.0332E-3	5.0059E-1
3.7600E-4	9.5215E-3	5.1987E-1
3.7700E-4	9.5215E-3	5.4429E-1
3.7800E-4	1.0010E-2	5.7144E-1
3.7900E-4	9.5215E-3	6.0273E-1
3.8000E-4	9.2773E-3	6.3877E-1
3.8100E-4	9.5215E-3	6.7944E-1
3.8200E-4	9.7656E-3	7.2100E-1
3.8300E-4	9.5215E-3	7.5972E-1
3.8400E-4	9.2773E-3	7.9248E-1
3.8500E-4	1.0010E-2	8.1621E-1
3.8600E-4	9.2773E-3	8.2622E-1
3.8700E-4	1.0498E-2	8.2202E-1
3.8800E-4	9.5215E-3	8.0576E-1
3.8900E-4	1.0010E-2	7.7520E-1
3.9000E-4	9.5215E-3	7.3315E-1
3.9100E-4	9.5215E-3	6.8179E-1
3.9200E-4	9.7656E-3	6.2627E-1
3.9300E-4	9.5215E-3	5.6724E-1
3.9400E-4	9.2773E-3	5.1353E-1
3.9500E-4	1.0254E-2	4.6611E-1
3.9600E-4	9.7656E-3	4.2681E-1
3.9700E-4	9.7656E-3	3.9771E-1
3.9800E-4	1.0010E-2	3.8320E-1
3.9900E-4	9.7656E-3	3.7637E-1
4.0000E-4	9.7656E-3	3.7749E-1
4.0100E-4	9.2773E-3	3.8652E-1
4.0200E-4	9.2773E-3	4.0259E-1
4.0300E-4	1.0010E-2	4.2007E-1
4.0400E-4	9.2773E-3	4.4243E-1
4.0500E-4	1.0010E-2	4.6958E-1
4.0600E-4	1.0010E-2	4.9917E-1
4.0700E-4	9.2773E-3	5.3257E-1
4.0800E-4	9.2773E-3	5.7031E-1
4.0900E-4	1.0498E-2	6.1670E-1
4.1000E-4	1.0010E-2	6.6758E-1
4.1100E-4	9.7656E-3	7.2295E-1
4.1200E-4	9.0332E-3	7.7446E-1
4.1300E-4	9.7656E-3	8.1626E-1
4.1400E-4	1.0010E-2	8.3511E-1
4.1500E-4	9.5215E-3	8.3403E-1
4.1600E-4	9.7656E-3	8.0913E-1
4.1700E-4	9.7656E-3	7.6235E-1
4.1800E-4	9.2773E-3	7.0186E-1
4.1900E-4	9.5215E-3	6.3379E-1
4.2000E-4	9.2773E-3	5.6050E-1
4.2100E-4	9.5215E-3	4.9019E-1
4.2200E-4	9.2773E-3	4.2881E-1
4.2300E-4	9.5215E-3	3.7969E-1
4.2400E-4	1.0010E-2	3.4453E-1
4.2500E-4	9.5215E-3	3.2212E-1
4.2600E-4	9.5215E-3	3.0933E-1
4.2700E-4	9.7656E-3	3.0459E-1
4.2800E-4	9.7656E-3	3.0605E-1
4.2900E-4	9.7656E-3	3.1108E-1
4.3000E-4	1.0010E-2	3.2070E-1
4.3100E-4	9.5215E-3	3.3706E-1
4.3200E-4	1.0010E-2	3.5864E-1
4.3300E-4	1.0010E-2	3.8379E-1
4.3400E-4	9.7656E-3	4.1631E-1
4.3500E-4	1.0010E-2	4.5522E-1
4.3600E-4	1.0010E-2	5.0054E-1
4.3700E-4	1.0254E-2	5.5352E-1
4.3800E-4	9.5215E-3	6.1699E-1
4.3900E-4	1.0254E-2	6.8521E-1
4.4000E-4	1.0254E-2	7.4976E-1
4.4100E-4	9.5215E-3	8.0166E-1
4.4200E-4	9.7656E-3	8.3315E-1
4.4300E-4	1.0010E-2	8.3350E-1
4.4400E-4	1.0254E-2	8.0308E-1
4.4500E-4	9.7656E-3	7.4619E-1
4.4600E-4	1.0010E-2	6.6973E-1
4.4700E-4	1.0010E-2	5.8271E-1
4.4800E-4	9.2773E-3	4.9556E-1
4.4900E-4	9.5215E-3	4.1514E-1
4.5000E-4	9.7656E-3	3.4741E-1
4.5100E-4	9.5215E-3	2.9482E-1
4.5200E-4	9.5215E-3	2.5771E-1
4.5300E-4	9.7656E-3	2.3428E-1
4.5400E-4	9.5215E-3	2.2227E-1
4.5500E-4	9.2773E-3	2.2114E-1
4.5600E-4	9.7656E-3	2.2656E-1
4.5700E-4	1.0254E-2	2.3789E-1
4.5800E-4	1.0010E-2	2.5527E-1
4.5900E-4	9.0332E-3	2.7539E-1
4.6000E-4	9.5215E-3	2.9888E-1
4.6100E-4	1.0254E-2	3.2788E-1
4.6200E-4	9.5215E-3	3.6221E-1
4.6300E-4	9.2773E-3	4.0122E-1
4.6400E-4	9.5215E-3	4.5000E-1
4.6500E-4	1.0010E-2	5.1006E-1
4.6600E-4	1.0010E-2	5.8130E-1
4.6700E-4	9.2773E-3	6.5845E-1
4.6800E-4	9.7656E-3	7.3389E-1
4.6900E-4	1.0010E-2	7.9307E-1
4.7000E-4	9.0332E-3	8.1899E-1
4.7100E-4	1.0254E-2	8.0786E-1
4.7200E-4	9.2773E-3	7.5889E-1
4.7300E-4	1.0254E-2	6.7378E-1
4.7400E-4	9.2773E-3	5.6812E-1
4.7500E-4	9.5215E-3	4.5747E-1
4.7600E-4	9.2773E-3	3.5073E-1
4.7700E-4	1.0010E-2	2.5493E-1
4.7800E-4	9.5215E-3	1.7847E-1
4.7900E-4	1.0254E-2	1.2231E-1
4.8000E-4	1.0010E-2	8.3887E-2
4.8100E-4	9.7656E-3	6.0742E-2
4.8200E-4	1.0010E-2	5.0195E-2
4.8300E-4	1.0010E-2	4.6436E-2
4.8400E-4	9.5215E-3	4.4531E-2
4.8500E-4	9.2773E-3	4.5166E-2
4.8600E-4	9.5215E-3	4.4434E-2
4.8700E-4	9.7656E-3	4.2920E-2
4.8800E-4	9.7656E-3	3.9014E-2
4.8900E-4	9.7656E-3	3.6377E-2
4.9000E-4	1.0254E-2	3.1982E-2
4.9100E-4	9.7656E-3	2.5781E-2
4.9200E-4	1.0010E-2	1.9922E-2
4.9300E-4	1.0254E-2	1.6455E-2
4.9400E-4	9.5215E-3	1.2012E-2
4.9500E-4	9.0332E-3	9.3750E-3
4.9600E-4	9.2773E-3	7.6660E-3
4.9700E-4	9.7656E-3	5.1270E-3
4.9800E-4	9.2773E-3	3.6621E-3
4.9900E-4	9.5215E-3	1.1719E-3
5.0000E-4	9.7656E-3	-2.9785E-3
5.0100E-4	9.5215E-3	-6.0547E-3
5.0200E-4	9.2773E-3	-8.0566E-3
5.0300E-4	1.0010E-2	-9.1797E-3
5.0400E-4	9.7656E-3	-9.0332E-3
5.0500E-4	1.0010E-2	-8.3984E-3
5.0600E-4	9.2773E-3	-5.8105E-3
5.0700E-4	9.7656E-3	-3.5645E-3
5.0800E-4	1.0498E-2	-2.5391E-3
5.0900E-4	9.7656E-3	-1.4648E-3
5.1000E-4	9.7656E-3	1.9043E-3
5.1100E-4	9.0332E-3	4.6387E-3
5.1200E-4	9.5215E-3	1.0742E-2
5.1300E-4	9.5215E-3	2.1045E-2
5.1400E-4	9.2773E-3	3.7256E-2
5.1500E-4	1.0010E-2	5.7617E-2
5.1600E-4	1.0010E-2	8.4521E-2
5.1700E-4	1.0254E-2	1.1426E-1
5.1800E-4	1.0498E-2	1.4678E-1
5.1900E-4	9.5215E-3	1.8350E-1
5.2000E-4	9.2773E-3	2.2725E-1
5.2100E-4	1.0010E-2	2.8110E-1
5.2200E-4	9.5215E-3	3.5293E-1
5.2300E-4	9.0332E-3	4.4263E-1
5.2400E-4	9.5215E-3	5.4517E-1
5.2500E-4	9.2773E-3	6.5361E-1
5.2600E-4	1.0010E-2	7.5405E-1
5.2700E-4	9.7656E-3	8.2832E-1
5.2800E-4	1.0010E-2	8.6548E-1
5.2900E-4	9.7656E-3	8.6167E-1
5.3000E-4	9.5215E-3	8.1816E-1
5.3100E-4	1.0254E-2	7.4185E-1
5.3200E-4	9.5215E-3	6.4731E-1
5.3300E-4	1.0010E-2	5.4766E-1
5.3400E-4	1.0010E-2	4.5210E-1
5.3500E-4	1.0254E-2	3.6777E-1
5.3600E-4	8.7891E-3	2.9785E-1
5.3700E-4	9.0332E-3	2.4546E-1
5.3800E-4	9.7656E-3	2.1069E-1
5.3900E-4	9.5215E-3	1.9502E-1
5.4000E-4	9.7656E-3	1.9517E-1
5.4100E-4	9.5215E-3	2.0869E-1
5.4200E-4	9.7656E-3	2.2964E-1
5.4300E-4	9.7656E-3	2.5654E-1
5.4400E-4	9.2773E-3	2.8228E-1
5.4500E-4	9.5215E-3	3.0825E-1
5.4600E-4	9.7656E-3	3.3647E-1
5.4700E-4	9.5215E-3	3.6821E-1
5.4800E-4	1.0254E-2	4.0620E-1
5.4900E-4	9.2773E-3	4.5566E-1
5.5000E-4	9.5215E-3	5.1528E-1
5.5100E-4	9.2773E-3	5.8584E-1
5.5200E-4	9.0332E-3	6.6230E-1
5.5300E-4	9.2773E-3	7.3745E-1
5.5400E-4	1.0010E-2	8.0059E-1
5.5500E-4	9.5215E-3	8.4419E-1
5.5600E-4	9.5215E-3	8.6050E-1
5.5700E-4	1.0254E-2	8.4766E-1
5.5800E-4	1.0010E-2	8.0547E-1
5.5900E-4	9.7656E-3	7.4204E-1
5.6000E-4	9.5215E-3	6.6694E-1
5.6100E-4	9.2773E-3	5.8672E-1
5.6200E-4	9.2773E-3	5.0825E-1
5.6300E-4	9.5215E-3	4.4023E-1
5.6400E-4	9.5215E-3	3.8535E-1
5.6500E-4	9.5215E-3	3.4468E-1
5.6600E-4	9.7656E-3	3.1782E-1
5.6700E-4	9.5215E-3	3.0469E-1
5.6800E-4	9.5215E-3	3.0029E-1
5.6900E-4	1.0010E-2	3.0366E-1
5.7000E-4	1.0254E-2	3.1123E-1
5.7100E-4	9.5215E-3	3.2642E-1
5.7200E-4	1.0010E-2	3.4648E-1
5.7300E-4	1.0010E-2	3.7417E-1
5.7400E-4	9.7656E-3	4.0703E-1
5.7500E-4	9.2773E-3	4.4658E-1
5.7600E-4	9.2773E-3	4.8936E-1
5.7700E-4	9.5215E-3	5.4121E-1
5.7800E-4	9.5215E-3	5.9912E-1
5.7900E-4	9.7656E-3	6.6226E-1
5.8000E-4	9.5215E-3	7.2534E-1
5.8100E-4	1.0254E-2	7.8740E-1
5.8200E-4	9.2773E-3	8.3232E-1
5.8300E-4	9.5215E-3	8.5586E-1
5.8400E-4	9.2773E-3	8.5757E-1
5.8500E-4	9.7656E-3	8.3813E-1
5.8600E-4	9.5215E-3	7.9609E-1
5.8700E-4	9.2773E-3	7.3989E-1
5.8800E-4	9.2773E-3	6.7690E-1
5.8900E-4	9.7656E-3	6.1172E-1
5.9000E-4	1.0010E-2	5.4795E-1
5.9100E-4	1.0010E-2	4.9131E-1
5.9200E-4	9.2773E-3	4.4590E-1
5.9300E-4	1.0498E-2	4.1138E-1
5.9400E-4	9.2773E-3	3.8662E-1
5.9500E-4	9.5215E-3	3.7129E-1
5.9600E-4	9.5215E-3	3.6528E-1
5.9700E-4	1.0010E-2	3.6738E-1
5.9800E-4	9.7656E-3	3.7637E-1
5.9900E-4	9.5215E-3	3.9102E-1
6.0000E-4	9.7656E-3	4.1284E-1
6.0100E-4	9.7656E-3	4.4023E-1
6.0200E-4	1.0254E-2	4.6982E-1
6.0300E-4	1.0010E-2	5.0532E-1
6.0400E-4	9.7656E-3	5.4521E-1
6.0500E-4	9.2773E-3	5.8799E-1
6.0600E-4	1.0010E-2	6.3340E-1
6.0700E-4	1.0254E-2	6.8276E-1
6.0800E-4	9.2773E-3	7.3057E-1
6.0900E-4	1.0010E-2	7.7476E-1
6.1000E-4	1.0498E-2	8.1201E-1
6.1100E-4	1.0254E-2	8.3599E-1
6.1200E-4	9.7656E-3	8.4473E-1
6.1300E-4	9.2773E-3	8.3755E-1
6.1400E-4	9.5215E-3	8.1543E-1
6.1500E-4	9.7656E-3	7.7881E-1
6.1600E-4	1.0010E-2	7.3301E-1
6.1700E-4	9.2773E-3	6.8301E-1
6.1800E-4	9.5215E-3	6.3218E-1
6.1900E-4	9.7656E-3	5.8447E-1
6.2000E-4	9.2773E-3	5.4458E-1
6.2100E-4	1.0010E-2	5.1387E-1
6.2200E-4	1.0010E-2	4.9365E-1
6.2300E-4	9.0332E-3	4.8203E-1
6.2400E-4	1.0010E-2	4.7646E-1
6.2500E-4	1.0010E-2	4.7666E-1
6.2600E-4	9.2773E-3	4.8281E-1
6.2700E-4	9.5215E-3	4.9199E-1
6.2800E-4	1.0010E-2	5.0366E-1
6.2900E-4	1.0254E-2	5.2212E-1
6.3000E-4	9.7656E-3	5.4331E-1
6.3100E-4	9.7656E-3	5.6826E-1
6.3200E-4	1.0254E-2	5.9648E-1
6.3300E-4	9.7656E-3	6.2759E-1
6.3400E-4	1.0010E-2	6.5664E-1
6.3500E-4	1.0010E-2	6.8491E-1
6.3600E-4	9.7656E-3	7.1162E-1
6.3700E-4	1.0010E-2	7.3540E-1
6.3800E-4	9.7656E-3	7.5557E-1
6.3900E-4	9.7656E-3	7.6875E-1
6.4000E-4	9.2773E-3	7.7368E-1
6.4100E-4	1.0010E-2	7.6929E-1
6.4200E-4	9.5215E-3	7.5996E-1
6.4300E-4	1.0010E-2	7.4336E-1
6.4400E-4	9.0332E-3	7.2217E-1
6.4500E-4	1.0498E-2	6.9966E-1
6.4600E-4	9.5215E-3	6.7749E-1
6.4700E-4	9.0332E-3	6.5059E-1
6.4800E-4	1.0010E-2	6.2637E-1
6.4900E-4	1.0010E-2	6.0537E-1
6.5000E-4	9.2773E-3	5.8721E-1
6.5100E-4	9.5215E-3	5.7217E-1
6.5200E-4	9.5215E-3	5.6055E-1
6.5300E-4	9.7656E-3	5.5078E-1
6.5400E-4	9.2773E-3	5.4468E-1
6.5500E-4	9.5215E-3	5.4380E-1
6.5600E-4	9.7656E-3	5.4795E-1
6.5700E-4	1.0254E-2	5.5630E-1
6.5800E-4	9.2773E-3	5.6812E-1
6.5900E-4	1.0010E-2	5.8237E-1
6.6000E-4	1.0010E-2	5.9629E-1
6.6100E-4	9.2773E-3	6.0522E-1
6.6200E-4	9.5215E-3	6.1636E-1
6.6300E-4	9.7656E-3	6.2612E-1
6.6400E-4	9.7656E-3	6.3613E-1
6.6500E-4	9.7656E-3	6.4644E-1
6.6600E-4	1.0254E-2	6.5723E-1
6.6700E-4	1.0010E-2	6.6567E-1
6.6800E-4	1.0010E-2	6.7412E-1
6.6900E-4	1.0010E-2	6.8340E-1
6.7000E-4	9.0332E-3	6.9209E-1
6.7100E-4	1.0010E-2	7.0239E-1
6.7200E-4	9.7656E-3	7.1445E-1
6.7300E-4	9.5215E-3	7.2568E-1
6.7400E-4	1.0254E-2	7.3403E-1
6.7500E-4	9.7656E-3	7.4014E-1
6.7600E-4	9.5215E-3	7.4326E-1
6.7700E-4	9.5215E-3	7.4067E-1
6.7800E-4	9.5215E-3	7.3438E-1
6.7900E-4	9.7656E-3	7.2583E-1
6.8000E-4	9.0332E-3	7.1348E-1
6.8100E-4	1.0010E-2	6.9658E-1
6.8200E-4	9.2773E-3	6.7656E-1
6.8300E-4	1.0254E-2	6.5518E-1
6.8400E-4	1.0010E-2	6.3159E-1
6.8500E-4	9.7656E-3	6.0889E-1
6.8600E-4	9.7656E-3	5.8979E-1
6.8700E-4	9.5215E-3	5.7520E-1
6.8800E-4	9.5215E-3	5.6523E-1
6.8900E-4	1.0254E-2	5.5786E-1
6.9000E-4	9.7656E-3	5.5483E-1
6.9100E-4	9.2773E-3	5.5376E-1
6.9200E-4	9.5215E-3	5.5444E-1
6.9300E-4	9.5215E-3	5.5840E-1
6.9400E-4	9.7656E-3	5.6626E-1
6.9500E-4	1.0010E-2	5.7690E-1
6.9600E-4	9.2773E-3	5.8784E-1
6.9700E-4	9.5215E-3	6.0098E-1
6.9800E-4	9.7656E-3	6.1631E-1
6.9900E-4	1.0254E-2	6.3286E-1
7.0000E-4	9.7656E-3	6.5293E-1
7.0100E-4	1.0010E-2	6.7759E-1
7.0200E-4	9.5215E-3	7.0361E-1
7.0300E-4	9.7656E-3	7.2954E-1
7.0400E-4	9.7656E-3	7.5405E-1
7.0500E-4	1.0254E-2	7.7012E-1
7.0600E-4	9.5215E-3	7.8037E-1
7.0700E-4	9.2773E-3	7.8247E-1
7.0800E-4	9.5215E-3	7.7490E-1
7.0900E-4	1.0010E-2	7.5728E-1
7.1000E-4	1.0010E-2	7.3394E-1
7.1100E-4	9.2773E-3	7.0366E-1
7.1200E-4	9.0332E-3	6.6948E-1
7.1300E-4	8.7891E-3	6.3447E-1
7.1400E-4	9.5215E-3	6.0337E-1
7.1500E-4	9.7656E-3	5.7573E-1
7.1600E-4	9.7656E-3	5.5391E-1
7.1700E-4	9.5215E-3	5.3667E-1
7.1800E-4	9.7656E-3	5.2324E-1
7.1900E-4	9.7656E-3	5.1255E-1
7.2000E-4	9.5215E-3	5.0591E-1
7.2100E-4	9.2773E-3	5.0566E-1
7.2200E-4	1.0010E-2	5.1304E-1
7.2300E-4	9.7656E-3	5.2524E-1
7.2400E-4	9.2773E-3	5.4355E-1
7.2500E-4	9.5215E-3	5.6626E-1
7.2600E-4	9.5215E-3	5.9165E-1
7.2700E-4	1.0010E-2	6.2012E-1
7.2800E-4	1.0010E-2	6.5215E-1
7.2900E-4	1.0254E-2	6.8525E-1
7.3000E-4	9.2773E-3	7.2046E-1
7.3100E-4	1.0010E-2	7.5562E-1
7.3200E-4	9.2773E-3	7.8623E-1
7.3300E-4	9.5215E-3	8.1099E-1
7.3400E-4	9.5215E-3	8.2593E-1
7.3500E-4	9.7656E-3	8.2764E-1
7.3600E-4	9.7656E-3	8.1606E-1
7.3700E-4	9.7656E-3	7.9331E-1
7.3800E-4	1.0254E-2	7.6187E-1
7.3900E-4	9.2773E-3	7.2363E-1
7.4000E-4	9.2773E-3	6.8262E-1
7.4100E-4	9.2773E-3	6.4131E-1
7.4200E-4	9.2773E-3	6.0093E-1
7.4300E-4	9.5215E-3	5.6226E-1
7.4400E-4	9.7656E-3	5.3027E-1
7.4500E-4	9.7656E-3	5.0640E-1
7.4600E-4	9.7656E-3	4.8828E-1
7.4700E-4	9.7656E-3	4.7798E-1
7.4800E-4	1.0010E-2	4.7334E-1
7.4900E-4	1.0742E-2	4.7422E-1
7.5000E-4	9.5215E-3	4.8008E-1
7.5100E-4	1.0010E-2	4.9360E-1
7.5200E-4	9.7656E-3	5.1235E-1
7.5300E-4	1.0010E-2	5.3760E-1
7.5400E-4	9.5215E-3	5.6548E-1
7.5500E-4	1.0010E-2	5.9395E-1
7.5600E-4	9.7656E-3	6.2031E-1
7.5700E-4	9.7656E-3	6.4941E-1
7.5800E-4	9.5215E-3	6.7925E-1
7.5900E-4	9.2773E-3	7.1040E-1
7.6000E-4	1.0254E-2	7.3975E-1
7.6100E-4	9.5215E-3	7.6719E-1
7.6200E-4	9.2773E-3	7.8623E-1
7.6300E-4	9.2773E-3	7.9731E-1
7.6400E-4	9.5215E-3	7.9932E-1
7.6500E-4	1.0010E-2	7.9268E-1
7.6600E-4	9.5215E-3	7.7744E-1
7.6700E-4	9.0332E-3	7.5454E-1
7.6800E-4	9.7656E-3	7.2368E-1
7.6900E-4	9.2773E-3	6.8892E-1
7.7000E-4	9.2773E-3	6.5215E-1
7.7100E-4	9.7656E-3	6.1484E-1
7.7200E-4	1.0010E-2	5.7715E-1
7.7300E-4	9.7656E-3	5.4536E-1
7.7400E-4	9.2773E-3	5.1934E-1
7.7500E-4	9.0332E-3	5.0161E-1
7.7600E-4	9.7656E-3	4.9219E-1
7.7700E-4	9.0332E-3	4.9043E-1
7.7800E-4	9.5215E-3	4.9663E-1
7.7900E-4	9.5215E-3	5.0923E-1
7.8000E-4	9.5215E-3	5.2690E-1
7.8100E-4	9.7656E-3	5.4692E-1
7.8200E-4	9.7656E-3	5.7441E-1
7.8300E-4	9.2773E-3	6.0234E-1
7.8400E-4	8.7891E-3	6.3076E-1
7.8500E-4	9.2773E-3	6.5737E-1
7.8600E-4	1.0010E-2	6.8755E-1
7.8700E-4	9.2773E-3	7.1567E-1
7.8800E-4	9.5215E-3	7.4316E-1
7.8900E-4	9.2773E-3	7.6694E-1
7.9000E-4	9.2773E-3	7.8647E-1
7.9100E-4	9.5215E-3	7.9614E-1
7.9200E-4	9.2773E-3	7.9746E-1
7.9300E-4	9.7656E-3	7.8926E-1
7.9400E-4	9.5215E-3	7.7271E-1
7.9500E-4	9.7656E-3	7.4985E-1
7.9600E-4	9.7656E-3	7.2480E-1
7.9700E-4	9.5215E-3	6.9697E-1
7.9800E-4	1.0010E-2	6.6689E-1
7.9900E-4	1.0010E-2	6.3804E-1
8.0000E-4	9.5215E-3	6.1162E-1
8.0100E-4	8.7891E-3	5.8604E-1
8.0200E-4	1.0010E-2	5.6455E-1
8.0300E-4	9.5215E-3	5.4956E-1
8.0400E-4	9.2773E-3	5.4023E-1
8.0500E-4	9.5215E-3	5.3560E-1
8.0600E-4	9.5215E-3	5.3647E-1
8.0700E-4	1.0010E-2	5.3984E-1
8.0800E-4	1.0010E-2	5.4458E-1
8.0900E-4	9.0332E-3	5.5225E-1
8.1000E-4	1.0010E-2	5.6348E-1
8.1100E-4	9.7656E-3	5.7539E-1
8.1200E-4	9.5215E-3	5.8999E-1
8.1300E-4	9.2773E-3	6.0649E-1
8.1400E-4	1.0010E-2	6.2373E-1
8.1500E-4	1.0254E-2	6.4077E-1
8.1600E-4	1.0010E-2	6.5923E-1
8.1700E-4	9.5215E-3	6.7749E-1
8.1800E-4	1.0010E-2	6.9575E-1
8.1900E-4	9.7656E-3	7.1177E-1
8.2000E-4	9.2773E-3	7.2529E-1
8.2100E-4	9.2773E-3	7.3564E-1
8.2200E-4	1.0010E-2	7.4316E-1
8.2300E-4	9.2773E-3	7.4717E-1
8.2400E-4	9.5215E-3	7.4463E-1
8.2500E-4	9.5215E-3	7.3906E-1
8.2600E-4	9.5215E-3	7.3042E-1
8.2700E-4	9.5215E-3	7.1782E-1
8.2800E-4	1.0010E-2	7.0195E-1
8.2900E-4	9.2773E-3	6.8726E-1
8.3000E-4	1.0010E-2	6.7314E-1
8.3100E-4	9.2773E-3	6.6025E-1
8.3200E-4	9.7656E-3	6.5039E-1
8.3300E-4	1.0498E-2	6.4277E-1
8.3400E-4	9.5215E-3	6.3574E-1
8.3500E-4	9.5215E-3	6.2769E-1
8.3600E-4	9.2773E-3	6.1880E-1
8.3700E-4	9.7656E-3	6.0947E-1
8.3800E-4	9.5215E-3	6.0161E-1
8.3900E-4	1.0010E-2	5.9595E-1
8.4000E-4	1.0010E-2	5.9155E-1
8.4100E-4	9.2773E-3	5.8711E-1
8.4200E-4	9.7656E-3	5.8306E-1
8.4300E-4	9.7656E-3	5.8101E-1
8.4400E-4	9.7656E-3	5.8105E-1
8.4500E-4	1.0254E-2	5.8413E-1
8.4600E-4	1.0254E-2	5.9072E-1
8.4700E-4	1.0254E-2	6.0112E-1
8.4800E-4	9.7656E-3	6.1289E-1
8.4900E-4	9.5215E-3	6.2666E-1
8.5000E-4	9.2773E-3	6.4209E-1
8.5100E-4	9.7656E-3	6.6021E-1
8.5200E-4	9.5215E-3	6.7886E-1
8.5300E-4	9.5215E-3	6.9634E-1
8.5400E-4	1.0010E-2	7.1421E-1
8.5500E-4	9.2773E-3	7.2861E-1
8.5600E-4	1.0254E-2	7.3804E-1
8.5700E-4	9.7656E-3	7.4321E-1
8.5800E-4	9.5215E-3	7.4351E-1
8.5900E-4	9.7656E-3	7.3809E-1
8.6000E-4	1.0254E-2	7.2729E-1
8.6100E-4	9.7656E-3	7.1118E-1
8.6200E-4	9.5215E-3	6.9019E-1
8.6300E-4	1.0254E-2	6.6758E-1
8.6400E-4	9.7656E-3	6.4185E-1
8.6500E-4	9.7656E-3	6.1479E-1
8.6600E-4	1.0254E-2	5.8828E-1
8.6700E-4	9.2773E-3	5.6387E-1
8.6800E-4	9.7656E-3	5.3887E-1
8.6900E-4	1.0010E-2	5.1660E-1
8.7000E-4	1.0254E-2	4.9834E-1
8.7100E-4	9.2773E-3	4.8423E-1
8.7200E-4	9.7656E-3	4.7607E-1
8.7300E-4	1.0010E-2	4.7495E-1
8.7400E-4	9.7656E-3	4.8071E-1
8.7500E-4	9.5215E-3	4.9121E-1
8.7600E-4	9.5215E-3	5.0640E-1
8.7700E-4	9.5215E-3	5.2466E-1
8.7800E-4	9.7656E-3	5.4600E-1
8.7900E-4	9.5215E-3	5.7090E-1
8.8000E-4	9.5215E-3	6.0151E-1
8.8100E-4	9.7656E-3	6.3711E-1
8.8200E-4	9.2773E-3	6.7329E-1
8.8300E-4	9.5215E-3	7.0684E-1
8.8400E-4	9.2773E-3	7.3330E-1
8.8500E-4	9.7656E-3	7.5054E-1
8.8600E-4	9.5215E-3	7.5801E-1
8.8700E-4	9.5215E-3	7.5542E-1
8.8800E-4	1.0010E-2	7.4766E-1
8.8900E-4	1.0254E-2	7.3306E-1
8.9000E-4	9.7656E-3	7.1196E-1
8.9100E-4	1.0010E-2	6.7954E-1
8.9200E-4	9.5215E-3	6.3833E-1
8.9300E-4	1.0010E-2	5.8882E-1
8.9400E-4	9.0332E-3	5.3726E-1
8.9500E-4	9.7656E-3	4.8652E-1
8.9600E-4	9.2773E-3	4.4365E-1
8.9700E-4	9.2773E-3	4.1138E-1
8.9800E-4	9.0332E-3	3.9058E-1
8.9900E-4	9.5215E-3	3.7729E-1
9.0000E-4	8.5449E-3	3.7451E-1
9.0100E-4	9.5215E-3	3.8032E-1
9.0200E-4	9.2773E-3	3.9199E-1
9.0300E-4	9.5215E-3	4.0786E-1
9.0400E-4	9.7656E-3	4.2979E-1
9.0500E-4	1.0010E-2	4.5190E-1
9.0600E-4	9.2773E-3	4.7808E-1
9.0700E-4	9.2773E-3	5.0679E-1
9.0800E-4	1.0010E-2	5.4053E-1
9.0900E-4	1.0254E-2	5.7856E-1
9.1000E-4	9.7656E-3	6.2349E-1
9.1100E-4	9.5215E-3	6.6816E-1
9.1200E-4	9.5215E-3	7.1050E-1
9.1300E-4	9.7656E-3	7.4263E-1
9.1400E-4	9.2773E-3	7.6323E-1
9.1500E-4	9.5215E-3	7.6963E-1
9.1600E-4	1.0010E-2	7.5903E-1
9.1700E-4	9.7656E-3	7.3364E-1
9.1800E-4	9.7656E-3	6.9258E-1
9.1900E-4	9.7656E-3	6.4038E-1
9.2000E-4	9.5215E-3	5.8027E-1
9.2100E-4	1.0010E-2	5.1929E-1
9.2200E-4	1.0010E-2	4.6172E-1
9.2300E-4	1.0010E-2	4.1431E-1
9.2400E-4	9.2773E-3	3.7759E-1
9.2500E-4	9.2773E-3	3.4897E-1
9.2600E-4	9.5215E-3	3.2915E-1
9.2700E-4	1.0010E-2	3.1895E-1
9.2800E-4	9.0332E-3	3.1729E-1
9.2900E-4	9.2773E-3	3.2148E-1
9.3000E-4	9.2773E-3	3.3486E-1
9.3100E-4	9.7656E-3	3.5449E-1
9.3200E-4	9.5215E-3	3.7827E-1
9.3300E-4	9.5215E-3	4.0391E-1
9.3400E-4	9.2773E-3	4.3169E-1
9.3500E-4	9.0332E-3	4.6001E-1
9.3600E-4	1.0010E-2	4.9199E-1
9.3700E-4	1.0010E-2	5.2954E-1
9.3800E-4	9.5215E-3	5.7598E-1
9.3900E-4	1.0010E-2	6.2729E-1
9.4000E-4	9.2773E-3	6.7783E-1
9.4100E-4	9.2773E-3	7.2188E-1
9.4200E-4	1.0254E-2	7.5229E-1
9.4300E-4	9.5215E-3	7.5991E-1
9.4400E-4	9.5215E-3	7.4189E-1
9.4500E-4	1.0010E-2	7.0347E-1
9.4600E-4	9.5215E-3	6.4717E-1
9.4700E-4	9.5215E-3	5.7578E-1
9.4800E-4	9.5215E-3	5.0146E-1
9.4900E-4	1.0254E-2	4.3076E-1
9.5000E-4	9.2773E-3	3.6753E-1
9.5100E-4	1.0010E-2	3.1587E-1
9.5200E-4	9.0332E-3	2.7856E-1
9.5300E-4	9.5215E-3	2.5293E-1
9.5400E-4	9.5215E-3	2.3984E-1
9.5500E-4	9.2773E-3	2.3442E-1
9.5600E-4	9.2773E-3	2.3682E-1
9.5700E-4	9.5215E-3	2.4482E-1
9.5800E-4	9.7656E-3	2.5830E-1
9.5900E-4	9.0332E-3	2.7510E-1
9.6000E-4	9.5215E-3	2.9810E-1
9.6100E-4	1.0254E-2	3.2388E-1
9.6200E-4	8.7891E-3	3.5332E-1
9.6300E-4	1.0010E-2	3.8921E-1
9.6400E-4	9.5215E-3	4.3252E-1
9.6500E-4	1.0010E-2	4.8369E-1
9.6600E-4	9.5215E-3	5.4634E-1
9.6700E-4	9.2773E-3	6.1670E-1
9.6800E-4	1.0010E-2	6.8325E-1
9.6900E-4	9.7656E-3	7.3853E-1
9.7000E-4	1.0010E-2	7.7036E-1
9.7100E-4	9.2773E-3	7.6860E-1
9.7200E-4	9.5215E-3	7.3223E-1
9.7300E-4	9.2773E-3	6.6611E-1
9.7400E-4	9.5215E-3	5.7793E-1
9.7500E-4	1.0254E-2	4.7861E-1
9.7600E-4	9.5215E-3	3.7988E-1
9.7700E-4	1.0010E-2	2.8887E-1
9.7800E-4	9.0332E-3	2.1006E-1
9.7900E-4	9.5215E-3	1.4741E-1
9.8000E-4	9.7656E-3	1.0039E-1
9.8100E-4	9.2773E-3	6.5137E-2
9.8200E-4	9.5215E-3	4.2676E-2
9.8300E-4	9.5215E-3	3.1494E-2
9.8400E-4	1.0010E-2	2.5684E-2
9.8500E-4	9.5215E-3	2.5635E-2
9.8600E-4	9.2773E-3	2.8613E-2
9.8700E-4	9.2773E-3	3.1152E-2
9.8800E-4	1.0010E-2	3.2910E-2
9.8900E-4	9.7656E-3	3.2666E-2
9.9000E-4	9.2773E-3	2.9443E-2
9.9100E-4	9.7656E-3	2.5293E-2
9.9200E-4	1.0254E-2	1.8750E-2
9.9300E-4	9.5215E-3	1.1377E-2
9.9400E-4	9.2773E-3	5.5664E-3
9.9500E-4	9.7656E-3	2.4414E-3
9.9600E-4	9.5215E-3	2.9297E-4
9.9700E-4	9.2773E-3	8.3008E-4
9.9800E-4	9.7656E-3	8.3008E-4
9.9900E-4	9.2773E-3	8.3008E-4
