Time [s]	Aux in [V]	Main in [V]
0.0000E+0	9.7656E-3	1.3281E-2
1.0000E-6	1.0254E-2	1.2793E-2
2.0000E-6	9.7656E-3	1.2256E-2
3.0000E-6	1.0254E-2	1.1670E-2
4.0000E-6	9.7656E-3	1.1865E-2
5.0000E-6	1.0010E-2	1.3867E-2
6.0000E-6	1.0254E-2	2.1631E-2
7.0000E-6	1.0254E-2	3.3838E-2
8.0000E-6	1.0254E-2	5.1221E-2
9.0000E-6	9.0332E-3	7.2900E-2
1.0000E-5	1.0010E-2	9.8779E-2
1.1000E-5	1.0010E-2	1.3115E-1
1.2000E-5	9.5215E-3	1.7036E-1
1.3000E-5	9.5215E-3	2.2144E-1
1.4000E-5	1.0010E-2	2.9063E-1
1.5000E-5	9.7656E-3	3.7734E-1
1.6000E-5	9.5215E-3	4.7627E-1
1.7000E-5	1.0010E-2	5.8071E-1
1.8000E-5	9.7656E-3	6.8062E-1
1.9000E-5	1.0010E-2	7.5952E-1
2.0000E-5	9.7656E-3	8.0889E-1
2.1000E-5	9.2773E-3	8.2212E-1
2.2000E-5	1.0010E-2	8.0137E-1
2.3000E-5	1.0010E-2	7.4751E-1
2.4000E-5	9.7656E-3	6.6841E-1
2.5000E-5	9.5215E-3	5.7510E-1
2.6000E-5	9.2773E-3	4.8262E-1
2.7000E-5	1.0010E-2	3.9731E-1
2.8000E-5	1.0498E-2	3.2856E-1
2.9000E-5	1.0010E-2	2.7949E-1
3.0000E-5	9.7656E-3	2.4844E-1
3.1000E-5	9.2773E-3	2.3188E-1
3.2000E-5	9.7656E-3	2.2593E-1
3.3000E-5	9.7656E-3	2.2568E-1
3.4000E-5	1.0254E-2	2.3091E-1
3.5000E-5	9.5215E-3	2.4204E-1
3.6000E-5	9.5215E-3	2.5811E-1
3.7000E-5	9.5215E-3	2.7964E-1
3.8000E-5	9.7656E-3	3.0752E-1
3.9000E-5	1.0010E-2	3.4131E-1
4.0000E-5	9.7656E-3	3.8208E-1
4.1000E-5	9.5215E-3	4.2944E-1
4.2000E-5	1.0010E-2	4.8252E-1
4.3000E-5	9.7656E-3	5.4243E-1
4.4000E-5	9.5215E-3	6.0669E-1
4.5000E-5	9.5215E-3	6.6963E-1
4.6000E-5	9.5215E-3	7.2388E-1
4.7000E-5	9.7656E-3	7.6597E-1
4.8000E-5	9.2773E-3	7.8696E-1
4.9000E-5	9.5215E-3	7.8320E-1
5.0000E-5	9.5215E-3	7.5444E-1
5.1000E-5	9.7656E-3	7.0674E-1
5.2000E-5	1.0010E-2	6.4438E-1
5.3000E-5	9.7656E-3	5.7456E-1
5.4000E-5	9.7656E-3	5.0415E-1
5.5000E-5	9.7656E-3	4.4229E-1
5.6000E-5	1.0010E-2	3.8857E-1
5.7000E-5	9.0332E-3	3.4976E-1
5.8000E-5	9.7656E-3	3.2329E-1
5.9000E-5	9.5215E-3	3.0918E-1
6.0000E-5	1.0010E-2	3.0347E-1
6.1000E-5	9.7656E-3	3.0527E-1
6.2000E-5	8.7891E-3	3.0918E-1
6.3000E-5	9.7656E-3	3.2002E-1
6.4000E-5	9.7656E-3	3.3452E-1
6.5000E-5	9.7656E-3	3.5151E-1
6.6000E-5	9.7656E-3	3.7524E-1
6.7000E-5	9.7656E-3	4.0601E-1
6.8000E-5	9.7656E-3	4.4277E-1
6.9000E-5	9.5215E-3	4.8667E-1
7.0000E-5	1.0010E-2	5.3784E-1
7.1000E-5	9.0332E-3	5.9453E-1
7.2000E-5	9.7656E-3	6.5693E-1
7.3000E-5	9.5215E-3	7.1660E-1
7.4000E-5	9.7656E-3	7.6768E-1
7.5000E-5	9.2773E-3	8.0410E-1
7.6000E-5	9.5215E-3	8.2134E-1
7.7000E-5	1.0010E-2	8.1611E-1
7.8000E-5	1.0254E-2	7.9048E-1
7.9000E-5	1.0010E-2	7.4805E-1
8.0000E-5	1.0010E-2	6.9512E-1
8.1000E-5	9.2773E-3	6.3496E-1
8.2000E-5	9.5215E-3	5.7397E-1
8.3000E-5	9.7656E-3	5.1587E-1
8.4000E-5	8.7891E-3	4.6587E-1
8.5000E-5	9.2773E-3	4.2749E-1
8.6000E-5	9.2773E-3	4.0029E-1
8.7000E-5	1.0010E-2	3.8340E-1
8.8000E-5	9.2773E-3	3.7661E-1
8.9000E-5	9.7656E-3	3.7939E-1
9.0000E-5	9.7656E-3	3.8716E-1
9.1000E-5	9.2773E-3	4.0151E-1
9.2000E-5	9.5215E-3	4.1860E-1
9.3000E-5	1.0010E-2	4.4092E-1
9.4000E-5	9.2773E-3	4.6821E-1
9.5000E-5	9.5215E-3	4.9800E-1
9.6000E-5	1.0010E-2	5.3032E-1
9.7000E-5	9.7656E-3	5.6719E-1
9.8000E-5	9.5215E-3	6.0615E-1
9.9000E-5	9.2773E-3	6.4824E-1
1.0000E-4	9.2773E-3	6.9243E-1
1.0100E-4	9.7656E-3	7.3560E-1
1.0200E-4	9.5215E-3	7.7114E-1
1.0300E-4	9.7656E-3	7.9473E-1
1.0400E-4	9.2773E-3	7.9956E-1
1.0500E-4	9.7656E-3	7.8848E-1
1.0600E-4	9.7656E-3	7.6304E-1
1.0700E-4	9.2773E-3	7.2764E-1
1.0800E-4	1.0010E-2	6.8613E-1
1.0900E-4	1.0254E-2	6.4355E-1
1.1000E-4	1.0010E-2	6.0254E-1
1.1100E-4	9.5215E-3	5.6426E-1
1.1200E-4	9.7656E-3	5.3071E-1
1.1300E-4	9.5215E-3	5.0322E-1
1.1400E-4	1.0010E-2	4.8203E-1
1.1500E-4	9.7656E-3	4.6665E-1
1.1600E-4	9.2773E-3	4.5776E-1
1.1700E-4	9.5215E-3	4.5410E-1
1.1800E-4	1.0254E-2	4.5464E-1
1.1900E-4	1.0010E-2	4.6021E-1
1.2000E-4	9.5215E-3	4.7026E-1
1.2100E-4	9.0332E-3	4.8462E-1
1.2200E-4	9.7656E-3	5.0298E-1
1.2300E-4	9.7656E-3	5.2603E-1
1.2400E-4	9.2773E-3	5.4932E-1
1.2500E-4	1.0254E-2	5.7427E-1
1.2600E-4	9.7656E-3	5.9902E-1
1.2700E-4	9.7656E-3	6.2319E-1
1.2800E-4	9.7656E-3	6.4727E-1
1.2900E-4	9.2773E-3	6.7354E-1
1.3000E-4	9.7656E-3	6.9893E-1
1.3100E-4	1.0254E-2	7.2002E-1
1.3200E-4	9.5215E-3	7.3452E-1
1.3300E-4	9.7656E-3	7.4316E-1
1.3400E-4	9.7656E-3	7.4316E-1
1.3500E-4	9.7656E-3	7.3521E-1
1.3600E-4	9.5215E-3	7.2217E-1
1.3700E-4	9.5215E-3	7.0537E-1
1.3800E-4	1.0010E-2	6.8271E-1
1.3900E-4	9.7656E-3	6.5942E-1
1.4000E-4	9.5215E-3	6.3574E-1
1.4100E-4	9.7656E-3	6.1353E-1
1.4200E-4	9.2773E-3	5.9531E-1
1.4300E-4	9.0332E-3	5.8354E-1
1.4400E-4	9.7656E-3	5.7427E-1
1.4500E-4	9.5215E-3	5.6934E-1
1.4600E-4	9.5215E-3	5.6519E-1
1.4700E-4	1.0254E-2	5.6250E-1
1.4800E-4	9.5215E-3	5.6030E-1
1.4900E-4	9.0332E-3	5.6123E-1
1.5000E-4	9.7656E-3	5.6260E-1
1.5100E-4	9.2773E-3	5.6646E-1
1.5200E-4	9.5215E-3	5.7178E-1
1.5300E-4	9.2773E-3	5.7627E-1
1.5400E-4	9.2773E-3	5.8081E-1
1.5500E-4	9.7656E-3	5.8848E-1
1.5600E-4	1.0010E-2	5.9766E-1
1.5700E-4	9.2773E-3	6.0649E-1
1.5800E-4	1.0498E-2	6.1904E-1
1.5900E-4	9.5215E-3	6.3164E-1
1.6000E-4	9.7656E-3	6.4429E-1
1.6100E-4	1.0254E-2	6.5718E-1
1.6200E-4	9.2773E-3	6.6982E-1
1.6300E-4	9.2773E-3	6.7983E-1
1.6400E-4	9.7656E-3	6.8901E-1
1.6500E-4	9.5215E-3	6.9609E-1
1.6600E-4	9.5215E-3	6.9961E-1
1.6700E-4	9.2773E-3	7.0142E-1
1.6800E-4	9.7656E-3	7.0249E-1
1.6900E-4	9.5215E-3	7.0249E-1
1.7000E-4	9.5215E-3	6.9971E-1
1.7100E-4	1.0254E-2	6.9746E-1
1.7200E-4	8.7891E-3	6.9419E-1
1.7300E-4	1.0010E-2	6.8462E-1
1.7400E-4	1.0254E-2	6.7114E-1
1.7500E-4	9.7656E-3	6.5430E-1
1.7600E-4	9.7656E-3	6.3516E-1
1.7700E-4	9.7656E-3	6.1470E-1
1.7800E-4	9.5215E-3	5.9868E-1
1.7900E-4	9.2773E-3	5.8315E-1
1.8000E-4	9.0332E-3	5.6953E-1
1.8100E-4	1.0010E-2	5.5898E-1
1.8200E-4	1.0010E-2	5.5112E-1
1.8300E-4	9.2773E-3	5.4287E-1
1.8400E-4	9.0332E-3	5.3970E-1
1.8500E-4	9.5215E-3	5.4067E-1
1.8600E-4	9.5215E-3	5.4390E-1
1.8700E-4	1.0010E-2	5.4985E-1
1.8800E-4	9.2773E-3	5.6069E-1
1.8900E-4	1.0254E-2	5.7236E-1
1.9000E-4	9.7656E-3	5.8574E-1
1.9100E-4	1.0010E-2	6.0269E-1
1.9200E-4	9.5215E-3	6.2461E-1
1.9300E-4	9.7656E-3	6.5190E-1
1.9400E-4	9.0332E-3	6.8296E-1
1.9500E-4	9.2773E-3	7.1396E-1
1.9600E-4	9.7656E-3	7.3931E-1
1.9700E-4	9.7656E-3	7.5923E-1
1.9800E-4	1.0254E-2	7.7051E-1
1.9900E-4	9.7656E-3	7.7334E-1
2.0000E-4	9.7656E-3	7.6997E-1
2.0100E-4	9.2773E-3	7.6025E-1
2.0200E-4	1.0010E-2	7.4316E-1
2.0300E-4	9.2773E-3	7.1816E-1
2.0400E-4	1.0010E-2	6.8921E-1
2.0500E-4	9.5215E-3	6.5635E-1
2.0600E-4	9.7656E-3	6.2158E-1
2.0700E-4	9.0332E-3	5.8711E-1
2.0800E-4	9.7656E-3	5.5615E-1
2.0900E-4	9.2773E-3	5.2832E-1
2.1000E-4	9.0332E-3	5.0615E-1
2.1100E-4	9.5215E-3	4.9092E-1
2.1200E-4	9.7656E-3	4.8252E-1
2.1300E-4	9.5215E-3	4.8154E-1
2.1400E-4	8.7891E-3	4.8604E-1
2.1500E-4	9.7656E-3	4.9346E-1
2.1600E-4	1.0254E-2	5.0645E-1
2.1700E-4	9.7656E-3	5.2368E-1
2.1800E-4	9.5215E-3	5.4287E-1
2.1900E-4	9.7656E-3	5.6460E-1
2.2000E-4	9.7656E-3	5.9351E-1
2.2100E-4	1.0010E-2	6.2554E-1
2.2200E-4	1.0254E-2	6.5903E-1
2.2300E-4	9.5215E-3	6.9443E-1
2.2400E-4	9.7656E-3	7.2969E-1
2.2500E-4	9.5215E-3	7.5713E-1
2.2600E-4	9.7656E-3	7.7676E-1
2.2700E-4	1.0254E-2	7.8701E-1
2.2800E-4	9.2773E-3	7.8623E-1
2.2900E-4	9.5215E-3	7.7622E-1
2.3000E-4	1.0010E-2	7.5757E-1
2.3100E-4	9.5215E-3	7.3213E-1
2.3200E-4	9.7656E-3	7.0063E-1
2.3300E-4	9.2773E-3	6.6641E-1
2.3400E-4	1.0010E-2	6.3174E-1
2.3500E-4	9.7656E-3	5.9702E-1
2.3600E-4	9.5215E-3	5.6299E-1
2.3700E-4	9.7656E-3	5.3242E-1
2.3800E-4	9.0332E-3	5.0679E-1
2.3900E-4	1.0010E-2	4.8608E-1
2.4000E-4	9.5215E-3	4.7314E-1
2.4100E-4	9.7656E-3	4.6880E-1
2.4200E-4	1.0010E-2	4.7139E-1
2.4300E-4	9.7656E-3	4.8037E-1
2.4400E-4	9.2773E-3	4.9385E-1
2.4500E-4	9.2773E-3	5.1392E-1
2.4600E-4	9.7656E-3	5.3711E-1
2.4700E-4	9.5215E-3	5.6543E-1
2.4800E-4	8.7891E-3	5.9526E-1
2.4900E-4	9.2773E-3	6.2861E-1
2.5000E-4	9.5215E-3	6.6206E-1
2.5100E-4	8.7891E-3	6.9761E-1
2.5200E-4	1.0254E-2	7.3062E-1
2.5300E-4	9.5215E-3	7.5933E-1
2.5400E-4	9.7656E-3	7.7725E-1
2.5500E-4	1.0254E-2	7.8706E-1
2.5600E-4	1.0254E-2	7.8521E-1
2.5700E-4	9.0332E-3	7.7334E-1
2.5800E-4	9.7656E-3	7.5586E-1
2.5900E-4	9.5215E-3	7.3560E-1
2.6000E-4	9.7656E-3	7.0923E-1
2.6100E-4	9.0332E-3	6.8071E-1
2.6200E-4	9.5215E-3	6.5039E-1
2.6300E-4	9.5215E-3	6.1836E-1
2.6400E-4	1.0010E-2	5.8521E-1
2.6500E-4	9.7656E-3	5.5244E-1
2.6600E-4	9.7656E-3	5.2178E-1
2.6700E-4	9.7656E-3	4.9731E-1
2.6800E-4	1.0010E-2	4.7817E-1
2.6900E-4	9.2773E-3	4.6577E-1
2.7000E-4	9.7656E-3	4.6055E-1
2.7100E-4	9.7656E-3	4.6592E-1
2.7200E-4	9.7656E-3	4.7700E-1
2.7300E-4	9.2773E-3	4.9443E-1
2.7400E-4	9.7656E-3	5.1802E-1
2.7500E-4	9.5215E-3	5.4614E-1
2.7600E-4	9.5215E-3	5.7378E-1
2.7700E-4	1.0010E-2	6.0352E-1
2.7800E-4	9.5215E-3	6.3496E-1
2.7900E-4	9.5215E-3	6.6489E-1
2.8000E-4	9.5215E-3	6.9497E-1
2.8100E-4	9.7656E-3	7.2197E-1
2.8200E-4	9.7656E-3	7.4302E-1
2.8300E-4	9.2773E-3	7.5581E-1
2.8400E-4	9.7656E-3	7.6479E-1
2.8500E-4	1.0254E-2	7.6484E-1
2.8600E-4	9.2773E-3	7.5762E-1
2.8700E-4	9.0332E-3	7.4458E-1
2.8800E-4	1.0254E-2	7.2822E-1
2.8900E-4	1.0010E-2	7.0522E-1
2.9000E-4	9.7656E-3	6.8057E-1
2.9100E-4	9.0332E-3	6.5410E-1
2.9200E-4	9.0332E-3	6.2788E-1
2.9300E-4	9.5215E-3	6.0317E-1
2.9400E-4	1.0010E-2	5.8149E-1
2.9500E-4	9.2773E-3	5.6479E-1
2.9600E-4	9.7656E-3	5.5342E-1
2.9700E-4	1.0254E-2	5.4863E-1
2.9800E-4	1.0498E-2	5.4683E-1
2.9900E-4	9.7656E-3	5.4922E-1
3.0000E-4	1.0254E-2	5.5420E-1
3.0100E-4	9.2773E-3	5.6113E-1
3.0200E-4	9.2773E-3	5.6807E-1
3.0300E-4	9.5215E-3	5.7759E-1
3.0400E-4	1.0254E-2	5.8955E-1
3.0500E-4	9.7656E-3	6.0352E-1
3.0600E-4	9.2773E-3	6.2144E-1
3.0700E-4	1.0498E-2	6.3887E-1
3.0800E-4	9.2773E-3	6.5679E-1
3.0900E-4	9.5215E-3	6.7485E-1
3.1000E-4	1.0010E-2	6.9072E-1
3.1100E-4	1.0010E-2	7.0283E-1
3.1200E-4	9.7656E-3	7.1436E-1
3.1300E-4	9.5215E-3	7.2261E-1
3.1400E-4	9.7656E-3	7.2671E-1
3.1500E-4	9.5215E-3	7.2993E-1
3.1600E-4	1.0254E-2	7.2744E-1
3.1700E-4	9.5215E-3	7.2314E-1
3.1800E-4	1.0254E-2	7.1450E-1
3.1900E-4	1.0498E-2	7.0259E-1
3.2000E-4	1.0254E-2	6.8745E-1
3.2100E-4	1.0254E-2	6.7305E-1
3.2200E-4	9.5215E-3	6.5781E-1
3.2300E-4	9.7656E-3	6.4443E-1
3.2400E-4	1.0498E-2	6.3101E-1
3.2500E-4	1.0010E-2	6.1660E-1
3.2600E-4	9.5215E-3	6.0562E-1
3.2700E-4	9.7656E-3	5.9458E-1
3.2800E-4	9.5215E-3	5.8354E-1
3.2900E-4	9.5215E-3	5.7476E-1
3.3000E-4	1.0254E-2	5.6802E-1
3.3100E-4	9.7656E-3	5.6177E-1
3.3200E-4	1.0254E-2	5.5796E-1
3.3300E-4	1.0010E-2	5.5742E-1
3.3400E-4	9.7656E-3	5.5840E-1
3.3500E-4	1.0498E-2	5.6089E-1
3.3600E-4	1.0010E-2	5.6382E-1
3.3700E-4	9.7656E-3	5.6982E-1
3.3800E-4	9.7656E-3	5.7739E-1
3.3900E-4	9.7656E-3	5.8481E-1
3.4000E-4	9.7656E-3	5.9614E-1
3.4100E-4	9.5215E-3	6.0854E-1
3.4200E-4	9.2773E-3	6.2046E-1
3.4300E-4	1.0010E-2	6.3438E-1
3.4400E-4	1.0010E-2	6.5542E-1
3.4500E-4	9.5215E-3	6.7578E-1
3.4600E-4	9.7656E-3	6.9863E-1
3.4700E-4	1.0010E-2	7.2026E-1
3.4800E-4	9.0332E-3	7.3906E-1
3.4900E-4	9.7656E-3	7.4946E-1
3.5000E-4	1.0010E-2	7.5352E-1
3.5100E-4	9.5215E-3	7.5137E-1
3.5200E-4	9.2773E-3	7.4233E-1
3.5300E-4	9.7656E-3	7.2534E-1
3.5400E-4	9.5215E-3	7.0435E-1
3.5500E-4	9.0332E-3	6.7847E-1
3.5600E-4	1.0498E-2	6.4907E-1
3.5700E-4	1.0254E-2	6.1895E-1
3.5800E-4	9.7656E-3	5.8901E-1
3.5900E-4	9.0332E-3	5.5884E-1
3.6000E-4	9.5215E-3	5.3213E-1
3.6100E-4	9.5215E-3	5.0854E-1
3.6200E-4	9.0332E-3	4.8828E-1
3.6300E-4	9.7656E-3	4.7363E-1
3.6400E-4	9.5215E-3	4.6392E-1
3.6500E-4	1.0010E-2	4.6055E-1
3.6600E-4	1.0010E-2	4.6309E-1
3.6700E-4	9.2773E-3	4.7168E-1
3.6800E-4	9.5215E-3	4.8555E-1
3.6900E-4	1.0010E-2	5.0322E-1
3.7000E-4	9.2773E-3	5.2344E-1
3.7100E-4	9.2773E-3	5.4741E-1
3.7200E-4	1.0010E-2	5.7646E-1
3.7300E-4	9.2773E-3	6.1079E-1
3.7400E-4	1.0010E-2	6.5137E-1
3.7500E-4	9.2773E-3	6.9346E-1
3.7600E-4	9.5215E-3	7.2798E-1
3.7700E-4	9.2773E-3	7.5200E-1
3.7800E-4	9.7656E-3	7.6318E-1
3.7900E-4	9.7656E-3	7.6279E-1
3.8000E-4	9.0332E-3	7.5039E-1
3.8100E-4	1.0010E-2	7.3262E-1
3.8200E-4	1.0010E-2	7.0869E-1
3.8300E-4	9.5215E-3	6.7832E-1
3.8400E-4	9.5215E-3	6.3950E-1
3.8500E-4	1.0010E-2	5.9536E-1
3.8600E-4	1.0254E-2	5.4785E-1
3.8700E-4	9.5215E-3	4.9927E-1
3.8800E-4	9.5215E-3	4.5498E-1
3.8900E-4	1.0010E-2	4.1860E-1
3.9000E-4	9.7656E-3	3.9111E-1
3.9100E-4	9.2773E-3	3.7368E-1
3.9200E-4	9.5215E-3	3.6528E-1
3.9300E-4	9.5215E-3	3.6436E-1
3.9400E-4	9.5215E-3	3.7056E-1
3.9500E-4	1.0254E-2	3.8433E-1
3.9600E-4	9.2773E-3	4.0308E-1
3.9700E-4	9.0332E-3	4.2700E-1
3.9800E-4	9.7656E-3	4.5654E-1
3.9900E-4	9.7656E-3	4.8701E-1
4.0000E-4	9.7656E-3	5.1938E-1
4.0100E-4	9.5215E-3	5.5684E-1
4.0200E-4	9.7656E-3	6.0107E-1
4.0300E-4	1.0254E-2	6.4810E-1
4.0400E-4	1.0010E-2	6.9463E-1
4.0500E-4	9.2773E-3	7.3384E-1
4.0600E-4	9.7656E-3	7.5879E-1
4.0700E-4	9.5215E-3	7.6680E-1
4.0800E-4	1.0254E-2	7.5425E-1
4.0900E-4	9.7656E-3	7.2651E-1
4.1000E-4	1.0254E-2	6.8721E-1
4.1100E-4	9.0332E-3	6.3672E-1
4.1200E-4	1.0010E-2	5.7603E-1
4.1300E-4	9.0332E-3	5.1489E-1
4.1400E-4	9.5215E-3	4.5562E-1
4.1500E-4	1.0010E-2	4.0210E-1
4.1600E-4	9.5215E-3	3.5889E-1
4.1700E-4	9.2773E-3	3.2979E-1
4.1800E-4	9.5215E-3	3.1182E-1
4.1900E-4	9.7656E-3	3.0381E-1
4.2000E-4	1.0010E-2	3.0454E-1
4.2100E-4	9.5215E-3	3.1108E-1
4.2200E-4	9.5215E-3	3.2144E-1
4.2300E-4	9.5215E-3	3.3447E-1
4.2400E-4	9.5215E-3	3.5234E-1
4.2500E-4	9.0332E-3	3.7305E-1
4.2600E-4	9.2773E-3	3.9756E-1
4.2700E-4	9.5215E-3	4.2793E-1
4.2800E-4	9.5215E-3	4.6523E-1
4.2900E-4	9.2773E-3	5.0713E-1
4.3000E-4	9.7656E-3	5.5674E-1
4.3100E-4	9.5215E-3	6.1494E-1
4.3200E-4	9.5215E-3	6.7349E-1
4.3300E-4	1.0010E-2	7.2334E-1
4.3400E-4	9.5215E-3	7.5801E-1
4.3500E-4	1.0254E-2	7.7158E-1
4.3600E-4	1.0010E-2	7.6040E-1
4.3700E-4	9.2773E-3	7.2632E-1
4.3800E-4	9.2773E-3	6.7183E-1
4.3900E-4	9.7656E-3	6.0396E-1
4.4000E-4	9.5215E-3	5.2812E-1
4.4100E-4	9.5215E-3	4.5073E-1
4.4200E-4	1.0254E-2	3.7812E-1
4.4300E-4	1.0010E-2	3.1807E-1
4.4400E-4	9.0332E-3	2.7251E-1
4.4500E-4	9.0332E-3	2.4238E-1
4.4600E-4	9.7656E-3	2.2534E-1
4.4700E-4	9.7656E-3	2.2046E-1
4.4800E-4	9.2773E-3	2.2490E-1
4.4900E-4	9.5215E-3	2.3745E-1
4.5000E-4	9.5215E-3	2.5347E-1
4.5100E-4	1.0010E-2	2.7393E-1
4.5200E-4	9.7656E-3	2.9365E-1
4.5300E-4	9.2773E-3	3.1479E-1
4.5400E-4	1.0254E-2	3.3940E-1
4.5500E-4	9.5215E-3	3.7002E-1
4.5600E-4	1.0254E-2	4.0640E-1
4.5700E-4	9.7656E-3	4.5444E-1
4.5800E-4	9.2773E-3	5.1152E-1
4.5900E-4	9.2773E-3	5.7661E-1
4.6000E-4	9.5215E-3	6.4229E-1
4.6100E-4	9.5215E-3	6.9946E-1
4.6200E-4	9.5215E-3	7.3647E-1
4.6300E-4	9.7656E-3	7.4517E-1
4.6400E-4	1.0010E-2	7.1782E-1
4.6500E-4	9.5215E-3	6.6079E-1
4.6600E-4	9.7656E-3	5.7969E-1
4.6700E-4	9.7656E-3	4.8662E-1
4.6800E-4	1.0254E-2	3.9175E-1
4.6900E-4	9.5215E-3	3.0063E-1
4.7000E-4	9.5215E-3	2.1875E-1
4.7100E-4	9.2773E-3	1.5098E-1
4.7200E-4	9.5215E-3	9.8926E-2
4.7300E-4	9.0332E-3	6.0645E-2
4.7400E-4	9.2773E-3	3.8916E-2
4.7500E-4	9.5215E-3	2.9346E-2
4.7600E-4	1.0010E-2	2.5391E-2
4.7700E-4	9.7656E-3	2.2314E-2
4.7800E-4	1.0010E-2	2.1436E-2
4.7900E-4	9.5215E-3	1.7480E-2
4.8000E-4	9.2773E-3	1.2158E-2
4.8100E-4	9.7656E-3	6.0059E-3
4.8200E-4	9.5215E-3	9.7656E-4
4.8300E-4	9.2773E-3	-3.7598E-3
4.8400E-4	9.5215E-3	-6.2500E-3
4.8500E-4	9.2773E-3	-8.9844E-3
4.8600E-4	9.5215E-3	-9.2773E-3
4.8700E-4	9.7656E-3	-9.9609E-3
4.8800E-4	9.7656E-3	-9.9121E-3
4.8900E-4	9.5215E-3	-1.0986E-2
4.9000E-4	9.7656E-3	-1.4014E-2
4.9100E-4	9.7656E-3	-1.6748E-2
4.9200E-4	9.7656E-3	-1.8994E-2
4.9300E-4	9.7656E-3	-2.1631E-2
4.9400E-4	1.0010E-2	-2.2510E-2
4.9500E-4	9.7656E-3	-2.1436E-2
4.9600E-4	9.2773E-3	-2.0020E-2
4.9700E-4	9.7656E-3	-1.7529E-2
4.9800E-4	9.7656E-3	-1.7090E-2
4.9900E-4	1.0010E-2	-1.4160E-2
5.0000E-4	9.7656E-3	-9.2285E-3
5.0100E-4	9.7656E-3	-4.0527E-3
5.0200E-4	1.0010E-2	6.8359E-4
5.0300E-4	9.5215E-3	7.7637E-3
5.0400E-4	9.5215E-3	1.2842E-2
5.0500E-4	9.7656E-3	1.8848E-2
5.0600E-4	1.0498E-2	2.7295E-2
5.0700E-4	9.2773E-3	4.0430E-2
5.0800E-4	9.2773E-3	5.9521E-2
5.0900E-4	9.2773E-3	8.6230E-2
5.1000E-4	9.7656E-3	1.1880E-1
5.1100E-4	9.7656E-3	1.6040E-1
5.1200E-4	9.2773E-3	2.0996E-1
5.1300E-4	9.5215E-3	2.6865E-1
5.1400E-4	1.0010E-2	3.3643E-1
5.1500E-4	9.7656E-3	4.1577E-1
5.1600E-4	9.2773E-3	5.0435E-1
5.1700E-4	1.0010E-2	5.9678E-1
5.1800E-4	9.7656E-3	6.8677E-1
5.1900E-4	9.7656E-3	7.6025E-1
5.2000E-4	9.2773E-3	8.0918E-1
5.2100E-4	9.5215E-3	8.2573E-1
5.2200E-4	9.5215E-3	8.0654E-1
5.2300E-4	9.0332E-3	7.5283E-1
5.2400E-4	9.5215E-3	6.7598E-1
5.2500E-4	1.0010E-2	5.8496E-1
5.2600E-4	9.7656E-3	4.8940E-1
5.2700E-4	9.5215E-3	4.0098E-1
5.2800E-4	1.0010E-2	3.2642E-1
5.2900E-4	9.5215E-3	2.7002E-1
5.3000E-4	9.5215E-3	2.3169E-1
5.3100E-4	1.0010E-2	2.0762E-1
5.3200E-4	1.0010E-2	1.9766E-1
5.3300E-4	9.5215E-3	1.9712E-1
5.3400E-4	9.5215E-3	2.0669E-1
5.3500E-4	9.5215E-3	2.2417E-1
5.3600E-4	9.7656E-3	2.4849E-1
5.3700E-4	9.5215E-3	2.7764E-1
5.3800E-4	9.5215E-3	3.1167E-1
5.3900E-4	1.0498E-2	3.4648E-1
5.4000E-4	9.7656E-3	3.8340E-1
5.4100E-4	1.0010E-2	4.2534E-1
5.4200E-4	9.7656E-3	4.7373E-1
5.4300E-4	9.2773E-3	5.3306E-1
5.4400E-4	1.0742E-2	5.9868E-1
5.4500E-4	9.5215E-3	6.6675E-1
5.4600E-4	9.2773E-3	7.2754E-1
5.4700E-4	9.5215E-3	7.7393E-1
5.4800E-4	9.5215E-3	7.9712E-1
5.4900E-4	9.7656E-3	7.9746E-1
5.5000E-4	1.0254E-2	7.7100E-1
5.5100E-4	9.7656E-3	7.2578E-1
5.5200E-4	9.7656E-3	6.6431E-1
5.5300E-4	9.2773E-3	5.9355E-1
5.5400E-4	1.0010E-2	5.2026E-1
5.5500E-4	9.7656E-3	4.5469E-1
5.5600E-4	1.0010E-2	3.9849E-1
5.5700E-4	9.0332E-3	3.5713E-1
5.5800E-4	9.5215E-3	3.3110E-1
5.5900E-4	1.0010E-2	3.1528E-1
5.6000E-4	1.0010E-2	3.0679E-1
5.6100E-4	9.5215E-3	3.0669E-1
5.6200E-4	1.0010E-2	3.1353E-1
5.6300E-4	9.5215E-3	3.2251E-1
5.6400E-4	9.7656E-3	3.3965E-1
5.6500E-4	9.2773E-3	3.6226E-1
5.6600E-4	9.5215E-3	3.8765E-1
5.6700E-4	9.5215E-3	4.1743E-1
5.6800E-4	9.5215E-3	4.5586E-1
5.6900E-4	9.2773E-3	5.0161E-1
5.7000E-4	9.2773E-3	5.5396E-1
5.7100E-4	9.7656E-3	6.1606E-1
5.7200E-4	9.5215E-3	6.8149E-1
5.7300E-4	9.7656E-3	7.4268E-1
5.7400E-4	1.0010E-2	7.8784E-1
5.7500E-4	9.7656E-3	8.1582E-1
5.7600E-4	9.5215E-3	8.2173E-1
5.7700E-4	8.7891E-3	8.0537E-1
5.7800E-4	1.0254E-2	7.6831E-1
5.7900E-4	9.7656E-3	7.2026E-1
5.8000E-4	1.0254E-2	6.6499E-1
5.8100E-4	9.7656E-3	6.0391E-1
5.8200E-4	9.5215E-3	5.4312E-1
5.8300E-4	1.0254E-2	4.8940E-1
5.8400E-4	9.7656E-3	4.4468E-1
5.8500E-4	9.7656E-3	4.0811E-1
5.8600E-4	1.0010E-2	3.8491E-1
5.8700E-4	1.0254E-2	3.7173E-1
5.8800E-4	9.2773E-3	3.6748E-1
5.8900E-4	1.0010E-2	3.6982E-1
5.9000E-4	1.0254E-2	3.7900E-1
5.9100E-4	1.0010E-2	3.8960E-1
5.9200E-4	9.7656E-3	4.0552E-1
5.9300E-4	9.2773E-3	4.2432E-1
5.9400E-4	9.5215E-3	4.4883E-1
5.9500E-4	9.2773E-3	4.7646E-1
5.9600E-4	1.0254E-2	5.1006E-1
5.9700E-4	1.0010E-2	5.4692E-1
5.9800E-4	9.7656E-3	5.8994E-1
5.9900E-4	9.2773E-3	6.3560E-1
6.0000E-4	9.7656E-3	6.8403E-1
6.0100E-4	1.0254E-2	7.3164E-1
6.0200E-4	9.5215E-3	7.7075E-1
6.0300E-4	9.2773E-3	7.9648E-1
6.0400E-4	1.0010E-2	8.0884E-1
6.0500E-4	9.2773E-3	8.0742E-1
6.0600E-4	1.0254E-2	7.9092E-1
6.0700E-4	9.2773E-3	7.6802E-1
6.0800E-4	1.0010E-2	7.3618E-1
6.0900E-4	9.5215E-3	6.9565E-1
6.1000E-4	1.0010E-2	6.4932E-1
6.1100E-4	1.0010E-2	6.0322E-1
6.1200E-4	9.7656E-3	5.5684E-1
6.1300E-4	9.7656E-3	5.1606E-1
6.1400E-4	9.2773E-3	4.8501E-1
6.1500E-4	9.2773E-3	4.6455E-1
6.1600E-4	9.7656E-3	4.5542E-1
6.1700E-4	1.0010E-2	4.5376E-1
6.1800E-4	1.0010E-2	4.6069E-1
6.1900E-4	9.2773E-3	4.7275E-1
6.2000E-4	1.0254E-2	4.8652E-1
6.2100E-4	9.5215E-3	5.0127E-1
6.2200E-4	9.7656E-3	5.1924E-1
6.2300E-4	9.2773E-3	5.3818E-1
6.2400E-4	9.2773E-3	5.6021E-1
6.2500E-4	1.0010E-2	5.8794E-1
6.2600E-4	1.0254E-2	6.1665E-1
6.2700E-4	9.5215E-3	6.4707E-1
6.2800E-4	9.5215E-3	6.7822E-1
6.2900E-4	9.5215E-3	7.0615E-1
6.3000E-4	9.7656E-3	7.2720E-1
6.3100E-4	9.5215E-3	7.4370E-1
6.3200E-4	9.7656E-3	7.5498E-1
6.3300E-4	1.0010E-2	7.5791E-1
6.3400E-4	9.5215E-3	7.5474E-1
6.3500E-4	9.7656E-3	7.4507E-1
6.3600E-4	1.0254E-2	7.2769E-1
6.3700E-4	1.0010E-2	7.0171E-1
6.3800E-4	9.7656E-3	6.7207E-1
6.3900E-4	9.2773E-3	6.4141E-1
6.4000E-4	9.5215E-3	6.1260E-1
6.4100E-4	9.2773E-3	5.8833E-1
6.4200E-4	1.0254E-2	5.6934E-1
6.4300E-4	9.7656E-3	5.5708E-1
6.4400E-4	1.0010E-2	5.4858E-1
6.4500E-4	9.7656E-3	5.4385E-1
6.4600E-4	9.7656E-3	5.4092E-1
6.4700E-4	9.2773E-3	5.4272E-1
6.4800E-4	1.0254E-2	5.4507E-1
6.4900E-4	9.5215E-3	5.4902E-1
6.5000E-4	9.2773E-3	5.5527E-1
6.5100E-4	9.0332E-3	5.6138E-1
6.5200E-4	1.0010E-2	5.6606E-1
6.5300E-4	9.7656E-3	5.7354E-1
6.5400E-4	9.2773E-3	5.8076E-1
6.5500E-4	9.5215E-3	5.8687E-1
6.5600E-4	9.7656E-3	5.9565E-1
6.5700E-4	9.7656E-3	6.0757E-1
6.5800E-4	1.0010E-2	6.1831E-1
6.5900E-4	9.7656E-3	6.3169E-1
6.6000E-4	9.7656E-3	6.4604E-1
6.6100E-4	1.0010E-2	6.6006E-1
6.6200E-4	9.2773E-3	6.7305E-1
6.6300E-4	9.7656E-3	6.8682E-1
6.6400E-4	9.7656E-3	6.9673E-1
6.6500E-4	1.0010E-2	7.0425E-1
6.6600E-4	9.5215E-3	7.1016E-1
6.6700E-4	9.5215E-3	7.1343E-1
6.6800E-4	9.2773E-3	7.1328E-1
6.6900E-4	1.0254E-2	7.1377E-1
6.7000E-4	1.0010E-2	7.1343E-1
6.7100E-4	9.7656E-3	7.1162E-1
6.7200E-4	9.5215E-3	7.0532E-1
6.7300E-4	9.7656E-3	6.9507E-1
6.7400E-4	9.7656E-3	6.8008E-1
6.7500E-4	9.7656E-3	6.6152E-1
6.7600E-4	9.5215E-3	6.3774E-1
6.7700E-4	9.7656E-3	6.1396E-1
6.7800E-4	9.2773E-3	5.9116E-1
6.7900E-4	9.7656E-3	5.7021E-1
6.8000E-4	1.0010E-2	5.5371E-1
6.8100E-4	9.7656E-3	5.4175E-1
6.8200E-4	9.2773E-3	5.3364E-1
6.8300E-4	1.0254E-2	5.2949E-1
6.8400E-4	1.0010E-2	5.2793E-1
6.8500E-4	1.0010E-2	5.3037E-1
6.8600E-4	1.0010E-2	5.3740E-1
6.8700E-4	9.5215E-3	5.4741E-1
6.8800E-4	9.7656E-3	5.6060E-1
6.8900E-4	9.2773E-3	5.7871E-1
6.9000E-4	9.2773E-3	5.9863E-1
6.9100E-4	9.2773E-3	6.2041E-1
6.9200E-4	9.2773E-3	6.4395E-1
6.9300E-4	9.7656E-3	6.6719E-1
6.9400E-4	9.2773E-3	6.9072E-1
6.9500E-4	9.7656E-3	7.1230E-1
6.9600E-4	9.7656E-3	7.3213E-1
6.9700E-4	1.0010E-2	7.4746E-1
6.9800E-4	9.7656E-3	7.5874E-1
6.9900E-4	9.5215E-3	7.6196E-1
7.0000E-4	9.7656E-3	7.5786E-1
7.0100E-4	9.7656E-3	7.4536E-1
7.0200E-4	9.7656E-3	7.2690E-1
7.0300E-4	9.5215E-3	7.0405E-1
7.0400E-4	9.7656E-3	6.7725E-1
7.0500E-4	9.2773E-3	6.4761E-1
7.0600E-4	9.7656E-3	6.1963E-1
7.0700E-4	9.7656E-3	5.9185E-1
7.0800E-4	1.0254E-2	5.6445E-1
7.0900E-4	9.5215E-3	5.3999E-1
7.1000E-4	9.5215E-3	5.1875E-1
7.1100E-4	9.7656E-3	5.0249E-1
7.1200E-4	9.7656E-3	4.9321E-1
7.1300E-4	1.0010E-2	4.8945E-1
7.1400E-4	1.0010E-2	4.9116E-1
7.1500E-4	9.7656E-3	5.0093E-1
7.1600E-4	9.7656E-3	5.1436E-1
7.1700E-4	9.2773E-3	5.3101E-1
7.1800E-4	1.0010E-2	5.5190E-1
7.1900E-4	1.0010E-2	5.7759E-1
7.2000E-4	9.7656E-3	6.0581E-1
7.2100E-4	9.7656E-3	6.3721E-1
7.2200E-4	1.0010E-2	6.7114E-1
7.2300E-4	9.5215E-3	7.0659E-1
7.2400E-4	9.5215E-3	7.3960E-1
7.2500E-4	9.5215E-3	7.6558E-1
7.2600E-4	9.2773E-3	7.8271E-1
7.2700E-4	9.5215E-3	7.9092E-1
7.2800E-4	1.0010E-2	7.8643E-1
7.2900E-4	9.7656E-3	7.7207E-1
7.3000E-4	9.7656E-3	7.5161E-1
7.3100E-4	9.7656E-3	7.2466E-1
7.3200E-4	1.0010E-2	6.9160E-1
7.3300E-4	9.7656E-3	6.5830E-1
7.3400E-4	9.7656E-3	6.2295E-1
7.3500E-4	9.7656E-3	5.8672E-1
7.3600E-4	1.0010E-2	5.5288E-1
7.3700E-4	9.2773E-3	5.2461E-1
7.3800E-4	9.7656E-3	5.0044E-1
7.3900E-4	9.5215E-3	4.8164E-1
7.4000E-4	9.5215E-3	4.7109E-1
7.4100E-4	9.2773E-3	4.6621E-1
7.4200E-4	9.5215E-3	4.6553E-1
7.4300E-4	9.5215E-3	4.7007E-1
7.4400E-4	9.7656E-3	4.8003E-1
7.4500E-4	9.5215E-3	4.9580E-1
7.4600E-4	9.5215E-3	5.1768E-1
7.4700E-4	9.5215E-3	5.4341E-1
7.4800E-4	9.5215E-3	5.7412E-1
7.4900E-4	1.0254E-2	6.1064E-1
7.5000E-4	9.2773E-3	6.4785E-1
7.5100E-4	9.5215E-3	6.8711E-1
7.5200E-4	1.0010E-2	7.2666E-1
7.5300E-4	9.2773E-3	7.6089E-1
7.5400E-4	9.2773E-3	7.8735E-1
7.5500E-4	9.7656E-3	8.0303E-1
7.5600E-4	1.0254E-2	8.0581E-1
7.5700E-4	1.0010E-2	7.9697E-1
7.5800E-4	9.5215E-3	7.7856E-1
7.5900E-4	9.7656E-3	7.5234E-1
7.6000E-4	9.7656E-3	7.2183E-1
7.6100E-4	9.5215E-3	6.8735E-1
7.6200E-4	9.5215E-3	6.5195E-1
7.6300E-4	9.7656E-3	6.1836E-1
7.6400E-4	9.7656E-3	5.8452E-1
7.6500E-4	1.0254E-2	5.5430E-1
7.6600E-4	9.2773E-3	5.2739E-1
7.6700E-4	9.7656E-3	5.0640E-1
7.6800E-4	9.7656E-3	4.9009E-1
7.6900E-4	9.5215E-3	4.8218E-1
7.7000E-4	9.5215E-3	4.7925E-1
7.7100E-4	1.0498E-2	4.8491E-1
7.7200E-4	9.7656E-3	4.9668E-1
7.7300E-4	9.7656E-3	5.1421E-1
7.7400E-4	9.7656E-3	5.3579E-1
7.7500E-4	1.0010E-2	5.6211E-1
7.7600E-4	1.0010E-2	5.9082E-1
7.7700E-4	9.7656E-3	6.1865E-1
7.7800E-4	9.7656E-3	6.4702E-1
7.7900E-4	9.0332E-3	6.7471E-1
7.8000E-4	9.5215E-3	7.0117E-1
7.8100E-4	9.7656E-3	7.2588E-1
7.8200E-4	9.5215E-3	7.4702E-1
7.8300E-4	1.0010E-2	7.6274E-1
7.8400E-4	9.7656E-3	7.7148E-1
7.8500E-4	9.7656E-3	7.7144E-1
7.8600E-4	9.7656E-3	7.6279E-1
7.8700E-4	1.0010E-2	7.4844E-1
7.8800E-4	9.7656E-3	7.2690E-1
7.8900E-4	1.0010E-2	7.0200E-1
7.9000E-4	9.7656E-3	6.7383E-1
7.9100E-4	9.7656E-3	6.4517E-1
7.9200E-4	9.5215E-3	6.1685E-1
7.9300E-4	9.2773E-3	5.8970E-1
7.9400E-4	1.0010E-2	5.6348E-1
7.9500E-4	9.7656E-3	5.4453E-1
7.9600E-4	9.2773E-3	5.2979E-1
7.9700E-4	1.0254E-2	5.1880E-1
7.9800E-4	9.7656E-3	5.1543E-1
7.9900E-4	1.0010E-2	5.1626E-1
8.0000E-4	1.0010E-2	5.1899E-1
8.0100E-4	9.7656E-3	5.2549E-1
8.0200E-4	1.0010E-2	5.3569E-1
8.0300E-4	9.0332E-3	5.4805E-1
8.0400E-4	9.7656E-3	5.6665E-1
8.0500E-4	1.0010E-2	5.8818E-1
8.0600E-4	9.7656E-3	6.0962E-1
8.0700E-4	1.0010E-2	6.2998E-1
8.0800E-4	1.0010E-2	6.5029E-1
8.0900E-4	1.0010E-2	6.6758E-1
8.1000E-4	1.0010E-2	6.8257E-1
8.1100E-4	1.0254E-2	6.9795E-1
8.1200E-4	1.0254E-2	7.1177E-1
8.1300E-4	9.7656E-3	7.2285E-1
8.1400E-4	1.0010E-2	7.2925E-1
8.1500E-4	9.5215E-3	7.3345E-1
8.1600E-4	9.7656E-3	7.3164E-1
8.1700E-4	9.2773E-3	7.2559E-1
8.1800E-4	9.7656E-3	7.1636E-1
8.1900E-4	9.5215E-3	7.0469E-1
8.2000E-4	9.7656E-3	6.9053E-1
8.2100E-4	9.5215E-3	6.7666E-1
8.2200E-4	9.0332E-3	6.6621E-1
8.2300E-4	1.0254E-2	6.5513E-1
8.2400E-4	1.0010E-2	6.4404E-1
8.2500E-4	9.2773E-3	6.3276E-1
8.2600E-4	1.0498E-2	6.2300E-1
8.2700E-4	1.0254E-2	6.1162E-1
8.2800E-4	1.0010E-2	6.0161E-1
8.2900E-4	9.2773E-3	5.9360E-1
8.3000E-4	9.2773E-3	5.8535E-1
8.3100E-4	1.0254E-2	5.7681E-1
8.3200E-4	9.5215E-3	5.6919E-1
8.3300E-4	1.0010E-2	5.6206E-1
8.3400E-4	9.7656E-3	5.5840E-1
8.3500E-4	1.0010E-2	5.5986E-1
8.3600E-4	9.7656E-3	5.6450E-1
8.3700E-4	9.7656E-3	5.7251E-1
8.3800E-4	9.2773E-3	5.8437E-1
8.3900E-4	1.0010E-2	5.9678E-1
8.4000E-4	1.0010E-2	6.0967E-1
8.4100E-4	9.7656E-3	6.2407E-1
8.4200E-4	9.7656E-3	6.3999E-1
8.4300E-4	9.2773E-3	6.5693E-1
8.4400E-4	9.5215E-3	6.7427E-1
8.4500E-4	9.5215E-3	6.9399E-1
8.4600E-4	1.0254E-2	7.1245E-1
8.4700E-4	9.2773E-3	7.2661E-1
8.4800E-4	1.0010E-2	7.3545E-1
8.4900E-4	9.5215E-3	7.4082E-1
8.5000E-4	1.0010E-2	7.3936E-1
8.5100E-4	1.0010E-2	7.3135E-1
8.5200E-4	8.7891E-3	7.2197E-1
8.5300E-4	1.0010E-2	7.0806E-1
8.5400E-4	9.5215E-3	6.9082E-1
8.5500E-4	1.0010E-2	6.6753E-1
8.5600E-4	9.7656E-3	6.4180E-1
8.5700E-4	9.7656E-3	6.1157E-1
8.5800E-4	1.0010E-2	5.7993E-1
8.5900E-4	9.2773E-3	5.4780E-1
8.6000E-4	9.7656E-3	5.1973E-1
8.6100E-4	1.0010E-2	4.9502E-1
8.6200E-4	1.0010E-2	4.7656E-1
8.6300E-4	9.2773E-3	4.6548E-1
8.6400E-4	1.0010E-2	4.5898E-1
8.6500E-4	1.0010E-2	4.5469E-1
8.6600E-4	9.7656E-3	4.5518E-1
8.6700E-4	9.5215E-3	4.6069E-1
8.6800E-4	1.0010E-2	4.7227E-1
8.6900E-4	9.2773E-3	4.8965E-1
8.7000E-4	1.0254E-2	5.1411E-1
8.7100E-4	9.7656E-3	5.4473E-1
8.7200E-4	9.7656E-3	5.7905E-1
8.7300E-4	9.7656E-3	6.1704E-1
8.7400E-4	9.7656E-3	6.5938E-1
8.7500E-4	9.5215E-3	6.9995E-1
8.7600E-4	9.5215E-3	7.3442E-1
8.7700E-4	9.5215E-3	7.5825E-1
8.7800E-4	1.0010E-2	7.6670E-1
8.7900E-4	1.0254E-2	7.5947E-1
8.8000E-4	9.7656E-3	7.4424E-1
8.8100E-4	9.7656E-3	7.2129E-1
8.8200E-4	9.2773E-3	6.9219E-1
8.8300E-4	9.7656E-3	6.6147E-1
8.8400E-4	9.7656E-3	6.2510E-1
8.8500E-4	9.7656E-3	5.8018E-1
8.8600E-4	9.5215E-3	5.3281E-1
8.8700E-4	9.2773E-3	4.8677E-1
8.8800E-4	9.5215E-3	4.4106E-1
8.8900E-4	1.0010E-2	4.0605E-1
8.9000E-4	9.2773E-3	3.8286E-1
8.9100E-4	9.7656E-3	3.6777E-1
8.9200E-4	9.7656E-3	3.6011E-1
8.9300E-4	9.5215E-3	3.6167E-1
8.9400E-4	9.5215E-3	3.6729E-1
8.9500E-4	1.0010E-2	3.7690E-1
8.9600E-4	1.0254E-2	3.9409E-1
8.9700E-4	1.0010E-2	4.1650E-1
8.9800E-4	9.7656E-3	4.4541E-1
8.9900E-4	9.5215E-3	4.7827E-1
9.0000E-4	9.2773E-3	5.1733E-1
9.0100E-4	9.7656E-3	5.6035E-1
9.0200E-4	9.5215E-3	6.0840E-1
9.0300E-4	1.0010E-2	6.5605E-1
9.0400E-4	9.7656E-3	6.9951E-1
9.0500E-4	1.0254E-2	7.3032E-1
9.0600E-4	1.0010E-2	7.4736E-1
9.0700E-4	9.7656E-3	7.5029E-1
9.0800E-4	1.0010E-2	7.4053E-1
9.0900E-4	9.7656E-3	7.1885E-1
9.1000E-4	9.2773E-3	6.8862E-1
9.1100E-4	9.5215E-3	6.4683E-1
9.1200E-4	9.7656E-3	5.9526E-1
9.1300E-4	9.5215E-3	5.3662E-1
9.1400E-4	9.2773E-3	4.7739E-1
9.1500E-4	1.0010E-2	4.1992E-1
9.1600E-4	1.0010E-2	3.6855E-1
9.1700E-4	9.5215E-3	3.2881E-1
9.1800E-4	1.0010E-2	2.9995E-1
9.1900E-4	9.7656E-3	2.8354E-1
9.2000E-4	9.7656E-3	2.8086E-1
9.2100E-4	1.0254E-2	2.9111E-1
9.2200E-4	1.0010E-2	3.0708E-1
9.2300E-4	9.5215E-3	3.2642E-1
9.2400E-4	9.5215E-3	3.4712E-1
9.2500E-4	9.5215E-3	3.6938E-1
9.2600E-4	9.5215E-3	3.9551E-1
9.2700E-4	9.7656E-3	4.2578E-1
9.2800E-4	1.0010E-2	4.6167E-1
9.2900E-4	9.7656E-3	5.0322E-1
9.3000E-4	9.5215E-3	5.5186E-1
9.3100E-4	9.5215E-3	6.0171E-1
9.3200E-4	9.7656E-3	6.5161E-1
9.3300E-4	9.5215E-3	6.9468E-1
9.3400E-4	1.0010E-2	7.2437E-1
9.3500E-4	9.5215E-3	7.3364E-1
9.3600E-4	1.0010E-2	7.1948E-1
9.3700E-4	1.0254E-2	6.8301E-1
9.3800E-4	9.5215E-3	6.3105E-1
9.3900E-4	1.0010E-2	5.6553E-1
9.4000E-4	9.7656E-3	4.9766E-1
9.4100E-4	9.7656E-3	4.3320E-1
9.4200E-4	9.5215E-3	3.7559E-1
9.4300E-4	9.5215E-3	3.2446E-1
9.4400E-4	1.0254E-2	2.8809E-1
9.4500E-4	9.7656E-3	2.6040E-1
9.4600E-4	1.0010E-2	2.4302E-1
9.4700E-4	9.5215E-3	2.3335E-1
9.4800E-4	1.0254E-2	2.3223E-1
9.4900E-4	9.5215E-3	2.3594E-1
9.5000E-4	9.5215E-3	2.4478E-1
9.5100E-4	9.5215E-3	2.5664E-1
9.5200E-4	9.2773E-3	2.7329E-1
9.5300E-4	9.7656E-3	2.9253E-1
9.5400E-4	1.0254E-2	3.1611E-1
9.5500E-4	9.2773E-3	3.4648E-1
9.5600E-4	9.7656E-3	3.8496E-1
9.5700E-4	9.2773E-3	4.3149E-1
9.5800E-4	1.0010E-2	4.9019E-1
9.5900E-4	9.2773E-3	5.5781E-1
9.6000E-4	9.2773E-3	6.2715E-1
9.6100E-4	9.2773E-3	6.8887E-1
9.6200E-4	9.5215E-3	7.3306E-1
9.6300E-4	9.5215E-3	7.4795E-1
9.6400E-4	9.5215E-3	7.2856E-1
9.6500E-4	9.7656E-3	6.7432E-1
9.6600E-4	9.7656E-3	5.9727E-1
9.6700E-4	9.7656E-3	5.0493E-1
9.6800E-4	9.7656E-3	4.0654E-1
9.6900E-4	1.0254E-2	3.1284E-1
9.7000E-4	9.7656E-3	2.3315E-1
9.7100E-4	9.5215E-3	1.6572E-1
9.7200E-4	9.7656E-3	1.1392E-1
9.7300E-4	9.7656E-3	7.7246E-2
9.7400E-4	9.5215E-3	5.3662E-2
9.7500E-4	9.5215E-3	3.7354E-2
9.7600E-4	9.2773E-3	2.5195E-2
9.7700E-4	1.0010E-2	1.8018E-2
9.7800E-4	1.0010E-2	1.6211E-2
9.7900E-4	9.7656E-3	1.6260E-2
9.8000E-4	9.5215E-3	1.9092E-2
9.8100E-4	9.5215E-3	2.6074E-2
9.8200E-4	9.7656E-3	3.1348E-2
9.8300E-4	9.5215E-3	3.6230E-2
9.8400E-4	1.0010E-2	3.9014E-2
9.8500E-4	9.5215E-3	3.9746E-2
9.8600E-4	1.0254E-2	3.7500E-2
9.8700E-4	9.5215E-3	3.4473E-2
9.8800E-4	9.5215E-3	2.8271E-2
9.8900E-4	9.5215E-3	2.1582E-2
9.9000E-4	1.0010E-2	1.4648E-2
9.9100E-4	1.0254E-2	9.6191E-3
9.9200E-4	9.5215E-3	7.2266E-3
9.9300E-4	9.2773E-3	7.7637E-3
9.9400E-4	1.0010E-2	9.6191E-3
9.9500E-4	1.0010E-2	1.1475E-2
9.9600E-4	9.2773E-3	1.3721E-2
9.9700E-4	1.0254E-2	1.3770E-2
9.9800E-4	9.0332E-3	1.3770E-2
9.9900E-4	9.5215E-3	1.3770E-2
