Time [s]	Aux in [V]	Main in [V]
0.0000E+0	9.5215E-3	7.3032E-1
1.0000E-6	9.2773E-3	7.2837E-1
2.0000E-6	9.2773E-3	7.2544E-1
3.0000E-6	9.7656E-3	7.2222E-1
4.0000E-6	9.7656E-3	7.2095E-1
5.0000E-6	9.5215E-3	7.1963E-1
6.0000E-6	9.0332E-3	7.1943E-1
7.0000E-6	9.5215E-3	7.1943E-1
8.0000E-6	9.7656E-3	7.1938E-1
9.0000E-6	9.5215E-3	7.1841E-1
1.0000E-5	9.7656E-3	7.1660E-1
1.1000E-5	1.0010E-2	7.1377E-1
1.2000E-5	9.5215E-3	7.1030E-1
1.3000E-5	9.5215E-3	7.0596E-1
1.4000E-5	9.5215E-3	6.9995E-1
1.5000E-5	9.5215E-3	6.9600E-1
1.6000E-5	9.5215E-3	6.9380E-1
1.7000E-5	9.5215E-3	6.9395E-1
1.8000E-5	9.5215E-3	6.9536E-1
1.9000E-5	9.0332E-3	6.9546E-1
2.0000E-5	1.0010E-2	6.9595E-1
2.1000E-5	9.7656E-3	6.9551E-1
2.2000E-5	9.2773E-3	6.9429E-1
2.3000E-5	9.7656E-3	6.9111E-1
2.4000E-5	9.7656E-3	6.8940E-1
2.5000E-5	9.5215E-3	6.8774E-1
2.6000E-5	9.2773E-3	6.8623E-1
2.7000E-5	9.7656E-3	6.8374E-1
2.8000E-5	9.2773E-3	6.8218E-1
2.9000E-5	9.5215E-3	6.8037E-1
3.0000E-5	9.2773E-3	6.7720E-1
3.1000E-5	9.0332E-3	6.7563E-1
3.2000E-5	1.0010E-2	6.7476E-1
3.3000E-5	9.0332E-3	6.7485E-1
3.4000E-5	9.5215E-3	6.7544E-1
3.5000E-5	9.5215E-3	6.7515E-1
3.6000E-5	9.0332E-3	6.7212E-1
3.7000E-5	9.7656E-3	6.6841E-1
3.8000E-5	9.5215E-3	6.6328E-1
3.9000E-5	9.2773E-3	6.6025E-1
4.0000E-5	9.0332E-3	6.5825E-1
4.1000E-5	9.7656E-3	6.5752E-1
4.2000E-5	9.5215E-3	6.5825E-1
4.3000E-5	9.7656E-3	6.5947E-1
4.4000E-5	9.0332E-3	6.6030E-1
4.5000E-5	9.5215E-3	6.6196E-1
4.6000E-5	9.2773E-3	6.6328E-1
4.7000E-5	9.0332E-3	6.6255E-1
4.8000E-5	9.7656E-3	6.6206E-1
4.9000E-5	9.7656E-3	6.6118E-1
5.0000E-5	9.5215E-3	6.5991E-1
5.1000E-5	9.2773E-3	6.5996E-1
5.2000E-5	9.5215E-3	6.6187E-1
5.3000E-5	9.2773E-3	6.6455E-1
5.4000E-5	9.5215E-3	6.6724E-1
5.5000E-5	9.5215E-3	6.7056E-1
5.6000E-5	9.5215E-3	6.7227E-1
5.7000E-5	9.5215E-3	6.7178E-1
5.8000E-5	9.7656E-3	6.7051E-1
5.9000E-5	1.0010E-2	6.6782E-1
6.0000E-5	9.0332E-3	6.6538E-1
6.1000E-5	9.7656E-3	6.6465E-1
6.2000E-5	9.5215E-3	6.6528E-1
6.3000E-5	1.0010E-2	6.6680E-1
6.4000E-5	9.2773E-3	6.6948E-1
6.5000E-5	1.0010E-2	6.7275E-1
6.6000E-5	9.7656E-3	6.7510E-1
6.7000E-5	9.2773E-3	6.7764E-1
6.8000E-5	9.2773E-3	6.7988E-1
6.9000E-5	9.5215E-3	6.8037E-1
7.0000E-5	9.5215E-3	6.8027E-1
7.1000E-5	1.0254E-2	6.8047E-1
7.2000E-5	9.5215E-3	6.8042E-1
7.3000E-5	9.2773E-3	6.7969E-1
7.4000E-5	9.0332E-3	6.8047E-1
7.5000E-5	9.2773E-3	6.8291E-1
7.6000E-5	9.2773E-3	6.8369E-1
7.7000E-5	9.7656E-3	6.8550E-1
7.8000E-5	9.7656E-3	6.8833E-1
7.9000E-5	9.7656E-3	6.9146E-1
8.0000E-5	9.7656E-3	6.9395E-1
8.1000E-5	9.2773E-3	6.9819E-1
8.2000E-5	1.0010E-2	7.0366E-1
8.3000E-5	1.0010E-2	7.0957E-1
8.4000E-5	9.5215E-3	7.1514E-1
8.5000E-5	9.7656E-3	7.1826E-1
8.6000E-5	9.2773E-3	7.2041E-1
8.7000E-5	1.0010E-2	7.2129E-1
8.8000E-5	9.5215E-3	7.2183E-1
8.9000E-5	9.5215E-3	7.2510E-1
9.0000E-5	9.5215E-3	7.2856E-1
9.1000E-5	9.5215E-3	7.3320E-1
9.2000E-5	9.5215E-3	7.3643E-1
9.3000E-5	9.5215E-3	7.3901E-1
9.4000E-5	9.5215E-3	7.3838E-1
9.5000E-5	1.0254E-2	7.3955E-1
9.6000E-5	9.7656E-3	7.3906E-1
9.7000E-5	9.0332E-3	7.4014E-1
9.8000E-5	1.0010E-2	7.4199E-1
9.9000E-5	9.2773E-3	7.4609E-1
1.0000E-4	9.5215E-3	7.5010E-1
1.0100E-4	9.2773E-3	7.5391E-1
1.0200E-4	9.5215E-3	7.5757E-1
1.0300E-4	1.0254E-2	7.6152E-1
1.0400E-4	9.2773E-3	7.6357E-1
1.0500E-4	9.5215E-3	7.6494E-1
1.0600E-4	9.7656E-3	7.6816E-1
1.0700E-4	9.7656E-3	7.7085E-1
1.0800E-4	9.0332E-3	7.7104E-1
1.0900E-4	9.5215E-3	7.7129E-1
1.1000E-4	9.5215E-3	7.6997E-1
1.1100E-4	9.0332E-3	7.6968E-1
1.1200E-4	9.7656E-3	7.6963E-1
1.1300E-4	1.0010E-2	7.7017E-1
1.1400E-4	9.2773E-3	7.7222E-1
1.1500E-4	1.0254E-2	7.7446E-1
1.1600E-4	9.0332E-3	7.7417E-1
1.1700E-4	1.0010E-2	7.7402E-1
1.1800E-4	9.2773E-3	7.7500E-1
1.1900E-4	9.5215E-3	7.7388E-1
1.2000E-4	9.5215E-3	7.7485E-1
1.2100E-4	1.0254E-2	7.7627E-1
1.2200E-4	1.0010E-2	7.7739E-1
1.2300E-4	9.5215E-3	7.7734E-1
1.2400E-4	9.2773E-3	7.7695E-1
1.2500E-4	9.7656E-3	7.7427E-1
1.2600E-4	9.7656E-3	7.7046E-1
1.2700E-4	9.2773E-3	7.6768E-1
1.2800E-4	9.2773E-3	7.6563E-1
1.2900E-4	9.7656E-3	7.6367E-1
1.3000E-4	9.7656E-3	7.6274E-1
1.3100E-4	9.2773E-3	7.6143E-1
1.3200E-4	9.0332E-3	7.5903E-1
1.3300E-4	9.5215E-3	7.5757E-1
1.3400E-4	9.5215E-3	7.5586E-1
1.3500E-4	9.5215E-3	7.5410E-1
1.3600E-4	9.0332E-3	7.5366E-1
1.3700E-4	9.0332E-3	7.5405E-1
1.3800E-4	9.5215E-3	7.5234E-1
1.3900E-4	9.2773E-3	7.5000E-1
1.4000E-4	9.2773E-3	7.4717E-1
1.4100E-4	9.5215E-3	7.4204E-1
1.4200E-4	8.5449E-3	7.3442E-1
1.4300E-4	1.0010E-2	7.2773E-1
1.4400E-4	9.0332E-3	7.2104E-1
1.4500E-4	9.2773E-3	7.1328E-1
1.4600E-4	9.7656E-3	7.0669E-1
1.4700E-4	9.5215E-3	7.0176E-1
1.4800E-4	9.0332E-3	6.9634E-1
1.4900E-4	9.5215E-3	6.9185E-1
1.5000E-4	9.2773E-3	6.8872E-1
1.5100E-4	9.5215E-3	6.8730E-1
1.5200E-4	9.5215E-3	6.8481E-1
1.5300E-4	9.2773E-3	6.8262E-1
1.5400E-4	9.2773E-3	6.8042E-1
1.5500E-4	1.0254E-2	6.7778E-1
1.5600E-4	8.7891E-3	6.7324E-1
1.5700E-4	9.2773E-3	6.6763E-1
1.5800E-4	9.2773E-3	6.6299E-1
1.5900E-4	9.5215E-3	6.5776E-1
1.6000E-4	9.5215E-3	6.5234E-1
1.6100E-4	9.5215E-3	6.4897E-1
1.6200E-4	9.5215E-3	6.4790E-1
1.6300E-4	1.0010E-2	6.4458E-1
1.6400E-4	9.0332E-3	6.4058E-1
1.6500E-4	9.5215E-3	6.3521E-1
1.6600E-4	9.7656E-3	6.2798E-1
1.6700E-4	9.7656E-3	6.1899E-1
1.6800E-4	9.5215E-3	6.0967E-1
1.6900E-4	9.2773E-3	6.0098E-1
1.7000E-4	9.7656E-3	5.9478E-1
1.7100E-4	9.2773E-3	5.8970E-1
1.7200E-4	9.0332E-3	5.8765E-1
1.7300E-4	9.7656E-3	5.8950E-1
1.7400E-4	9.7656E-3	5.9126E-1
1.7500E-4	9.2773E-3	5.9185E-1
1.7600E-4	9.2773E-3	5.8945E-1
1.7700E-4	1.0254E-2	5.8555E-1
1.7800E-4	9.2773E-3	5.8047E-1
1.7900E-4	9.7656E-3	5.7622E-1
1.8000E-4	9.5215E-3	5.7197E-1
1.8100E-4	9.2773E-3	5.7104E-1
1.8200E-4	1.0254E-2	5.6938E-1
1.8300E-4	9.0332E-3	5.6650E-1
1.8400E-4	9.2773E-3	5.6343E-1
1.8500E-4	9.2773E-3	5.6152E-1
1.8600E-4	9.2773E-3	5.6011E-1
1.8700E-4	9.7656E-3	5.5972E-1
1.8800E-4	9.0332E-3	5.5928E-1
1.8900E-4	9.5215E-3	5.5645E-1
1.9000E-4	9.5215E-3	5.5391E-1
1.9100E-4	9.5215E-3	5.5103E-1
1.9200E-4	9.5215E-3	5.4536E-1
1.9300E-4	9.2773E-3	5.4038E-1
1.9400E-4	9.0332E-3	5.3862E-1
1.9500E-4	9.2773E-3	5.3730E-1
1.9600E-4	9.5215E-3	5.3408E-1
1.9700E-4	9.0332E-3	5.3398E-1
1.9800E-4	9.5215E-3	5.3364E-1
1.9900E-4	1.0254E-2	5.3438E-1
2.0000E-4	9.2773E-3	5.3438E-1
2.0100E-4	9.5215E-3	5.3516E-1
2.0200E-4	9.0332E-3	5.3467E-1
2.0300E-4	9.5215E-3	5.3413E-1
2.0400E-4	9.7656E-3	5.3022E-1
2.0500E-4	1.0254E-2	5.2534E-1
2.0600E-4	1.0010E-2	5.2046E-1
2.0700E-4	9.5215E-3	5.1470E-1
2.0800E-4	9.2773E-3	5.1050E-1
2.0900E-4	9.7656E-3	5.1035E-1
2.1000E-4	9.7656E-3	5.1099E-1
2.1100E-4	1.0010E-2	5.1362E-1
2.1200E-4	9.7656E-3	5.1655E-1
2.1300E-4	9.5215E-3	5.1899E-1
2.1400E-4	1.0010E-2	5.1807E-1
2.1500E-4	9.2773E-3	5.1670E-1
2.1600E-4	9.2773E-3	5.1504E-1
2.1700E-4	9.5215E-3	5.1343E-1
2.1800E-4	9.2773E-3	5.1182E-1
2.1900E-4	9.0332E-3	5.1274E-1
2.2000E-4	9.7656E-3	5.1460E-1
2.2100E-4	9.5215E-3	5.1621E-1
2.2200E-4	9.0332E-3	5.1777E-1
2.2300E-4	9.5215E-3	5.1924E-1
2.2400E-4	9.2773E-3	5.1846E-1
2.2500E-4	9.5215E-3	5.1919E-1
2.2600E-4	9.5215E-3	5.1787E-1
2.2700E-4	9.2773E-3	5.1553E-1
2.2800E-4	9.5215E-3	5.1289E-1
2.2900E-4	9.5215E-3	5.1250E-1
2.3000E-4	1.0010E-2	5.0938E-1
2.3100E-4	1.0010E-2	5.0718E-1
2.3200E-4	9.2773E-3	5.0513E-1
2.3300E-4	9.7656E-3	5.0332E-1
2.3400E-4	1.0254E-2	5.0127E-1
2.3500E-4	9.7656E-3	5.0068E-1
2.3600E-4	9.0332E-3	5.0137E-1
2.3700E-4	9.0332E-3	5.0581E-1
2.3800E-4	9.2773E-3	5.1050E-1
2.3900E-4	9.5215E-3	5.1416E-1
2.4000E-4	9.7656E-3	5.1558E-1
2.4100E-4	9.5215E-3	5.1572E-1
2.4200E-4	1.0010E-2	5.1436E-1
2.4300E-4	9.2773E-3	5.1196E-1
2.4400E-4	9.2773E-3	5.1099E-1
2.4500E-4	9.7656E-3	5.1226E-1
2.4600E-4	9.5215E-3	5.1431E-1
2.4700E-4	9.2773E-3	5.1577E-1
2.4800E-4	9.5215E-3	5.1768E-1
2.4900E-4	9.7656E-3	5.1821E-1
2.5000E-4	9.7656E-3	5.1797E-1
2.5100E-4	9.2773E-3	5.1812E-1
2.5200E-4	9.2773E-3	5.1953E-1
2.5300E-4	9.7656E-3	5.2183E-1
2.5400E-4	1.0010E-2	5.2505E-1
2.5500E-4	9.5215E-3	5.2759E-1
2.5600E-4	9.2773E-3	5.2974E-1
2.5700E-4	9.0332E-3	5.2979E-1
2.5800E-4	9.2773E-3	5.2974E-1
2.5900E-4	9.7656E-3	5.2642E-1
2.6000E-4	9.7656E-3	5.2383E-1
2.6100E-4	9.2773E-3	5.2158E-1
2.6200E-4	9.0332E-3	5.2178E-1
2.6300E-4	9.0332E-3	5.2104E-1
2.6400E-4	9.5215E-3	5.2441E-1
2.6500E-4	9.7656E-3	5.2788E-1
2.6600E-4	9.2773E-3	5.3252E-1
2.6700E-4	9.5215E-3	5.3350E-1
2.6800E-4	9.5215E-3	5.3574E-1
2.6900E-4	9.7656E-3	5.3833E-1
2.7000E-4	9.5215E-3	5.4268E-1
2.7100E-4	9.2773E-3	5.4634E-1
2.7200E-4	9.0332E-3	5.5273E-1
2.7300E-4	9.2773E-3	5.5952E-1
2.7400E-4	9.2773E-3	5.6597E-1
2.7500E-4	9.2773E-3	5.6968E-1
2.7600E-4	9.5215E-3	5.7275E-1
2.7700E-4	9.2773E-3	5.7471E-1
2.7800E-4	1.0010E-2	5.7573E-1
2.7900E-4	9.7656E-3	5.7432E-1
2.8000E-4	9.5215E-3	5.7598E-1
2.8100E-4	9.5215E-3	5.7744E-1
2.8200E-4	9.7656E-3	5.8047E-1
2.8300E-4	9.7656E-3	5.8301E-1
2.8400E-4	9.2773E-3	5.8740E-1
2.8500E-4	9.7656E-3	5.8984E-1
2.8600E-4	9.0332E-3	5.9307E-1
2.8700E-4	9.2773E-3	5.9683E-1
2.8800E-4	8.7891E-3	6.0176E-1
2.8900E-4	9.7656E-3	6.0488E-1
2.9000E-4	9.5215E-3	6.0972E-1
2.9100E-4	9.5215E-3	6.1304E-1
2.9200E-4	8.7891E-3	6.1738E-1
2.9300E-4	9.2773E-3	6.1987E-1
2.9400E-4	9.7656E-3	6.2339E-1
2.9500E-4	9.2773E-3	6.2500E-1
2.9600E-4	9.7656E-3	6.2803E-1
2.9700E-4	9.5215E-3	6.3071E-1
2.9800E-4	9.7656E-3	6.3589E-1
2.9900E-4	9.5215E-3	6.4126E-1
3.0000E-4	9.5215E-3	6.4829E-1
3.0100E-4	9.7656E-3	6.5415E-1
3.0200E-4	9.5215E-3	6.5884E-1
3.0300E-4	1.0010E-2	6.6313E-1
3.0400E-4	9.2773E-3	6.6670E-1
3.0500E-4	8.7891E-3	6.6895E-1
3.0600E-4	9.5215E-3	6.7163E-1
3.0700E-4	9.5215E-3	6.7544E-1
3.0800E-4	9.7656E-3	6.7871E-1
3.0900E-4	9.2773E-3	6.8389E-1
3.1000E-4	9.5215E-3	6.9082E-1
3.1100E-4	9.5215E-3	6.9956E-1
3.1200E-4	9.2773E-3	7.0630E-1
3.1300E-4	9.7656E-3	7.1333E-1
3.1400E-4	1.0254E-2	7.1987E-1
3.1500E-4	1.0010E-2	7.2397E-1
3.1600E-4	9.5215E-3	7.2568E-1
3.1700E-4	9.7656E-3	7.2739E-1
3.1800E-4	1.0254E-2	7.2974E-1
3.1900E-4	9.2773E-3	7.3203E-1
3.2000E-4	9.2773E-3	7.3599E-1
3.2100E-4	9.7656E-3	7.4131E-1
3.2200E-4	9.5215E-3	7.4692E-1
3.2300E-4	9.7656E-3	7.5132E-1
3.2400E-4	9.7656E-3	7.5518E-1
3.2500E-4	9.7656E-3	7.5850E-1
3.2600E-4	9.2773E-3	7.5874E-1
3.2700E-4	9.7656E-3	7.5933E-1
3.2800E-4	9.7656E-3	7.5967E-1
3.2900E-4	9.5215E-3	7.6094E-1
3.3000E-4	9.2773E-3	7.6104E-1
3.3100E-4	1.0010E-2	7.6353E-1
3.3200E-4	9.0332E-3	7.6577E-1
3.3300E-4	9.0332E-3	7.6855E-1
3.3400E-4	9.2773E-3	7.7012E-1
3.3500E-4	9.7656E-3	7.7246E-1
3.3600E-4	9.5215E-3	7.7446E-1
3.3700E-4	1.0010E-2	7.7690E-1
3.3800E-4	9.2773E-3	7.7749E-1
3.3900E-4	9.5215E-3	7.7686E-1
3.4000E-4	9.2773E-3	7.7646E-1
3.4100E-4	9.2773E-3	7.7515E-1
3.4200E-4	1.0254E-2	7.7344E-1
3.4300E-4	9.5215E-3	7.7271E-1
3.4400E-4	9.5215E-3	7.7275E-1
3.4500E-4	9.5215E-3	7.7168E-1
3.4600E-4	8.7891E-3	7.7051E-1
3.4700E-4	1.0010E-2	7.6870E-1
3.4800E-4	9.7656E-3	7.6670E-1
3.4900E-4	9.2773E-3	7.6475E-1
3.5000E-4	9.5215E-3	7.6348E-1
3.5100E-4	9.2773E-3	7.6299E-1
3.5200E-4	9.7656E-3	7.6094E-1
3.5300E-4	1.0010E-2	7.5957E-1
3.5400E-4	1.0010E-2	7.5757E-1
3.5500E-4	9.2773E-3	7.5659E-1
3.5600E-4	9.2773E-3	7.5288E-1
3.5700E-4	9.5215E-3	7.5293E-1
3.5800E-4	1.0254E-2	7.5215E-1
3.5900E-4	9.5215E-3	7.5093E-1
3.6000E-4	9.0332E-3	7.4775E-1
3.6100E-4	9.5215E-3	7.4639E-1
3.6200E-4	9.5215E-3	7.4229E-1
3.6300E-4	9.2773E-3	7.3867E-1
3.6400E-4	9.2773E-3	7.3511E-1
3.6500E-4	9.2773E-3	7.3149E-1
3.6600E-4	9.2773E-3	7.2935E-1
3.6700E-4	9.2773E-3	7.2637E-1
3.6800E-4	9.0332E-3	7.2104E-1
3.6900E-4	9.0332E-3	7.1655E-1
3.7000E-4	1.0010E-2	7.1323E-1
3.7100E-4	9.5215E-3	7.1089E-1
3.7200E-4	9.2773E-3	7.0908E-1
3.7300E-4	9.7656E-3	7.0894E-1
3.7400E-4	9.2773E-3	7.0815E-1
3.7500E-4	9.5215E-3	7.0688E-1
3.7600E-4	9.0332E-3	7.0376E-1
3.7700E-4	1.0010E-2	7.0068E-1
3.7800E-4	9.2773E-3	6.9922E-1
3.7900E-4	9.7656E-3	6.9839E-1
3.8000E-4	9.2773E-3	6.9702E-1
3.8100E-4	9.5215E-3	6.9561E-1
3.8200E-4	9.2773E-3	6.9561E-1
3.8300E-4	9.7656E-3	6.9312E-1
3.8400E-4	9.5215E-3	6.9102E-1
3.8500E-4	9.5215E-3	6.8926E-1
3.8600E-4	1.0254E-2	6.8799E-1
3.8700E-4	9.7656E-3	6.8516E-1
3.8800E-4	9.7656E-3	6.8364E-1
3.8900E-4	9.2773E-3	6.8213E-1
3.9000E-4	9.5215E-3	6.7964E-1
3.9100E-4	9.7656E-3	6.7705E-1
3.9200E-4	9.2773E-3	6.7695E-1
3.9300E-4	9.5215E-3	6.7788E-1
3.9400E-4	9.0332E-3	6.7842E-1
3.9500E-4	9.2773E-3	6.7969E-1
3.9600E-4	9.2773E-3	6.8135E-1
3.9700E-4	9.2773E-3	6.8071E-1
3.9800E-4	9.5215E-3	6.7915E-1
3.9900E-4	1.0010E-2	6.7764E-1
4.0000E-4	9.5215E-3	6.7759E-1
4.0100E-4	9.5215E-3	6.7632E-1
4.0200E-4	9.2773E-3	6.7466E-1
4.0300E-4	9.5215E-3	6.7217E-1
4.0400E-4	9.5215E-3	6.7100E-1
4.0500E-4	9.2773E-3	6.6758E-1
4.0600E-4	9.7656E-3	6.6558E-1
4.0700E-4	9.7656E-3	6.6494E-1
4.0800E-4	9.7656E-3	6.6563E-1
4.0900E-4	1.0254E-2	6.6641E-1
4.1000E-4	9.2773E-3	6.7041E-1
4.1100E-4	9.7656E-3	6.7461E-1
4.1200E-4	9.0332E-3	6.7793E-1
4.1300E-4	9.5215E-3	6.8008E-1
4.1400E-4	9.5215E-3	6.8179E-1
4.1500E-4	9.2773E-3	6.8140E-1
4.1600E-4	8.7891E-3	6.7959E-1
4.1700E-4	9.2773E-3	6.7920E-1
4.1800E-4	9.5215E-3	6.7891E-1
4.1900E-4	9.7656E-3	6.7803E-1
4.2000E-4	9.0332E-3	6.7637E-1
4.2100E-4	9.2773E-3	6.7686E-1
4.2200E-4	9.5215E-3	6.7832E-1
4.2300E-4	9.2773E-3	6.8032E-1
4.2400E-4	8.7891E-3	6.8223E-1
4.2500E-4	9.7656E-3	6.8389E-1
4.2600E-4	9.7656E-3	6.8677E-1
4.2700E-4	8.7891E-3	6.8901E-1
4.2800E-4	9.5215E-3	6.9023E-1
4.2900E-4	9.5215E-3	6.9097E-1
4.3000E-4	9.5215E-3	6.9346E-1
4.3100E-4	9.5215E-3	6.9370E-1
4.3200E-4	9.5215E-3	6.9287E-1
4.3300E-4	9.5215E-3	6.9287E-1
4.3400E-4	9.7656E-3	6.9478E-1
4.3500E-4	1.0010E-2	6.9604E-1
4.3600E-4	9.7656E-3	6.9775E-1
4.3700E-4	9.0332E-3	6.9966E-1
4.3800E-4	9.5215E-3	7.0176E-1
4.3900E-4	9.2773E-3	7.0298E-1
4.4000E-4	8.7891E-3	7.0435E-1
4.4100E-4	9.7656E-3	7.0620E-1
4.4200E-4	9.7656E-3	7.0801E-1
4.4300E-4	9.7656E-3	7.1104E-1
4.4400E-4	9.5215E-3	7.1343E-1
4.4500E-4	9.2773E-3	7.1621E-1
4.4600E-4	9.5215E-3	7.1836E-1
4.4700E-4	9.5215E-3	7.1973E-1
4.4800E-4	9.0332E-3	7.2222E-1
4.4900E-4	9.7656E-3	7.2529E-1
4.5000E-4	9.7656E-3	7.2856E-1
4.5100E-4	1.0010E-2	7.3174E-1
4.5200E-4	9.5215E-3	7.3604E-1
4.5300E-4	9.5215E-3	7.3711E-1
4.5400E-4	9.7656E-3	7.3760E-1
4.5500E-4	9.5215E-3	7.3862E-1
4.5600E-4	9.0332E-3	7.4019E-1
4.5700E-4	9.5215E-3	7.4097E-1
4.5800E-4	9.2773E-3	7.4209E-1
4.5900E-4	9.5215E-3	7.4282E-1
4.6000E-4	9.2773E-3	7.4170E-1
4.6100E-4	9.7656E-3	7.4160E-1
4.6200E-4	9.0332E-3	7.4355E-1
4.6300E-4	9.7656E-3	7.4780E-1
4.6400E-4	9.7656E-3	7.5088E-1
4.6500E-4	9.7656E-3	7.5454E-1
4.6600E-4	9.0332E-3	7.5640E-1
4.6700E-4	9.0332E-3	7.5669E-1
4.6800E-4	9.7656E-3	7.5459E-1
4.6900E-4	9.5215E-3	7.5522E-1
4.7000E-4	9.5215E-3	7.5566E-1
4.7100E-4	9.5215E-3	7.5659E-1
4.7200E-4	9.5215E-3	7.5928E-1
4.7300E-4	9.2773E-3	7.6235E-1
4.7400E-4	9.5215E-3	7.6367E-1
4.7500E-4	9.5215E-3	7.6411E-1
4.7600E-4	9.7656E-3	7.6289E-1
4.7700E-4	1.0010E-2	7.6040E-1
4.7800E-4	9.7656E-3	7.5801E-1
4.7900E-4	9.5215E-3	7.5649E-1
4.8000E-4	9.5215E-3	7.5698E-1
4.8100E-4	9.7656E-3	7.5879E-1
4.8200E-4	9.0332E-3	7.6113E-1
4.8300E-4	1.0010E-2	7.6396E-1
4.8400E-4	9.2773E-3	7.6489E-1
4.8500E-4	9.7656E-3	7.6343E-1
4.8600E-4	9.7656E-3	7.6157E-1
4.8700E-4	9.5215E-3	7.5923E-1
4.8800E-4	9.5215E-3	7.5659E-1
4.8900E-4	1.0010E-2	7.5493E-1
4.9000E-4	9.0332E-3	7.5386E-1
4.9100E-4	9.7656E-3	7.5239E-1
4.9200E-4	1.0010E-2	7.5161E-1
4.9300E-4	9.5215E-3	7.4976E-1
4.9400E-4	9.2773E-3	7.4746E-1
4.9500E-4	9.5215E-3	7.4712E-1
4.9600E-4	9.5215E-3	7.4741E-1
4.9700E-4	9.7656E-3	7.4653E-1
4.9800E-4	9.0332E-3	7.4521E-1
4.9900E-4	9.5215E-3	7.4517E-1
5.0000E-4	9.5215E-3	7.4385E-1
5.0100E-4	9.2773E-3	7.4268E-1
5.0200E-4	9.5215E-3	7.3999E-1
5.0300E-4	9.5215E-3	7.3857E-1
5.0400E-4	9.5215E-3	7.3638E-1
5.0500E-4	1.0254E-2	7.3208E-1
5.0600E-4	9.5215E-3	7.2734E-1
5.0700E-4	9.7656E-3	7.2314E-1
5.0800E-4	8.7891E-3	7.1870E-1
5.0900E-4	1.0010E-2	7.1621E-1
5.1000E-4	9.7656E-3	7.1592E-1
5.1100E-4	1.0010E-2	7.1348E-1
5.1200E-4	9.5215E-3	7.1138E-1
5.1300E-4	9.5215E-3	7.1128E-1
5.1400E-4	9.2773E-3	7.1104E-1
5.1500E-4	1.0010E-2	7.1118E-1
5.1600E-4	9.5215E-3	7.1338E-1
5.1700E-4	9.7656E-3	7.1436E-1
5.1800E-4	9.5215E-3	7.1387E-1
5.1900E-4	9.2773E-3	7.1187E-1
5.2000E-4	9.5215E-3	7.0708E-1
5.2100E-4	1.0010E-2	7.0298E-1
5.2200E-4	9.2773E-3	6.9907E-1
5.2300E-4	9.2773E-3	6.9385E-1
5.2400E-4	9.0332E-3	6.8799E-1
5.2500E-4	9.5215E-3	6.8379E-1
5.2600E-4	9.5215E-3	6.7905E-1
5.2700E-4	9.0332E-3	6.7715E-1
5.2800E-4	9.2773E-3	6.7651E-1
5.2900E-4	9.5215E-3	6.7783E-1
5.3000E-4	9.5215E-3	6.7935E-1
5.3100E-4	1.0010E-2	6.8062E-1
5.3200E-4	9.5215E-3	6.8203E-1
5.3300E-4	9.2773E-3	6.8247E-1
5.3400E-4	9.5215E-3	6.8174E-1
5.3500E-4	9.5215E-3	6.7974E-1
5.3600E-4	9.7656E-3	6.7754E-1
5.3700E-4	9.2773E-3	6.7520E-1
5.3800E-4	1.0010E-2	6.7188E-1
5.3900E-4	9.2773E-3	6.6870E-1
5.4000E-4	8.5449E-3	6.6694E-1
5.4100E-4	9.7656E-3	6.6523E-1
5.4200E-4	9.5215E-3	6.6323E-1
5.4300E-4	9.5215E-3	6.6309E-1
5.4400E-4	1.0010E-2	6.6274E-1
5.4500E-4	1.0010E-2	6.6387E-1
5.4600E-4	9.2773E-3	6.6509E-1
5.4700E-4	9.7656E-3	6.6758E-1
5.4800E-4	9.2773E-3	6.6914E-1
5.4900E-4	9.5215E-3	6.7227E-1
5.5000E-4	9.7656E-3	6.7515E-1
5.5100E-4	9.5215E-3	6.7720E-1
5.5200E-4	9.7656E-3	6.7490E-1
5.5300E-4	9.5215E-3	6.7373E-1
5.5400E-4	1.0010E-2	6.7134E-1
5.5500E-4	9.7656E-3	6.6621E-1
5.5600E-4	9.2773E-3	6.6006E-1
5.5700E-4	9.2773E-3	6.5889E-1
5.5800E-4	9.2773E-3	6.5776E-1
5.5900E-4	9.2773E-3	6.5742E-1
5.6000E-4	9.7656E-3	6.5986E-1
5.6100E-4	1.0010E-2	6.6543E-1
5.6200E-4	9.5215E-3	6.6875E-1
5.6300E-4	1.0010E-2	6.7080E-1
5.6400E-4	9.5215E-3	6.7246E-1
5.6500E-4	1.0010E-2	6.7388E-1
5.6600E-4	9.5215E-3	6.7266E-1
5.6700E-4	1.0010E-2	6.7158E-1
5.6800E-4	9.7656E-3	6.7241E-1
5.6900E-4	9.5215E-3	6.7305E-1
5.7000E-4	9.7656E-3	6.7432E-1
5.7100E-4	9.5215E-3	6.7822E-1
5.7200E-4	9.5215E-3	6.8154E-1
5.7300E-4	9.2773E-3	6.8521E-1
5.7400E-4	9.7656E-3	6.8853E-1
5.7500E-4	9.2773E-3	6.9116E-1
5.7600E-4	9.7656E-3	6.9375E-1
5.7700E-4	9.2773E-3	6.9692E-1
5.7800E-4	9.5215E-3	6.9902E-1
5.7900E-4	9.5215E-3	6.9971E-1
5.8000E-4	9.7656E-3	6.9946E-1
5.8100E-4	9.2773E-3	6.9761E-1
5.8200E-4	9.2773E-3	6.9385E-1
5.8300E-4	9.5215E-3	6.9067E-1
5.8400E-4	9.7656E-3	6.9004E-1
5.8500E-4	9.2773E-3	6.9038E-1
5.8600E-4	1.0010E-2	6.9116E-1
5.8700E-4	9.2773E-3	6.9414E-1
5.8800E-4	9.5215E-3	6.9868E-1
5.8900E-4	1.0010E-2	7.0342E-1
5.9000E-4	9.7656E-3	7.0859E-1
5.9100E-4	9.2773E-3	7.1382E-1
5.9200E-4	1.0010E-2	7.1714E-1
5.9300E-4	9.5215E-3	7.1855E-1
5.9400E-4	9.2773E-3	7.2061E-1
5.9500E-4	9.7656E-3	7.2222E-1
5.9600E-4	9.7656E-3	7.2432E-1
5.9700E-4	9.2773E-3	7.2686E-1
5.9800E-4	9.5215E-3	7.2900E-1
5.9900E-4	9.5215E-3	7.3081E-1
6.0000E-4	9.2773E-3	7.3320E-1
6.0100E-4	9.7656E-3	7.3442E-1
6.0200E-4	9.2773E-3	7.3481E-1
6.0300E-4	9.7656E-3	7.3574E-1
6.0400E-4	9.5215E-3	7.3613E-1
6.0500E-4	9.2773E-3	7.3701E-1
6.0600E-4	9.5215E-3	7.3975E-1
6.0700E-4	9.0332E-3	7.4609E-1
6.0800E-4	8.7891E-3	7.5229E-1
6.0900E-4	9.2773E-3	7.5825E-1
6.1000E-4	9.7656E-3	7.6196E-1
6.1100E-4	9.7656E-3	7.6406E-1
6.1200E-4	9.2773E-3	7.6357E-1
6.1300E-4	9.2773E-3	7.6152E-1
6.1400E-4	9.0332E-3	7.5791E-1
6.1500E-4	9.7656E-3	7.5498E-1
6.1600E-4	9.7656E-3	7.5229E-1
6.1700E-4	9.5215E-3	7.5132E-1
6.1800E-4	1.0010E-2	7.5264E-1
6.1900E-4	9.5215E-3	7.5615E-1
6.2000E-4	9.7656E-3	7.5913E-1
6.2100E-4	9.5215E-3	7.6304E-1
6.2200E-4	1.0010E-2	7.6479E-1
6.2300E-4	9.5215E-3	7.6455E-1
6.2400E-4	9.5215E-3	7.6294E-1
6.2500E-4	9.7656E-3	7.6055E-1
6.2600E-4	1.0010E-2	7.5625E-1
6.2700E-4	9.0332E-3	7.5156E-1
6.2800E-4	9.2773E-3	7.4634E-1
6.2900E-4	9.2773E-3	7.4102E-1
6.3000E-4	9.5215E-3	7.3594E-1
6.3100E-4	9.5215E-3	7.3228E-1
6.3200E-4	9.2773E-3	7.3086E-1
6.3300E-4	9.7656E-3	7.3052E-1
6.3400E-4	9.5215E-3	7.2866E-1
6.3500E-4	9.7656E-3	7.2993E-1
6.3600E-4	9.2773E-3	7.2998E-1
6.3700E-4	9.7656E-3	7.2866E-1
6.3800E-4	1.0010E-2	7.2744E-1
6.3900E-4	9.5215E-3	7.2686E-1
6.4000E-4	9.5215E-3	7.2236E-1
6.4100E-4	1.0010E-2	7.1626E-1
6.4200E-4	9.2773E-3	7.0918E-1
6.4300E-4	1.0010E-2	7.0151E-1
6.4400E-4	9.0332E-3	6.9399E-1
6.4500E-4	1.0010E-2	6.8677E-1
6.4600E-4	9.5215E-3	6.8086E-1
6.4700E-4	9.2773E-3	6.7568E-1
6.4800E-4	9.0332E-3	6.7207E-1
6.4900E-4	9.5215E-3	6.6943E-1
6.5000E-4	1.0254E-2	6.6602E-1
6.5100E-4	9.0332E-3	6.6421E-1
6.5200E-4	9.5215E-3	6.6191E-1
6.5300E-4	9.5215E-3	6.5620E-1
6.5400E-4	1.0010E-2	6.5068E-1
6.5500E-4	9.5215E-3	6.4766E-1
6.5600E-4	9.2773E-3	6.4414E-1
6.5700E-4	8.7891E-3	6.3901E-1
6.5800E-4	9.5215E-3	6.3491E-1
6.5900E-4	1.0010E-2	6.2891E-1
6.6000E-4	9.2773E-3	6.2344E-1
6.6100E-4	9.5215E-3	6.1787E-1
6.6200E-4	9.7656E-3	6.1338E-1
6.6300E-4	9.0332E-3	6.0889E-1
6.6400E-4	9.5215E-3	6.0483E-1
6.6500E-4	9.2773E-3	5.9824E-1
6.6600E-4	1.0010E-2	5.9199E-1
6.6700E-4	9.5215E-3	5.8887E-1
6.6800E-4	9.2773E-3	5.8853E-1
6.6900E-4	9.5215E-3	5.8745E-1
6.7000E-4	9.5215E-3	5.8594E-1
6.7100E-4	9.7656E-3	5.8296E-1
6.7200E-4	9.5215E-3	5.7852E-1
6.7300E-4	1.0010E-2	5.7295E-1
6.7400E-4	9.5215E-3	5.6895E-1
6.7500E-4	1.0010E-2	5.6724E-1
6.7600E-4	9.5215E-3	5.6787E-1
6.7700E-4	1.0010E-2	5.6489E-1
6.7800E-4	9.5215E-3	5.6084E-1
6.7900E-4	9.0332E-3	5.5659E-1
6.8000E-4	9.7656E-3	5.5049E-1
6.8100E-4	9.5215E-3	5.4365E-1
6.8200E-4	9.0332E-3	5.4033E-1
6.8300E-4	9.7656E-3	5.3706E-1
6.8400E-4	9.0332E-3	5.3306E-1
6.8500E-4	9.2773E-3	5.3008E-1
6.8600E-4	1.0010E-2	5.2686E-1
6.8700E-4	9.7656E-3	5.2285E-1
6.8800E-4	1.0254E-2	5.1899E-1
6.8900E-4	9.5215E-3	5.1484E-1
6.9000E-4	1.0010E-2	5.1265E-1
6.9100E-4	9.7656E-3	5.1021E-1
6.9200E-4	1.0010E-2	5.0991E-1
6.9300E-4	1.0254E-2	5.0942E-1
6.9400E-4	9.2773E-3	5.1143E-1
6.9500E-4	9.5215E-3	5.1177E-1
6.9600E-4	9.0332E-3	5.0942E-1
6.9700E-4	1.0254E-2	5.0498E-1
6.9800E-4	9.7656E-3	5.0186E-1
6.9900E-4	9.5215E-3	4.9634E-1
7.0000E-4	9.5215E-3	4.9014E-1
7.0100E-4	9.5215E-3	4.8760E-1
7.0200E-4	9.5215E-3	4.8667E-1
7.0300E-4	9.5215E-3	4.8389E-1
7.0400E-4	9.2773E-3	4.8174E-1
7.0500E-4	9.5215E-3	4.8149E-1
7.0600E-4	9.2773E-3	4.8237E-1
7.0700E-4	9.7656E-3	4.8237E-1
7.0800E-4	1.0742E-2	4.8379E-1
7.0900E-4	9.7656E-3	4.8677E-1
7.1000E-4	9.7656E-3	4.8887E-1
7.1100E-4	1.0254E-2	4.8755E-1
7.1200E-4	9.5215E-3	4.8647E-1
7.1300E-4	9.2773E-3	4.8379E-1
7.1400E-4	9.7656E-3	4.8062E-1
7.1500E-4	9.0332E-3	4.7686E-1
7.1600E-4	9.0332E-3	4.7441E-1
7.1700E-4	9.5215E-3	4.7368E-1
7.1800E-4	9.7656E-3	4.7417E-1
7.1900E-4	1.0498E-2	4.7388E-1
7.2000E-4	9.2773E-3	4.7402E-1
7.2100E-4	1.0254E-2	4.7187E-1
7.2200E-4	9.5215E-3	4.6782E-1
7.2300E-4	9.7656E-3	4.6426E-1
7.2400E-4	9.5215E-3	4.6147E-1
7.2500E-4	1.0010E-2	4.5991E-1
7.2600E-4	9.7656E-3	4.6187E-1
7.2700E-4	9.2773E-3	4.6245E-1
7.2800E-4	9.2773E-3	4.6528E-1
7.2900E-4	9.0332E-3	4.6924E-1
7.3000E-4	9.5215E-3	4.7051E-1
7.3100E-4	9.5215E-3	4.7100E-1
7.3200E-4	9.0332E-3	4.7192E-1
7.3300E-4	9.5215E-3	4.6992E-1
7.3400E-4	9.5215E-3	4.6890E-1
7.3500E-4	9.7656E-3	4.6934E-1
7.3600E-4	9.5215E-3	4.7007E-1
7.3700E-4	9.2773E-3	4.7114E-1
7.3800E-4	9.5215E-3	4.7144E-1
7.3900E-4	9.2773E-3	4.6968E-1
7.4000E-4	9.7656E-3	4.6968E-1
7.4100E-4	9.5215E-3	4.7153E-1
7.4200E-4	1.0010E-2	4.7456E-1
7.4300E-4	9.5215E-3	4.7861E-1
7.4400E-4	9.7656E-3	4.8208E-1
7.4500E-4	9.5215E-3	4.8237E-1
7.4600E-4	9.0332E-3	4.7959E-1
7.4700E-4	9.5215E-3	4.7520E-1
7.4800E-4	9.5215E-3	4.7095E-1
7.4900E-4	9.5215E-3	4.6865E-1
7.5000E-4	9.5215E-3	4.6934E-1
7.5100E-4	1.0010E-2	4.7222E-1
7.5200E-4	9.5215E-3	4.7427E-1
7.5300E-4	1.0010E-2	4.7754E-1
7.5400E-4	9.2773E-3	4.7905E-1
7.5500E-4	9.5215E-3	4.7959E-1
7.5600E-4	1.0254E-2	4.7910E-1
7.5700E-4	9.7656E-3	4.8154E-1
7.5800E-4	1.0010E-2	4.8442E-1
7.5900E-4	9.7656E-3	4.8921E-1
7.6000E-4	9.5215E-3	4.9312E-1
7.6100E-4	9.2773E-3	4.9849E-1
7.6200E-4	9.7656E-3	5.0303E-1
7.6300E-4	9.5215E-3	5.0645E-1
7.6400E-4	9.7656E-3	5.0679E-1
7.6500E-4	9.7656E-3	5.0889E-1
7.6600E-4	9.7656E-3	5.0928E-1
7.6700E-4	9.5215E-3	5.1035E-1
7.6800E-4	9.2773E-3	5.1118E-1
7.6900E-4	9.5215E-3	5.1313E-1
7.7000E-4	9.5215E-3	5.1489E-1
7.7100E-4	1.0254E-2	5.1631E-1
7.7200E-4	1.0010E-2	5.1660E-1
7.7300E-4	1.0010E-2	5.1709E-1
7.7400E-4	8.7891E-3	5.1914E-1
7.7500E-4	9.2773E-3	5.2026E-1
7.7600E-4	9.5215E-3	5.2441E-1
7.7700E-4	1.0010E-2	5.2983E-1
7.7800E-4	1.0010E-2	5.3599E-1
7.7900E-4	9.2773E-3	5.3999E-1
7.8000E-4	9.5215E-3	5.4346E-1
7.8100E-4	1.0254E-2	5.4463E-1
7.8200E-4	9.7656E-3	5.4580E-1
7.8300E-4	9.7656E-3	5.4829E-1
7.8400E-4	9.2773E-3	5.5278E-1
7.8500E-4	1.0010E-2	5.5874E-1
7.8600E-4	9.7656E-3	5.6421E-1
7.8700E-4	9.5215E-3	5.6841E-1
7.8800E-4	9.0332E-3	5.7207E-1
7.8900E-4	9.7656E-3	5.7471E-1
7.9000E-4	9.7656E-3	5.7720E-1
7.9100E-4	9.2773E-3	5.8267E-1
7.9200E-4	9.5215E-3	5.9033E-1
7.9300E-4	1.0010E-2	5.9604E-1
7.9400E-4	9.7656E-3	6.0396E-1
7.9500E-4	9.0332E-3	6.1309E-1
7.9600E-4	9.0332E-3	6.1934E-1
7.9700E-4	9.2773E-3	6.2432E-1
7.9800E-4	9.2773E-3	6.3008E-1
7.9900E-4	1.0254E-2	6.3530E-1
8.0000E-4	9.7656E-3	6.3877E-1
8.0100E-4	9.7656E-3	6.4404E-1
8.0200E-4	9.2773E-3	6.4785E-1
8.0300E-4	9.0332E-3	6.4966E-1
8.0400E-4	9.5215E-3	6.5078E-1
8.0500E-4	9.2773E-3	6.5176E-1
8.0600E-4	9.5215E-3	6.5181E-1
8.0700E-4	9.2773E-3	6.5493E-1
8.0800E-4	1.0010E-2	6.5996E-1
8.0900E-4	9.5215E-3	6.6797E-1
8.1000E-4	9.0332E-3	6.7676E-1
8.1100E-4	9.7656E-3	6.8330E-1
8.1200E-4	9.7656E-3	6.8838E-1
8.1300E-4	9.5215E-3	6.9282E-1
8.1400E-4	9.7656E-3	6.9492E-1
8.1500E-4	9.2773E-3	6.9771E-1
8.1600E-4	9.7656E-3	7.0273E-1
8.1700E-4	9.2773E-3	7.0767E-1
8.1800E-4	9.5215E-3	7.1431E-1
8.1900E-4	9.5215E-3	7.2148E-1
8.2000E-4	9.2773E-3	7.2813E-1
8.2100E-4	9.7656E-3	7.3350E-1
8.2200E-4	9.5215E-3	7.3901E-1
8.2300E-4	9.7656E-3	7.4321E-1
8.2400E-4	9.0332E-3	7.4497E-1
8.2500E-4	9.5215E-3	7.4468E-1
8.2600E-4	9.2773E-3	7.4580E-1
8.2700E-4	9.5215E-3	7.4521E-1
8.2800E-4	9.2773E-3	7.4609E-1
8.2900E-4	9.5215E-3	7.4810E-1
8.3000E-4	9.7656E-3	7.5259E-1
8.3100E-4	9.7656E-3	7.5659E-1
8.3200E-4	9.2773E-3	7.6274E-1
8.3300E-4	1.0010E-2	7.6738E-1
8.3400E-4	9.2773E-3	7.7266E-1
8.3500E-4	9.5215E-3	7.7632E-1
8.3600E-4	9.5215E-3	7.7993E-1
8.3700E-4	9.5215E-3	7.8091E-1
8.3800E-4	9.2773E-3	7.8198E-1
8.3900E-4	9.5215E-3	7.7988E-1
8.4000E-4	1.0498E-2	7.7837E-1
8.4100E-4	9.0332E-3	7.7539E-1
8.4200E-4	9.5215E-3	7.7383E-1
8.4300E-4	9.2773E-3	7.7129E-1
8.4400E-4	9.5215E-3	7.6870E-1
8.4500E-4	1.0254E-2	7.6631E-1
8.4600E-4	1.0010E-2	7.6387E-1
8.4700E-4	9.5215E-3	7.6162E-1
8.4800E-4	9.5215E-3	7.5874E-1
8.4900E-4	9.5215E-3	7.5669E-1
8.5000E-4	9.0332E-3	7.5635E-1
8.5100E-4	9.5215E-3	7.5708E-1
8.5200E-4	9.5215E-3	7.5679E-1
8.5300E-4	9.5215E-3	7.5728E-1
8.5400E-4	9.5215E-3	7.5825E-1
8.5500E-4	9.5215E-3	7.5620E-1
8.5600E-4	9.5215E-3	7.5474E-1
8.5700E-4	9.5215E-3	7.5317E-1
8.5800E-4	9.5215E-3	7.5151E-1
8.5900E-4	9.5215E-3	7.4932E-1
8.6000E-4	9.5215E-3	7.4692E-1
8.6100E-4	9.7656E-3	7.4272E-1
8.6200E-4	9.0332E-3	7.3828E-1
8.6300E-4	9.7656E-3	7.3428E-1
8.6400E-4	9.5215E-3	7.3149E-1
8.6500E-4	9.5215E-3	7.2935E-1
8.6600E-4	1.0010E-2	7.2842E-1
8.6700E-4	9.7656E-3	7.2832E-1
8.6800E-4	9.5215E-3	7.2803E-1
8.6900E-4	9.5215E-3	7.2524E-1
8.7000E-4	9.5215E-3	7.2153E-1
8.7100E-4	9.2773E-3	7.1655E-1
8.7200E-4	9.0332E-3	7.1162E-1
8.7300E-4	9.0332E-3	7.0908E-1
8.7400E-4	9.5215E-3	7.0771E-1
8.7500E-4	1.0254E-2	7.0688E-1
8.7600E-4	9.5215E-3	7.0605E-1
8.7700E-4	9.2773E-3	7.0503E-1
8.7800E-4	9.5215E-3	7.0239E-1
8.7900E-4	9.7656E-3	7.0059E-1
8.8000E-4	9.0332E-3	7.0146E-1
8.8100E-4	9.7656E-3	7.0396E-1
8.8200E-4	9.5215E-3	7.0649E-1
8.8300E-4	1.0010E-2	7.0854E-1
8.8400E-4	9.7656E-3	7.0928E-1
8.8500E-4	1.0010E-2	7.0635E-1
8.8600E-4	9.2773E-3	7.0195E-1
8.8700E-4	9.7656E-3	6.9590E-1
8.8800E-4	9.2773E-3	6.9126E-1
8.8900E-4	8.7891E-3	6.8784E-1
8.9000E-4	9.2773E-3	6.8472E-1
8.9100E-4	1.0010E-2	6.8115E-1
8.9200E-4	9.5215E-3	6.7979E-1
8.9300E-4	9.0332E-3	6.7705E-1
8.9400E-4	9.0332E-3	6.7480E-1
8.9500E-4	1.0010E-2	6.7310E-1
8.9600E-4	9.2773E-3	6.7319E-1
8.9700E-4	9.5215E-3	6.7407E-1
8.9800E-4	9.2773E-3	6.7427E-1
8.9900E-4	9.0332E-3	6.7490E-1
9.0000E-4	9.2773E-3	6.7500E-1
9.0100E-4	9.7656E-3	6.7373E-1
9.0200E-4	9.2773E-3	6.7256E-1
9.0300E-4	9.7656E-3	6.7197E-1
9.0400E-4	1.0010E-2	6.7148E-1
9.0500E-4	9.7656E-3	6.7227E-1
9.0600E-4	9.2773E-3	6.7354E-1
9.0700E-4	9.7656E-3	6.7334E-1
9.0800E-4	9.5215E-3	6.7285E-1
9.0900E-4	9.7656E-3	6.7026E-1
9.1000E-4	9.0332E-3	6.6865E-1
9.1100E-4	9.0332E-3	6.6650E-1
9.1200E-4	9.7656E-3	6.6548E-1
9.1300E-4	1.0010E-2	6.6587E-1
9.1400E-4	9.5215E-3	6.6631E-1
9.1500E-4	9.5215E-3	6.6606E-1
9.1600E-4	9.5215E-3	6.6685E-1
9.1700E-4	9.7656E-3	6.6753E-1
9.1800E-4	9.7656E-3	6.6768E-1
9.1900E-4	9.5215E-3	6.6875E-1
9.2000E-4	9.5215E-3	6.7163E-1
9.2100E-4	9.2773E-3	6.7632E-1
9.2200E-4	1.0010E-2	6.8027E-1
9.2300E-4	9.2773E-3	6.8506E-1
9.2400E-4	9.7656E-3	6.8940E-1
9.2500E-4	9.5215E-3	6.9258E-1
9.2600E-4	9.2773E-3	6.9434E-1
9.2700E-4	1.0010E-2	6.9736E-1
9.2800E-4	1.0254E-2	6.9717E-1
9.2900E-4	9.7656E-3	6.9790E-1
9.3000E-4	1.0010E-2	6.9712E-1
9.3100E-4	9.7656E-3	6.9458E-1
9.3200E-4	9.5215E-3	6.9141E-1
9.3300E-4	9.7656E-3	6.8984E-1
9.3400E-4	9.5215E-3	6.8921E-1
9.3500E-4	9.5215E-3	6.9028E-1
9.3600E-4	9.5215E-3	6.9180E-1
9.3700E-4	1.0010E-2	6.9478E-1
9.3800E-4	9.5215E-3	6.9751E-1
9.3900E-4	1.0010E-2	6.9907E-1
9.4000E-4	9.5215E-3	7.0054E-1
9.4100E-4	9.7656E-3	7.0264E-1
9.4200E-4	9.2773E-3	7.0352E-1
9.4300E-4	9.5215E-3	7.0488E-1
9.4400E-4	9.7656E-3	7.0679E-1
9.4500E-4	1.0010E-2	7.0918E-1
9.4600E-4	1.0010E-2	7.1221E-1
9.4700E-4	9.2773E-3	7.1353E-1
9.4800E-4	9.5215E-3	7.1631E-1
9.4900E-4	9.2773E-3	7.1875E-1
9.5000E-4	9.5215E-3	7.1992E-1
9.5100E-4	1.0010E-2	7.1982E-1
9.5200E-4	9.5215E-3	7.1997E-1
9.5300E-4	9.5215E-3	7.1841E-1
9.5400E-4	9.7656E-3	7.1787E-1
9.5500E-4	9.2773E-3	7.1826E-1
9.5600E-4	1.0254E-2	7.1895E-1
9.5700E-4	9.5215E-3	7.2222E-1
9.5800E-4	9.2773E-3	7.2705E-1
9.5900E-4	9.0332E-3	7.3135E-1
9.6000E-4	9.0332E-3	7.3511E-1
9.6100E-4	9.5215E-3	7.3892E-1
9.6200E-4	9.7656E-3	7.4116E-1
9.6300E-4	9.7656E-3	7.4214E-1
9.6400E-4	9.7656E-3	7.4229E-1
9.6500E-4	9.5215E-3	7.4136E-1
9.6600E-4	9.5215E-3	7.4150E-1
9.6700E-4	9.0332E-3	7.4121E-1
9.6800E-4	9.2773E-3	7.4194E-1
9.6900E-4	9.7656E-3	7.4214E-1
9.7000E-4	1.0010E-2	7.4355E-1
9.7100E-4	9.2773E-3	7.4429E-1
9.7200E-4	9.5215E-3	7.4414E-1
9.7300E-4	9.5215E-3	7.4409E-1
9.7400E-4	9.0332E-3	7.4644E-1
9.7500E-4	9.5215E-3	7.4771E-1
9.7600E-4	9.2773E-3	7.4917E-1
9.7700E-4	9.5215E-3	7.5205E-1
9.7800E-4	9.2773E-3	7.5371E-1
9.7900E-4	9.2773E-3	7.5264E-1
9.8000E-4	9.5215E-3	7.5181E-1
9.8100E-4	9.5215E-3	7.5044E-1
9.8200E-4	9.0332E-3	7.4946E-1
9.8300E-4	9.2773E-3	7.4990E-1
9.8400E-4	8.7891E-3	7.5107E-1
9.8500E-4	9.0332E-3	7.5273E-1
9.8600E-4	9.0332E-3	7.5361E-1
9.8700E-4	9.5215E-3	7.5508E-1
9.8800E-4	9.2773E-3	7.5308E-1
9.8900E-4	9.5215E-3	7.4927E-1
9.9000E-4	9.5215E-3	7.4614E-1
9.9100E-4	9.7656E-3	7.4282E-1
9.9200E-4	1.0498E-2	7.3911E-1
9.9300E-4	9.2773E-3	7.3799E-1
9.9400E-4	9.7656E-3	7.4028E-1
9.9500E-4	9.0332E-3	7.4336E-1
9.9600E-4	9.5215E-3	7.4663E-1
9.9700E-4	1.0010E-2	7.4888E-1
9.9800E-4	9.2773E-3	7.4888E-1
9.9900E-4	9.5215E-3	7.4888E-1
