Time [s]	Aux in [V]	Main in [V]
0.0000E+0	9.2773E-3	8.2676E-1
1.0000E-6	9.2773E-3	8.2598E-1
2.0000E-6	9.5215E-3	8.2520E-1
3.0000E-6	9.5215E-3	8.2559E-1
4.0000E-6	9.2773E-3	8.2422E-1
5.0000E-6	9.2773E-3	8.2319E-1
6.0000E-6	1.0010E-2	8.2173E-1
7.0000E-6	9.7656E-3	8.1836E-1
8.0000E-6	9.5215E-3	8.1421E-1
9.0000E-6	9.2773E-3	8.0884E-1
1.0000E-5	9.5215E-3	8.0469E-1
1.1000E-5	9.2773E-3	8.0195E-1
1.2000E-5	9.5215E-3	8.0049E-1
1.3000E-5	9.2773E-3	7.9902E-1
1.4000E-5	9.0332E-3	7.9961E-1
1.5000E-5	9.7656E-3	7.9902E-1
1.6000E-5	9.7656E-3	7.9941E-1
1.7000E-5	9.2773E-3	8.0161E-1
1.8000E-5	9.2773E-3	8.0312E-1
1.9000E-5	9.7656E-3	8.0420E-1
2.0000E-5	9.7656E-3	8.0571E-1
2.1000E-5	9.7656E-3	8.0552E-1
2.2000E-5	1.0254E-2	8.0464E-1
2.3000E-5	9.2773E-3	8.0288E-1
2.4000E-5	9.5215E-3	7.9966E-1
2.5000E-5	9.2773E-3	7.9580E-1
2.6000E-5	9.5215E-3	7.9048E-1
2.7000E-5	1.0010E-2	7.8262E-1
2.8000E-5	9.5215E-3	7.7617E-1
2.9000E-5	9.0332E-3	7.7124E-1
3.0000E-5	9.7656E-3	7.6870E-1
3.1000E-5	9.0332E-3	7.6938E-1
3.2000E-5	9.5215E-3	7.7197E-1
3.3000E-5	8.7891E-3	7.7412E-1
3.4000E-5	9.7656E-3	7.7744E-1
3.5000E-5	9.5215E-3	7.8003E-1
3.6000E-5	9.5215E-3	7.7974E-1
3.7000E-5	9.5215E-3	7.8008E-1
3.8000E-5	9.7656E-3	7.7754E-1
3.9000E-5	9.2773E-3	7.7441E-1
4.0000E-5	9.7656E-3	7.7065E-1
4.1000E-5	8.7891E-3	7.6729E-1
4.2000E-5	1.0254E-2	7.6265E-1
4.3000E-5	9.5215E-3	7.5972E-1
4.4000E-5	9.7656E-3	7.5659E-1
4.5000E-5	9.5215E-3	7.5356E-1
4.6000E-5	9.0332E-3	7.5244E-1
4.7000E-5	9.7656E-3	7.5161E-1
4.8000E-5	9.5215E-3	7.5303E-1
4.9000E-5	9.2773E-3	7.5420E-1
5.0000E-5	9.0332E-3	7.5474E-1
5.1000E-5	8.7891E-3	7.5239E-1
5.2000E-5	9.5215E-3	7.4990E-1
5.3000E-5	9.7656E-3	7.4648E-1
5.4000E-5	9.2773E-3	7.4434E-1
5.5000E-5	9.0332E-3	7.4111E-1
5.6000E-5	9.5215E-3	7.4004E-1
5.7000E-5	9.0332E-3	7.4009E-1
5.8000E-5	9.5215E-3	7.3823E-1
5.9000E-5	9.7656E-3	7.3447E-1
6.0000E-5	9.5215E-3	7.3232E-1
6.1000E-5	9.2773E-3	7.3164E-1
6.2000E-5	9.5215E-3	7.3257E-1
6.3000E-5	9.5215E-3	7.3560E-1
6.4000E-5	1.0010E-2	7.3970E-1
6.5000E-5	9.5215E-3	7.4502E-1
6.6000E-5	9.7656E-3	7.4995E-1
6.7000E-5	9.7656E-3	7.5273E-1
6.8000E-5	9.7656E-3	7.5352E-1
6.9000E-5	1.0010E-2	7.5356E-1
7.0000E-5	9.2773E-3	7.5127E-1
7.1000E-5	9.0332E-3	7.4609E-1
7.2000E-5	9.7656E-3	7.4058E-1
7.3000E-5	9.7656E-3	7.3667E-1
7.4000E-5	9.5215E-3	7.3364E-1
7.5000E-5	9.7656E-3	7.3252E-1
7.6000E-5	1.0010E-2	7.3413E-1
7.7000E-5	8.7891E-3	7.3887E-1
7.8000E-5	9.2773E-3	7.4312E-1
7.9000E-5	9.2773E-3	7.4771E-1
8.0000E-5	1.0254E-2	7.5176E-1
8.1000E-5	9.5215E-3	7.5391E-1
8.2000E-5	9.7656E-3	7.5352E-1
8.3000E-5	9.7656E-3	7.5361E-1
8.4000E-5	9.5215E-3	7.5361E-1
8.5000E-5	9.0332E-3	7.5186E-1
8.6000E-5	1.0254E-2	7.5093E-1
8.7000E-5	9.5215E-3	7.5015E-1
8.8000E-5	1.0010E-2	7.5088E-1
8.9000E-5	9.5215E-3	7.5059E-1
9.0000E-5	9.5215E-3	7.5176E-1
9.1000E-5	9.0332E-3	7.5283E-1
9.2000E-5	9.2773E-3	7.5317E-1
9.3000E-5	9.5215E-3	7.5327E-1
9.4000E-5	1.0010E-2	7.5225E-1
9.5000E-5	9.7656E-3	7.5161E-1
9.6000E-5	9.5215E-3	7.5337E-1
9.7000E-5	9.5215E-3	7.5659E-1
9.8000E-5	1.0254E-2	7.6069E-1
9.9000E-5	9.2773E-3	7.6704E-1
1.0000E-4	9.2773E-3	7.7202E-1
1.0100E-4	9.5215E-3	7.7422E-1
1.0200E-4	1.0010E-2	7.7510E-1
1.0300E-4	9.5215E-3	7.7427E-1
1.0400E-4	1.0010E-2	7.7222E-1
1.0500E-4	9.2773E-3	7.7251E-1
1.0600E-4	9.2773E-3	7.7539E-1
1.0700E-4	9.2773E-3	7.7778E-1
1.0800E-4	9.7656E-3	7.7759E-1
1.0900E-4	9.2773E-3	7.7827E-1
1.1000E-4	9.7656E-3	7.7700E-1
1.1100E-4	9.2773E-3	7.7139E-1
1.1200E-4	1.0010E-2	7.6738E-1
1.1300E-4	9.5215E-3	7.6772E-1
1.1400E-4	9.0332E-3	7.6890E-1
1.1500E-4	1.0010E-2	7.7178E-1
1.1600E-4	9.2773E-3	7.7808E-1
1.1700E-4	9.5215E-3	7.8457E-1
1.1800E-4	1.0254E-2	7.9253E-1
1.1900E-4	1.0254E-2	8.0020E-1
1.2000E-4	9.5215E-3	8.0596E-1
1.2100E-4	9.2773E-3	8.1016E-1
1.2200E-4	9.5215E-3	8.1118E-1
1.2300E-4	9.0332E-3	8.0728E-1
1.2400E-4	9.7656E-3	8.0171E-1
1.2500E-4	9.2773E-3	7.9702E-1
1.2600E-4	1.0010E-2	7.9282E-1
1.2700E-4	9.7656E-3	7.8931E-1
1.2800E-4	9.5215E-3	7.8535E-1
1.2900E-4	9.2773E-3	7.8115E-1
1.3000E-4	9.7656E-3	7.7632E-1
1.3100E-4	9.5215E-3	7.7300E-1
1.3200E-4	9.7656E-3	7.7114E-1
1.3300E-4	1.0010E-2	7.7153E-1
1.3400E-4	9.5215E-3	7.7339E-1
1.3500E-4	9.2773E-3	7.7734E-1
1.3600E-4	9.2773E-3	7.7993E-1
1.3700E-4	1.0010E-2	7.8208E-1
1.3800E-4	9.5215E-3	7.8423E-1
1.3900E-4	9.2773E-3	7.8501E-1
1.4000E-4	9.5215E-3	7.8306E-1
1.4100E-4	9.5215E-3	7.8213E-1
1.4200E-4	9.2773E-3	7.8047E-1
1.4300E-4	9.5215E-3	7.8057E-1
1.4400E-4	1.0010E-2	7.8130E-1
1.4500E-4	9.2773E-3	7.8193E-1
1.4600E-4	9.2773E-3	7.8369E-1
1.4700E-4	9.2773E-3	7.8672E-1
1.4800E-4	9.2773E-3	7.8843E-1
1.4900E-4	1.0010E-2	7.8970E-1
1.5000E-4	1.0498E-2	7.8892E-1
1.5100E-4	9.5215E-3	7.8438E-1
1.5200E-4	9.5215E-3	7.7891E-1
1.5300E-4	9.0332E-3	7.7148E-1
1.5400E-4	9.5215E-3	7.6313E-1
1.5500E-4	1.0010E-2	7.5703E-1
1.5600E-4	9.5215E-3	7.5244E-1
1.5700E-4	1.0010E-2	7.4790E-1
1.5800E-4	1.0010E-2	7.4673E-1
1.5900E-4	9.5215E-3	7.4771E-1
1.6000E-4	9.0332E-3	7.4932E-1
1.6100E-4	9.0332E-3	7.5083E-1
1.6200E-4	9.7656E-3	7.5298E-1
1.6300E-4	8.7891E-3	7.5137E-1
1.6400E-4	9.7656E-3	7.4800E-1
1.6500E-4	9.2773E-3	7.4453E-1
1.6600E-4	9.5215E-3	7.4082E-1
1.6700E-4	8.7891E-3	7.3594E-1
1.6800E-4	9.2773E-3	7.3086E-1
1.6900E-4	9.2773E-3	7.2666E-1
1.7000E-4	9.5215E-3	7.2358E-1
1.7100E-4	9.7656E-3	7.2290E-1
1.7200E-4	1.0254E-2	7.2134E-1
1.7300E-4	9.2773E-3	7.2153E-1
1.7400E-4	9.5215E-3	7.2104E-1
1.7500E-4	9.0332E-3	7.1973E-1
1.7600E-4	1.0010E-2	7.1650E-1
1.7700E-4	9.7656E-3	7.1509E-1
1.7800E-4	9.2773E-3	7.1240E-1
1.7900E-4	9.2773E-3	7.0864E-1
1.8000E-4	9.5215E-3	7.0439E-1
1.8100E-4	9.0332E-3	6.9727E-1
1.8200E-4	9.2773E-3	6.8867E-1
1.8300E-4	9.7656E-3	6.7974E-1
1.8400E-4	9.2773E-3	6.7388E-1
1.8500E-4	9.5215E-3	6.6802E-1
1.8600E-4	1.0010E-2	6.6572E-1
1.8700E-4	9.2773E-3	6.6392E-1
1.8800E-4	1.0010E-2	6.6318E-1
1.8900E-4	9.5215E-3	6.5903E-1
1.9000E-4	9.5215E-3	6.5542E-1
1.9100E-4	9.5215E-3	6.5034E-1
1.9200E-4	9.0332E-3	6.4741E-1
1.9300E-4	8.7891E-3	6.4512E-1
1.9400E-4	9.5215E-3	6.4268E-1
1.9500E-4	8.7891E-3	6.4155E-1
1.9600E-4	9.7656E-3	6.4063E-1
1.9700E-4	9.2773E-3	6.3848E-1
1.9800E-4	9.2773E-3	6.3765E-1
1.9900E-4	8.7891E-3	6.3828E-1
2.0000E-4	9.5215E-3	6.3711E-1
2.0100E-4	8.7891E-3	6.3652E-1
2.0200E-4	8.5449E-3	6.3442E-1
2.0300E-4	9.2773E-3	6.2920E-1
2.0400E-4	9.5215E-3	6.2432E-1
2.0500E-4	8.7891E-3	6.1953E-1
2.0600E-4	9.7656E-3	6.1348E-1
2.0700E-4	9.2773E-3	6.1060E-1
2.0800E-4	9.5215E-3	6.0947E-1
2.0900E-4	9.7656E-3	6.1133E-1
2.1000E-4	9.2773E-3	6.1299E-1
2.1100E-4	9.5215E-3	6.1577E-1
2.1200E-4	9.2773E-3	6.1860E-1
2.1300E-4	9.2773E-3	6.2065E-1
2.1400E-4	9.2773E-3	6.1919E-1
2.1500E-4	9.5215E-3	6.1836E-1
2.1600E-4	9.5215E-3	6.1738E-1
2.1700E-4	9.7656E-3	6.1416E-1
2.1800E-4	9.5215E-3	6.1177E-1
2.1900E-4	9.7656E-3	6.0913E-1
2.2000E-4	9.5215E-3	6.0566E-1
2.2100E-4	9.5215E-3	6.0186E-1
2.2200E-4	9.2773E-3	6.0049E-1
2.2300E-4	9.5215E-3	5.9795E-1
2.2400E-4	9.2773E-3	5.9731E-1
2.2500E-4	9.5215E-3	5.9795E-1
2.2600E-4	9.2773E-3	5.9780E-1
2.2700E-4	9.2773E-3	5.9634E-1
2.2800E-4	9.5215E-3	5.9526E-1
2.2900E-4	9.2773E-3	5.9287E-1
2.3000E-4	9.0332E-3	5.9043E-1
2.3100E-4	9.2773E-3	5.9185E-1
2.3200E-4	9.2773E-3	5.9146E-1
2.3300E-4	8.5449E-3	5.9224E-1
2.3400E-4	9.0332E-3	5.9360E-1
2.3500E-4	9.5215E-3	5.9434E-1
2.3600E-4	9.2773E-3	5.9214E-1
2.3700E-4	8.7891E-3	5.9185E-1
2.3800E-4	9.2773E-3	5.9150E-1
2.3900E-4	1.0010E-2	5.9028E-1
2.4000E-4	9.5215E-3	5.8901E-1
2.4100E-4	9.2773E-3	5.8818E-1
2.4200E-4	8.7891E-3	5.8779E-1
2.4300E-4	9.5215E-3	5.8794E-1
2.4400E-4	9.2773E-3	5.8706E-1
2.4500E-4	9.7656E-3	5.8638E-1
2.4600E-4	9.5215E-3	5.8530E-1
2.4700E-4	9.5215E-3	5.8271E-1
2.4800E-4	9.5215E-3	5.8052E-1
2.4900E-4	9.2773E-3	5.8125E-1
2.5000E-4	9.2773E-3	5.8145E-1
2.5100E-4	1.0010E-2	5.8262E-1
2.5200E-4	9.5215E-3	5.8560E-1
2.5300E-4	9.5215E-3	5.8623E-1
2.5400E-4	1.0010E-2	5.8789E-1
2.5500E-4	9.0332E-3	5.9072E-1
2.5600E-4	9.5215E-3	5.9365E-1
2.5700E-4	9.5215E-3	5.9634E-1
2.5800E-4	9.5215E-3	6.0034E-1
2.5900E-4	1.0010E-2	6.0234E-1
2.6000E-4	9.0332E-3	6.0176E-1
2.6100E-4	9.2773E-3	5.9976E-1
2.6200E-4	9.2773E-3	5.9678E-1
2.6300E-4	9.5215E-3	5.9097E-1
2.6400E-4	9.5215E-3	5.8589E-1
2.6500E-4	1.0010E-2	5.8228E-1
2.6600E-4	9.5215E-3	5.8213E-1
2.6700E-4	9.5215E-3	5.8325E-1
2.6800E-4	9.5215E-3	5.8872E-1
2.6900E-4	9.5215E-3	5.9321E-1
2.7000E-4	1.0010E-2	5.9937E-1
2.7100E-4	1.0010E-2	6.0322E-1
2.7200E-4	9.7656E-3	6.0688E-1
2.7300E-4	8.7891E-3	6.0869E-1
2.7400E-4	9.5215E-3	6.1167E-1
2.7500E-4	9.2773E-3	6.1392E-1
2.7600E-4	9.2773E-3	6.1411E-1
2.7700E-4	1.0010E-2	6.1431E-1
2.7800E-4	9.2773E-3	6.1460E-1
2.7900E-4	9.2773E-3	6.1309E-1
2.8000E-4	9.2773E-3	6.1074E-1
2.8100E-4	1.0010E-2	6.1123E-1
2.8200E-4	9.5215E-3	6.1172E-1
2.8300E-4	9.5215E-3	6.1484E-1
2.8400E-4	9.5215E-3	6.2139E-1
2.8500E-4	9.2773E-3	6.3037E-1
2.8600E-4	9.0332E-3	6.3965E-1
2.8700E-4	9.7656E-3	6.4771E-1
2.8800E-4	8.7891E-3	6.5195E-1
2.8900E-4	9.0332E-3	6.5137E-1
2.9000E-4	9.7656E-3	6.4883E-1
2.9100E-4	9.5215E-3	6.4629E-1
2.9200E-4	8.7891E-3	6.4204E-1
2.9300E-4	9.2773E-3	6.3906E-1
2.9400E-4	9.7656E-3	6.3901E-1
2.9500E-4	9.7656E-3	6.3984E-1
2.9600E-4	9.2773E-3	6.4033E-1
2.9700E-4	9.2773E-3	6.4448E-1
2.9800E-4	9.5215E-3	6.4834E-1
2.9900E-4	9.5215E-3	6.5225E-1
3.0000E-4	9.0332E-3	6.5566E-1
3.0100E-4	9.5215E-3	6.5928E-1
3.0200E-4	9.0332E-3	6.6211E-1
3.0300E-4	9.2773E-3	6.6567E-1
3.0400E-4	9.5215E-3	6.6929E-1
3.0500E-4	1.0010E-2	6.7417E-1
3.0600E-4	9.0332E-3	6.7861E-1
3.0700E-4	9.5215E-3	6.8364E-1
3.0800E-4	9.5215E-3	6.9004E-1
3.0900E-4	1.0010E-2	6.9556E-1
3.1000E-4	9.2773E-3	6.9985E-1
3.1100E-4	9.2773E-3	7.0425E-1
3.1200E-4	9.0332E-3	7.0635E-1
3.1300E-4	9.5215E-3	7.0771E-1
3.1400E-4	1.0010E-2	7.0957E-1
3.1500E-4	9.2773E-3	7.1177E-1
3.1600E-4	9.7656E-3	7.1494E-1
3.1700E-4	9.0332E-3	7.1982E-1
3.1800E-4	9.5215E-3	7.2241E-1
3.1900E-4	9.5215E-3	7.2593E-1
3.2000E-4	1.0010E-2	7.3027E-1
3.2100E-4	9.5215E-3	7.3511E-1
3.2200E-4	1.0010E-2	7.3975E-1
3.2300E-4	9.2773E-3	7.4507E-1
3.2400E-4	9.2773E-3	7.5083E-1
3.2500E-4	9.0332E-3	7.5518E-1
3.2600E-4	9.5215E-3	7.5625E-1
3.2700E-4	8.7891E-3	7.5840E-1
3.2800E-4	9.5215E-3	7.6152E-1
3.2900E-4	9.2773E-3	7.6479E-1
3.3000E-4	9.2773E-3	7.6938E-1
3.3100E-4	1.0010E-2	7.7661E-1
3.3200E-4	9.2773E-3	7.8457E-1
3.3300E-4	9.5215E-3	7.9307E-1
3.3400E-4	9.7656E-3	8.0054E-1
3.3500E-4	9.7656E-3	8.0723E-1
3.3600E-4	1.0010E-2	8.1240E-1
3.3700E-4	9.2773E-3	8.1465E-1
3.3800E-4	9.0332E-3	8.1426E-1
3.3900E-4	9.5215E-3	8.1328E-1
3.4000E-4	9.5215E-3	8.1235E-1
3.4100E-4	1.0010E-2	8.1196E-1
3.4200E-4	9.7656E-3	8.1147E-1
3.4300E-4	1.0498E-2	8.1333E-1
3.4400E-4	9.5215E-3	8.1489E-1
3.4500E-4	1.0498E-2	8.1631E-1
3.4600E-4	1.0010E-2	8.1646E-1
3.4700E-4	1.0010E-2	8.1851E-1
3.4800E-4	9.2773E-3	8.2026E-1
3.4900E-4	8.5449E-3	8.2334E-1
3.5000E-4	9.0332E-3	8.2583E-1
3.5100E-4	9.2773E-3	8.2949E-1
3.5200E-4	9.7656E-3	8.3232E-1
3.5300E-4	9.2773E-3	8.3374E-1
3.5400E-4	9.7656E-3	8.3462E-1
3.5500E-4	9.2773E-3	8.3472E-1
3.5600E-4	9.2773E-3	8.3242E-1
3.5700E-4	9.5215E-3	8.2969E-1
3.5800E-4	9.5215E-3	8.2822E-1
3.5900E-4	1.0010E-2	8.2627E-1
3.6000E-4	9.5215E-3	8.2700E-1
3.6100E-4	9.2773E-3	8.2998E-1
3.6200E-4	9.2773E-3	8.3423E-1
3.6300E-4	9.7656E-3	8.3774E-1
3.6400E-4	9.5215E-3	8.3970E-1
3.6500E-4	9.7656E-3	8.4062E-1
3.6600E-4	9.5215E-3	8.4019E-1
3.6700E-4	9.0332E-3	8.3726E-1
3.6800E-4	9.5215E-3	8.3359E-1
3.6900E-4	9.2773E-3	8.2988E-1
3.7000E-4	9.5215E-3	8.2593E-1
3.7100E-4	9.2773E-3	8.2134E-1
3.7200E-4	9.7656E-3	8.1758E-1
3.7300E-4	9.2773E-3	8.1426E-1
3.7400E-4	9.2773E-3	8.1367E-1
3.7500E-4	9.5215E-3	8.1201E-1
3.7600E-4	9.5215E-3	8.0991E-1
3.7700E-4	9.7656E-3	8.0840E-1
3.7800E-4	9.5215E-3	8.0732E-1
3.7900E-4	8.7891E-3	8.0425E-1
3.8000E-4	9.5215E-3	8.0249E-1
3.8100E-4	1.0010E-2	8.0195E-1
3.8200E-4	9.5215E-3	8.0112E-1
3.8300E-4	9.5215E-3	8.0000E-1
3.8400E-4	1.0254E-2	8.0049E-1
3.8500E-4	9.2773E-3	7.9888E-1
3.8600E-4	1.0010E-2	7.9829E-1
3.8700E-4	9.0332E-3	7.9854E-1
3.8800E-4	9.0332E-3	7.9805E-1
3.8900E-4	9.2773E-3	7.9600E-1
3.9000E-4	9.2773E-3	7.9341E-1
3.9100E-4	9.2773E-3	7.9043E-1
3.9200E-4	1.0010E-2	7.8584E-1
3.9300E-4	9.5215E-3	7.8345E-1
3.9400E-4	9.2773E-3	7.8154E-1
3.9500E-4	9.7656E-3	7.8101E-1
3.9600E-4	9.0332E-3	7.8013E-1
3.9700E-4	9.7656E-3	7.7891E-1
3.9800E-4	1.0010E-2	7.7324E-1
3.9900E-4	9.2773E-3	7.6743E-1
4.0000E-4	9.0332E-3	7.6255E-1
4.0100E-4	9.2773E-3	7.5742E-1
4.0200E-4	9.0332E-3	7.5234E-1
4.0300E-4	9.5215E-3	7.5225E-1
4.0400E-4	9.2773E-3	7.5371E-1
4.0500E-4	1.0010E-2	7.5571E-1
4.0600E-4	9.5215E-3	7.5933E-1
4.0700E-4	9.5215E-3	7.6226E-1
4.0800E-4	9.7656E-3	7.6333E-1
4.0900E-4	1.0498E-2	7.6240E-1
4.1000E-4	1.0010E-2	7.6055E-1
4.1100E-4	9.0332E-3	7.5728E-1
4.1200E-4	9.2773E-3	7.5562E-1
4.1300E-4	9.7656E-3	7.5317E-1
4.1400E-4	9.5215E-3	7.4985E-1
4.1500E-4	9.0332E-3	7.4639E-1
4.1600E-4	9.7656E-3	7.4385E-1
4.1700E-4	9.2773E-3	7.4272E-1
4.1800E-4	9.5215E-3	7.4160E-1
4.1900E-4	8.7891E-3	7.4321E-1
4.2000E-4	9.5215E-3	7.4385E-1
4.2100E-4	1.0010E-2	7.4429E-1
4.2200E-4	9.7656E-3	7.4297E-1
4.2300E-4	9.7656E-3	7.4233E-1
4.2400E-4	9.5215E-3	7.4189E-1
4.2500E-4	9.5215E-3	7.4380E-1
4.2600E-4	9.5215E-3	7.4751E-1
4.2700E-4	9.2773E-3	7.5112E-1
4.2800E-4	9.5215E-3	7.5337E-1
4.2900E-4	9.2773E-3	7.5356E-1
4.3000E-4	9.5215E-3	7.5313E-1
4.3100E-4	9.0332E-3	7.5039E-1
4.3200E-4	9.5215E-3	7.4829E-1
4.3300E-4	9.5215E-3	7.4805E-1
4.3400E-4	1.0254E-2	7.5015E-1
4.3500E-4	1.0010E-2	7.5234E-1
4.3600E-4	9.0332E-3	7.5527E-1
4.3700E-4	9.5215E-3	7.5884E-1
4.3800E-4	1.0498E-2	7.6069E-1
4.3900E-4	9.5215E-3	7.6221E-1
4.4000E-4	9.2773E-3	7.6240E-1
4.4100E-4	1.0254E-2	7.6196E-1
4.4200E-4	9.2773E-3	7.6147E-1
4.4300E-4	1.0010E-2	7.6406E-1
4.4400E-4	9.5215E-3	7.6499E-1
4.4500E-4	8.7891E-3	7.6689E-1
4.4600E-4	9.5215E-3	7.6797E-1
4.4700E-4	9.5215E-3	7.6943E-1
4.4800E-4	9.5215E-3	7.6895E-1
4.4900E-4	9.2773E-3	7.6870E-1
4.5000E-4	9.5215E-3	7.6978E-1
4.5100E-4	9.7656E-3	7.7202E-1
4.5200E-4	9.2773E-3	7.7563E-1
4.5300E-4	9.2773E-3	7.7866E-1
4.5400E-4	9.5215E-3	7.8149E-1
4.5500E-4	9.5215E-3	7.8262E-1
4.5600E-4	1.0254E-2	7.8579E-1
4.5700E-4	9.7656E-3	7.8701E-1
4.5800E-4	9.5215E-3	7.9023E-1
4.5900E-4	9.0332E-3	7.9443E-1
4.6000E-4	1.0010E-2	7.9854E-1
4.6100E-4	9.2773E-3	7.9956E-1
4.6200E-4	9.7656E-3	8.0195E-1
4.6300E-4	9.7656E-3	8.0361E-1
4.6400E-4	9.7656E-3	8.0537E-1
4.6500E-4	8.7891E-3	8.0786E-1
4.6600E-4	9.5215E-3	8.1196E-1
4.6700E-4	9.7656E-3	8.1479E-1
4.6800E-4	1.0010E-2	8.1689E-1
4.6900E-4	9.5215E-3	8.1743E-1
4.7000E-4	9.0332E-3	8.1816E-1
4.7100E-4	9.5215E-3	8.1719E-1
4.7200E-4	9.5215E-3	8.1680E-1
4.7300E-4	1.0254E-2	8.1709E-1
4.7400E-4	9.5215E-3	8.1919E-1
4.7500E-4	9.7656E-3	8.2090E-1
4.7600E-4	9.7656E-3	8.2422E-1
4.7700E-4	1.0010E-2	8.2603E-1
4.7800E-4	1.0010E-2	8.2925E-1
4.7900E-4	9.5215E-3	8.3164E-1
4.8000E-4	9.2773E-3	8.3203E-1
4.8100E-4	9.7656E-3	8.3179E-1
4.8200E-4	9.5215E-3	8.3105E-1
4.8300E-4	9.0332E-3	8.2974E-1
4.8400E-4	9.7656E-3	8.2715E-1
4.8500E-4	9.7656E-3	8.2588E-1
4.8600E-4	9.5215E-3	8.2515E-1
4.8700E-4	9.2773E-3	8.2666E-1
4.8800E-4	9.7656E-3	8.2695E-1
4.8900E-4	9.0332E-3	8.3037E-1
4.9000E-4	9.0332E-3	8.3564E-1
4.9100E-4	9.2773E-3	8.3999E-1
4.9200E-4	9.7656E-3	8.4170E-1
4.9300E-4	9.2773E-3	8.4346E-1
4.9400E-4	9.2773E-3	8.4131E-1
4.9500E-4	1.0254E-2	8.3740E-1
4.9600E-4	1.0010E-2	8.3242E-1
4.9700E-4	1.0010E-2	8.2959E-1
4.9800E-4	9.5215E-3	8.2637E-1
4.9900E-4	9.2773E-3	8.2505E-1
5.0000E-4	9.7656E-3	8.2529E-1
5.0100E-4	9.7656E-3	8.2822E-1
5.0200E-4	9.0332E-3	8.2764E-1
5.0300E-4	9.5215E-3	8.2607E-1
5.0400E-4	9.5215E-3	8.2354E-1
5.0500E-4	9.5215E-3	8.1934E-1
5.0600E-4	9.5215E-3	8.1396E-1
5.0700E-4	9.0332E-3	8.1206E-1
5.0800E-4	9.7656E-3	8.1348E-1
5.0900E-4	9.2773E-3	8.1626E-1
5.1000E-4	1.0010E-2	8.1816E-1
5.1100E-4	9.5215E-3	8.2007E-1
5.1200E-4	9.5215E-3	8.1929E-1
5.1300E-4	9.7656E-3	8.1655E-1
5.1400E-4	9.5215E-3	8.1318E-1
5.1500E-4	9.0332E-3	8.1025E-1
5.1600E-4	9.2773E-3	8.0815E-1
5.1700E-4	9.5215E-3	8.0796E-1
5.1800E-4	9.7656E-3	8.0703E-1
5.1900E-4	9.2773E-3	8.0635E-1
5.2000E-4	9.7656E-3	8.0576E-1
5.2100E-4	9.5215E-3	8.0498E-1
5.2200E-4	9.5215E-3	8.0278E-1
5.2300E-4	9.7656E-3	8.0171E-1
5.2400E-4	9.0332E-3	8.0015E-1
5.2500E-4	9.7656E-3	7.9795E-1
5.2600E-4	1.0254E-2	7.9380E-1
5.2700E-4	9.5215E-3	7.9087E-1
5.2800E-4	9.0332E-3	7.8662E-1
5.2900E-4	9.2773E-3	7.8418E-1
5.3000E-4	1.0254E-2	7.8130E-1
5.3100E-4	1.0010E-2	7.8003E-1
5.3200E-4	9.5215E-3	7.8066E-1
5.3300E-4	9.2773E-3	7.8154E-1
5.3400E-4	9.5215E-3	7.8071E-1
5.3500E-4	9.2773E-3	7.8110E-1
5.3600E-4	9.5215E-3	7.7900E-1
5.3700E-4	9.7656E-3	7.7451E-1
5.3800E-4	9.2773E-3	7.6948E-1
5.3900E-4	9.5215E-3	7.6440E-1
5.4000E-4	1.0010E-2	7.5996E-1
5.4100E-4	9.7656E-3	7.5737E-1
5.4200E-4	9.2773E-3	7.5654E-1
5.4300E-4	9.5215E-3	7.5840E-1
5.4400E-4	1.0010E-2	7.5923E-1
5.4500E-4	1.0254E-2	7.6133E-1
5.4600E-4	9.2773E-3	7.6416E-1
5.4700E-4	1.0010E-2	7.6445E-1
5.4800E-4	1.0010E-2	7.6294E-1
5.4900E-4	1.0010E-2	7.6177E-1
5.5000E-4	1.0010E-2	7.5747E-1
5.5100E-4	9.0332E-3	7.5244E-1
5.5200E-4	1.0010E-2	7.4824E-1
5.5300E-4	9.0332E-3	7.4492E-1
5.5400E-4	9.7656E-3	7.4248E-1
5.5500E-4	9.5215E-3	7.4141E-1
5.5600E-4	9.7656E-3	7.3994E-1
5.5700E-4	9.7656E-3	7.3970E-1
5.5800E-4	9.5215E-3	7.3984E-1
5.5900E-4	9.0332E-3	7.3936E-1
5.6000E-4	9.5215E-3	7.3813E-1
5.6100E-4	9.0332E-3	7.3813E-1
5.6200E-4	9.5215E-3	7.3853E-1
5.6300E-4	9.7656E-3	7.3750E-1
5.6400E-4	9.5215E-3	7.3770E-1
5.6500E-4	9.0332E-3	7.3833E-1
5.6600E-4	9.5215E-3	7.3735E-1
5.6700E-4	9.2773E-3	7.3384E-1
5.6800E-4	9.5215E-3	7.3120E-1
5.6900E-4	9.0332E-3	7.3071E-1
5.7000E-4	9.2773E-3	7.3174E-1
5.7100E-4	9.0332E-3	7.3447E-1
5.7200E-4	8.7891E-3	7.4004E-1
5.7300E-4	9.5215E-3	7.4556E-1
5.7400E-4	9.5215E-3	7.4717E-1
5.7500E-4	9.5215E-3	7.4712E-1
5.7600E-4	9.0332E-3	7.4692E-1
5.7700E-4	9.5215E-3	7.4595E-1
5.7800E-4	9.5215E-3	7.4668E-1
5.7900E-4	9.2773E-3	7.4814E-1
5.8000E-4	9.7656E-3	7.4854E-1
5.8100E-4	9.2773E-3	7.4878E-1
5.8200E-4	1.0010E-2	7.4907E-1
5.8300E-4	1.0010E-2	7.4878E-1
5.8400E-4	1.0254E-2	7.4946E-1
5.8500E-4	9.5215E-3	7.5166E-1
5.8600E-4	9.5215E-3	7.5308E-1
5.8700E-4	9.0332E-3	7.5547E-1
5.8800E-4	9.7656E-3	7.5674E-1
5.8900E-4	9.2773E-3	7.5884E-1
5.9000E-4	9.2773E-3	7.6211E-1
5.9100E-4	1.0010E-2	7.6621E-1
5.9200E-4	9.5215E-3	7.7007E-1
5.9300E-4	9.5215E-3	7.7349E-1
5.9400E-4	1.0010E-2	7.7388E-1
5.9500E-4	9.0332E-3	7.7373E-1
5.9600E-4	9.5215E-3	7.7271E-1
5.9700E-4	9.5215E-3	7.7046E-1
5.9800E-4	9.0332E-3	7.6812E-1
5.9900E-4	9.2773E-3	7.6733E-1
6.0000E-4	9.5215E-3	7.6729E-1
6.0100E-4	9.2773E-3	7.6826E-1
6.0200E-4	9.5215E-3	7.6909E-1
6.0300E-4	9.2773E-3	7.7153E-1
6.0400E-4	9.2773E-3	7.7354E-1
6.0500E-4	9.7656E-3	7.7534E-1
6.0600E-4	1.0010E-2	7.7578E-1
6.0700E-4	1.0010E-2	7.7666E-1
6.0800E-4	9.7656E-3	7.7715E-1
6.0900E-4	9.2773E-3	7.7876E-1
6.1000E-4	9.2773E-3	7.7759E-1
6.1100E-4	9.5215E-3	7.7700E-1
6.1200E-4	9.2773E-3	7.7598E-1
6.1300E-4	9.5215E-3	7.7368E-1
6.1400E-4	1.0010E-2	7.7163E-1
6.1500E-4	9.0332E-3	7.7017E-1
6.1600E-4	9.5215E-3	7.7007E-1
6.1700E-4	9.5215E-3	7.7158E-1
6.1800E-4	9.2773E-3	7.7471E-1
6.1900E-4	9.7656E-3	7.7695E-1
6.2000E-4	9.5215E-3	7.8037E-1
6.2100E-4	9.5215E-3	7.8403E-1
6.2200E-4	8.7891E-3	7.8726E-1
6.2300E-4	9.5215E-3	7.8901E-1
6.2400E-4	1.0498E-2	7.9063E-1
6.2500E-4	9.7656E-3	7.9238E-1
6.2600E-4	9.0332E-3	7.9175E-1
6.2700E-4	9.2773E-3	7.8989E-1
6.2800E-4	9.5215E-3	7.8804E-1
6.2900E-4	9.5215E-3	7.8638E-1
6.3000E-4	9.5215E-3	7.8604E-1
6.3100E-4	9.2773E-3	7.8740E-1
6.3200E-4	9.2773E-3	7.8779E-1
6.3300E-4	9.0332E-3	7.9009E-1
6.3400E-4	9.0332E-3	7.9556E-1
6.3500E-4	9.7656E-3	8.0039E-1
6.3600E-4	9.2773E-3	8.0625E-1
6.3700E-4	9.2773E-3	8.1064E-1
6.3800E-4	8.5449E-3	8.1304E-1
6.3900E-4	9.5215E-3	8.1035E-1
6.4000E-4	9.5215E-3	8.0615E-1
6.4100E-4	9.2773E-3	8.0044E-1
6.4200E-4	9.0332E-3	7.9639E-1
6.4300E-4	9.0332E-3	7.9351E-1
6.4400E-4	9.2773E-3	7.9297E-1
6.4500E-4	8.7891E-3	7.9316E-1
6.4600E-4	9.0332E-3	7.9346E-1
6.4700E-4	9.5215E-3	7.9478E-1
6.4800E-4	9.0332E-3	7.9443E-1
6.4900E-4	9.7656E-3	7.9258E-1
6.5000E-4	9.7656E-3	7.8853E-1
6.5100E-4	9.7656E-3	7.8291E-1
6.5200E-4	1.0010E-2	7.7617E-1
6.5300E-4	9.2773E-3	7.6953E-1
6.5400E-4	1.0010E-2	7.6377E-1
6.5500E-4	9.2773E-3	7.6133E-1
6.5600E-4	1.0010E-2	7.5933E-1
6.5700E-4	9.5215E-3	7.5713E-1
6.5800E-4	9.7656E-3	7.5420E-1
6.5900E-4	9.5215E-3	7.5127E-1
6.6000E-4	9.5215E-3	7.4531E-1
6.6100E-4	1.0010E-2	7.4019E-1
6.6200E-4	1.0010E-2	7.3672E-1
6.6300E-4	9.5215E-3	7.3545E-1
6.6400E-4	1.0010E-2	7.3320E-1
6.6500E-4	9.5215E-3	7.3174E-1
6.6600E-4	9.5215E-3	7.3013E-1
6.6700E-4	9.0332E-3	7.2822E-1
6.6800E-4	9.5215E-3	7.2598E-1
6.6900E-4	1.0010E-2	7.2554E-1
6.7000E-4	1.0010E-2	7.2627E-1
6.7100E-4	9.7656E-3	7.2686E-1
6.7200E-4	8.5449E-3	7.2632E-1
6.7300E-4	9.5215E-3	7.2407E-1
6.7400E-4	9.2773E-3	7.2095E-1
6.7500E-4	9.5215E-3	7.1606E-1
6.7600E-4	9.5215E-3	7.0918E-1
6.7700E-4	9.5215E-3	7.0298E-1
6.7800E-4	1.0010E-2	6.9648E-1
6.7900E-4	9.0332E-3	6.9023E-1
6.8000E-4	9.5215E-3	6.8491E-1
6.8100E-4	1.0010E-2	6.8276E-1
6.8200E-4	9.2773E-3	6.8062E-1
6.8300E-4	8.7891E-3	6.8203E-1
6.8400E-4	1.0010E-2	6.8379E-1
6.8500E-4	9.7656E-3	6.8579E-1
6.8600E-4	8.7891E-3	6.8511E-1
6.8700E-4	9.2773E-3	6.8462E-1
6.8800E-4	1.0742E-2	6.8232E-1
6.8900E-4	1.0010E-2	6.7983E-1
6.9000E-4	9.5215E-3	6.7637E-1
6.9100E-4	9.0332E-3	6.7422E-1
6.9200E-4	9.5215E-3	6.7036E-1
6.9300E-4	9.5215E-3	6.6719E-1
6.9400E-4	8.7891E-3	6.6313E-1
6.9500E-4	1.0498E-2	6.6021E-1
6.9600E-4	9.5215E-3	6.5693E-1
6.9700E-4	9.0332E-3	6.5542E-1
6.9800E-4	9.5215E-3	6.5205E-1
6.9900E-4	9.5215E-3	6.5039E-1
7.0000E-4	9.5215E-3	6.4819E-1
7.0100E-4	9.2773E-3	6.4546E-1
7.0200E-4	9.5215E-3	6.4243E-1
7.0300E-4	9.0332E-3	6.3857E-1
7.0400E-4	9.2773E-3	6.3276E-1
7.0500E-4	9.5215E-3	6.2681E-1
7.0600E-4	9.7656E-3	6.2407E-1
7.0700E-4	9.5215E-3	6.2017E-1
7.0800E-4	9.5215E-3	6.1826E-1
7.0900E-4	9.5215E-3	6.1724E-1
7.1000E-4	9.5215E-3	6.1670E-1
7.1100E-4	9.2773E-3	6.1284E-1
7.1200E-4	9.5215E-3	6.0923E-1
7.1300E-4	9.2773E-3	6.0557E-1
7.1400E-4	9.2773E-3	5.9995E-1
7.1500E-4	9.5215E-3	5.9473E-1
7.1600E-4	9.7656E-3	5.9048E-1
7.1700E-4	9.2773E-3	5.8804E-1
7.1800E-4	1.0010E-2	5.8618E-1
7.1900E-4	9.5215E-3	5.8608E-1
7.2000E-4	9.2773E-3	5.8906E-1
7.2100E-4	1.0010E-2	5.9336E-1
7.2200E-4	9.7656E-3	5.9634E-1
7.2300E-4	9.0332E-3	5.9756E-1
7.2400E-4	1.0498E-2	5.9878E-1
7.2500E-4	9.2773E-3	5.9546E-1
7.2600E-4	1.0254E-2	5.9136E-1
7.2700E-4	9.2773E-3	5.8789E-1
7.2800E-4	9.0332E-3	5.8564E-1
7.2900E-4	9.0332E-3	5.8413E-1
7.3000E-4	9.5215E-3	5.8462E-1
7.3100E-4	9.7656E-3	5.8472E-1
7.3200E-4	1.0498E-2	5.8418E-1
7.3300E-4	9.2773E-3	5.8315E-1
7.3400E-4	9.7656E-3	5.8257E-1
7.3500E-4	9.7656E-3	5.8232E-1
7.3600E-4	9.5215E-3	5.8423E-1
7.3700E-4	8.7891E-3	5.8843E-1
7.3800E-4	9.2773E-3	5.9014E-1
7.3900E-4	9.5215E-3	5.9155E-1
7.4000E-4	1.0010E-2	5.9297E-1
7.4100E-4	8.7891E-3	5.9204E-1
7.4200E-4	9.5215E-3	5.8994E-1
7.4300E-4	9.2773E-3	5.9092E-1
7.4400E-4	9.2773E-3	5.9189E-1
7.4500E-4	9.2773E-3	5.9399E-1
7.4600E-4	9.0332E-3	5.9546E-1
7.4700E-4	9.2773E-3	5.9741E-1
7.4800E-4	9.5215E-3	6.0020E-1
7.4900E-4	9.2773E-3	6.0210E-1
7.5000E-4	9.7656E-3	6.0078E-1
7.5100E-4	9.7656E-3	6.0015E-1
7.5200E-4	9.7656E-3	5.9785E-1
7.5300E-4	9.7656E-3	5.9414E-1
7.5400E-4	9.2773E-3	5.9116E-1
7.5500E-4	9.2773E-3	5.8848E-1
7.5600E-4	9.7656E-3	5.8506E-1
7.5700E-4	9.7656E-3	5.8408E-1
7.5800E-4	9.0332E-3	5.8521E-1
7.5900E-4	9.5215E-3	5.8711E-1
7.6000E-4	9.2773E-3	5.9019E-1
7.6100E-4	9.2773E-3	5.9487E-1
7.6200E-4	9.2773E-3	5.9629E-1
7.6300E-4	9.7656E-3	5.9512E-1
7.6400E-4	9.7656E-3	5.9316E-1
7.6500E-4	9.2773E-3	5.9126E-1
7.6600E-4	9.7656E-3	5.8838E-1
7.6700E-4	9.5215E-3	5.8833E-1
7.6800E-4	9.2773E-3	5.8848E-1
7.6900E-4	9.2773E-3	5.8730E-1
7.7000E-4	8.7891E-3	5.8789E-1
7.7100E-4	8.7891E-3	5.9028E-1
7.7200E-4	9.0332E-3	5.9067E-1
7.7300E-4	9.2773E-3	5.9292E-1
7.7400E-4	9.5215E-3	5.9834E-1
7.7500E-4	9.5215E-3	6.0317E-1
7.7600E-4	9.5215E-3	6.0713E-1
7.7700E-4	9.0332E-3	6.1416E-1
7.7800E-4	9.5215E-3	6.1938E-1
7.7900E-4	9.5215E-3	6.2383E-1
7.8000E-4	9.2773E-3	6.2622E-1
7.8100E-4	9.2773E-3	6.2871E-1
7.8200E-4	9.5215E-3	6.2813E-1
7.8300E-4	9.0332E-3	6.2681E-1
7.8400E-4	9.5215E-3	6.2593E-1
7.8500E-4	9.2773E-3	6.2646E-1
7.8600E-4	9.2773E-3	6.2729E-1
7.8700E-4	9.7656E-3	6.3105E-1
7.8800E-4	9.7656E-3	6.3779E-1
7.8900E-4	9.7656E-3	6.4307E-1
7.9000E-4	1.0010E-2	6.4746E-1
7.9100E-4	9.0332E-3	6.5234E-1
7.9200E-4	9.7656E-3	6.5410E-1
7.9300E-4	9.2773E-3	6.5415E-1
7.9400E-4	9.5215E-3	6.5469E-1
7.9500E-4	9.7656E-3	6.5654E-1
7.9600E-4	9.5215E-3	6.5757E-1
7.9700E-4	9.7656E-3	6.6074E-1
7.9800E-4	9.5215E-3	6.6357E-1
7.9900E-4	9.5215E-3	6.6582E-1
8.0000E-4	1.0010E-2	6.6929E-1
8.0100E-4	1.0254E-2	6.7251E-1
8.0200E-4	9.2773E-3	6.7598E-1
8.0300E-4	1.0010E-2	6.8120E-1
8.0400E-4	9.2773E-3	6.8657E-1
8.0500E-4	9.2773E-3	6.8940E-1
8.0600E-4	1.0254E-2	6.9229E-1
8.0700E-4	9.2773E-3	6.9321E-1
8.0800E-4	9.2773E-3	6.9531E-1
8.0900E-4	1.0254E-2	6.9761E-1
8.1000E-4	9.5215E-3	7.0239E-1
8.1100E-4	9.5215E-3	7.0718E-1
8.1200E-4	9.7656E-3	7.1372E-1
8.1300E-4	1.0010E-2	7.1958E-1
8.1400E-4	9.7656E-3	7.2588E-1
8.1500E-4	9.5215E-3	7.3008E-1
8.1600E-4	9.2773E-3	7.3394E-1
8.1700E-4	9.5215E-3	7.3760E-1
8.1800E-4	9.0332E-3	7.4160E-1
8.1900E-4	9.5215E-3	7.4355E-1
8.2000E-4	1.0010E-2	7.4736E-1
8.2100E-4	9.5215E-3	7.5405E-1
8.2200E-4	9.7656E-3	7.5991E-1
8.2300E-4	9.5215E-3	7.6274E-1
8.2400E-4	9.7656E-3	7.6807E-1
8.2500E-4	9.0332E-3	7.7231E-1
8.2600E-4	9.7656E-3	7.7456E-1
8.2700E-4	9.5215E-3	7.7822E-1
8.2800E-4	9.2773E-3	7.8335E-1
8.2900E-4	1.0010E-2	7.8789E-1
8.3000E-4	9.5215E-3	7.9155E-1
8.3100E-4	9.7656E-3	7.9473E-1
8.3200E-4	9.5215E-3	7.9702E-1
8.3300E-4	9.5215E-3	7.9888E-1
8.3400E-4	9.7656E-3	8.0098E-1
8.3500E-4	9.7656E-3	8.0327E-1
8.3600E-4	9.2773E-3	8.0635E-1
8.3700E-4	9.7656E-3	8.1143E-1
8.3800E-4	9.5215E-3	8.1650E-1
8.3900E-4	9.2773E-3	8.2090E-1
8.4000E-4	9.7656E-3	8.2573E-1
8.4100E-4	9.5215E-3	8.2930E-1
8.4200E-4	1.0010E-2	8.3081E-1
8.4300E-4	9.7656E-3	8.3184E-1
8.4400E-4	9.5215E-3	8.3286E-1
8.4500E-4	9.2773E-3	8.3506E-1
8.4600E-4	9.5215E-3	8.3975E-1
8.4700E-4	9.5215E-3	8.4395E-1
8.4800E-4	9.5215E-3	8.5088E-1
8.4900E-4	9.2773E-3	8.5845E-1
8.5000E-4	1.0010E-2	8.6221E-1
8.5100E-4	9.5215E-3	8.6118E-1
8.5200E-4	9.5215E-3	8.5903E-1
8.5300E-4	9.5215E-3	8.5527E-1
8.5400E-4	9.7656E-3	8.5020E-1
8.5500E-4	9.5215E-3	8.4517E-1
8.5600E-4	9.0332E-3	8.4399E-1
8.5700E-4	9.0332E-3	8.4355E-1
8.5800E-4	1.0010E-2	8.4194E-1
8.5900E-4	9.2773E-3	8.4102E-1
8.6000E-4	9.2773E-3	8.4038E-1
8.6100E-4	9.2773E-3	8.3828E-1
8.6200E-4	9.7656E-3	8.3701E-1
8.6300E-4	1.0010E-2	8.3545E-1
8.6400E-4	9.7656E-3	8.3398E-1
8.6500E-4	9.7656E-3	8.3203E-1
8.6600E-4	9.2773E-3	8.3091E-1
8.6700E-4	8.7891E-3	8.2847E-1
8.6800E-4	9.0332E-3	8.2559E-1
8.6900E-4	9.2773E-3	8.2261E-1
8.7000E-4	1.0498E-2	8.2061E-1
8.7100E-4	9.5215E-3	8.1807E-1
8.7200E-4	1.0010E-2	8.1758E-1
8.7300E-4	1.0254E-2	8.1816E-1
8.7400E-4	1.0010E-2	8.1768E-1
8.7500E-4	9.5215E-3	8.1914E-1
8.7600E-4	9.5215E-3	8.1953E-1
8.7700E-4	9.7656E-3	8.1655E-1
8.7800E-4	9.7656E-3	8.1284E-1
8.7900E-4	9.2773E-3	8.0991E-1
8.8000E-4	9.7656E-3	8.0527E-1
8.8100E-4	8.7891E-3	8.0098E-1
8.8200E-4	9.5215E-3	7.9766E-1
8.8300E-4	9.2773E-3	7.9326E-1
8.8400E-4	9.2773E-3	7.8950E-1
8.8500E-4	8.7891E-3	7.8716E-1
8.8600E-4	1.0010E-2	7.8477E-1
8.8700E-4	9.2773E-3	7.8511E-1
8.8800E-4	9.7656E-3	7.8794E-1
8.8900E-4	9.5215E-3	7.8921E-1
8.9000E-4	1.0254E-2	7.8989E-1
8.9100E-4	9.7656E-3	7.9097E-1
8.9200E-4	9.7656E-3	7.8989E-1
8.9300E-4	9.5215E-3	7.8579E-1
8.9400E-4	9.5215E-3	7.8340E-1
8.9500E-4	9.2773E-3	7.7896E-1
8.9600E-4	9.7656E-3	7.7432E-1
8.9700E-4	9.2773E-3	7.7007E-1
8.9800E-4	9.5215E-3	7.6704E-1
8.9900E-4	9.2773E-3	7.6450E-1
9.0000E-4	9.5215E-3	7.6450E-1
9.0100E-4	9.5215E-3	7.6519E-1
9.0200E-4	9.5215E-3	7.6592E-1
9.0300E-4	9.0332E-3	7.6699E-1
9.0400E-4	9.7656E-3	7.6563E-1
9.0500E-4	9.2773E-3	7.6372E-1
9.0600E-4	1.0010E-2	7.6230E-1
9.0700E-4	9.5215E-3	7.6084E-1
9.0800E-4	9.5215E-3	7.5894E-1
9.0900E-4	8.7891E-3	7.5811E-1
9.1000E-4	9.5215E-3	7.5767E-1
9.1100E-4	1.0010E-2	7.5469E-1
9.1200E-4	9.7656E-3	7.5122E-1
9.1300E-4	9.7656E-3	7.4922E-1
9.1400E-4	9.2773E-3	7.4844E-1
9.1500E-4	9.7656E-3	7.4678E-1
9.1600E-4	1.0010E-2	7.4736E-1
9.1700E-4	9.2773E-3	7.4858E-1
9.1800E-4	9.5215E-3	7.5049E-1
9.1900E-4	9.2773E-3	7.4941E-1
9.2000E-4	1.0254E-2	7.4785E-1
9.2100E-4	9.2773E-3	7.4541E-1
9.2200E-4	1.0254E-2	7.4331E-1
9.2300E-4	9.5215E-3	7.4009E-1
9.2400E-4	9.7656E-3	7.3877E-1
9.2500E-4	9.5215E-3	7.3848E-1
9.2600E-4	9.7656E-3	7.3984E-1
9.2700E-4	9.2773E-3	7.4062E-1
9.2800E-4	9.2773E-3	7.4175E-1
9.2900E-4	9.7656E-3	7.4443E-1
9.3000E-4	9.0332E-3	7.4600E-1
9.3100E-4	9.2773E-3	7.4634E-1
9.3200E-4	9.7656E-3	7.4751E-1
9.3300E-4	9.5215E-3	7.4707E-1
9.3400E-4	9.5215E-3	7.4644E-1
9.3500E-4	9.5215E-3	7.4722E-1
9.3600E-4	1.0010E-2	7.4795E-1
9.3700E-4	9.2773E-3	7.4824E-1
9.3800E-4	9.5215E-3	7.5083E-1
9.3900E-4	9.5215E-3	7.5161E-1
9.4000E-4	9.2773E-3	7.5142E-1
9.4100E-4	1.0010E-2	7.5229E-1
9.4200E-4	9.5215E-3	7.5308E-1
9.4300E-4	9.5215E-3	7.5469E-1
9.4400E-4	9.5215E-3	7.5684E-1
9.4500E-4	8.5449E-3	7.5972E-1
9.4600E-4	9.5215E-3	7.6255E-1
9.4700E-4	9.5215E-3	7.6514E-1
9.4800E-4	9.7656E-3	7.6655E-1
9.4900E-4	9.7656E-3	7.6885E-1
9.5000E-4	9.2773E-3	7.7085E-1
9.5100E-4	9.2773E-3	7.7300E-1
9.5200E-4	9.7656E-3	7.7407E-1
9.5300E-4	9.5215E-3	7.7554E-1
9.5400E-4	9.5215E-3	7.7734E-1
9.5500E-4	9.5215E-3	7.7939E-1
9.5600E-4	1.0254E-2	7.7915E-1
9.5700E-4	9.5215E-3	7.8120E-1
9.5800E-4	1.0010E-2	7.8311E-1
9.5900E-4	9.5215E-3	7.8403E-1
9.6000E-4	1.0010E-2	7.8564E-1
9.6100E-4	9.2773E-3	7.8779E-1
9.6200E-4	9.7656E-3	7.8818E-1
9.6300E-4	1.0254E-2	7.8862E-1
9.6400E-4	9.5215E-3	7.8970E-1
9.6500E-4	1.0010E-2	7.9150E-1
9.6600E-4	9.5215E-3	7.9316E-1
9.6700E-4	9.7656E-3	7.9424E-1
9.6800E-4	1.0254E-2	7.9517E-1
9.6900E-4	9.2773E-3	7.9688E-1
9.7000E-4	9.2773E-3	7.9785E-1
9.7100E-4	9.2773E-3	8.0015E-1
9.7200E-4	9.2773E-3	8.0474E-1
9.7300E-4	9.5215E-3	8.0830E-1
9.7400E-4	9.7656E-3	8.0850E-1
9.7500E-4	9.2773E-3	8.0737E-1
9.7600E-4	9.5215E-3	8.0508E-1
9.7700E-4	1.0010E-2	8.0337E-1
9.7800E-4	9.2773E-3	8.0273E-1
9.7900E-4	9.5215E-3	8.0332E-1
9.8000E-4	9.7656E-3	8.0601E-1
9.8100E-4	9.2773E-3	8.0894E-1
9.8200E-4	1.0010E-2	8.1118E-1
9.8300E-4	9.7656E-3	8.1353E-1
9.8400E-4	9.5215E-3	8.1577E-1
9.8500E-4	9.2773E-3	8.1670E-1
9.8600E-4	9.7656E-3	8.1851E-1
9.8700E-4	1.0010E-2	8.2051E-1
9.8800E-4	9.5215E-3	8.2051E-1
9.8900E-4	9.2773E-3	8.2095E-1
9.9000E-4	9.5215E-3	8.2241E-1
9.9100E-4	9.5215E-3	8.2319E-1
9.9200E-4	1.0010E-2	8.2295E-1
9.9300E-4	1.0010E-2	8.2422E-1
9.9400E-4	1.0010E-2	8.2500E-1
9.9500E-4	9.5215E-3	8.2495E-1
9.9600E-4	9.0332E-3	8.2676E-1
9.9700E-4	9.7656E-3	8.3062E-1
9.9800E-4	9.5215E-3	8.3062E-1
9.9900E-4	1.0254E-2	8.3062E-1
