Time [s]	Aux in [V]	Main in [V]
0.0000E+0	9.5215E-3	7.9941E-1
1.0000E-6	9.2773E-3	8.0146E-1
2.0000E-6	9.0332E-3	8.0405E-1
3.0000E-6	9.0332E-3	8.0684E-1
4.0000E-6	1.0010E-2	8.0381E-1
5.0000E-6	9.5215E-3	7.9897E-1
6.0000E-6	9.2773E-3	7.9585E-1
7.0000E-6	9.5215E-3	7.9199E-1
8.0000E-6	8.5449E-3	7.8813E-1
9.0000E-6	9.0332E-3	7.8726E-1
1.0000E-5	9.5215E-3	7.8726E-1
1.1000E-5	9.5215E-3	7.8584E-1
1.2000E-5	9.2773E-3	7.8477E-1
1.3000E-5	9.5215E-3	7.8389E-1
1.4000E-5	9.0332E-3	7.8203E-1
1.5000E-5	9.2773E-3	7.7964E-1
1.6000E-5	1.0010E-2	7.7905E-1
1.7000E-5	1.0010E-2	7.7764E-1
1.8000E-5	9.2773E-3	7.7456E-1
1.9000E-5	9.5215E-3	7.7324E-1
2.0000E-5	9.2773E-3	7.7358E-1
2.1000E-5	1.0010E-2	7.7261E-1
2.2000E-5	9.2773E-3	7.7334E-1
2.3000E-5	9.5215E-3	7.7441E-1
2.4000E-5	9.2773E-3	7.7329E-1
2.5000E-5	9.5215E-3	7.6816E-1
2.6000E-5	9.5215E-3	7.6348E-1
2.7000E-5	1.0254E-2	7.5845E-1
2.8000E-5	9.2773E-3	7.5615E-1
2.9000E-5	9.2773E-3	7.5630E-1
3.0000E-5	9.5215E-3	7.5986E-1
3.1000E-5	9.5215E-3	7.6201E-1
3.2000E-5	9.2773E-3	7.6196E-1
3.3000E-5	1.0010E-2	7.5918E-1
3.4000E-5	9.2773E-3	7.5449E-1
3.5000E-5	9.2773E-3	7.5044E-1
3.6000E-5	9.2773E-3	7.4736E-1
3.7000E-5	9.5215E-3	7.4468E-1
3.8000E-5	9.2773E-3	7.4312E-1
3.9000E-5	9.2773E-3	7.4141E-1
4.0000E-5	1.0254E-2	7.3735E-1
4.1000E-5	1.0010E-2	7.3140E-1
4.2000E-5	9.2773E-3	7.2651E-1
4.3000E-5	9.5215E-3	7.2417E-1
4.4000E-5	1.0254E-2	7.2500E-1
4.5000E-5	1.0254E-2	7.2905E-1
4.6000E-5	9.7656E-3	7.3374E-1
4.7000E-5	9.5215E-3	7.3823E-1
4.8000E-5	9.5215E-3	7.3838E-1
4.9000E-5	9.2773E-3	7.3608E-1
5.0000E-5	9.0332E-3	7.3228E-1
5.1000E-5	9.0332E-3	7.2993E-1
5.2000E-5	9.2773E-3	7.2954E-1
5.3000E-5	9.5215E-3	7.3193E-1
5.4000E-5	9.7656E-3	7.3608E-1
5.5000E-5	9.0332E-3	7.3848E-1
5.6000E-5	9.7656E-3	7.3931E-1
5.7000E-5	1.0010E-2	7.3540E-1
5.8000E-5	9.7656E-3	7.2817E-1
5.9000E-5	9.2773E-3	7.2017E-1
6.0000E-5	1.0010E-2	7.1450E-1
6.1000E-5	1.0010E-2	7.1069E-1
6.2000E-5	9.5215E-3	7.1118E-1
6.3000E-5	9.5215E-3	7.1445E-1
6.4000E-5	1.0010E-2	7.1929E-1
6.5000E-5	9.2773E-3	7.2324E-1
6.6000E-5	9.5215E-3	7.2681E-1
6.7000E-5	9.5215E-3	7.2910E-1
6.8000E-5	9.2773E-3	7.3135E-1
6.9000E-5	9.7656E-3	7.3076E-1
7.0000E-5	9.7656E-3	7.2852E-1
7.1000E-5	9.7656E-3	7.2549E-1
7.2000E-5	1.0010E-2	7.2134E-1
7.3000E-5	9.7656E-3	7.1514E-1
7.4000E-5	9.2773E-3	7.1069E-1
7.5000E-5	9.7656E-3	7.1064E-1
7.6000E-5	9.2773E-3	7.1299E-1
7.7000E-5	9.2773E-3	7.1660E-1
7.8000E-5	9.5215E-3	7.2114E-1
7.9000E-5	9.2773E-3	7.2549E-1
8.0000E-5	1.0254E-2	7.2798E-1
8.1000E-5	1.0254E-2	7.2900E-1
8.2000E-5	9.0332E-3	7.2944E-1
8.3000E-5	9.7656E-3	7.3208E-1
8.4000E-5	9.7656E-3	7.3438E-1
8.5000E-5	1.0010E-2	7.3765E-1
8.6000E-5	9.5215E-3	7.4004E-1
8.7000E-5	9.7656E-3	7.4126E-1
8.8000E-5	9.0332E-3	7.3960E-1
8.9000E-5	9.7656E-3	7.3765E-1
9.0000E-5	9.2773E-3	7.3545E-1
9.1000E-5	1.0010E-2	7.3418E-1
9.2000E-5	9.2773E-3	7.3442E-1
9.3000E-5	9.2773E-3	7.3662E-1
9.4000E-5	9.0332E-3	7.4004E-1
9.5000E-5	9.7656E-3	7.4395E-1
9.6000E-5	1.0254E-2	7.4854E-1
9.7000E-5	9.7656E-3	7.5439E-1
9.8000E-5	9.2773E-3	7.5806E-1
9.9000E-5	9.7656E-3	7.6211E-1
1.0000E-4	9.5215E-3	7.6558E-1
1.0100E-4	1.0010E-2	7.6987E-1
1.0200E-4	9.2773E-3	7.7227E-1
1.0300E-4	9.7656E-3	7.7676E-1
1.0400E-4	1.0010E-2	7.7847E-1
1.0500E-4	9.2773E-3	7.8037E-1
1.0600E-4	9.5215E-3	7.7998E-1
1.0700E-4	1.0254E-2	7.8193E-1
1.0800E-4	9.7656E-3	7.8560E-1
1.0900E-4	9.5215E-3	7.8936E-1
1.1000E-4	9.0332E-3	7.9023E-1
1.1100E-4	9.5215E-3	7.9048E-1
1.1200E-4	1.0010E-2	7.8794E-1
1.1300E-4	9.5215E-3	7.8340E-1
1.1400E-4	9.7656E-3	7.7983E-1
1.1500E-4	1.0010E-2	7.8271E-1
1.1600E-4	1.0010E-2	7.9004E-1
1.1700E-4	9.5215E-3	8.0068E-1
1.1800E-4	9.0332E-3	8.1279E-1
1.1900E-4	9.5215E-3	8.2354E-1
1.2000E-4	9.5215E-3	8.2690E-1
1.2100E-4	9.5215E-3	8.2520E-1
1.2200E-4	9.2773E-3	8.2256E-1
1.2300E-4	9.7656E-3	8.1772E-1
1.2400E-4	9.0332E-3	8.1421E-1
1.2500E-4	9.7656E-3	8.1450E-1
1.2600E-4	9.7656E-3	8.1519E-1
1.2700E-4	9.5215E-3	8.1504E-1
1.2800E-4	1.0254E-2	8.1704E-1
1.2900E-4	9.7656E-3	8.1978E-1
1.3000E-4	1.0010E-2	8.2334E-1
1.3100E-4	9.5215E-3	8.2944E-1
1.3200E-4	9.0332E-3	8.3384E-1
1.3300E-4	1.0010E-2	8.3579E-1
1.3400E-4	9.7656E-3	8.3462E-1
1.3500E-4	1.0498E-2	8.3047E-1
1.3600E-4	1.0010E-2	8.2476E-1
1.3700E-4	9.2773E-3	8.2070E-1
1.3800E-4	9.0332E-3	8.1782E-1
1.3900E-4	9.0332E-3	8.1812E-1
1.4000E-4	9.5215E-3	8.2021E-1
1.4100E-4	9.2773E-3	8.2222E-1
1.4200E-4	9.7656E-3	8.2217E-1
1.4300E-4	9.7656E-3	8.1948E-1
1.4400E-4	9.5215E-3	8.1572E-1
1.4500E-4	9.7656E-3	8.1064E-1
1.4600E-4	9.5215E-3	8.0718E-1
1.4700E-4	9.7656E-3	8.0537E-1
1.4800E-4	9.2773E-3	8.0508E-1
1.4900E-4	9.7656E-3	8.0410E-1
1.5000E-4	9.2773E-3	8.0298E-1
1.5100E-4	9.5215E-3	8.0078E-1
1.5200E-4	9.5215E-3	7.9897E-1
1.5300E-4	9.7656E-3	7.9707E-1
1.5400E-4	9.7656E-3	7.9404E-1
1.5500E-4	9.2773E-3	7.8896E-1
1.5600E-4	1.0010E-2	7.8110E-1
1.5700E-4	1.0010E-2	7.7290E-1
1.5800E-4	9.7656E-3	7.6543E-1
1.5900E-4	1.0010E-2	7.6138E-1
1.6000E-4	8.7891E-3	7.5913E-1
1.6100E-4	9.5215E-3	7.5972E-1
1.6200E-4	9.2773E-3	7.6021E-1
1.6300E-4	9.2773E-3	7.5928E-1
1.6400E-4	9.2773E-3	7.5566E-1
1.6500E-4	1.0254E-2	7.5205E-1
1.6600E-4	9.0332E-3	7.4609E-1
1.6700E-4	9.2773E-3	7.3960E-1
1.6800E-4	9.0332E-3	7.3364E-1
1.6900E-4	9.2773E-3	7.2642E-1
1.7000E-4	9.0332E-3	7.1870E-1
1.7100E-4	1.0010E-2	7.1323E-1
1.7200E-4	8.7891E-3	7.0908E-1
1.7300E-4	9.2773E-3	7.0444E-1
1.7400E-4	9.7656E-3	7.0186E-1
1.7500E-4	1.0010E-2	6.9878E-1
1.7600E-4	9.5215E-3	6.9521E-1
1.7700E-4	9.5215E-3	6.8931E-1
1.7800E-4	8.7891E-3	6.8481E-1
1.7900E-4	9.2773E-3	6.8047E-1
1.8000E-4	9.2773E-3	6.7700E-1
1.8100E-4	9.5215E-3	6.7188E-1
1.8200E-4	9.5215E-3	6.6504E-1
1.8300E-4	9.2773E-3	6.5884E-1
1.8400E-4	9.0332E-3	6.5254E-1
1.8500E-4	9.5215E-3	6.4619E-1
1.8600E-4	9.2773E-3	6.4224E-1
1.8700E-4	9.5215E-3	6.4092E-1
1.8800E-4	9.7656E-3	6.4033E-1
1.8900E-4	1.0010E-2	6.3989E-1
1.9000E-4	9.2773E-3	6.4038E-1
1.9100E-4	9.5215E-3	6.3999E-1
1.9200E-4	9.2773E-3	6.4004E-1
1.9300E-4	9.2773E-3	6.3608E-1
1.9400E-4	9.5215E-3	6.3384E-1
1.9500E-4	9.7656E-3	6.2964E-1
1.9600E-4	9.5215E-3	6.2759E-1
1.9700E-4	9.5215E-3	6.2441E-1
1.9800E-4	9.2773E-3	6.2310E-1
1.9900E-4	9.5215E-3	6.1890E-1
2.0000E-4	9.7656E-3	6.1406E-1
2.0100E-4	1.0010E-2	6.0752E-1
2.0200E-4	9.5215E-3	6.0103E-1
2.0300E-4	9.2773E-3	5.9482E-1
2.0400E-4	9.5215E-3	5.8906E-1
2.0500E-4	9.5215E-3	5.8564E-1
2.0600E-4	8.7891E-3	5.8218E-1
2.0700E-4	9.2773E-3	5.7979E-1
2.0800E-4	1.0010E-2	5.7891E-1
2.0900E-4	9.2773E-3	5.7881E-1
2.1000E-4	8.7891E-3	5.8032E-1
2.1100E-4	1.0010E-2	5.8091E-1
2.1200E-4	8.7891E-3	5.7910E-1
2.1300E-4	9.5215E-3	5.7671E-1
2.1400E-4	9.5215E-3	5.7290E-1
2.1500E-4	9.5215E-3	5.6836E-1
2.1600E-4	1.0010E-2	5.6563E-1
2.1700E-4	9.7656E-3	5.6665E-1
2.1800E-4	9.5215E-3	5.6724E-1
2.1900E-4	9.5215E-3	5.6963E-1
2.2000E-4	9.5215E-3	5.7095E-1
2.2100E-4	9.5215E-3	5.7139E-1
2.2200E-4	1.0254E-2	5.7188E-1
2.2300E-4	9.7656E-3	5.6924E-1
2.2400E-4	9.2773E-3	5.6724E-1
2.2500E-4	1.0010E-2	5.6460E-1
2.2600E-4	9.2773E-3	5.6030E-1
2.2700E-4	9.5215E-3	5.5610E-1
2.2800E-4	9.7656E-3	5.5332E-1
2.2900E-4	8.7891E-3	5.5068E-1
2.3000E-4	9.2773E-3	5.4946E-1
2.3100E-4	9.0332E-3	5.4800E-1
2.3200E-4	9.5215E-3	5.4707E-1
2.3300E-4	9.2773E-3	5.4961E-1
2.3400E-4	9.5215E-3	5.5156E-1
2.3500E-4	9.7656E-3	5.5308E-1
2.3600E-4	9.0332E-3	5.5645E-1
2.3700E-4	1.0010E-2	5.5757E-1
2.3800E-4	9.0332E-3	5.5869E-1
2.3900E-4	9.0332E-3	5.5879E-1
2.4000E-4	9.5215E-3	5.5869E-1
2.4100E-4	1.0010E-2	5.5806E-1
2.4200E-4	9.2773E-3	5.6011E-1
2.4300E-4	9.5215E-3	5.6128E-1
2.4400E-4	9.2773E-3	5.6294E-1
2.4500E-4	9.5215E-3	5.6313E-1
2.4600E-4	1.0010E-2	5.6372E-1
2.4700E-4	9.5215E-3	5.6016E-1
2.4800E-4	9.2773E-3	5.5645E-1
2.4900E-4	9.5215E-3	5.5308E-1
2.5000E-4	9.5215E-3	5.5234E-1
2.5100E-4	9.5215E-3	5.5288E-1
2.5200E-4	9.0332E-3	5.5669E-1
2.5300E-4	9.7656E-3	5.5850E-1
2.5400E-4	9.7656E-3	5.5947E-1
2.5500E-4	9.2773E-3	5.6064E-1
2.5600E-4	9.2773E-3	5.6030E-1
2.5700E-4	9.2773E-3	5.5913E-1
2.5800E-4	9.7656E-3	5.5845E-1
2.5900E-4	9.5215E-3	5.5957E-1
2.6000E-4	9.5215E-3	5.5977E-1
2.6100E-4	9.0332E-3	5.6064E-1
2.6200E-4	8.5449E-3	5.6108E-1
2.6300E-4	9.5215E-3	5.6362E-1
2.6400E-4	9.0332E-3	5.6567E-1
2.6500E-4	9.2773E-3	5.6699E-1
2.6600E-4	9.5215E-3	5.6934E-1
2.6700E-4	9.2773E-3	5.7065E-1
2.6800E-4	9.2773E-3	5.7305E-1
2.6900E-4	9.5215E-3	5.7559E-1
2.7000E-4	9.7656E-3	5.7837E-1
2.7100E-4	9.7656E-3	5.7915E-1
2.7200E-4	9.5215E-3	5.8120E-1
2.7300E-4	9.7656E-3	5.8037E-1
2.7400E-4	9.0332E-3	5.7886E-1
2.7500E-4	9.2773E-3	5.7881E-1
2.7600E-4	9.5215E-3	5.7925E-1
2.7700E-4	1.0254E-2	5.8066E-1
2.7800E-4	9.0332E-3	5.8374E-1
2.7900E-4	1.0498E-2	5.8711E-1
2.8000E-4	1.0010E-2	5.9053E-1
2.8100E-4	9.2773E-3	5.9390E-1
2.8200E-4	9.2773E-3	5.9600E-1
2.8300E-4	9.7656E-3	5.9731E-1
2.8400E-4	9.0332E-3	5.9883E-1
2.8500E-4	9.7656E-3	6.0078E-1
2.8600E-4	9.5215E-3	6.0425E-1
2.8700E-4	9.2773E-3	6.0776E-1
2.8800E-4	1.0010E-2	6.1133E-1
2.8900E-4	9.2773E-3	6.1548E-1
2.9000E-4	9.2773E-3	6.1680E-1
2.9100E-4	9.2773E-3	6.1802E-1
2.9200E-4	9.2773E-3	6.1953E-1
2.9300E-4	9.5215E-3	6.2158E-1
2.9400E-4	9.0332E-3	6.2300E-1
2.9500E-4	9.2773E-3	6.2676E-1
2.9600E-4	9.7656E-3	6.2944E-1
2.9700E-4	8.7891E-3	6.3311E-1
2.9800E-4	9.0332E-3	6.3706E-1
2.9900E-4	8.7891E-3	6.4072E-1
3.0000E-4	9.5215E-3	6.4331E-1
3.0100E-4	9.5215E-3	6.4531E-1
3.0200E-4	9.2773E-3	6.4609E-1
3.0300E-4	9.7656E-3	6.4761E-1
3.0400E-4	9.7656E-3	6.4995E-1
3.0500E-4	1.0010E-2	6.5337E-1
3.0600E-4	9.7656E-3	6.5874E-1
3.0700E-4	9.2773E-3	6.6533E-1
3.0800E-4	9.7656E-3	6.7007E-1
3.0900E-4	9.5215E-3	6.7334E-1
3.1000E-4	1.0010E-2	6.7627E-1
3.1100E-4	9.5215E-3	6.7925E-1
3.1200E-4	1.0010E-2	6.8257E-1
3.1300E-4	9.7656E-3	6.8545E-1
3.1400E-4	9.5215E-3	6.9043E-1
3.1500E-4	8.5449E-3	6.9609E-1
3.1600E-4	9.5215E-3	7.0225E-1
3.1700E-4	9.5215E-3	7.0771E-1
3.1800E-4	9.2773E-3	7.1377E-1
3.1900E-4	9.7656E-3	7.1714E-1
3.2000E-4	9.0332E-3	7.2051E-1
3.2100E-4	9.7656E-3	7.2100E-1
3.2200E-4	9.5215E-3	7.1973E-1
3.2300E-4	9.7656E-3	7.1982E-1
3.2400E-4	9.2773E-3	7.2349E-1
3.2500E-4	9.2773E-3	7.2710E-1
3.2600E-4	9.5215E-3	7.3267E-1
3.2700E-4	9.7656E-3	7.4009E-1
3.2800E-4	8.7891E-3	7.4629E-1
3.2900E-4	9.7656E-3	7.4946E-1
3.3000E-4	9.5215E-3	7.5376E-1
3.3100E-4	9.0332E-3	7.5723E-1
3.3200E-4	9.7656E-3	7.6064E-1
3.3300E-4	9.5215E-3	7.6538E-1
3.3400E-4	9.2773E-3	7.7017E-1
3.3500E-4	9.7656E-3	7.7144E-1
3.3600E-4	9.0332E-3	7.7349E-1
3.3700E-4	9.2773E-3	7.7319E-1
3.3800E-4	8.5449E-3	7.7324E-1
3.3900E-4	9.5215E-3	7.7437E-1
3.4000E-4	9.5215E-3	7.7793E-1
3.4100E-4	9.0332E-3	7.8164E-1
3.4200E-4	9.5215E-3	7.8638E-1
3.4300E-4	9.5215E-3	7.8896E-1
3.4400E-4	9.5215E-3	7.9146E-1
3.4500E-4	9.5215E-3	7.9341E-1
3.4600E-4	9.7656E-3	7.9341E-1
3.4700E-4	9.5215E-3	7.9419E-1
3.4800E-4	9.5215E-3	7.9541E-1
3.4900E-4	9.7656E-3	7.9526E-1
3.5000E-4	8.7891E-3	7.9629E-1
3.5100E-4	9.2773E-3	7.9873E-1
3.5200E-4	9.7656E-3	7.9946E-1
3.5300E-4	9.7656E-3	7.9990E-1
3.5400E-4	9.2773E-3	8.0146E-1
3.5500E-4	9.5215E-3	8.0200E-1
3.5600E-4	9.7656E-3	8.0039E-1
3.5700E-4	9.5215E-3	8.0117E-1
3.5800E-4	1.0254E-2	8.0205E-1
3.5900E-4	9.5215E-3	8.0352E-1
3.6000E-4	9.0332E-3	8.0405E-1
3.6100E-4	9.5215E-3	8.0620E-1
3.6200E-4	9.0332E-3	8.0649E-1
3.6300E-4	9.7656E-3	8.0752E-1
3.6400E-4	9.2773E-3	8.0771E-1
3.6500E-4	1.0010E-2	8.0776E-1
3.6600E-4	9.5215E-3	8.0732E-1
3.6700E-4	9.7656E-3	8.0552E-1
3.6800E-4	9.0332E-3	8.0176E-1
3.6900E-4	9.2773E-3	7.9844E-1
3.7000E-4	9.0332E-3	7.9463E-1
3.7100E-4	9.2773E-3	7.8901E-1
3.7200E-4	9.2773E-3	7.8560E-1
3.7300E-4	9.5215E-3	7.8394E-1
3.7400E-4	9.0332E-3	7.8276E-1
3.7500E-4	8.7891E-3	7.7998E-1
3.7600E-4	9.0332E-3	7.7852E-1
3.7700E-4	9.5215E-3	7.7705E-1
3.7800E-4	9.7656E-3	7.7549E-1
3.7900E-4	8.7891E-3	7.7349E-1
3.8000E-4	9.5215E-3	7.7305E-1
3.8100E-4	9.5215E-3	7.7344E-1
3.8200E-4	9.2773E-3	7.7202E-1
3.8300E-4	9.5215E-3	7.6978E-1
3.8400E-4	9.5215E-3	7.6699E-1
3.8500E-4	9.7656E-3	7.6680E-1
3.8600E-4	9.7656E-3	7.6724E-1
3.8700E-4	9.7656E-3	7.6831E-1
3.8800E-4	9.5215E-3	7.6948E-1
3.8900E-4	9.0332E-3	7.7197E-1
3.9000E-4	9.0332E-3	7.6997E-1
3.9100E-4	9.7656E-3	7.6636E-1
3.9200E-4	9.5215E-3	7.6177E-1
3.9300E-4	8.7891E-3	7.5723E-1
3.9400E-4	9.2773E-3	7.5103E-1
3.9500E-4	9.0332E-3	7.4746E-1
3.9600E-4	9.2773E-3	7.4385E-1
3.9700E-4	1.0254E-2	7.4316E-1
3.9800E-4	9.7656E-3	7.4316E-1
3.9900E-4	9.5215E-3	7.4326E-1
4.0000E-4	9.5215E-3	7.4263E-1
4.0100E-4	9.5215E-3	7.4277E-1
4.0200E-4	8.7891E-3	7.4170E-1
4.0300E-4	9.5215E-3	7.3926E-1
4.0400E-4	1.0254E-2	7.3657E-1
4.0500E-4	9.7656E-3	7.3325E-1
4.0600E-4	8.7891E-3	7.3086E-1
4.0700E-4	9.5215E-3	7.2769E-1
4.0800E-4	9.2773E-3	7.2578E-1
4.0900E-4	9.2773E-3	7.2539E-1
4.1000E-4	1.0254E-2	7.2637E-1
4.1100E-4	9.2773E-3	7.2715E-1
4.1200E-4	9.5215E-3	7.2954E-1
4.1300E-4	9.2773E-3	7.3223E-1
4.1400E-4	9.7656E-3	7.3286E-1
4.1500E-4	9.7656E-3	7.3428E-1
4.1600E-4	9.0332E-3	7.3457E-1
4.1700E-4	9.2773E-3	7.3281E-1
4.1800E-4	1.0254E-2	7.3047E-1
4.1900E-4	9.2773E-3	7.2759E-1
4.2000E-4	9.0332E-3	7.2266E-1
4.2100E-4	1.0010E-2	7.1797E-1
4.2200E-4	9.5215E-3	7.1494E-1
4.2300E-4	9.2773E-3	7.1279E-1
4.2400E-4	9.2773E-3	7.1299E-1
4.2500E-4	9.5215E-3	7.1606E-1
4.2600E-4	9.5215E-3	7.2041E-1
4.2700E-4	9.7656E-3	7.2671E-1
4.2800E-4	9.2773E-3	7.3213E-1
4.2900E-4	9.2773E-3	7.3799E-1
4.3000E-4	1.0010E-2	7.4199E-1
4.3100E-4	9.2773E-3	7.4458E-1
4.3200E-4	9.5215E-3	7.4302E-1
4.3300E-4	9.7656E-3	7.4092E-1
4.3400E-4	8.7891E-3	7.3701E-1
4.3500E-4	9.5215E-3	7.3345E-1
4.3600E-4	9.7656E-3	7.3159E-1
4.3700E-4	9.5215E-3	7.3232E-1
4.3800E-4	9.5215E-3	7.3276E-1
4.3900E-4	9.7656E-3	7.3384E-1
4.4000E-4	9.0332E-3	7.3496E-1
4.4100E-4	9.7656E-3	7.3560E-1
4.4200E-4	9.0332E-3	7.3579E-1
4.4300E-4	9.2773E-3	7.3618E-1
4.4400E-4	9.7656E-3	7.3623E-1
4.4500E-4	8.7891E-3	7.3633E-1
4.4600E-4	9.2773E-3	7.3828E-1
4.4700E-4	9.7656E-3	7.4141E-1
4.4800E-4	9.2773E-3	7.4443E-1
4.4900E-4	9.7656E-3	7.4712E-1
4.5000E-4	9.2773E-3	7.4873E-1
4.5100E-4	9.2773E-3	7.4771E-1
4.5200E-4	9.5215E-3	7.4766E-1
4.5300E-4	9.5215E-3	7.4775E-1
4.5400E-4	9.0332E-3	7.4829E-1
4.5500E-4	8.5449E-3	7.5015E-1
4.5600E-4	9.2773E-3	7.5396E-1
4.5700E-4	9.2773E-3	7.5596E-1
4.5800E-4	9.5215E-3	7.5913E-1
4.5900E-4	9.2773E-3	7.6123E-1
4.6000E-4	9.0332E-3	7.6348E-1
4.6100E-4	9.5215E-3	7.6553E-1
4.6200E-4	9.0332E-3	7.6875E-1
4.6300E-4	9.2773E-3	7.7090E-1
4.6400E-4	1.0254E-2	7.7451E-1
4.6500E-4	8.7891E-3	7.7817E-1
4.6600E-4	9.0332E-3	7.8052E-1
4.6700E-4	1.0010E-2	7.8267E-1
4.6800E-4	9.5215E-3	7.8540E-1
4.6900E-4	9.7656E-3	7.8823E-1
4.7000E-4	9.2773E-3	7.9087E-1
4.7100E-4	1.0254E-2	7.9287E-1
4.7200E-4	1.0010E-2	7.9419E-1
4.7300E-4	9.2773E-3	7.9497E-1
4.7400E-4	9.2773E-3	7.9502E-1
4.7500E-4	9.7656E-3	7.9512E-1
4.7600E-4	1.0010E-2	7.9663E-1
4.7700E-4	9.7656E-3	7.9644E-1
4.7800E-4	9.5215E-3	7.9600E-1
4.7900E-4	9.7656E-3	7.9541E-1
4.8000E-4	9.2773E-3	7.9561E-1
4.8100E-4	9.7656E-3	7.9438E-1
4.8200E-4	9.5215E-3	7.9487E-1
4.8300E-4	9.2773E-3	7.9683E-1
4.8400E-4	9.5215E-3	7.9985E-1
4.8500E-4	9.2773E-3	8.0117E-1
4.8600E-4	9.5215E-3	8.0269E-1
4.8700E-4	9.2773E-3	8.0425E-1
4.8800E-4	9.2773E-3	8.0498E-1
4.8900E-4	8.7891E-3	8.0508E-1
4.9000E-4	9.0332E-3	8.0596E-1
4.9100E-4	9.5215E-3	8.0688E-1
4.9200E-4	1.0010E-2	8.0728E-1
4.9300E-4	1.0254E-2	8.0854E-1
4.9400E-4	9.0332E-3	8.1074E-1
4.9500E-4	1.0010E-2	8.1250E-1
4.9600E-4	9.7656E-3	8.1538E-1
4.9700E-4	9.7656E-3	8.1763E-1
4.9800E-4	8.7891E-3	8.1626E-1
4.9900E-4	9.5215E-3	8.1431E-1
5.0000E-4	1.0010E-2	8.1235E-1
5.0100E-4	9.5215E-3	8.0791E-1
5.0200E-4	9.2773E-3	8.0469E-1
5.0300E-4	1.0010E-2	8.0454E-1
5.0400E-4	9.7656E-3	8.0459E-1
5.0500E-4	9.7656E-3	8.0361E-1
5.0600E-4	9.2773E-3	8.0425E-1
5.0700E-4	1.0254E-2	8.0239E-1
5.0800E-4	9.5215E-3	7.9956E-1
5.0900E-4	9.7656E-3	7.9561E-1
5.1000E-4	1.0254E-2	7.9258E-1
5.1100E-4	9.7656E-3	7.8979E-1
5.1200E-4	9.2773E-3	7.8867E-1
5.1300E-4	1.0010E-2	7.8896E-1
5.1400E-4	9.0332E-3	7.8950E-1
5.1500E-4	9.5215E-3	7.8921E-1
5.1600E-4	9.5215E-3	7.8735E-1
5.1700E-4	1.0742E-2	7.8398E-1
5.1800E-4	9.2773E-3	7.8057E-1
5.1900E-4	9.7656E-3	7.7715E-1
5.2000E-4	9.5215E-3	7.7495E-1
5.2100E-4	9.5215E-3	7.7290E-1
5.2200E-4	9.5215E-3	7.7334E-1
5.2300E-4	1.0010E-2	7.7373E-1
5.2400E-4	9.0332E-3	7.7344E-1
5.2500E-4	1.0254E-2	7.7026E-1
5.2600E-4	9.0332E-3	7.6758E-1
5.2700E-4	9.2773E-3	7.6416E-1
5.2800E-4	9.5215E-3	7.5923E-1
5.2900E-4	9.7656E-3	7.5522E-1
5.3000E-4	9.5215E-3	7.5313E-1
5.3100E-4	8.7891E-3	7.4971E-1
5.3200E-4	9.7656E-3	7.4526E-1
5.3300E-4	9.2773E-3	7.3989E-1
5.3400E-4	9.0332E-3	7.3623E-1
5.3500E-4	9.0332E-3	7.3408E-1
5.3600E-4	1.0010E-2	7.3262E-1
5.3700E-4	9.2773E-3	7.3350E-1
5.3800E-4	9.0332E-3	7.3472E-1
5.3900E-4	9.5215E-3	7.3545E-1
5.4000E-4	9.2773E-3	7.3257E-1
5.4100E-4	9.7656E-3	7.3120E-1
5.4200E-4	8.7891E-3	7.2896E-1
5.4300E-4	9.2773E-3	7.2729E-1
5.4400E-4	9.2773E-3	7.2222E-1
5.4500E-4	9.2773E-3	7.2085E-1
5.4600E-4	9.2773E-3	7.2051E-1
5.4700E-4	9.2773E-3	7.1792E-1
5.4800E-4	9.7656E-3	7.1665E-1
5.4900E-4	9.2773E-3	7.1719E-1
5.5000E-4	9.7656E-3	7.1738E-1
5.5100E-4	9.5215E-3	7.1748E-1
5.5200E-4	9.7656E-3	7.1982E-1
5.5300E-4	9.0332E-3	7.2031E-1
5.5400E-4	9.5215E-3	7.2109E-1
5.5500E-4	1.0010E-2	7.2026E-1
5.5600E-4	9.5215E-3	7.1909E-1
5.5700E-4	9.0332E-3	7.1626E-1
5.5800E-4	9.7656E-3	7.1328E-1
5.5900E-4	1.0498E-2	7.1138E-1
5.6000E-4	9.2773E-3	7.1050E-1
5.6100E-4	9.7656E-3	7.0708E-1
5.6200E-4	9.5215E-3	7.0605E-1
5.6300E-4	9.7656E-3	7.0522E-1
5.6400E-4	9.7656E-3	7.0469E-1
5.6500E-4	9.7656E-3	7.0269E-1
5.6600E-4	9.5215E-3	7.0205E-1
5.6700E-4	9.7656E-3	7.0073E-1
5.6800E-4	9.5215E-3	7.0049E-1
5.6900E-4	1.0254E-2	6.9912E-1
5.7000E-4	9.0332E-3	6.9829E-1
5.7100E-4	1.0010E-2	6.9819E-1
5.7200E-4	1.0010E-2	6.9912E-1
5.7300E-4	9.7656E-3	7.0195E-1
5.7400E-4	9.7656E-3	7.0562E-1
5.7500E-4	9.2773E-3	7.1074E-1
5.7600E-4	9.2773E-3	7.1445E-1
5.7700E-4	9.2773E-3	7.1738E-1
5.7800E-4	9.7656E-3	7.1875E-1
5.7900E-4	9.5215E-3	7.1812E-1
5.8000E-4	9.2773E-3	7.1499E-1
5.8100E-4	9.5215E-3	7.1001E-1
5.8200E-4	9.7656E-3	7.0415E-1
5.8300E-4	1.0254E-2	6.9937E-1
5.8400E-4	9.5215E-3	6.9663E-1
5.8500E-4	1.0010E-2	6.9736E-1
5.8600E-4	9.0332E-3	7.0298E-1
5.8700E-4	9.2773E-3	7.1025E-1
5.8800E-4	9.5215E-3	7.1597E-1
5.8900E-4	9.7656E-3	7.2246E-1
5.9000E-4	9.2773E-3	7.2983E-1
5.9100E-4	1.0010E-2	7.3662E-1
5.9200E-4	9.7656E-3	7.4111E-1
5.9300E-4	9.5215E-3	7.4512E-1
5.9400E-4	9.7656E-3	7.4736E-1
5.9500E-4	1.0010E-2	7.4634E-1
5.9600E-4	9.0332E-3	7.4224E-1
5.9700E-4	9.7656E-3	7.3765E-1
5.9800E-4	9.0332E-3	7.3452E-1
5.9900E-4	9.5215E-3	7.3179E-1
6.0000E-4	9.2773E-3	7.3105E-1
6.0100E-4	9.7656E-3	7.3198E-1
6.0200E-4	9.7656E-3	7.3408E-1
6.0300E-4	9.0332E-3	7.3594E-1
6.0400E-4	9.5215E-3	7.3994E-1
6.0500E-4	9.5215E-3	7.4453E-1
6.0600E-4	9.2773E-3	7.4849E-1
6.0700E-4	1.0254E-2	7.5171E-1
6.0800E-4	1.0010E-2	7.5547E-1
6.0900E-4	9.7656E-3	7.5664E-1
6.1000E-4	9.5215E-3	7.5732E-1
6.1100E-4	9.7656E-3	7.5918E-1
6.1200E-4	9.2773E-3	7.6172E-1
6.1300E-4	9.7656E-3	7.6348E-1
6.1400E-4	9.5215E-3	7.6587E-1
6.1500E-4	9.5215E-3	7.6816E-1
6.1600E-4	9.0332E-3	7.6997E-1
6.1700E-4	1.0010E-2	7.7197E-1
6.1800E-4	9.2773E-3	7.7500E-1
6.1900E-4	9.5215E-3	7.7827E-1
6.2000E-4	9.7656E-3	7.8252E-1
6.2100E-4	9.7656E-3	7.8501E-1
6.2200E-4	9.5215E-3	7.8760E-1
6.2300E-4	9.7656E-3	7.8979E-1
6.2400E-4	9.2773E-3	7.9165E-1
6.2500E-4	9.5215E-3	7.8989E-1
6.2600E-4	9.5215E-3	7.8945E-1
6.2700E-4	9.2773E-3	7.8789E-1
6.2800E-4	1.0010E-2	7.8472E-1
6.2900E-4	9.0332E-3	7.8120E-1
6.3000E-4	9.7656E-3	7.8276E-1
6.3100E-4	9.2773E-3	7.8633E-1
6.3200E-4	9.2773E-3	7.9087E-1
6.3300E-4	1.0010E-2	7.9585E-1
6.3400E-4	9.5215E-3	8.0127E-1
6.3500E-4	1.0254E-2	8.0273E-1
6.3600E-4	9.7656E-3	8.0239E-1
6.3700E-4	9.2773E-3	8.0015E-1
6.3800E-4	9.5215E-3	7.9722E-1
6.3900E-4	9.2773E-3	7.9492E-1
6.4000E-4	9.5215E-3	7.9331E-1
6.4100E-4	9.5215E-3	7.9189E-1
6.4200E-4	1.0010E-2	7.9268E-1
6.4300E-4	1.0010E-2	7.9478E-1
6.4400E-4	9.5215E-3	7.9658E-1
6.4500E-4	9.5215E-3	7.9692E-1
6.4600E-4	9.2773E-3	7.9619E-1
6.4700E-4	9.2773E-3	7.9409E-1
6.4800E-4	1.0010E-2	7.9063E-1
6.4900E-4	9.5215E-3	7.8452E-1
6.5000E-4	9.2773E-3	7.7827E-1
6.5100E-4	9.5215E-3	7.7305E-1
6.5200E-4	9.7656E-3	7.6802E-1
6.5300E-4	9.7656E-3	7.6553E-1
6.5400E-4	9.5215E-3	7.6572E-1
6.5500E-4	9.5215E-3	7.6572E-1
6.5600E-4	8.5449E-3	7.6460E-1
6.5700E-4	9.7656E-3	7.6299E-1
6.5800E-4	9.7656E-3	7.5786E-1
6.5900E-4	9.5215E-3	7.4863E-1
6.6000E-4	9.5215E-3	7.3999E-1
6.6100E-4	9.5215E-3	7.3389E-1
6.6200E-4	9.2773E-3	7.2822E-1
6.6300E-4	9.2773E-3	7.2461E-1
6.6400E-4	9.7656E-3	7.2358E-1
6.6500E-4	9.5215E-3	7.2402E-1
6.6600E-4	9.7656E-3	7.2266E-1
6.6700E-4	1.0010E-2	7.2100E-1
6.6800E-4	9.7656E-3	7.1802E-1
6.6900E-4	9.5215E-3	7.1626E-1
6.7000E-4	9.2773E-3	7.1201E-1
6.7100E-4	9.7656E-3	7.0801E-1
6.7200E-4	9.7656E-3	7.0332E-1
6.7300E-4	1.0254E-2	6.9863E-1
6.7400E-4	1.0010E-2	6.9424E-1
6.7500E-4	9.7656E-3	6.9102E-1
6.7600E-4	9.5215E-3	6.8618E-1
6.7700E-4	9.5215E-3	6.8208E-1
6.7800E-4	9.2773E-3	6.7729E-1
6.7900E-4	9.5215E-3	6.6987E-1
6.8000E-4	1.0254E-2	6.6392E-1
6.8100E-4	9.5215E-3	6.5898E-1
6.8200E-4	9.0332E-3	6.5532E-1
6.8300E-4	1.0010E-2	6.5308E-1
6.8400E-4	9.2773E-3	6.5161E-1
6.8500E-4	9.5215E-3	6.4707E-1
6.8600E-4	9.5215E-3	6.4360E-1
6.8700E-4	9.5215E-3	6.3867E-1
6.8800E-4	9.5215E-3	6.3442E-1
6.8900E-4	9.0332E-3	6.3013E-1
6.9000E-4	9.0332E-3	6.2642E-1
6.9100E-4	1.0010E-2	6.2222E-1
6.9200E-4	1.0254E-2	6.1924E-1
6.9300E-4	1.0010E-2	6.1592E-1
6.9400E-4	9.5215E-3	6.1221E-1
6.9500E-4	9.2773E-3	6.0981E-1
6.9600E-4	9.2773E-3	6.0752E-1
6.9700E-4	9.2773E-3	6.0498E-1
6.9800E-4	9.7656E-3	6.0088E-1
6.9900E-4	9.2773E-3	5.9922E-1
7.0000E-4	9.5215E-3	5.9937E-1
7.0100E-4	1.0010E-2	5.9854E-1
7.0200E-4	9.7656E-3	5.9800E-1
7.0300E-4	9.2773E-3	5.9854E-1
7.0400E-4	9.7656E-3	5.9956E-1
7.0500E-4	9.2773E-3	5.9883E-1
7.0600E-4	9.5215E-3	5.9746E-1
7.0700E-4	9.5215E-3	5.9492E-1
7.0800E-4	9.2773E-3	5.9341E-1
7.0900E-4	9.7656E-3	5.8843E-1
7.1000E-4	8.7891E-3	5.8247E-1
7.1100E-4	9.2773E-3	5.7861E-1
7.1200E-4	9.7656E-3	5.7578E-1
7.1300E-4	9.0332E-3	5.7290E-1
7.1400E-4	9.2773E-3	5.7178E-1
7.1500E-4	1.0010E-2	5.7100E-1
7.1600E-4	9.5215E-3	5.7109E-1
7.1700E-4	9.5215E-3	5.7163E-1
7.1800E-4	8.7891E-3	5.7134E-1
7.1900E-4	9.0332E-3	5.7080E-1
7.2000E-4	9.7656E-3	5.6953E-1
7.2100E-4	9.5215E-3	5.6533E-1
7.2200E-4	9.2773E-3	5.6030E-1
7.2300E-4	9.2773E-3	5.5566E-1
7.2400E-4	9.2773E-3	5.5122E-1
7.2500E-4	9.2773E-3	5.4834E-1
7.2600E-4	8.7891E-3	5.4902E-1
7.2700E-4	9.2773E-3	5.5186E-1
7.2800E-4	9.7656E-3	5.5454E-1
7.2900E-4	9.7656E-3	5.5845E-1
7.3000E-4	9.5215E-3	5.6196E-1
7.3100E-4	9.2773E-3	5.6211E-1
7.3200E-4	1.0010E-2	5.6118E-1
7.3300E-4	9.2773E-3	5.6040E-1
7.3400E-4	8.7891E-3	5.5776E-1
7.3500E-4	1.0010E-2	5.5625E-1
7.3600E-4	9.7656E-3	5.5659E-1
7.3700E-4	9.7656E-3	5.5654E-1
7.3800E-4	9.7656E-3	5.5601E-1
7.3900E-4	9.7656E-3	5.5718E-1
7.4000E-4	1.0254E-2	5.5742E-1
7.4100E-4	9.5215E-3	5.5605E-1
7.4200E-4	9.0332E-3	5.5386E-1
7.4300E-4	9.0332E-3	5.5171E-1
7.4400E-4	9.2773E-3	5.5073E-1
7.4500E-4	9.5215E-3	5.4873E-1
7.4600E-4	9.5215E-3	5.4883E-1
7.4700E-4	9.0332E-3	5.5073E-1
7.4800E-4	9.5215E-3	5.5410E-1
7.4900E-4	9.5215E-3	5.5571E-1
7.5000E-4	9.0332E-3	5.5801E-1
7.5100E-4	9.5215E-3	5.6079E-1
7.5200E-4	9.7656E-3	5.6265E-1
7.5300E-4	9.2773E-3	5.6387E-1
7.5400E-4	9.2773E-3	5.6421E-1
7.5500E-4	9.5215E-3	5.6548E-1
7.5600E-4	8.7891E-3	5.6558E-1
7.5700E-4	9.5215E-3	5.6538E-1
7.5800E-4	9.0332E-3	5.6489E-1
7.5900E-4	9.5215E-3	5.6543E-1
7.6000E-4	9.0332E-3	5.6719E-1
7.6100E-4	9.7656E-3	5.6816E-1
7.6200E-4	9.7656E-3	5.6865E-1
7.6300E-4	1.0254E-2	5.6733E-1
7.6400E-4	9.2773E-3	5.6606E-1
7.6500E-4	9.5215E-3	5.6382E-1
7.6600E-4	9.2773E-3	5.6309E-1
7.6700E-4	9.5215E-3	5.6387E-1
7.6800E-4	9.5215E-3	5.6655E-1
7.6900E-4	9.5215E-3	5.6948E-1
7.7000E-4	9.0332E-3	5.7305E-1
7.7100E-4	9.2773E-3	5.7646E-1
7.7200E-4	1.0010E-2	5.7886E-1
7.7300E-4	1.0254E-2	5.8247E-1
7.7400E-4	9.0332E-3	5.8740E-1
7.7500E-4	9.0332E-3	5.9136E-1
7.7600E-4	9.7656E-3	5.9429E-1
7.7700E-4	9.7656E-3	5.9673E-1
7.7800E-4	9.0332E-3	5.9844E-1
7.7900E-4	1.0010E-2	5.9810E-1
7.8000E-4	9.5215E-3	5.9751E-1
7.8100E-4	9.7656E-3	5.9648E-1
7.8200E-4	9.2773E-3	5.9556E-1
7.8300E-4	1.0010E-2	5.9355E-1
7.8400E-4	9.5215E-3	5.9277E-1
7.8500E-4	9.7656E-3	5.9419E-1
7.8600E-4	9.0332E-3	5.9717E-1
7.8700E-4	9.5215E-3	6.0186E-1
7.8800E-4	9.7656E-3	6.0620E-1
7.8900E-4	9.5215E-3	6.1143E-1
7.9000E-4	9.5215E-3	6.1484E-1
7.9100E-4	9.5215E-3	6.1787E-1
7.9200E-4	9.2773E-3	6.2056E-1
7.9300E-4	9.5215E-3	6.2368E-1
7.9400E-4	9.2773E-3	6.2534E-1
7.9500E-4	9.2773E-3	6.2632E-1
7.9600E-4	9.2773E-3	6.2808E-1
7.9700E-4	9.7656E-3	6.2974E-1
7.9800E-4	9.5215E-3	6.3325E-1
7.9900E-4	9.5215E-3	6.3823E-1
8.0000E-4	9.5215E-3	6.4287E-1
8.0100E-4	1.0254E-2	6.4771E-1
8.0200E-4	9.2773E-3	6.5156E-1
8.0300E-4	9.5215E-3	6.5322E-1
8.0400E-4	9.5215E-3	6.5386E-1
8.0500E-4	9.7656E-3	6.5708E-1
8.0600E-4	9.5215E-3	6.6157E-1
8.0700E-4	9.2773E-3	6.6792E-1
8.0800E-4	9.2773E-3	6.7349E-1
8.0900E-4	9.2773E-3	6.7856E-1
8.1000E-4	8.7891E-3	6.8159E-1
8.1100E-4	9.7656E-3	6.8179E-1
8.1200E-4	1.0254E-2	6.8208E-1
8.1300E-4	9.0332E-3	6.8555E-1
8.1400E-4	9.5215E-3	6.8936E-1
8.1500E-4	8.7891E-3	6.9351E-1
8.1600E-4	9.2773E-3	6.9829E-1
8.1700E-4	9.5215E-3	7.0225E-1
8.1800E-4	9.7656E-3	7.0620E-1
8.1900E-4	9.2773E-3	7.1089E-1
8.2000E-4	9.2773E-3	7.1519E-1
8.2100E-4	9.5215E-3	7.1826E-1
8.2200E-4	9.0332E-3	7.2114E-1
8.2300E-4	9.5215E-3	7.2354E-1
8.2400E-4	9.5215E-3	7.2563E-1
8.2500E-4	9.2773E-3	7.2979E-1
8.2600E-4	9.7656E-3	7.3726E-1
8.2700E-4	9.0332E-3	7.4414E-1
8.2800E-4	9.7656E-3	7.5049E-1
8.2900E-4	9.2773E-3	7.5645E-1
8.3000E-4	9.2773E-3	7.6299E-1
8.3100E-4	1.0010E-2	7.6660E-1
8.3200E-4	1.0010E-2	7.6987E-1
8.3300E-4	9.7656E-3	7.7212E-1
8.3400E-4	9.2773E-3	7.7314E-1
8.3500E-4	9.5215E-3	7.7144E-1
8.3600E-4	9.7656E-3	7.7046E-1
8.3700E-4	9.0332E-3	7.7119E-1
8.3800E-4	9.7656E-3	7.7407E-1
8.3900E-4	9.2773E-3	7.7817E-1
8.4000E-4	9.2773E-3	7.8398E-1
8.4100E-4	9.2773E-3	7.8892E-1
8.4200E-4	9.5215E-3	7.9097E-1
8.4300E-4	9.2773E-3	7.8882E-1
8.4400E-4	1.0010E-2	7.8745E-1
8.4500E-4	9.5215E-3	7.8506E-1
8.4600E-4	9.2773E-3	7.8369E-1
8.4700E-4	9.7656E-3	7.8379E-1
8.4800E-4	9.5215E-3	7.8779E-1
8.4900E-4	9.7656E-3	7.9014E-1
8.5000E-4	9.0332E-3	7.9233E-1
8.5100E-4	9.7656E-3	7.9409E-1
8.5200E-4	1.0010E-2	7.9570E-1
8.5300E-4	9.0332E-3	7.9551E-1
8.5400E-4	9.2773E-3	7.9604E-1
8.5500E-4	9.2773E-3	7.9639E-1
8.5600E-4	8.5449E-3	7.9624E-1
8.5700E-4	1.0010E-2	7.9502E-1
8.5800E-4	9.5215E-3	7.9243E-1
8.5900E-4	9.0332E-3	7.8984E-1
8.6000E-4	8.7891E-3	7.8872E-1
8.6100E-4	9.2773E-3	7.8804E-1
8.6200E-4	9.0332E-3	7.8828E-1
8.6300E-4	9.7656E-3	7.9019E-1
8.6400E-4	9.5215E-3	7.9277E-1
8.6500E-4	9.2773E-3	7.9663E-1
8.6600E-4	1.0010E-2	8.0029E-1
8.6700E-4	9.5215E-3	8.0376E-1
8.6800E-4	9.2773E-3	8.0679E-1
8.6900E-4	9.0332E-3	8.0771E-1
8.7000E-4	9.2773E-3	8.0508E-1
8.7100E-4	9.2773E-3	8.0166E-1
8.7200E-4	9.7656E-3	7.9839E-1
8.7300E-4	9.2773E-3	7.9570E-1
8.7400E-4	8.7891E-3	7.9316E-1
8.7500E-4	9.7656E-3	7.9023E-1
8.7600E-4	9.5215E-3	7.8613E-1
8.7700E-4	1.0010E-2	7.8271E-1
8.7800E-4	9.7656E-3	7.7720E-1
8.7900E-4	9.2773E-3	7.7314E-1
8.8000E-4	9.0332E-3	7.7090E-1
8.8100E-4	9.5215E-3	7.7134E-1
8.8200E-4	8.7891E-3	7.7085E-1
8.8300E-4	8.7891E-3	7.7295E-1
8.8400E-4	1.0254E-2	7.7339E-1
8.8500E-4	9.5215E-3	7.7402E-1
8.8600E-4	9.2773E-3	7.7231E-1
8.8700E-4	9.7656E-3	7.7036E-1
8.8800E-4	1.0010E-2	7.6738E-1
8.8900E-4	9.5215E-3	7.6367E-1
8.9000E-4	9.2773E-3	7.5947E-1
8.9100E-4	9.2773E-3	7.5752E-1
8.9200E-4	9.7656E-3	7.5649E-1
8.9300E-4	9.5215E-3	7.5537E-1
8.9400E-4	9.5215E-3	7.5615E-1
8.9500E-4	9.2773E-3	7.5576E-1
8.9600E-4	9.5215E-3	7.5366E-1
8.9700E-4	1.0010E-2	7.5083E-1
8.9800E-4	8.7891E-3	7.4731E-1
8.9900E-4	1.0010E-2	7.4390E-1
9.0000E-4	9.5215E-3	7.3970E-1
9.0100E-4	9.2773E-3	7.3804E-1
9.0200E-4	9.2773E-3	7.3687E-1
9.0300E-4	9.5215E-3	7.3550E-1
9.0400E-4	9.5215E-3	7.3291E-1
9.0500E-4	9.5215E-3	7.3252E-1
9.0600E-4	9.5215E-3	7.3218E-1
9.0700E-4	1.0010E-2	7.3311E-1
9.0800E-4	9.5215E-3	7.3335E-1
9.0900E-4	9.5215E-3	7.3403E-1
9.1000E-4	1.0010E-2	7.3511E-1
9.1100E-4	9.7656E-3	7.3457E-1
9.1200E-4	9.0332E-3	7.3223E-1
9.1300E-4	9.7656E-3	7.3159E-1
9.1400E-4	9.5215E-3	7.3091E-1
9.1500E-4	9.5215E-3	7.2896E-1
9.1600E-4	9.5215E-3	7.2593E-1
9.1700E-4	9.2773E-3	7.2300E-1
9.1800E-4	9.2773E-3	7.2114E-1
9.1900E-4	9.2773E-3	7.2041E-1
9.2000E-4	1.0498E-2	7.1909E-1
9.2100E-4	9.5215E-3	7.1904E-1
9.2200E-4	9.5215E-3	7.1914E-1
9.2300E-4	1.0010E-2	7.1934E-1
9.2400E-4	9.5215E-3	7.1880E-1
9.2500E-4	9.5215E-3	7.1929E-1
9.2600E-4	9.2773E-3	7.2017E-1
9.2700E-4	1.0010E-2	7.2231E-1
9.2800E-4	8.7891E-3	7.2422E-1
9.2900E-4	9.7656E-3	7.2305E-1
9.3000E-4	9.7656E-3	7.2354E-1
9.3100E-4	9.0332E-3	7.2217E-1
9.3200E-4	1.0010E-2	7.2036E-1
9.3300E-4	9.7656E-3	7.1816E-1
9.3400E-4	9.5215E-3	7.1973E-1
9.3500E-4	1.0010E-2	7.2026E-1
9.3600E-4	9.7656E-3	7.2173E-1
9.3700E-4	1.0010E-2	7.2437E-1
9.3800E-4	9.5215E-3	7.2656E-1
9.3900E-4	9.7656E-3	7.2842E-1
9.4000E-4	1.0254E-2	7.3125E-1
9.4100E-4	9.2773E-3	7.3364E-1
9.4200E-4	9.5215E-3	7.3535E-1
9.4300E-4	9.7656E-3	7.3804E-1
9.4400E-4	9.7656E-3	7.4053E-1
9.4500E-4	9.2773E-3	7.4146E-1
9.4600E-4	9.7656E-3	7.4321E-1
9.4700E-4	1.0010E-2	7.4238E-1
9.4800E-4	1.0010E-2	7.4028E-1
9.4900E-4	9.7656E-3	7.3848E-1
9.5000E-4	9.0332E-3	7.3633E-1
9.5100E-4	9.5215E-3	7.3496E-1
9.5200E-4	9.7656E-3	7.3652E-1
9.5300E-4	9.2773E-3	7.3853E-1
9.5400E-4	9.0332E-3	7.4082E-1
9.5500E-4	9.5215E-3	7.4346E-1
9.5600E-4	9.5215E-3	7.4565E-1
9.5700E-4	9.5215E-3	7.4707E-1
9.5800E-4	1.0254E-2	7.4824E-1
9.5900E-4	1.0498E-2	7.5005E-1
9.6000E-4	9.7656E-3	7.5190E-1
9.6100E-4	9.5215E-3	7.5493E-1
9.6200E-4	1.0010E-2	7.5801E-1
9.6300E-4	9.7656E-3	7.6250E-1
9.6400E-4	9.7656E-3	7.6650E-1
9.6500E-4	9.5215E-3	7.7046E-1
9.6600E-4	9.2773E-3	7.7256E-1
9.6700E-4	9.0332E-3	7.7490E-1
9.6800E-4	1.0254E-2	7.7705E-1
9.6900E-4	1.0010E-2	7.7749E-1
9.7000E-4	1.0010E-2	7.7690E-1
9.7100E-4	9.7656E-3	7.7690E-1
9.7200E-4	9.2773E-3	7.7744E-1
9.7300E-4	9.2773E-3	7.7700E-1
9.7400E-4	8.7891E-3	7.7710E-1
9.7500E-4	9.7656E-3	7.7822E-1
9.7600E-4	9.7656E-3	7.7954E-1
9.7700E-4	9.7656E-3	7.8032E-1
9.7800E-4	9.7656E-3	7.8047E-1
9.7900E-4	1.0010E-2	7.8281E-1
9.8000E-4	9.2773E-3	7.8589E-1
9.8100E-4	9.7656E-3	7.9038E-1
9.8200E-4	9.2773E-3	7.9409E-1
9.8300E-4	9.2773E-3	7.9844E-1
9.8400E-4	1.0010E-2	8.0024E-1
9.8500E-4	9.5215E-3	8.0034E-1
9.8600E-4	9.7656E-3	7.9883E-1
9.8700E-4	9.7656E-3	7.9468E-1
9.8800E-4	9.0332E-3	7.9170E-1
9.8900E-4	9.5215E-3	7.9028E-1
9.9000E-4	9.5215E-3	7.9131E-1
9.9100E-4	9.5215E-3	7.9268E-1
9.9200E-4	9.2773E-3	7.9692E-1
9.9300E-4	9.2773E-3	7.9873E-1
9.9400E-4	9.5215E-3	7.9961E-1
9.9500E-4	9.5215E-3	7.9868E-1
9.9600E-4	1.0010E-2	7.9722E-1
9.9700E-4	9.0332E-3	7.9395E-1
9.9800E-4	9.0332E-3	7.9395E-1
9.9900E-4	9.2773E-3	7.9395E-1
