Time [s]	Aux in [V]	Main in [V]
0.0000E+0	9.7656E-3	7.4575E-1
1.0000E-6	1.0010E-2	7.4897E-1
2.0000E-6	9.7656E-3	7.5181E-1
3.0000E-6	9.7656E-3	7.5391E-1
4.0000E-6	1.0254E-2	7.5474E-1
5.0000E-6	1.0010E-2	7.5630E-1
6.0000E-6	9.2773E-3	7.5615E-1
7.0000E-6	9.5215E-3	7.5542E-1
8.0000E-6	9.2773E-3	7.5649E-1
9.0000E-6	9.2773E-3	7.5679E-1
1.0000E-5	9.2773E-3	7.5786E-1
1.1000E-5	9.5215E-3	7.5972E-1
1.2000E-5	1.0010E-2	7.6387E-1
1.3000E-5	9.2773E-3	7.6558E-1
1.4000E-5	9.7656E-3	7.6777E-1
1.5000E-5	9.2773E-3	7.6797E-1
1.6000E-5	9.5215E-3	7.6782E-1
1.7000E-5	9.7656E-3	7.6558E-1
1.8000E-5	9.7656E-3	7.6504E-1
1.9000E-5	9.2773E-3	7.6436E-1
2.0000E-5	9.5215E-3	7.6416E-1
2.1000E-5	9.5215E-3	7.6426E-1
2.2000E-5	9.7656E-3	7.6572E-1
2.3000E-5	9.0332E-3	7.6616E-1
2.4000E-5	9.7656E-3	7.6489E-1
2.5000E-5	1.0010E-2	7.6260E-1
2.6000E-5	9.2773E-3	7.5879E-1
2.7000E-5	9.7656E-3	7.5386E-1
2.8000E-5	1.0254E-2	7.5068E-1
2.9000E-5	9.0332E-3	7.5107E-1
3.0000E-5	9.5215E-3	7.5142E-1
3.1000E-5	9.5215E-3	7.5249E-1
3.2000E-5	9.5215E-3	7.5376E-1
3.3000E-5	9.2773E-3	7.5396E-1
3.4000E-5	9.5215E-3	7.5171E-1
3.5000E-5	9.5215E-3	7.4868E-1
3.6000E-5	9.5215E-3	7.4512E-1
3.7000E-5	9.7656E-3	7.4004E-1
3.8000E-5	9.5215E-3	7.3613E-1
3.9000E-5	9.5215E-3	7.3408E-1
4.0000E-5	9.0332E-3	7.3486E-1
4.1000E-5	1.0010E-2	7.3555E-1
4.2000E-5	1.0498E-2	7.3755E-1
4.3000E-5	1.0010E-2	7.3696E-1
4.4000E-5	9.2773E-3	7.3335E-1
4.5000E-5	1.0010E-2	7.2900E-1
4.6000E-5	1.0010E-2	7.2451E-1
4.7000E-5	9.5215E-3	7.2061E-1
4.8000E-5	9.0332E-3	7.1729E-1
4.9000E-5	9.5215E-3	7.1621E-1
5.0000E-5	9.7656E-3	7.1514E-1
5.1000E-5	9.2773E-3	7.1445E-1
5.2000E-5	9.2773E-3	7.1440E-1
5.3000E-5	1.0010E-2	7.1616E-1
5.4000E-5	1.0010E-2	7.1670E-1
5.5000E-5	1.0254E-2	7.1509E-1
5.6000E-5	9.2773E-3	7.1260E-1
5.7000E-5	9.7656E-3	7.0928E-1
5.8000E-5	1.0010E-2	7.0313E-1
5.9000E-5	9.7656E-3	6.9795E-1
6.0000E-5	9.5215E-3	6.9453E-1
6.1000E-5	9.2773E-3	6.9150E-1
6.2000E-5	9.0332E-3	6.8979E-1
6.3000E-5	9.5215E-3	6.8945E-1
6.4000E-5	9.7656E-3	6.9087E-1
6.5000E-5	1.0254E-2	6.9126E-1
6.6000E-5	9.5215E-3	6.9360E-1
6.7000E-5	9.5215E-3	6.9297E-1
6.8000E-5	9.5215E-3	6.9287E-1
6.9000E-5	9.7656E-3	6.9023E-1
7.0000E-5	9.0332E-3	6.8833E-1
7.1000E-5	9.0332E-3	6.8706E-1
7.2000E-5	9.2773E-3	6.8677E-1
7.3000E-5	9.7656E-3	6.8613E-1
7.4000E-5	9.7656E-3	6.8701E-1
7.5000E-5	1.0010E-2	6.8740E-1
7.6000E-5	9.2773E-3	6.8696E-1
7.7000E-5	9.5215E-3	6.8687E-1
7.8000E-5	9.5215E-3	6.8613E-1
7.9000E-5	9.7656E-3	6.8296E-1
8.0000E-5	1.0010E-2	6.7930E-1
8.1000E-5	9.2773E-3	6.7397E-1
8.2000E-5	9.7656E-3	6.6963E-1
8.3000E-5	9.5215E-3	6.6597E-1
8.4000E-5	9.5215E-3	6.6377E-1
8.5000E-5	9.5215E-3	6.6318E-1
8.6000E-5	9.2773E-3	6.6323E-1
8.7000E-5	9.7656E-3	6.6387E-1
8.8000E-5	9.5215E-3	6.6523E-1
8.9000E-5	9.5215E-3	6.6753E-1
9.0000E-5	9.2773E-3	6.7065E-1
9.1000E-5	9.7656E-3	6.7388E-1
9.2000E-5	9.2773E-3	6.7441E-1
9.3000E-5	9.5215E-3	6.7520E-1
9.4000E-5	9.7656E-3	6.7466E-1
9.5000E-5	1.0010E-2	6.7300E-1
9.6000E-5	9.7656E-3	6.7036E-1
9.7000E-5	9.7656E-3	6.7051E-1
9.8000E-5	9.5215E-3	6.6963E-1
9.9000E-5	9.5215E-3	6.6934E-1
1.0000E-4	9.0332E-3	6.7139E-1
1.0100E-4	9.7656E-3	6.7388E-1
1.0200E-4	1.0010E-2	6.7568E-1
1.0300E-4	9.2773E-3	6.7578E-1
1.0400E-4	9.2773E-3	6.7568E-1
1.0500E-4	9.2773E-3	6.7417E-1
1.0600E-4	9.7656E-3	6.7412E-1
1.0700E-4	9.5215E-3	6.7310E-1
1.0800E-4	9.0332E-3	6.7451E-1
1.0900E-4	1.0254E-2	6.7700E-1
1.1000E-4	9.2773E-3	6.8013E-1
1.1100E-4	1.0254E-2	6.8267E-1
1.1200E-4	9.5215E-3	6.8726E-1
1.1300E-4	9.2773E-3	6.9263E-1
1.1400E-4	1.0010E-2	6.9790E-1
1.1500E-4	9.5215E-3	7.0054E-1
1.1600E-4	9.7656E-3	7.0278E-1
1.1700E-4	9.0332E-3	7.0234E-1
1.1800E-4	9.2773E-3	6.9907E-1
1.1900E-4	9.5215E-3	6.9712E-1
1.2000E-4	9.7656E-3	6.9526E-1
1.2100E-4	9.7656E-3	6.9390E-1
1.2200E-4	1.0010E-2	6.9424E-1
1.2300E-4	9.2773E-3	6.9888E-1
1.2400E-4	9.7656E-3	7.0254E-1
1.2500E-4	9.7656E-3	7.0830E-1
1.2600E-4	9.0332E-3	7.1348E-1
1.2700E-4	9.7656E-3	7.1709E-1
1.2800E-4	1.0254E-2	7.1963E-1
1.2900E-4	9.5215E-3	7.2183E-1
1.3000E-4	9.2773E-3	7.2148E-1
1.3100E-4	9.5215E-3	7.2246E-1
1.3200E-4	9.7656E-3	7.2500E-1
1.3300E-4	9.5215E-3	7.2695E-1
1.3400E-4	9.2773E-3	7.2964E-1
1.3500E-4	9.7656E-3	7.3604E-1
1.3600E-4	1.0010E-2	7.4106E-1
1.3700E-4	9.5215E-3	7.4644E-1
1.3800E-4	9.5215E-3	7.4976E-1
1.3900E-4	9.5215E-3	7.5122E-1
1.4000E-4	9.0332E-3	7.5117E-1
1.4100E-4	1.0498E-2	7.5112E-1
1.4200E-4	9.0332E-3	7.5039E-1
1.4300E-4	8.7891E-3	7.5146E-1
1.4400E-4	9.2773E-3	7.5088E-1
1.4500E-4	1.0010E-2	7.4888E-1
1.4600E-4	9.7656E-3	7.4771E-1
1.4700E-4	9.2773E-3	7.4917E-1
1.4800E-4	9.5215E-3	7.4937E-1
1.4900E-4	1.0254E-2	7.5122E-1
1.5000E-4	9.2773E-3	7.5449E-1
1.5100E-4	1.0010E-2	7.5732E-1
1.5200E-4	9.0332E-3	7.5713E-1
1.5300E-4	9.7656E-3	7.5825E-1
1.5400E-4	1.0010E-2	7.6055E-1
1.5500E-4	9.7656E-3	7.6313E-1
1.5600E-4	1.0010E-2	7.6724E-1
1.5700E-4	9.5215E-3	7.7036E-1
1.5800E-4	1.0010E-2	7.7036E-1
1.5900E-4	1.0254E-2	7.7173E-1
1.6000E-4	9.2773E-3	7.6909E-1
1.6100E-4	1.0010E-2	7.6401E-1
1.6200E-4	9.7656E-3	7.5918E-1
1.6300E-4	9.7656E-3	7.5503E-1
1.6400E-4	9.5215E-3	7.4937E-1
1.6500E-4	9.5215E-3	7.4634E-1
1.6600E-4	9.7656E-3	7.4355E-1
1.6700E-4	9.7656E-3	7.4131E-1
1.6800E-4	9.5215E-3	7.4092E-1
1.6900E-4	1.0254E-2	7.3926E-1
1.7000E-4	9.2773E-3	7.3877E-1
1.7100E-4	9.5215E-3	7.3794E-1
1.7200E-4	9.5215E-3	7.3672E-1
1.7300E-4	9.5215E-3	7.3442E-1
1.7400E-4	9.7656E-3	7.3169E-1
1.7500E-4	9.2773E-3	7.2666E-1
1.7600E-4	9.5215E-3	7.2114E-1
1.7700E-4	9.0332E-3	7.1499E-1
1.7800E-4	9.7656E-3	7.0903E-1
1.7900E-4	9.5215E-3	7.0356E-1
1.8000E-4	9.2773E-3	7.0000E-1
1.8100E-4	9.5215E-3	6.9595E-1
1.8200E-4	9.2773E-3	6.9316E-1
1.8300E-4	9.7656E-3	6.9165E-1
1.8400E-4	9.2773E-3	6.8892E-1
1.8500E-4	9.5215E-3	6.8374E-1
1.8600E-4	9.2773E-3	6.8071E-1
1.8700E-4	1.0254E-2	6.7715E-1
1.8800E-4	1.0254E-2	6.7026E-1
1.8900E-4	9.5215E-3	6.6221E-1
1.9000E-4	9.5215E-3	6.5405E-1
1.9100E-4	9.2773E-3	6.4492E-1
1.9200E-4	9.5215E-3	6.3701E-1
1.9300E-4	9.0332E-3	6.3193E-1
1.9400E-4	9.7656E-3	6.2959E-1
1.9500E-4	9.7656E-3	6.2817E-1
1.9600E-4	9.7656E-3	6.2559E-1
1.9700E-4	9.2773E-3	6.2246E-1
1.9800E-4	9.5215E-3	6.1807E-1
1.9900E-4	1.0010E-2	6.1353E-1
2.0000E-4	9.5215E-3	6.0713E-1
2.0100E-4	9.5215E-3	6.0493E-1
2.0200E-4	9.2773E-3	6.0327E-1
2.0300E-4	9.7656E-3	6.0186E-1
2.0400E-4	9.5215E-3	6.0132E-1
2.0500E-4	9.0332E-3	6.0239E-1
2.0600E-4	9.2773E-3	5.9868E-1
2.0700E-4	9.7656E-3	5.9131E-1
2.0800E-4	9.5215E-3	5.8496E-1
2.0900E-4	9.2773E-3	5.7783E-1
2.1000E-4	9.0332E-3	5.7109E-1
2.1100E-4	9.5215E-3	5.6753E-1
2.1200E-4	9.5215E-3	5.6602E-1
2.1300E-4	9.5215E-3	5.6387E-1
2.1400E-4	9.5215E-3	5.6074E-1
2.1500E-4	9.5215E-3	5.5830E-1
2.1600E-4	9.5215E-3	5.5498E-1
2.1700E-4	9.5215E-3	5.5093E-1
2.1800E-4	9.0332E-3	5.4751E-1
2.1900E-4	9.0332E-3	5.4575E-1
2.2000E-4	9.0332E-3	5.4307E-1
2.2100E-4	1.0254E-2	5.4043E-1
2.2200E-4	9.2773E-3	5.3843E-1
2.2300E-4	9.7656E-3	5.3506E-1
2.2400E-4	9.5215E-3	5.3076E-1
2.2500E-4	9.2773E-3	5.2642E-1
2.2600E-4	1.0010E-2	5.2080E-1
2.2700E-4	9.5215E-3	5.1650E-1
2.2800E-4	9.2773E-3	5.1538E-1
2.2900E-4	1.0254E-2	5.1426E-1
2.3000E-4	9.2773E-3	5.1475E-1
2.3100E-4	9.7656E-3	5.1631E-1
2.3200E-4	1.0010E-2	5.1812E-1
2.3300E-4	9.7656E-3	5.1807E-1
2.3400E-4	9.5215E-3	5.1719E-1
2.3500E-4	1.0010E-2	5.1528E-1
2.3600E-4	9.5215E-3	5.1436E-1
2.3700E-4	9.5215E-3	5.1265E-1
2.3800E-4	9.7656E-3	5.0977E-1
2.3900E-4	1.0254E-2	5.0605E-1
2.4000E-4	9.7656E-3	5.0308E-1
2.4100E-4	9.7656E-3	4.9819E-1
2.4200E-4	1.0010E-2	4.9312E-1
2.4300E-4	1.0498E-2	4.8896E-1
2.4400E-4	9.7656E-3	4.8765E-1
2.4500E-4	1.0254E-2	4.8696E-1
2.4600E-4	9.5215E-3	4.8828E-1
2.4700E-4	1.0010E-2	4.8892E-1
2.4800E-4	9.7656E-3	4.9023E-1
2.4900E-4	9.0332E-3	4.8994E-1
2.5000E-4	9.5215E-3	4.8721E-1
2.5100E-4	9.5215E-3	4.8462E-1
2.5200E-4	9.5215E-3	4.8340E-1
2.5300E-4	1.0254E-2	4.8174E-1
2.5400E-4	9.7656E-3	4.8193E-1
2.5500E-4	9.7656E-3	4.8335E-1
2.5600E-4	1.0010E-2	4.8271E-1
2.5700E-4	1.0254E-2	4.8188E-1
2.5800E-4	9.5215E-3	4.8105E-1
2.5900E-4	1.0254E-2	4.8013E-1
2.6000E-4	9.5215E-3	4.7959E-1
2.6100E-4	1.0254E-2	4.8013E-1
2.6200E-4	1.0254E-2	4.8052E-1
2.6300E-4	9.2773E-3	4.8105E-1
2.6400E-4	9.0332E-3	4.8174E-1
2.6500E-4	9.7656E-3	4.8208E-1
2.6600E-4	9.5215E-3	4.8276E-1
2.6700E-4	9.5215E-3	4.8516E-1
2.6800E-4	9.5215E-3	4.8687E-1
2.6900E-4	9.5215E-3	4.8613E-1
2.7000E-4	9.7656E-3	4.8472E-1
2.7100E-4	9.7656E-3	4.8164E-1
2.7200E-4	9.0332E-3	4.7559E-1
2.7300E-4	9.7656E-3	4.7158E-1
2.7400E-4	1.0010E-2	4.7144E-1
2.7500E-4	1.0254E-2	4.7339E-1
2.7600E-4	9.7656E-3	4.7695E-1
2.7700E-4	1.0254E-2	4.8179E-1
2.7800E-4	9.2773E-3	4.8472E-1
2.7900E-4	1.0010E-2	4.8594E-1
2.8000E-4	9.7656E-3	4.8745E-1
2.8100E-4	9.5215E-3	4.8848E-1
2.8200E-4	9.5215E-3	4.9111E-1
2.8300E-4	1.0010E-2	4.9502E-1
2.8400E-4	9.7656E-3	5.0044E-1
2.8500E-4	9.5215E-3	5.0181E-1
2.8600E-4	9.7656E-3	5.0181E-1
2.8700E-4	9.5215E-3	4.9839E-1
2.8800E-4	9.5215E-3	4.9346E-1
2.8900E-4	1.0010E-2	4.8618E-1
2.9000E-4	9.7656E-3	4.8320E-1
2.9100E-4	9.5215E-3	4.8242E-1
2.9200E-4	9.7656E-3	4.8511E-1
2.9300E-4	9.7656E-3	4.8853E-1
2.9400E-4	9.7656E-3	4.9395E-1
2.9500E-4	9.7656E-3	4.9888E-1
2.9600E-4	9.5215E-3	5.0361E-1
2.9700E-4	9.2773E-3	5.0786E-1
2.9800E-4	9.7656E-3	5.1284E-1
2.9900E-4	9.5215E-3	5.1763E-1
3.0000E-4	1.0010E-2	5.2090E-1
3.0100E-4	9.7656E-3	5.2241E-1
3.0200E-4	9.7656E-3	5.2280E-1
3.0300E-4	9.5215E-3	5.2310E-1
3.0400E-4	9.5215E-3	5.2207E-1
3.0500E-4	9.5215E-3	5.2300E-1
3.0600E-4	1.0010E-2	5.2544E-1
3.0700E-4	1.0010E-2	5.2974E-1
3.0800E-4	9.5215E-3	5.3506E-1
3.0900E-4	9.7656E-3	5.3931E-1
3.1000E-4	9.5215E-3	5.4336E-1
3.1100E-4	9.5215E-3	5.4619E-1
3.1200E-4	9.2773E-3	5.4902E-1
3.1300E-4	9.7656E-3	5.4976E-1
3.1400E-4	9.2773E-3	5.5186E-1
3.1500E-4	9.0332E-3	5.5410E-1
3.1600E-4	9.5215E-3	5.5947E-1
3.1700E-4	1.0010E-2	5.6416E-1
3.1800E-4	9.7656E-3	5.7017E-1
3.1900E-4	9.7656E-3	5.7661E-1
3.2000E-4	9.5215E-3	5.7993E-1
3.2100E-4	1.0010E-2	5.8071E-1
3.2200E-4	9.5215E-3	5.8076E-1
3.2300E-4	9.7656E-3	5.7983E-1
3.2400E-4	9.2773E-3	5.7886E-1
3.2500E-4	9.5215E-3	5.8130E-1
3.2600E-4	9.7656E-3	5.8501E-1
3.2700E-4	9.5215E-3	5.8931E-1
3.2800E-4	9.7656E-3	5.9429E-1
3.2900E-4	9.5215E-3	6.0127E-1
3.3000E-4	9.5215E-3	6.0620E-1
3.3100E-4	9.2773E-3	6.1196E-1
3.3200E-4	9.2773E-3	6.1846E-1
3.3300E-4	9.7656E-3	6.2612E-1
3.3400E-4	9.7656E-3	6.3022E-1
3.3500E-4	9.7656E-3	6.3311E-1
3.3600E-4	1.0010E-2	6.3481E-1
3.3700E-4	9.2773E-3	6.3540E-1
3.3800E-4	9.5215E-3	6.3657E-1
3.3900E-4	9.5215E-3	6.4048E-1
3.4000E-4	9.5215E-3	6.4775E-1
3.4100E-4	9.2773E-3	6.5576E-1
3.4200E-4	9.0332E-3	6.6533E-1
3.4300E-4	1.0010E-2	6.7104E-1
3.4400E-4	9.5215E-3	6.7593E-1
3.4500E-4	9.7656E-3	6.7915E-1
3.4600E-4	1.0010E-2	6.8208E-1
3.4700E-4	9.7656E-3	6.8418E-1
3.4800E-4	1.0010E-2	6.8999E-1
3.4900E-4	1.0254E-2	6.9526E-1
3.5000E-4	8.5449E-3	7.0078E-1
3.5100E-4	1.0254E-2	7.0605E-1
3.5200E-4	1.0010E-2	7.1025E-1
3.5300E-4	9.0332E-3	7.1099E-1
3.5400E-4	9.5215E-3	7.1274E-1
3.5500E-4	9.7656E-3	7.1538E-1
3.5600E-4	9.5215E-3	7.1997E-1
3.5700E-4	9.5215E-3	7.2646E-1
3.5800E-4	9.2773E-3	7.3418E-1
3.5900E-4	1.0254E-2	7.4062E-1
3.6000E-4	1.0254E-2	7.4639E-1
3.6100E-4	9.7656E-3	7.5068E-1
3.6200E-4	9.7656E-3	7.5342E-1
3.6300E-4	9.7656E-3	7.5527E-1
3.6400E-4	9.7656E-3	7.5664E-1
3.6500E-4	9.5215E-3	7.5747E-1
3.6600E-4	1.0498E-2	7.5669E-1
3.6700E-4	9.7656E-3	7.5576E-1
3.6800E-4	9.7656E-3	7.5654E-1
3.6900E-4	9.5215E-3	7.5605E-1
3.7000E-4	9.5215E-3	7.5576E-1
3.7100E-4	9.5215E-3	7.5762E-1
3.7200E-4	1.0010E-2	7.5918E-1
3.7300E-4	9.7656E-3	7.5957E-1
3.7400E-4	9.2773E-3	7.6123E-1
3.7500E-4	1.0010E-2	7.6470E-1
3.7600E-4	9.7656E-3	7.6812E-1
3.7700E-4	9.7656E-3	7.7065E-1
3.7800E-4	1.0010E-2	7.7329E-1
3.7900E-4	9.2773E-3	7.7539E-1
3.8000E-4	9.7656E-3	7.7559E-1
3.8100E-4	1.0010E-2	7.7598E-1
3.8200E-4	9.5215E-3	7.7441E-1
3.8300E-4	9.5215E-3	7.7085E-1
3.8400E-4	1.0010E-2	7.6782E-1
3.8500E-4	9.2773E-3	7.6406E-1
3.8600E-4	9.7656E-3	7.5830E-1
3.8700E-4	9.7656E-3	7.5527E-1
3.8800E-4	9.5215E-3	7.5459E-1
3.8900E-4	9.7656E-3	7.5537E-1
3.9000E-4	9.5215E-3	7.5708E-1
3.9100E-4	9.5215E-3	7.5786E-1
3.9200E-4	1.0010E-2	7.5771E-1
3.9300E-4	9.5215E-3	7.5791E-1
3.9400E-4	9.5215E-3	7.5669E-1
3.9500E-4	9.7656E-3	7.5435E-1
3.9600E-4	1.0010E-2	7.5308E-1
3.9700E-4	9.5215E-3	7.5205E-1
3.9800E-4	9.7656E-3	7.4995E-1
3.9900E-4	9.7656E-3	7.4736E-1
4.0000E-4	1.0010E-2	7.4434E-1
4.0100E-4	9.7656E-3	7.4014E-1
4.0200E-4	1.0254E-2	7.3696E-1
4.0300E-4	1.0010E-2	7.3442E-1
4.0400E-4	1.0010E-2	7.3237E-1
4.0500E-4	9.7656E-3	7.3110E-1
4.0600E-4	9.5215E-3	7.3140E-1
4.0700E-4	1.0010E-2	7.3120E-1
4.0800E-4	9.5215E-3	7.2979E-1
4.0900E-4	9.7656E-3	7.2729E-1
4.1000E-4	9.2773E-3	7.2124E-1
4.1100E-4	9.7656E-3	7.1670E-1
4.1200E-4	9.5215E-3	7.1294E-1
4.1300E-4	9.2773E-3	7.1021E-1
4.1400E-4	9.5215E-3	7.0688E-1
4.1500E-4	9.5215E-3	7.0635E-1
4.1600E-4	9.7656E-3	7.0376E-1
4.1700E-4	1.0254E-2	7.0088E-1
4.1800E-4	9.7656E-3	6.9868E-1
4.1900E-4	1.0254E-2	6.9829E-1
4.2000E-4	9.7656E-3	6.9785E-1
4.2100E-4	1.0254E-2	6.9653E-1
4.2200E-4	1.0010E-2	6.9282E-1
4.2300E-4	9.2773E-3	6.8906E-1
4.2400E-4	9.7656E-3	6.8618E-1
4.2500E-4	9.2773E-3	6.8569E-1
4.2600E-4	9.7656E-3	6.8662E-1
4.2700E-4	9.7656E-3	6.8779E-1
4.2800E-4	9.7656E-3	6.8896E-1
4.2900E-4	9.7656E-3	6.8853E-1
4.3000E-4	9.5215E-3	6.8643E-1
4.3100E-4	9.5215E-3	6.8560E-1
4.3200E-4	9.5215E-3	6.8594E-1
4.3300E-4	1.0010E-2	6.8691E-1
4.3400E-4	9.5215E-3	6.8872E-1
4.3500E-4	1.0010E-2	6.9102E-1
4.3600E-4	9.2773E-3	6.9111E-1
4.3700E-4	9.7656E-3	6.9219E-1
4.3800E-4	1.0010E-2	6.9136E-1
4.3900E-4	9.5215E-3	6.8989E-1
4.4000E-4	9.2773E-3	6.8755E-1
4.4100E-4	9.5215E-3	6.8623E-1
4.4200E-4	8.5449E-3	6.8437E-1
4.4300E-4	9.5215E-3	6.8242E-1
4.4400E-4	1.0254E-2	6.8140E-1
4.4500E-4	9.5215E-3	6.8174E-1
4.4600E-4	9.2773E-3	6.8062E-1
4.4700E-4	9.5215E-3	6.8062E-1
4.4800E-4	9.5215E-3	6.8110E-1
4.4900E-4	9.7656E-3	6.7974E-1
4.5000E-4	1.0010E-2	6.7832E-1
4.5100E-4	1.0010E-2	6.7700E-1
4.5200E-4	9.2773E-3	6.7456E-1
4.5300E-4	9.0332E-3	6.7261E-1
4.5400E-4	9.5215E-3	6.7461E-1
4.5500E-4	9.5215E-3	6.7651E-1
4.5600E-4	9.7656E-3	6.8081E-1
4.5700E-4	9.7656E-3	6.8462E-1
4.5800E-4	9.5215E-3	6.8921E-1
4.5900E-4	9.7656E-3	6.9146E-1
4.6000E-4	9.7656E-3	6.9287E-1
4.6100E-4	9.7656E-3	6.9277E-1
4.6200E-4	1.0254E-2	6.9297E-1
4.6300E-4	1.0254E-2	6.9282E-1
4.6400E-4	9.2773E-3	6.9214E-1
4.6500E-4	9.5215E-3	6.9126E-1
4.6600E-4	1.0010E-2	6.9072E-1
4.6700E-4	9.7656E-3	6.9170E-1
4.6800E-4	9.5215E-3	6.9360E-1
4.6900E-4	9.7656E-3	6.9614E-1
4.7000E-4	9.5215E-3	6.9888E-1
4.7100E-4	9.7656E-3	7.0249E-1
4.7200E-4	1.0254E-2	7.0571E-1
4.7300E-4	9.2773E-3	7.0757E-1
4.7400E-4	9.5215E-3	7.0830E-1
4.7500E-4	1.0010E-2	7.1064E-1
4.7600E-4	1.0010E-2	7.1138E-1
4.7700E-4	9.5215E-3	7.1055E-1
4.7800E-4	9.5215E-3	7.1064E-1
4.7900E-4	1.0010E-2	7.1211E-1
4.8000E-4	9.2773E-3	7.1279E-1
4.8100E-4	9.7656E-3	7.1436E-1
4.8200E-4	9.7656E-3	7.1670E-1
4.8300E-4	9.7656E-3	7.2095E-1
4.8400E-4	9.5215E-3	7.2485E-1
4.8500E-4	9.7656E-3	7.2910E-1
4.8600E-4	9.7656E-3	7.3257E-1
4.8700E-4	9.7656E-3	7.3516E-1
4.8800E-4	1.0010E-2	7.3613E-1
4.8900E-4	1.0010E-2	7.3599E-1
4.9000E-4	9.7656E-3	7.3608E-1
4.9100E-4	9.7656E-3	7.3726E-1
4.9200E-4	8.7891E-3	7.3862E-1
4.9300E-4	9.7656E-3	7.3994E-1
4.9400E-4	1.0010E-2	7.4180E-1
4.9500E-4	9.5215E-3	7.4219E-1
4.9600E-4	1.0254E-2	7.4536E-1
4.9700E-4	9.7656E-3	7.4849E-1
4.9800E-4	9.5215E-3	7.5034E-1
4.9900E-4	1.0010E-2	7.5200E-1
5.0000E-4	9.5215E-3	7.5356E-1
5.0100E-4	9.5215E-3	7.5073E-1
5.0200E-4	1.0010E-2	7.5015E-1
5.0300E-4	9.7656E-3	7.5059E-1
5.0400E-4	1.0010E-2	7.5181E-1
5.0500E-4	9.2773E-3	7.5483E-1
5.0600E-4	9.5215E-3	7.5967E-1
5.0700E-4	9.5215E-3	7.6460E-1
5.0800E-4	9.5215E-3	7.6816E-1
5.0900E-4	9.5215E-3	7.7017E-1
5.1000E-4	9.7656E-3	7.7046E-1
5.1100E-4	9.0332E-3	7.6909E-1
5.1200E-4	1.0010E-2	7.6484E-1
5.1300E-4	9.5215E-3	7.6206E-1
5.1400E-4	9.2773E-3	7.6123E-1
5.1500E-4	9.5215E-3	7.5981E-1
5.1600E-4	8.7891E-3	7.5864E-1
5.1700E-4	9.5215E-3	7.5806E-1
5.1800E-4	1.0010E-2	7.5757E-1
5.1900E-4	9.5215E-3	7.5664E-1
5.2000E-4	1.0010E-2	7.5669E-1
5.2100E-4	9.7656E-3	7.5894E-1
5.2200E-4	9.2773E-3	7.6147E-1
5.2300E-4	1.0010E-2	7.6221E-1
5.2400E-4	9.5215E-3	7.6182E-1
5.2500E-4	9.0332E-3	7.6064E-1
5.2600E-4	1.0010E-2	7.5869E-1
5.2700E-4	9.2773E-3	7.5498E-1
5.2800E-4	1.0010E-2	7.5176E-1
5.2900E-4	1.0010E-2	7.4922E-1
5.3000E-4	9.5215E-3	7.4819E-1
5.3100E-4	1.0254E-2	7.4707E-1
5.3200E-4	9.2773E-3	7.4722E-1
5.3300E-4	9.5215E-3	7.4814E-1
5.3400E-4	9.7656E-3	7.4893E-1
5.3500E-4	9.2773E-3	7.5010E-1
5.3600E-4	9.7656E-3	7.4897E-1
5.3700E-4	1.0254E-2	7.4863E-1
5.3800E-4	1.0254E-2	7.4653E-1
5.3900E-4	9.5215E-3	7.4390E-1
5.4000E-4	9.7656E-3	7.3916E-1
5.4100E-4	9.7656E-3	7.3613E-1
5.4200E-4	1.0010E-2	7.3403E-1
5.4300E-4	1.0498E-2	7.3340E-1
5.4400E-4	9.5215E-3	7.3350E-1
5.4500E-4	9.7656E-3	7.3413E-1
5.4600E-4	9.7656E-3	7.3525E-1
5.4700E-4	9.7656E-3	7.3506E-1
5.4800E-4	9.5215E-3	7.3325E-1
5.4900E-4	9.0332E-3	7.2900E-1
5.5000E-4	9.2773E-3	7.2495E-1
5.5100E-4	1.0254E-2	7.2021E-1
5.5200E-4	9.5215E-3	7.1523E-1
5.5300E-4	9.0332E-3	7.1040E-1
5.5400E-4	9.7656E-3	7.0811E-1
5.5500E-4	1.0254E-2	7.0669E-1
5.5600E-4	9.7656E-3	7.0479E-1
5.5700E-4	9.2773E-3	7.0449E-1
5.5800E-4	9.5215E-3	7.0625E-1
5.5900E-4	9.5215E-3	7.0830E-1
5.6000E-4	1.0010E-2	7.0757E-1
5.6100E-4	1.0010E-2	7.0796E-1
5.6200E-4	9.7656E-3	7.0791E-1
5.6300E-4	9.5215E-3	7.0640E-1
5.6400E-4	9.7656E-3	7.0210E-1
5.6500E-4	1.0254E-2	6.9912E-1
5.6600E-4	9.5215E-3	6.9570E-1
5.6700E-4	9.5215E-3	6.9067E-1
5.6800E-4	9.0332E-3	6.8608E-1
5.6900E-4	1.0254E-2	6.8452E-1
5.7000E-4	9.7656E-3	6.8262E-1
5.7100E-4	9.5215E-3	6.8037E-1
5.7200E-4	9.5215E-3	6.8203E-1
5.7300E-4	9.7656E-3	6.8442E-1
5.7400E-4	9.5215E-3	6.8477E-1
5.7500E-4	9.5215E-3	6.8804E-1
5.7600E-4	9.2773E-3	6.9038E-1
5.7700E-4	9.5215E-3	6.8823E-1
5.7800E-4	9.7656E-3	6.8423E-1
5.7900E-4	9.5215E-3	6.8076E-1
5.8000E-4	9.5215E-3	6.7471E-1
5.8100E-4	9.7656E-3	6.7227E-1
5.8200E-4	9.7656E-3	6.7036E-1
5.8300E-4	1.0254E-2	6.7129E-1
5.8400E-4	9.5215E-3	6.7290E-1
5.8500E-4	9.7656E-3	6.7358E-1
5.8600E-4	9.7656E-3	6.7100E-1
5.8700E-4	9.7656E-3	6.7119E-1
5.8800E-4	9.0332E-3	6.6855E-1
5.8900E-4	1.0498E-2	6.6548E-1
5.9000E-4	9.2773E-3	6.6606E-1
5.9100E-4	1.0010E-2	6.6675E-1
5.9200E-4	9.5215E-3	6.6748E-1
5.9300E-4	9.7656E-3	6.6958E-1
5.9400E-4	9.7656E-3	6.7261E-1
5.9500E-4	1.0498E-2	6.7119E-1
5.9600E-4	9.5215E-3	6.6943E-1
5.9700E-4	9.5215E-3	6.6616E-1
5.9800E-4	9.7656E-3	6.6470E-1
5.9900E-4	9.2773E-3	6.6396E-1
6.0000E-4	9.5215E-3	6.6807E-1
6.0100E-4	9.5215E-3	6.7300E-1
6.0200E-4	9.2773E-3	6.7778E-1
6.0300E-4	9.7656E-3	6.8013E-1
6.0400E-4	9.5215E-3	6.8159E-1
6.0500E-4	1.0498E-2	6.8208E-1
6.0600E-4	9.5215E-3	6.8164E-1
6.0700E-4	1.0254E-2	6.8247E-1
6.0800E-4	9.7656E-3	6.8662E-1
6.0900E-4	9.0332E-3	6.9272E-1
6.1000E-4	9.7656E-3	6.9736E-1
6.1100E-4	1.0254E-2	7.0239E-1
6.1200E-4	9.7656E-3	7.0313E-1
6.1300E-4	9.7656E-3	6.9995E-1
6.1400E-4	9.5215E-3	6.9575E-1
6.1500E-4	9.5215E-3	6.9302E-1
6.1600E-4	9.7656E-3	6.9238E-1
6.1700E-4	1.0010E-2	6.9487E-1
6.1800E-4	9.2773E-3	6.9824E-1
6.1900E-4	9.5215E-3	7.0063E-1
6.2000E-4	1.0010E-2	7.0171E-1
6.2100E-4	9.2773E-3	7.0054E-1
6.2200E-4	1.0498E-2	7.0059E-1
6.2300E-4	9.5215E-3	7.0112E-1
6.2400E-4	1.0010E-2	7.0264E-1
6.2500E-4	9.5215E-3	7.0557E-1
6.2600E-4	1.0498E-2	7.0820E-1
6.2700E-4	9.7656E-3	7.0815E-1
6.2800E-4	9.7656E-3	7.0688E-1
6.2900E-4	9.5215E-3	7.0513E-1
6.3000E-4	9.5215E-3	7.0347E-1
6.3100E-4	1.0010E-2	7.0591E-1
6.3200E-4	1.0254E-2	7.1343E-1
6.3300E-4	1.0254E-2	7.2505E-1
6.3400E-4	9.0332E-3	7.3452E-1
6.3500E-4	9.5215E-3	7.4170E-1
6.3600E-4	9.2773E-3	7.4487E-1
6.3700E-4	9.2773E-3	7.4355E-1
6.3800E-4	1.0010E-2	7.3765E-1
6.3900E-4	9.5215E-3	7.3442E-1
6.4000E-4	9.5215E-3	7.3325E-1
6.4100E-4	1.0010E-2	7.3359E-1
6.4200E-4	9.5215E-3	7.3569E-1
6.4300E-4	9.5215E-3	7.3818E-1
6.4400E-4	9.5215E-3	7.4087E-1
6.4500E-4	9.7656E-3	7.4194E-1
6.4600E-4	9.0332E-3	7.4082E-1
6.4700E-4	9.7656E-3	7.4028E-1
6.4800E-4	9.7656E-3	7.4233E-1
6.4900E-4	1.0010E-2	7.4414E-1
6.5000E-4	9.2773E-3	7.4800E-1
6.5100E-4	1.0254E-2	7.5220E-1
6.5200E-4	9.7656E-3	7.5610E-1
6.5300E-4	9.0332E-3	7.5679E-1
6.5400E-4	9.7656E-3	7.5806E-1
6.5500E-4	9.5215E-3	7.5864E-1
6.5600E-4	9.5215E-3	7.6040E-1
6.5700E-4	1.0010E-2	7.5957E-1
6.5800E-4	9.5215E-3	7.5889E-1
6.5900E-4	9.2773E-3	7.5513E-1
6.6000E-4	9.2773E-3	7.4775E-1
6.6100E-4	9.7656E-3	7.4009E-1
6.6200E-4	9.7656E-3	7.3276E-1
6.6300E-4	1.0010E-2	7.2524E-1
6.6400E-4	9.7656E-3	7.2212E-1
6.6500E-4	9.2773E-3	7.2549E-1
6.6600E-4	9.2773E-3	7.2817E-1
6.6700E-4	9.7656E-3	7.2925E-1
6.6800E-4	1.0010E-2	7.2769E-1
6.6900E-4	9.5215E-3	7.2153E-1
6.7000E-4	1.0254E-2	7.1167E-1
6.7100E-4	9.5215E-3	7.0508E-1
6.7200E-4	9.2773E-3	6.9961E-1
6.7300E-4	9.7656E-3	6.9854E-1
6.7400E-4	9.7656E-3	6.9805E-1
6.7500E-4	9.7656E-3	6.9829E-1
6.7600E-4	9.5215E-3	6.9463E-1
6.7700E-4	9.7656E-3	6.9326E-1
6.7800E-4	9.7656E-3	6.9160E-1
6.7900E-4	9.7656E-3	6.8994E-1
6.8000E-4	9.5215E-3	6.8550E-1
6.8100E-4	9.5215E-3	6.8623E-1
6.8200E-4	9.5215E-3	6.8511E-1
6.8300E-4	9.2773E-3	6.8262E-1
6.8400E-4	9.7656E-3	6.7930E-1
6.8500E-4	1.0010E-2	6.7500E-1
6.8600E-4	9.2773E-3	6.6699E-1
6.8700E-4	1.0010E-2	6.5840E-1
6.8800E-4	9.5215E-3	6.5146E-1
6.8900E-4	9.0332E-3	6.4570E-1
6.9000E-4	1.0254E-2	6.4355E-1
6.9100E-4	9.7656E-3	6.4043E-1
6.9200E-4	9.2773E-3	6.3750E-1
6.9300E-4	9.5215E-3	6.3218E-1
6.9400E-4	8.3008E-3	6.2451E-1
6.9500E-4	9.7656E-3	6.1323E-1
6.9600E-4	9.5215E-3	6.0352E-1
6.9700E-4	9.5215E-3	5.9678E-1
6.9800E-4	9.2773E-3	5.9414E-1
6.9900E-4	9.5215E-3	5.9590E-1
7.0000E-4	9.0332E-3	6.0044E-1
7.0100E-4	9.2773E-3	6.0386E-1
7.0200E-4	9.2773E-3	6.0498E-1
7.0300E-4	9.2773E-3	6.0146E-1
7.0400E-4	1.0010E-2	5.9731E-1
7.0500E-4	8.7891E-3	5.9092E-1
7.0600E-4	9.2773E-3	5.8447E-1
7.0700E-4	9.5215E-3	5.7769E-1
7.0800E-4	9.5215E-3	5.7334E-1
7.0900E-4	1.0010E-2	5.6724E-1
7.1000E-4	9.5215E-3	5.6304E-1
7.1100E-4	1.0010E-2	5.5801E-1
7.1200E-4	9.0332E-3	5.5288E-1
7.1300E-4	1.0010E-2	5.4922E-1
7.1400E-4	9.7656E-3	5.4937E-1
7.1500E-4	9.2773E-3	5.5049E-1
7.1600E-4	9.5215E-3	5.5303E-1
7.1700E-4	9.5215E-3	5.5312E-1
7.1800E-4	9.2773E-3	5.4878E-1
7.1900E-4	9.0332E-3	5.3896E-1
7.2000E-4	9.0332E-3	5.2705E-1
7.2100E-4	1.0010E-2	5.1768E-1
7.2200E-4	9.7656E-3	5.1367E-1
7.2300E-4	1.0498E-2	5.1216E-1
7.2400E-4	9.2773E-3	5.1367E-1
7.2500E-4	9.7656E-3	5.1655E-1
7.2600E-4	9.2773E-3	5.1499E-1
7.2700E-4	9.2773E-3	5.1074E-1
7.2800E-4	9.5215E-3	5.0718E-1
7.2900E-4	9.5215E-3	5.0313E-1
7.3000E-4	9.5215E-3	4.9775E-1
7.3100E-4	9.0332E-3	4.9678E-1
7.3200E-4	1.0010E-2	4.9966E-1
7.3300E-4	9.2773E-3	5.0430E-1
7.3400E-4	1.0010E-2	5.0854E-1
7.3500E-4	9.7656E-3	5.1289E-1
7.3600E-4	9.7656E-3	5.1401E-1
7.3700E-4	9.7656E-3	5.1162E-1
7.3800E-4	1.0010E-2	5.0581E-1
7.3900E-4	9.2773E-3	5.0005E-1
7.4000E-4	9.5215E-3	4.9404E-1
7.4100E-4	9.2773E-3	4.8721E-1
7.4200E-4	1.0010E-2	4.8179E-1
7.4300E-4	9.7656E-3	4.7827E-1
7.4400E-4	9.2773E-3	4.7505E-1
7.4500E-4	9.7656E-3	4.7412E-1
7.4600E-4	9.7656E-3	4.7568E-1
7.4700E-4	9.2773E-3	4.7700E-1
7.4800E-4	9.5215E-3	4.7920E-1
7.4900E-4	9.2773E-3	4.8257E-1
7.5000E-4	9.7656E-3	4.8545E-1
7.5100E-4	9.5215E-3	4.8799E-1
7.5200E-4	9.7656E-3	4.8989E-1
7.5300E-4	9.5215E-3	4.8892E-1
7.5400E-4	9.5215E-3	4.8696E-1
7.5500E-4	9.7656E-3	4.8525E-1
7.5600E-4	9.5215E-3	4.8389E-1
7.5700E-4	9.2773E-3	4.8545E-1
7.5800E-4	9.7656E-3	4.8745E-1
7.5900E-4	1.0254E-2	4.9004E-1
7.6000E-4	8.7891E-3	4.9155E-1
7.6100E-4	9.5215E-3	4.9106E-1
7.6200E-4	9.5215E-3	4.8721E-1
7.6300E-4	9.2773E-3	4.8486E-1
7.6400E-4	9.5215E-3	4.8159E-1
7.6500E-4	1.0010E-2	4.8091E-1
7.6600E-4	9.5215E-3	4.8325E-1
7.6700E-4	9.5215E-3	4.8633E-1
7.6800E-4	9.7656E-3	4.8926E-1
7.6900E-4	1.0010E-2	4.9287E-1
7.7000E-4	9.5215E-3	4.9238E-1
7.7100E-4	9.2773E-3	4.9077E-1
7.7200E-4	9.7656E-3	4.8843E-1
7.7300E-4	9.5215E-3	4.8433E-1
7.7400E-4	1.0010E-2	4.7998E-1
7.7500E-4	9.7656E-3	4.7773E-1
7.7600E-4	9.5215E-3	4.7617E-1
7.7700E-4	9.7656E-3	4.7720E-1
7.7800E-4	9.7656E-3	4.8120E-1
7.7900E-4	1.0010E-2	4.8613E-1
7.8000E-4	9.5215E-3	4.9072E-1
7.8100E-4	9.2773E-3	4.9336E-1
7.8200E-4	1.0010E-2	4.9419E-1
7.8300E-4	9.2773E-3	4.9253E-1
7.8400E-4	9.5215E-3	4.8994E-1
7.8500E-4	1.0254E-2	4.8774E-1
7.8600E-4	9.7656E-3	4.8589E-1
7.8700E-4	1.0010E-2	4.8467E-1
7.8800E-4	9.5215E-3	4.8477E-1
7.8900E-4	9.2773E-3	4.8682E-1
7.9000E-4	1.0010E-2	4.8984E-1
7.9100E-4	9.5215E-3	4.9409E-1
7.9200E-4	9.7656E-3	4.9917E-1
7.9300E-4	1.0254E-2	5.0366E-1
7.9400E-4	9.5215E-3	5.0752E-1
7.9500E-4	9.7656E-3	5.1162E-1
7.9600E-4	9.7656E-3	5.1587E-1
7.9700E-4	1.0010E-2	5.1919E-1
7.9800E-4	9.0332E-3	5.2280E-1
7.9900E-4	9.2773E-3	5.2544E-1
8.0000E-4	9.0332E-3	5.2793E-1
8.0100E-4	9.7656E-3	5.2852E-1
8.0200E-4	9.0332E-3	5.2974E-1
8.0300E-4	1.0010E-2	5.3262E-1
8.0400E-4	9.0332E-3	5.3496E-1
8.0500E-4	1.0010E-2	5.3813E-1
8.0600E-4	9.2773E-3	5.4409E-1
8.0700E-4	1.0010E-2	5.4731E-1
8.0800E-4	9.5215E-3	5.4717E-1
8.0900E-4	9.5215E-3	5.4712E-1
8.1000E-4	9.5215E-3	5.4541E-1
8.1100E-4	1.0010E-2	5.4346E-1
8.1200E-4	1.0498E-2	5.4746E-1
8.1300E-4	1.0010E-2	5.5420E-1
8.1400E-4	9.2773E-3	5.6206E-1
8.1500E-4	9.2773E-3	5.6831E-1
8.1600E-4	9.5215E-3	5.7314E-1
8.1700E-4	9.7656E-3	5.7188E-1
8.1800E-4	1.0254E-2	5.7144E-1
8.1900E-4	9.7656E-3	5.7065E-1
8.2000E-4	8.7891E-3	5.7446E-1
8.2100E-4	9.5215E-3	5.7915E-1
8.2200E-4	9.5215E-3	5.8638E-1
8.2300E-4	9.5215E-3	5.9219E-1
8.2400E-4	9.5215E-3	5.9648E-1
8.2500E-4	9.2773E-3	5.9678E-1
8.2600E-4	9.5215E-3	5.9590E-1
8.2700E-4	9.7656E-3	5.9380E-1
8.2800E-4	9.5215E-3	5.9360E-1
8.2900E-4	9.7656E-3	5.9800E-1
8.3000E-4	9.0332E-3	6.0400E-1
8.3100E-4	1.0254E-2	6.1094E-1
8.3200E-4	1.0010E-2	6.1875E-1
8.3300E-4	9.7656E-3	6.2612E-1
8.3400E-4	9.2773E-3	6.3159E-1
8.3500E-4	9.7656E-3	6.3882E-1
8.3600E-4	9.7656E-3	6.4634E-1
8.3700E-4	9.7656E-3	6.5581E-1
8.3800E-4	9.0332E-3	6.6416E-1
8.3900E-4	9.7656E-3	6.7144E-1
8.4000E-4	9.2773E-3	6.7524E-1
8.4100E-4	1.0498E-2	6.7778E-1
8.4200E-4	1.0010E-2	6.7700E-1
8.4300E-4	9.2773E-3	6.7764E-1
8.4400E-4	9.5215E-3	6.7969E-1
8.4500E-4	9.5215E-3	6.8394E-1
8.4600E-4	1.0010E-2	6.8896E-1
8.4700E-4	9.7656E-3	6.9409E-1
8.4800E-4	9.2773E-3	6.9839E-1
8.4900E-4	8.7891E-3	7.0220E-1
8.5000E-4	9.7656E-3	7.0596E-1
8.5100E-4	1.0498E-2	7.0811E-1
8.5200E-4	1.0254E-2	7.1338E-1
8.5300E-4	9.7656E-3	7.1934E-1
8.5400E-4	9.7656E-3	7.2334E-1
8.5500E-4	9.5215E-3	7.2852E-1
8.5600E-4	9.2773E-3	7.3555E-1
8.5700E-4	9.2773E-3	7.4170E-1
8.5800E-4	9.5215E-3	7.4487E-1
8.5900E-4	9.5215E-3	7.4971E-1
8.6000E-4	9.2773E-3	7.5210E-1
8.6100E-4	9.2773E-3	7.5581E-1
8.6200E-4	9.7656E-3	7.5845E-1
8.6300E-4	9.2773E-3	7.6387E-1
8.6400E-4	9.5215E-3	7.6875E-1
8.6500E-4	9.5215E-3	7.7241E-1
8.6600E-4	1.0010E-2	7.7539E-1
8.6700E-4	1.0010E-2	7.7871E-1
8.6800E-4	9.7656E-3	7.7900E-1
8.6900E-4	9.5215E-3	7.7759E-1
8.7000E-4	9.7656E-3	7.7690E-1
8.7100E-4	9.7656E-3	7.7539E-1
8.7200E-4	9.5215E-3	7.7383E-1
8.7300E-4	9.5215E-3	7.7402E-1
8.7400E-4	9.2773E-3	7.7671E-1
8.7500E-4	9.7656E-3	7.7886E-1
8.7600E-4	9.5215E-3	7.8135E-1
8.7700E-4	9.2773E-3	7.8315E-1
8.7800E-4	9.2773E-3	7.8286E-1
8.7900E-4	8.5449E-3	7.8110E-1
8.8000E-4	9.2773E-3	7.7842E-1
8.8100E-4	9.2773E-3	7.7651E-1
8.8200E-4	9.7656E-3	7.7505E-1
8.8300E-4	1.0010E-2	7.7656E-1
8.8400E-4	9.7656E-3	7.7769E-1
8.8500E-4	9.5215E-3	7.7998E-1
8.8600E-4	9.5215E-3	7.8062E-1
8.8700E-4	1.0010E-2	7.8052E-1
8.8800E-4	9.5215E-3	7.7832E-1
8.8900E-4	9.5215E-3	7.7705E-1
8.9000E-4	9.5215E-3	7.7798E-1
8.9100E-4	1.0010E-2	7.7905E-1
8.9200E-4	1.0010E-2	7.7754E-1
8.9300E-4	9.5215E-3	7.7583E-1
8.9400E-4	9.5215E-3	7.7231E-1
8.9500E-4	9.5215E-3	7.6636E-1
8.9600E-4	1.0010E-2	7.5903E-1
8.9700E-4	9.7656E-3	7.5493E-1
8.9800E-4	9.0332E-3	7.5288E-1
8.9900E-4	1.0010E-2	7.5034E-1
9.0000E-4	9.5215E-3	7.5000E-1
9.0100E-4	9.5215E-3	7.5088E-1
9.0200E-4	8.7891E-3	7.4946E-1
9.0300E-4	1.0010E-2	7.4663E-1
9.0400E-4	9.7656E-3	7.4756E-1
9.0500E-4	9.2773E-3	7.4585E-1
9.0600E-4	1.0498E-2	7.4229E-1
9.0700E-4	9.5215E-3	7.3896E-1
9.0800E-4	9.7656E-3	7.3564E-1
9.0900E-4	1.0254E-2	7.2817E-1
9.1000E-4	9.7656E-3	7.2222E-1
9.1100E-4	9.5215E-3	7.1802E-1
9.1200E-4	9.7656E-3	7.1572E-1
9.1300E-4	9.2773E-3	7.1475E-1
9.1400E-4	9.7656E-3	7.1519E-1
9.1500E-4	1.0498E-2	7.1436E-1
9.1600E-4	9.7656E-3	7.1250E-1
9.1700E-4	9.5215E-3	7.1064E-1
9.1800E-4	9.5215E-3	7.0850E-1
9.1900E-4	9.7656E-3	7.0527E-1
9.2000E-4	1.0010E-2	7.0288E-1
9.2100E-4	9.2773E-3	7.0176E-1
9.2200E-4	9.7656E-3	7.0024E-1
9.2300E-4	9.5215E-3	6.9893E-1
9.2400E-4	9.5215E-3	6.9937E-1
9.2500E-4	1.0254E-2	6.9912E-1
9.2600E-4	9.7656E-3	6.9683E-1
9.2700E-4	9.5215E-3	6.9316E-1
9.2800E-4	9.2773E-3	6.8784E-1
9.2900E-4	9.0332E-3	6.8340E-1
9.3000E-4	9.5215E-3	6.8047E-1
9.3100E-4	1.0010E-2	6.8076E-1
9.3200E-4	9.7656E-3	6.8276E-1
9.3300E-4	9.7656E-3	6.8423E-1
9.3400E-4	9.5215E-3	6.8418E-1
9.3500E-4	9.2773E-3	6.8472E-1
9.3600E-4	1.0254E-2	6.8618E-1
9.3700E-4	9.5215E-3	6.8843E-1
9.3800E-4	9.0332E-3	6.9419E-1
9.3900E-4	9.2773E-3	7.0000E-1
9.4000E-4	9.5215E-3	7.0337E-1
9.4100E-4	9.5215E-3	7.0386E-1
9.4200E-4	9.5215E-3	7.0103E-1
9.4300E-4	9.2773E-3	6.9658E-1
9.4400E-4	9.7656E-3	6.9204E-1
9.4500E-4	9.7656E-3	6.8936E-1
9.4600E-4	9.5215E-3	6.8804E-1
9.4700E-4	9.5215E-3	6.8906E-1
9.4800E-4	9.5215E-3	6.8848E-1
9.4900E-4	9.7656E-3	6.8647E-1
9.5000E-4	1.0010E-2	6.8198E-1
9.5100E-4	9.7656E-3	6.7886E-1
9.5200E-4	9.5215E-3	6.7695E-1
9.5300E-4	9.0332E-3	6.7832E-1
9.5400E-4	9.7656E-3	6.8262E-1
9.5500E-4	1.0010E-2	6.8896E-1
9.5600E-4	9.2773E-3	6.9224E-1
9.5700E-4	9.5215E-3	6.9297E-1
9.5800E-4	9.0332E-3	6.9058E-1
9.5900E-4	9.2773E-3	6.8740E-1
9.6000E-4	9.2773E-3	6.8560E-1
9.6100E-4	1.0010E-2	6.8569E-1
9.6200E-4	9.5215E-3	6.8701E-1
9.6300E-4	9.7656E-3	6.8843E-1
9.6400E-4	9.7656E-3	6.8882E-1
9.6500E-4	9.5215E-3	6.8833E-1
9.6600E-4	9.0332E-3	6.8794E-1
9.6700E-4	9.5215E-3	6.8818E-1
9.6800E-4	9.2773E-3	6.9121E-1
9.6900E-4	9.5215E-3	6.9512E-1
9.7000E-4	9.2773E-3	6.9829E-1
9.7100E-4	9.5215E-3	7.0103E-1
9.7200E-4	1.0010E-2	7.0342E-1
9.7300E-4	9.7656E-3	7.0317E-1
9.7400E-4	9.5215E-3	7.0249E-1
9.7500E-4	9.5215E-3	7.0259E-1
9.7600E-4	1.0010E-2	7.0313E-1
9.7700E-4	9.5215E-3	7.0596E-1
9.7800E-4	9.5215E-3	7.0991E-1
9.7900E-4	9.2773E-3	7.1431E-1
9.8000E-4	9.0332E-3	7.1992E-1
9.8100E-4	1.0010E-2	7.2339E-1
9.8200E-4	1.0010E-2	7.2446E-1
9.8300E-4	9.7656E-3	7.2417E-1
9.8400E-4	9.5215E-3	7.2578E-1
9.8500E-4	1.0010E-2	7.2671E-1
9.8600E-4	9.5215E-3	7.2881E-1
9.8700E-4	9.2773E-3	7.3091E-1
9.8800E-4	9.2773E-3	7.3369E-1
9.8900E-4	1.0010E-2	7.3545E-1
9.9000E-4	8.5449E-3	7.3774E-1
9.9100E-4	1.0010E-2	7.4116E-1
9.9200E-4	9.5215E-3	7.4541E-1
9.9300E-4	9.2773E-3	7.4956E-1
9.9400E-4	9.5215E-3	7.5439E-1
9.9500E-4	9.7656E-3	7.5635E-1
9.9600E-4	9.0332E-3	7.5625E-1
9.9700E-4	9.2773E-3	7.5410E-1
9.9800E-4	9.5215E-3	7.5410E-1
9.9900E-4	9.5215E-3	7.5410E-1
