Time [s]	Aux in [V]	Main in [V]
0.0000E+0	9.5215E-3	6.2632E-1
1.0000E-6	1.0254E-2	6.2729E-1
2.0000E-6	1.0010E-2	6.2778E-1
3.0000E-6	9.0332E-3	6.2935E-1
4.0000E-6	9.2773E-3	6.2808E-1
5.0000E-6	1.0010E-2	6.2759E-1
6.0000E-6	9.7656E-3	6.2617E-1
7.0000E-6	9.2773E-3	6.2559E-1
8.0000E-6	9.0332E-3	6.2319E-1
9.0000E-6	9.2773E-3	6.2451E-1
1.0000E-5	1.0010E-2	6.2642E-1
1.1000E-5	9.2773E-3	6.2886E-1
1.2000E-5	9.2773E-3	6.3125E-1
1.3000E-5	9.5215E-3	6.3633E-1
1.4000E-5	9.2773E-3	6.4067E-1
1.5000E-5	9.2773E-3	6.4526E-1
1.6000E-5	9.5215E-3	6.4829E-1
1.7000E-5	9.2773E-3	6.4854E-1
1.8000E-5	9.7656E-3	6.4756E-1
1.9000E-5	9.2773E-3	6.4473E-1
2.0000E-5	9.2773E-3	6.4077E-1
2.1000E-5	9.7656E-3	6.3687E-1
2.2000E-5	9.5215E-3	6.3291E-1
2.3000E-5	8.7891E-3	6.2593E-1
2.4000E-5	9.5215E-3	6.1924E-1
2.5000E-5	9.7656E-3	6.1206E-1
2.6000E-5	9.2773E-3	6.0454E-1
2.7000E-5	8.5449E-3	5.9907E-1
2.8000E-5	9.5215E-3	5.9478E-1
2.9000E-5	1.0254E-2	5.9126E-1
3.0000E-5	1.0254E-2	5.8892E-1
3.1000E-5	1.0010E-2	5.8594E-1
3.2000E-5	9.7656E-3	5.8164E-1
3.3000E-5	9.5215E-3	5.7695E-1
3.4000E-5	1.0010E-2	5.7129E-1
3.5000E-5	1.0254E-2	5.6543E-1
3.6000E-5	9.2773E-3	5.5942E-1
3.7000E-5	9.7656E-3	5.5352E-1
3.8000E-5	9.5215E-3	5.4863E-1
3.9000E-5	9.2773E-3	5.4419E-1
4.0000E-5	1.0010E-2	5.3809E-1
4.1000E-5	9.7656E-3	5.3286E-1
4.2000E-5	1.0010E-2	5.2783E-1
4.3000E-5	9.2773E-3	5.2075E-1
4.4000E-5	1.0010E-2	5.1226E-1
4.5000E-5	9.2773E-3	5.0571E-1
4.6000E-5	9.7656E-3	4.9897E-1
4.7000E-5	9.2773E-3	4.9185E-1
4.8000E-5	9.5215E-3	4.8672E-1
4.9000E-5	9.2773E-3	4.8076E-1
5.0000E-5	9.2773E-3	4.7290E-1
5.1000E-5	9.2773E-3	4.6440E-1
5.2000E-5	1.0498E-2	4.5605E-1
5.3000E-5	8.7891E-3	4.4810E-1
5.4000E-5	9.5215E-3	4.4355E-1
5.5000E-5	9.0332E-3	4.4097E-1
5.6000E-5	9.7656E-3	4.3911E-1
5.7000E-5	9.2773E-3	4.3726E-1
5.8000E-5	9.0332E-3	4.3481E-1
5.9000E-5	9.5215E-3	4.3096E-1
6.0000E-5	9.7656E-3	4.2534E-1
6.1000E-5	9.0332E-3	4.1992E-1
6.2000E-5	9.5215E-3	4.1411E-1
6.3000E-5	9.2773E-3	4.0776E-1
6.4000E-5	9.7656E-3	4.0186E-1
6.5000E-5	9.0332E-3	3.9775E-1
6.6000E-5	9.5215E-3	3.9331E-1
6.7000E-5	9.7656E-3	3.9033E-1
6.8000E-5	9.2773E-3	3.8750E-1
6.9000E-5	9.5215E-3	3.8345E-1
7.0000E-5	9.7656E-3	3.7764E-1
7.1000E-5	9.7656E-3	3.7168E-1
7.2000E-5	1.0010E-2	3.6440E-1
7.3000E-5	9.5215E-3	3.5776E-1
7.4000E-5	9.5215E-3	3.5332E-1
7.5000E-5	9.5215E-3	3.5083E-1
7.6000E-5	9.2773E-3	3.4824E-1
7.7000E-5	1.0010E-2	3.4722E-1
7.8000E-5	1.0010E-2	3.4531E-1
7.9000E-5	9.2773E-3	3.4229E-1
8.0000E-5	9.5215E-3	3.3740E-1
8.1000E-5	1.0010E-2	3.3237E-1
8.2000E-5	9.5215E-3	3.2822E-1
8.3000E-5	1.0254E-2	3.2466E-1
8.4000E-5	1.0010E-2	3.1982E-1
8.5000E-5	9.0332E-3	3.1670E-1
8.6000E-5	9.2773E-3	3.1514E-1
8.7000E-5	9.2773E-3	3.1211E-1
8.8000E-5	1.0010E-2	3.1060E-1
8.9000E-5	8.7891E-3	3.1016E-1
9.0000E-5	9.2773E-3	3.0898E-1
9.1000E-5	9.5215E-3	3.0767E-1
9.2000E-5	9.5215E-3	3.0845E-1
9.3000E-5	9.2773E-3	3.0840E-1
9.4000E-5	9.0332E-3	3.0884E-1
9.5000E-5	1.0010E-2	3.0889E-1
9.6000E-5	1.0254E-2	3.0796E-1
9.7000E-5	9.2773E-3	3.0708E-1
9.8000E-5	9.2773E-3	3.0771E-1
9.9000E-5	9.7656E-3	3.0840E-1
1.0000E-4	9.7656E-3	3.0933E-1
1.0100E-4	9.7656E-3	3.1230E-1
1.0200E-4	9.2773E-3	3.1470E-1
1.0300E-4	9.7656E-3	3.1675E-1
1.0400E-4	1.0010E-2	3.1885E-1
1.0500E-4	9.5215E-3	3.1982E-1
1.0600E-4	9.7656E-3	3.1860E-1
1.0700E-4	9.5215E-3	3.1602E-1
1.0800E-4	9.2773E-3	3.1250E-1
1.0900E-4	9.7656E-3	3.0825E-1
1.1000E-4	9.5215E-3	3.0552E-1
1.1100E-4	9.5215E-3	3.0254E-1
1.1200E-4	9.0332E-3	3.0156E-1
1.1300E-4	9.7656E-3	3.0190E-1
1.1400E-4	9.5215E-3	3.0586E-1
1.1500E-4	1.0010E-2	3.1279E-1
1.1600E-4	9.7656E-3	3.1982E-1
1.1700E-4	1.0010E-2	3.2583E-1
1.1800E-4	9.2773E-3	3.2925E-1
1.1900E-4	9.7656E-3	3.2935E-1
1.2000E-4	9.2773E-3	3.2495E-1
1.2100E-4	9.2773E-3	3.2134E-1
1.2200E-4	9.5215E-3	3.1655E-1
1.2300E-4	8.7891E-3	3.1250E-1
1.2400E-4	9.7656E-3	3.0791E-1
1.2500E-4	9.0332E-3	3.0410E-1
1.2600E-4	9.5215E-3	3.0176E-1
1.2700E-4	9.5215E-3	2.9966E-1
1.2800E-4	8.5449E-3	2.9907E-1
1.2900E-4	9.7656E-3	3.0112E-1
1.3000E-4	1.0010E-2	3.0449E-1
1.3100E-4	9.5215E-3	3.0669E-1
1.3200E-4	9.2773E-3	3.1235E-1
1.3300E-4	9.2773E-3	3.1934E-1
1.3400E-4	9.5215E-3	3.2666E-1
1.3500E-4	9.2773E-3	3.3428E-1
1.3600E-4	9.7656E-3	3.4199E-1
1.3700E-4	1.0010E-2	3.4800E-1
1.3800E-4	9.5215E-3	3.5215E-1
1.3900E-4	9.5215E-3	3.5498E-1
1.4000E-4	9.5215E-3	3.5703E-1
1.4100E-4	9.5215E-3	3.5942E-1
1.4200E-4	9.2773E-3	3.6333E-1
1.4300E-4	9.7656E-3	3.6592E-1
1.4400E-4	9.5215E-3	3.6777E-1
1.4500E-4	9.5215E-3	3.6997E-1
1.4600E-4	9.7656E-3	3.7222E-1
1.4700E-4	9.7656E-3	3.7212E-1
1.4800E-4	1.0010E-2	3.7358E-1
1.4900E-4	9.5215E-3	3.7798E-1
1.5000E-4	9.5215E-3	3.8296E-1
1.5100E-4	1.0010E-2	3.8779E-1
1.5200E-4	9.5215E-3	3.9297E-1
1.5300E-4	9.5215E-3	3.9873E-1
1.5400E-4	9.2773E-3	4.0229E-1
1.5500E-4	9.7656E-3	4.0713E-1
1.5600E-4	9.7656E-3	4.1167E-1
1.5700E-4	9.0332E-3	4.1821E-1
1.5800E-4	9.0332E-3	4.2451E-1
1.5900E-4	1.0010E-2	4.3325E-1
1.6000E-4	9.7656E-3	4.3960E-1
1.6100E-4	1.0010E-2	4.4741E-1
1.6200E-4	9.5215E-3	4.5522E-1
1.6300E-4	9.5215E-3	4.6133E-1
1.6400E-4	9.5215E-3	4.6470E-1
1.6500E-4	9.2773E-3	4.6870E-1
1.6600E-4	9.2773E-3	4.7344E-1
1.6700E-4	9.5215E-3	4.7739E-1
1.6800E-4	1.0254E-2	4.8379E-1
1.6900E-4	1.0010E-2	4.8862E-1
1.7000E-4	9.5215E-3	4.9326E-1
1.7100E-4	1.0010E-2	4.9727E-1
1.7200E-4	9.5215E-3	5.0151E-1
1.7300E-4	9.7656E-3	5.0508E-1
1.7400E-4	9.7656E-3	5.1309E-1
1.7500E-4	9.2773E-3	5.2236E-1
1.7600E-4	9.5215E-3	5.3091E-1
1.7700E-4	9.0332E-3	5.3892E-1
1.7800E-4	1.0010E-2	5.4565E-1
1.7900E-4	9.5215E-3	5.5029E-1
1.8000E-4	9.0332E-3	5.5303E-1
1.8100E-4	9.5215E-3	5.5522E-1
1.8200E-4	1.0010E-2	5.5688E-1
1.8300E-4	9.2773E-3	5.6260E-1
1.8400E-4	9.7656E-3	5.6851E-1
1.8500E-4	9.2773E-3	5.7754E-1
1.8600E-4	1.0254E-2	5.8750E-1
1.8700E-4	1.0010E-2	5.9609E-1
1.8800E-4	9.2773E-3	6.0107E-1
1.8900E-4	9.5215E-3	6.0581E-1
1.9000E-4	9.2773E-3	6.0771E-1
1.9100E-4	9.2773E-3	6.0791E-1
1.9200E-4	9.0332E-3	6.0737E-1
1.9300E-4	9.7656E-3	6.0796E-1
1.9400E-4	9.5215E-3	6.1084E-1
1.9500E-4	9.2773E-3	6.1450E-1
1.9600E-4	9.2773E-3	6.1826E-1
1.9700E-4	1.0010E-2	6.2363E-1
1.9800E-4	9.5215E-3	6.2764E-1
1.9900E-4	9.7656E-3	6.2944E-1
2.0000E-4	9.7656E-3	6.3262E-1
2.0100E-4	9.2773E-3	6.3784E-1
2.0200E-4	9.5215E-3	6.4502E-1
2.0300E-4	9.5215E-3	6.5293E-1
2.0400E-4	9.7656E-3	6.6104E-1
2.0500E-4	9.5215E-3	6.6563E-1
2.0600E-4	9.2773E-3	6.6997E-1
2.0700E-4	9.5215E-3	6.7134E-1
2.0800E-4	9.5215E-3	6.7109E-1
2.0900E-4	9.7656E-3	6.7051E-1
2.1000E-4	1.0010E-2	6.7148E-1
2.1100E-4	9.5215E-3	6.7178E-1
2.1200E-4	9.5215E-3	6.7314E-1
2.1300E-4	1.0254E-2	6.7563E-1
2.1400E-4	1.0010E-2	6.7612E-1
2.1500E-4	9.7656E-3	6.7344E-1
2.1600E-4	9.5215E-3	6.7031E-1
2.1700E-4	9.5215E-3	6.6680E-1
2.1800E-4	9.7656E-3	6.6191E-1
2.1900E-4	1.0010E-2	6.5962E-1
2.2000E-4	9.7656E-3	6.5874E-1
2.2100E-4	9.2773E-3	6.5713E-1
2.2200E-4	9.2773E-3	6.5879E-1
2.2300E-4	9.5215E-3	6.6235E-1
2.2400E-4	9.7656E-3	6.6387E-1
2.2500E-4	9.7656E-3	6.6719E-1
2.2600E-4	9.7656E-3	6.7070E-1
2.2700E-4	9.5215E-3	6.6958E-1
2.2800E-4	1.0498E-2	6.6636E-1
2.2900E-4	9.0332E-3	6.6299E-1
2.3000E-4	9.5215E-3	6.5967E-1
2.3100E-4	9.7656E-3	6.5693E-1
2.3200E-4	9.2773E-3	6.5625E-1
2.3300E-4	9.2773E-3	6.5518E-1
2.3400E-4	9.5215E-3	6.5464E-1
2.3500E-4	9.5215E-3	6.5220E-1
2.3600E-4	9.5215E-3	6.5024E-1
2.3700E-4	9.0332E-3	6.4707E-1
2.3800E-4	9.2773E-3	6.4585E-1
2.3900E-4	9.2773E-3	6.4644E-1
2.4000E-4	9.7656E-3	6.4644E-1
2.4100E-4	9.5215E-3	6.4609E-1
2.4200E-4	9.5215E-3	6.4541E-1
2.4300E-4	9.5215E-3	6.4487E-1
2.4400E-4	9.7656E-3	6.4312E-1
2.4500E-4	9.7656E-3	6.4443E-1
2.4600E-4	1.0254E-2	6.4551E-1
2.4700E-4	1.0254E-2	6.4590E-1
2.4800E-4	9.2773E-3	6.4683E-1
2.4900E-4	9.0332E-3	6.4609E-1
2.5000E-4	9.0332E-3	6.4463E-1
2.5100E-4	9.2773E-3	6.4409E-1
2.5200E-4	9.5215E-3	6.4731E-1
2.5300E-4	9.0332E-3	6.4663E-1
2.5400E-4	1.0010E-2	6.4668E-1
2.5500E-4	9.0332E-3	6.4585E-1
2.5600E-4	9.2773E-3	6.4341E-1
2.5700E-4	1.0010E-2	6.3794E-1
2.5800E-4	9.2773E-3	6.3374E-1
2.5900E-4	9.5215E-3	6.3013E-1
2.6000E-4	9.5215E-3	6.2656E-1
2.6100E-4	9.5215E-3	6.2378E-1
2.6200E-4	1.0254E-2	6.2295E-1
2.6300E-4	9.2773E-3	6.2456E-1
2.6400E-4	9.2773E-3	6.2725E-1
2.6500E-4	9.5215E-3	6.3086E-1
2.6600E-4	9.2773E-3	6.3462E-1
2.6700E-4	9.7656E-3	6.3594E-1
2.6800E-4	1.0010E-2	6.3618E-1
2.6900E-4	9.7656E-3	6.3525E-1
2.7000E-4	9.2773E-3	6.3589E-1
2.7100E-4	9.7656E-3	6.3628E-1
2.7200E-4	9.7656E-3	6.3896E-1
2.7300E-4	9.5215E-3	6.4404E-1
2.7400E-4	1.0010E-2	6.4927E-1
2.7500E-4	9.7656E-3	6.5103E-1
2.7600E-4	9.7656E-3	6.5132E-1
2.7700E-4	9.0332E-3	6.5103E-1
2.7800E-4	9.2773E-3	6.4878E-1
2.7900E-4	9.2773E-3	6.4663E-1
2.8000E-4	9.5215E-3	6.4644E-1
2.8100E-4	9.5215E-3	6.4629E-1
2.8200E-4	9.7656E-3	6.4551E-1
2.8300E-4	9.5215E-3	6.4277E-1
2.8400E-4	9.5215E-3	6.3970E-1
2.8500E-4	9.5215E-3	6.3633E-1
2.8600E-4	9.5215E-3	6.3354E-1
2.8700E-4	9.2773E-3	6.3203E-1
2.8800E-4	9.5215E-3	6.3320E-1
2.8900E-4	9.0332E-3	6.3374E-1
2.9000E-4	1.0010E-2	6.3613E-1
2.9100E-4	9.5215E-3	6.3911E-1
2.9200E-4	9.0332E-3	6.4038E-1
2.9300E-4	9.2773E-3	6.4277E-1
2.9400E-4	9.7656E-3	6.4707E-1
2.9500E-4	9.5215E-3	6.5166E-1
2.9600E-4	9.7656E-3	6.5649E-1
2.9700E-4	9.5215E-3	6.6201E-1
2.9800E-4	9.5215E-3	6.6665E-1
2.9900E-4	1.0010E-2	6.7046E-1
3.0000E-4	9.7656E-3	6.7305E-1
3.0100E-4	1.0010E-2	6.7437E-1
3.0200E-4	9.7656E-3	6.7793E-1
3.0300E-4	9.0332E-3	6.8130E-1
3.0400E-4	9.7656E-3	6.8521E-1
3.0500E-4	9.5215E-3	6.8872E-1
3.0600E-4	1.0498E-2	6.9170E-1
3.0700E-4	9.2773E-3	6.9092E-1
3.0800E-4	9.7656E-3	6.8828E-1
3.0900E-4	9.5215E-3	6.8442E-1
3.1000E-4	9.2773E-3	6.7876E-1
3.1100E-4	9.5215E-3	6.7354E-1
3.1200E-4	9.7656E-3	6.6880E-1
3.1300E-4	1.0010E-2	6.6436E-1
3.1400E-4	1.0010E-2	6.5991E-1
3.1500E-4	9.0332E-3	6.5811E-1
3.1600E-4	1.0010E-2	6.5947E-1
3.1700E-4	9.5215E-3	6.6284E-1
3.1800E-4	9.7656E-3	6.6909E-1
3.1900E-4	9.2773E-3	6.7544E-1
3.2000E-4	9.7656E-3	6.7979E-1
3.2100E-4	8.5449E-3	6.7988E-1
3.2200E-4	9.7656E-3	6.7695E-1
3.2300E-4	9.2773E-3	6.7021E-1
3.2400E-4	9.5215E-3	6.6377E-1
3.2500E-4	1.0254E-2	6.5620E-1
3.2600E-4	9.7656E-3	6.5127E-1
3.2700E-4	9.7656E-3	6.4805E-1
3.2800E-4	1.0010E-2	6.4556E-1
3.2900E-4	9.5215E-3	6.4321E-1
3.3000E-4	9.0332E-3	6.4219E-1
3.3100E-4	1.0010E-2	6.3838E-1
3.3200E-4	9.7656E-3	6.3267E-1
3.3300E-4	1.0010E-2	6.2578E-1
3.3400E-4	9.7656E-3	6.1743E-1
3.3500E-4	1.0010E-2	6.0884E-1
3.3600E-4	9.5215E-3	6.0405E-1
3.3700E-4	9.7656E-3	6.0010E-1
3.3800E-4	9.2773E-3	5.9951E-1
3.3900E-4	9.7656E-3	6.0020E-1
3.4000E-4	9.0332E-3	5.9976E-1
3.4100E-4	9.7656E-3	5.9663E-1
3.4200E-4	9.7656E-3	5.9277E-1
3.4300E-4	9.2773E-3	5.8555E-1
3.4400E-4	1.0254E-2	5.7861E-1
3.4500E-4	9.7656E-3	5.7231E-1
3.4600E-4	9.2773E-3	5.6646E-1
3.4700E-4	9.5215E-3	5.6045E-1
3.4800E-4	1.0010E-2	5.5469E-1
3.4900E-4	1.0010E-2	5.4702E-1
3.5000E-4	9.7656E-3	5.3960E-1
3.5100E-4	9.2773E-3	5.3164E-1
3.5200E-4	9.5215E-3	5.2666E-1
3.5300E-4	9.5215E-3	5.2388E-1
3.5400E-4	9.5215E-3	5.2231E-1
3.5500E-4	9.7656E-3	5.2051E-1
3.5600E-4	9.5215E-3	5.1763E-1
3.5700E-4	9.5215E-3	5.1274E-1
3.5800E-4	9.5215E-3	5.0586E-1
3.5900E-4	9.5215E-3	4.9775E-1
3.6000E-4	9.2773E-3	4.8857E-1
3.6100E-4	1.0254E-2	4.7915E-1
3.6200E-4	9.2773E-3	4.7080E-1
3.6300E-4	9.2773E-3	4.6069E-1
3.6400E-4	9.7656E-3	4.4990E-1
3.6500E-4	9.5215E-3	4.4111E-1
3.6600E-4	9.7656E-3	4.3413E-1
3.6700E-4	1.0254E-2	4.2803E-1
3.6800E-4	9.7656E-3	4.2427E-1
3.6900E-4	1.0010E-2	4.2290E-1
3.7000E-4	9.2773E-3	4.2085E-1
3.7100E-4	9.2773E-3	4.2012E-1
3.7200E-4	9.7656E-3	4.1743E-1
3.7300E-4	9.5215E-3	4.1431E-1
3.7400E-4	9.2773E-3	4.0977E-1
3.7500E-4	9.5215E-3	4.0527E-1
3.7600E-4	9.5215E-3	3.9912E-1
3.7700E-4	9.5215E-3	3.9482E-1
3.7800E-4	9.7656E-3	3.9067E-1
3.7900E-4	9.2773E-3	3.8789E-1
3.8000E-4	9.2773E-3	3.8389E-1
3.8100E-4	9.7656E-3	3.8081E-1
3.8200E-4	1.0254E-2	3.7617E-1
3.8300E-4	9.2773E-3	3.7158E-1
3.8400E-4	1.0010E-2	3.6631E-1
3.8500E-4	9.5215E-3	3.6294E-1
3.8600E-4	9.0332E-3	3.5977E-1
3.8700E-4	9.5215E-3	3.5874E-1
3.8800E-4	9.5215E-3	3.5928E-1
3.8900E-4	9.7656E-3	3.6079E-1
3.9000E-4	9.0332E-3	3.6235E-1
3.9100E-4	9.7656E-3	3.6309E-1
3.9200E-4	9.2773E-3	3.6172E-1
3.9300E-4	9.7656E-3	3.5850E-1
3.9400E-4	9.2773E-3	3.5405E-1
3.9500E-4	9.5215E-3	3.4883E-1
3.9600E-4	9.7656E-3	3.4180E-1
3.9700E-4	9.7656E-3	3.3643E-1
3.9800E-4	9.2773E-3	3.3198E-1
3.9900E-4	9.2773E-3	3.2813E-1
4.0000E-4	9.5215E-3	3.2588E-1
4.0100E-4	9.5215E-3	3.2607E-1
4.0200E-4	9.5215E-3	3.2749E-1
4.0300E-4	9.2773E-3	3.2896E-1
4.0400E-4	9.5215E-3	3.3198E-1
4.0500E-4	1.0010E-2	3.3481E-1
4.0600E-4	9.7656E-3	3.3687E-1
4.0700E-4	9.7656E-3	3.3696E-1
4.0800E-4	9.7656E-3	3.3564E-1
4.0900E-4	9.7656E-3	3.3281E-1
4.1000E-4	1.0254E-2	3.2920E-1
4.1100E-4	1.0010E-2	3.2598E-1
4.1200E-4	9.5215E-3	3.2109E-1
4.1300E-4	9.2773E-3	3.1709E-1
4.1400E-4	9.5215E-3	3.1323E-1
4.1500E-4	9.5215E-3	3.0981E-1
4.1600E-4	9.5215E-3	3.0713E-1
4.1700E-4	9.2773E-3	3.0713E-1
4.1800E-4	9.2773E-3	3.0869E-1
4.1900E-4	9.5215E-3	3.1001E-1
4.2000E-4	9.5215E-3	3.1099E-1
4.2100E-4	9.0332E-3	3.1426E-1
4.2200E-4	9.5215E-3	3.1772E-1
4.2300E-4	9.5215E-3	3.1992E-1
4.2400E-4	9.2773E-3	3.2314E-1
4.2500E-4	9.0332E-3	3.2632E-1
4.2600E-4	9.7656E-3	3.2656E-1
4.2700E-4	9.5215E-3	3.2437E-1
4.2800E-4	9.0332E-3	3.2139E-1
4.2900E-4	9.5215E-3	3.1592E-1
4.3000E-4	9.7656E-3	3.1035E-1
4.3100E-4	1.0010E-2	3.0581E-1
4.3200E-4	9.5215E-3	3.0249E-1
4.3300E-4	9.2773E-3	3.0278E-1
4.3400E-4	9.2773E-3	3.0562E-1
4.3500E-4	9.7656E-3	3.0996E-1
4.3600E-4	9.5215E-3	3.1411E-1
4.3700E-4	9.2773E-3	3.1914E-1
4.3800E-4	9.7656E-3	3.2319E-1
4.3900E-4	8.5449E-3	3.2847E-1
4.4000E-4	9.5215E-3	3.3462E-1
4.4100E-4	9.2773E-3	3.4111E-1
4.4200E-4	9.5215E-3	3.4541E-1
4.4300E-4	9.5215E-3	3.4941E-1
4.4400E-4	9.7656E-3	3.5073E-1
4.4500E-4	9.2773E-3	3.5024E-1
4.4600E-4	9.0332E-3	3.4707E-1
4.4700E-4	9.0332E-3	3.4766E-1
4.4800E-4	9.5215E-3	3.4658E-1
4.4900E-4	9.7656E-3	3.4814E-1
4.5000E-4	9.7656E-3	3.5024E-1
4.5100E-4	9.2773E-3	3.5469E-1
4.5200E-4	9.2773E-3	3.5781E-1
4.5300E-4	9.2773E-3	3.6133E-1
4.5400E-4	1.0010E-2	3.6523E-1
4.5500E-4	9.5215E-3	3.7290E-1
4.5600E-4	9.5215E-3	3.8276E-1
4.5700E-4	9.5215E-3	3.9204E-1
4.5800E-4	9.5215E-3	4.0151E-1
4.5900E-4	9.7656E-3	4.0991E-1
4.6000E-4	9.5215E-3	4.1655E-1
4.6100E-4	1.0010E-2	4.2212E-1
4.6200E-4	1.0498E-2	4.2949E-1
4.6300E-4	9.7656E-3	4.3784E-1
4.6400E-4	1.0010E-2	4.4487E-1
4.6500E-4	9.2773E-3	4.5029E-1
4.6600E-4	9.7656E-3	4.5420E-1
4.6700E-4	9.5215E-3	4.5464E-1
4.6800E-4	9.2773E-3	4.5479E-1
4.6900E-4	9.7656E-3	4.5542E-1
4.7000E-4	9.0332E-3	4.5552E-1
4.7100E-4	9.7656E-3	4.5562E-1
4.7200E-4	9.0332E-3	4.5835E-1
4.7300E-4	1.0010E-2	4.6147E-1
4.7400E-4	9.5215E-3	4.6606E-1
4.7500E-4	9.5215E-3	4.7139E-1
4.7600E-4	9.2773E-3	4.7861E-1
4.7700E-4	9.5215E-3	4.8530E-1
4.7800E-4	1.0010E-2	4.9155E-1
4.7900E-4	9.2773E-3	4.9727E-1
4.8000E-4	9.2773E-3	5.0293E-1
4.8100E-4	9.5215E-3	5.0732E-1
4.8200E-4	1.0254E-2	5.1094E-1
4.8300E-4	9.7656E-3	5.1499E-1
4.8400E-4	1.0498E-2	5.1987E-1
4.8500E-4	1.0010E-2	5.2559E-1
4.8600E-4	9.5215E-3	5.3169E-1
4.8700E-4	9.2773E-3	5.3887E-1
4.8800E-4	9.5215E-3	5.4702E-1
4.8900E-4	9.5215E-3	5.5566E-1
4.9000E-4	1.0254E-2	5.6294E-1
4.9100E-4	9.7656E-3	5.6992E-1
4.9200E-4	9.5215E-3	5.7612E-1
4.9300E-4	9.7656E-3	5.8257E-1
4.9400E-4	9.7656E-3	5.8994E-1
4.9500E-4	9.2773E-3	5.9692E-1
4.9600E-4	9.7656E-3	6.0317E-1
4.9700E-4	9.7656E-3	6.0952E-1
4.9800E-4	1.0010E-2	6.1553E-1
4.9900E-4	9.0332E-3	6.1855E-1
5.0000E-4	9.5215E-3	6.2227E-1
5.0100E-4	1.0254E-2	6.2700E-1
5.0200E-4	9.2773E-3	6.3213E-1
5.0300E-4	1.0010E-2	6.3589E-1
5.0400E-4	9.5215E-3	6.4043E-1
5.0500E-4	9.7656E-3	6.4434E-1
5.0600E-4	9.5215E-3	6.4819E-1
5.0700E-4	1.0010E-2	6.5225E-1
5.0800E-4	9.5215E-3	6.5728E-1
5.0900E-4	9.2773E-3	6.6157E-1
5.1000E-4	9.2773E-3	6.6597E-1
5.1100E-4	1.0010E-2	6.7041E-1
5.1200E-4	9.2773E-3	6.7256E-1
5.1300E-4	9.5215E-3	6.7324E-1
5.1400E-4	1.0010E-2	6.7134E-1
5.1500E-4	9.5215E-3	6.6973E-1
5.1600E-4	9.2773E-3	6.6611E-1
5.1700E-4	8.7891E-3	6.6270E-1
5.1800E-4	1.0010E-2	6.5903E-1
5.1900E-4	9.5215E-3	6.5518E-1
5.2000E-4	9.7656E-3	6.5200E-1
5.2100E-4	1.0010E-2	6.4971E-1
5.2200E-4	9.0332E-3	6.4854E-1
5.2300E-4	8.7891E-3	6.4912E-1
5.2400E-4	9.5215E-3	6.5229E-1
5.2500E-4	9.5215E-3	6.5156E-1
5.2600E-4	9.5215E-3	6.5000E-1
5.2700E-4	9.2773E-3	6.4746E-1
5.2800E-4	9.2773E-3	6.4189E-1
5.2900E-4	9.2773E-3	6.3472E-1
5.3000E-4	9.7656E-3	6.2861E-1
5.3100E-4	9.5215E-3	6.2212E-1
5.3200E-4	9.5215E-3	6.1548E-1
5.3300E-4	9.5215E-3	6.1001E-1
5.3400E-4	9.7656E-3	6.0474E-1
5.3500E-4	9.5215E-3	5.9893E-1
5.3600E-4	9.0332E-3	5.9282E-1
5.3700E-4	9.2773E-3	5.8550E-1
5.3800E-4	9.7656E-3	5.7808E-1
5.3900E-4	9.5215E-3	5.7090E-1
5.4000E-4	1.0010E-2	5.6636E-1
5.4100E-4	9.2773E-3	5.6211E-1
5.4200E-4	1.0254E-2	5.5742E-1
5.4300E-4	9.2773E-3	5.5171E-1
5.4400E-4	9.5215E-3	5.4429E-1
5.4500E-4	1.0010E-2	5.3501E-1
5.4600E-4	9.7656E-3	5.2637E-1
5.4700E-4	9.0332E-3	5.1855E-1
5.4800E-4	9.2773E-3	5.0933E-1
5.4900E-4	9.7656E-3	5.0181E-1
5.5000E-4	9.7656E-3	4.9565E-1
5.5100E-4	9.5215E-3	4.8911E-1
5.5200E-4	1.0010E-2	4.8477E-1
5.5300E-4	9.2773E-3	4.8218E-1
5.5400E-4	1.0254E-2	4.8008E-1
5.5500E-4	9.7656E-3	4.7725E-1
5.5600E-4	1.0498E-2	4.7393E-1
5.5700E-4	9.2773E-3	4.7036E-1
5.5800E-4	1.0010E-2	4.6807E-1
5.5900E-4	9.5215E-3	4.6597E-1
5.6000E-4	9.7656E-3	4.6201E-1
5.6100E-4	9.7656E-3	4.5908E-1
5.6200E-4	9.7656E-3	4.5386E-1
5.6300E-4	9.7656E-3	4.4722E-1
5.6400E-4	1.0254E-2	4.4077E-1
5.6500E-4	9.5215E-3	4.3418E-1
5.6600E-4	9.7656E-3	4.2803E-1
5.6700E-4	9.2773E-3	4.2153E-1
5.6800E-4	1.0010E-2	4.1519E-1
5.6900E-4	9.5215E-3	4.0898E-1
5.7000E-4	1.0010E-2	4.0547E-1
5.7100E-4	9.7656E-3	4.0122E-1
5.7200E-4	9.5215E-3	3.9878E-1
5.7300E-4	9.7656E-3	3.9756E-1
5.7400E-4	8.7891E-3	3.9829E-1
5.7500E-4	9.2773E-3	3.9941E-1
5.7600E-4	9.7656E-3	3.9985E-1
5.7700E-4	9.2773E-3	4.0088E-1
5.7800E-4	1.0010E-2	4.0122E-1
5.7900E-4	9.0332E-3	3.9902E-1
5.8000E-4	9.2773E-3	3.9370E-1
5.8100E-4	9.5215E-3	3.8789E-1
5.8200E-4	9.2773E-3	3.8159E-1
5.8300E-4	9.5215E-3	3.7432E-1
5.8400E-4	9.2773E-3	3.6597E-1
5.8500E-4	9.5215E-3	3.6006E-1
5.8600E-4	9.5215E-3	3.5630E-1
5.8700E-4	1.0010E-2	3.5254E-1
5.8800E-4	9.7656E-3	3.4990E-1
5.8900E-4	9.2773E-3	3.5010E-1
5.9000E-4	9.7656E-3	3.5088E-1
5.9100E-4	9.2773E-3	3.5156E-1
5.9200E-4	9.2773E-3	3.5205E-1
5.9300E-4	9.2773E-3	3.5347E-1
5.9400E-4	9.7656E-3	3.5278E-1
5.9500E-4	8.7891E-3	3.4980E-1
5.9600E-4	9.7656E-3	3.4717E-1
5.9700E-4	9.5215E-3	3.4658E-1
5.9800E-4	9.2773E-3	3.4590E-1
5.9900E-4	9.5215E-3	3.4712E-1
6.0000E-4	9.5215E-3	3.4858E-1
6.0100E-4	1.0010E-2	3.4814E-1
6.0200E-4	9.2773E-3	3.4648E-1
6.0300E-4	9.5215E-3	3.4531E-1
6.0400E-4	9.5215E-3	3.4434E-1
6.0500E-4	9.5215E-3	3.4512E-1
6.0600E-4	9.2773E-3	3.4907E-1
6.0700E-4	9.5215E-3	3.5571E-1
6.0800E-4	1.0254E-2	3.6323E-1
6.0900E-4	1.0010E-2	3.6782E-1
6.1000E-4	9.5215E-3	3.7217E-1
6.1100E-4	9.0332E-3	3.7510E-1
6.1200E-4	9.2773E-3	3.7593E-1
6.1300E-4	8.7891E-3	3.7451E-1
6.1400E-4	9.0332E-3	3.7388E-1
6.1500E-4	9.5215E-3	3.7427E-1
6.1600E-4	9.7656E-3	3.7427E-1
6.1700E-4	9.2773E-3	3.7271E-1
6.1800E-4	9.2773E-3	3.7173E-1
6.1900E-4	9.5215E-3	3.7266E-1
6.2000E-4	1.0010E-2	3.7310E-1
6.2100E-4	9.5215E-3	3.7490E-1
6.2200E-4	9.5215E-3	3.7905E-1
6.2300E-4	9.2773E-3	3.8403E-1
6.2400E-4	9.0332E-3	3.9009E-1
6.2500E-4	1.0010E-2	3.9712E-1
6.2600E-4	9.2773E-3	4.0034E-1
6.2700E-4	9.5215E-3	3.9922E-1
6.2800E-4	9.2773E-3	3.9575E-1
6.2900E-4	1.0010E-2	3.8945E-1
6.3000E-4	1.0010E-2	3.8311E-1
6.3100E-4	9.5215E-3	3.8032E-1
6.3200E-4	1.0010E-2	3.8027E-1
6.3300E-4	9.5215E-3	3.8042E-1
6.3400E-4	1.0254E-2	3.8281E-1
6.3500E-4	9.0332E-3	3.8335E-1
6.3600E-4	9.5215E-3	3.8301E-1
6.3700E-4	9.7656E-3	3.8340E-1
6.3800E-4	1.0010E-2	3.8442E-1
6.3900E-4	1.0010E-2	3.8481E-1
6.4000E-4	9.7656E-3	3.8594E-1
6.4100E-4	1.0010E-2	3.8984E-1
6.4200E-4	1.0254E-2	3.9414E-1
6.4300E-4	9.5215E-3	4.0024E-1
6.4400E-4	9.0332E-3	4.0747E-1
6.4500E-4	9.5215E-3	4.1426E-1
6.4600E-4	9.0332E-3	4.2007E-1
6.4700E-4	9.5215E-3	4.2539E-1
6.4800E-4	9.0332E-3	4.3066E-1
6.4900E-4	9.7656E-3	4.3442E-1
6.5000E-4	1.0254E-2	4.3745E-1
6.5100E-4	1.0010E-2	4.3853E-1
6.5200E-4	9.2773E-3	4.3984E-1
6.5300E-4	9.2773E-3	4.4023E-1
6.5400E-4	9.0332E-3	4.4111E-1
6.5500E-4	9.7656E-3	4.4570E-1
6.5600E-4	1.0010E-2	4.5244E-1
6.5700E-4	9.5215E-3	4.6152E-1
6.5800E-4	9.2773E-3	4.7354E-1
6.5900E-4	9.7656E-3	4.8813E-1
6.6000E-4	9.5215E-3	5.0020E-1
6.6100E-4	8.7891E-3	5.1157E-1
6.6200E-4	9.5215E-3	5.2217E-1
6.6300E-4	1.0010E-2	5.3008E-1
6.6400E-4	9.5215E-3	5.3491E-1
6.6500E-4	9.5215E-3	5.3984E-1
6.6600E-4	9.2773E-3	5.4424E-1
6.6700E-4	9.5215E-3	5.4697E-1
6.6800E-4	1.0010E-2	5.5010E-1
6.6900E-4	9.5215E-3	5.5361E-1
6.7000E-4	9.0332E-3	5.5776E-1
6.7100E-4	1.0010E-2	5.6177E-1
6.7200E-4	9.5215E-3	5.6655E-1
6.7300E-4	1.0254E-2	5.7212E-1
6.7400E-4	9.5215E-3	5.7842E-1
6.7500E-4	9.5215E-3	5.8452E-1
6.7600E-4	1.0010E-2	5.9146E-1
6.7700E-4	8.7891E-3	5.9639E-1
6.7800E-4	9.7656E-3	5.9922E-1
6.7900E-4	9.0332E-3	6.0029E-1
6.8000E-4	1.0010E-2	6.0000E-1
6.8100E-4	9.0332E-3	5.9839E-1
6.8200E-4	9.7656E-3	5.9883E-1
6.8300E-4	9.7656E-3	6.0137E-1
6.8400E-4	9.7656E-3	6.0601E-1
6.8500E-4	9.7656E-3	6.1294E-1
6.8600E-4	9.5215E-3	6.2046E-1
6.8700E-4	9.7656E-3	6.2754E-1
6.8800E-4	9.0332E-3	6.3403E-1
6.8900E-4	9.7656E-3	6.3911E-1
6.9000E-4	1.0254E-2	6.4229E-1
6.9100E-4	9.7656E-3	6.4482E-1
6.9200E-4	9.5215E-3	6.4829E-1
6.9300E-4	9.7656E-3	6.5142E-1
6.9400E-4	9.5215E-3	6.5508E-1
6.9500E-4	1.0010E-2	6.6123E-1
6.9600E-4	9.2773E-3	6.6880E-1
6.9700E-4	9.2773E-3	6.7559E-1
6.9800E-4	9.5215E-3	6.8291E-1
6.9900E-4	1.0010E-2	6.8970E-1
7.0000E-4	9.5215E-3	6.9395E-1
7.0100E-4	9.7656E-3	6.9795E-1
7.0200E-4	9.2773E-3	7.0117E-1
7.0300E-4	9.7656E-3	7.0474E-1
7.0400E-4	9.5215E-3	7.0801E-1
7.0500E-4	9.0332E-3	7.1138E-1
7.0600E-4	9.5215E-3	7.1284E-1
7.0700E-4	9.2773E-3	7.1504E-1
7.0800E-4	9.7656E-3	7.1729E-1
7.0900E-4	9.7656E-3	7.2026E-1
7.1000E-4	9.0332E-3	7.2256E-1
7.1100E-4	9.7656E-3	7.2524E-1
7.1200E-4	9.2773E-3	7.2515E-1
7.1300E-4	9.5215E-3	7.2456E-1
7.1400E-4	9.5215E-3	7.2144E-1
7.1500E-4	9.5215E-3	7.1880E-1
7.1600E-4	1.0254E-2	7.1719E-1
7.1700E-4	9.5215E-3	7.1670E-1
7.1800E-4	9.2773E-3	7.1685E-1
7.1900E-4	9.7656E-3	7.2007E-1
7.2000E-4	9.7656E-3	7.2246E-1
7.2100E-4	9.5215E-3	7.2461E-1
7.2200E-4	9.2773E-3	7.2627E-1
7.2300E-4	9.5215E-3	7.2593E-1
7.2400E-4	1.0010E-2	7.2295E-1
7.2500E-4	1.0254E-2	7.2056E-1
7.2600E-4	9.2773E-3	7.1851E-1
7.2700E-4	9.7656E-3	7.1743E-1
7.2800E-4	9.7656E-3	7.1597E-1
7.2900E-4	9.2773E-3	7.1387E-1
7.3000E-4	9.7656E-3	7.1050E-1
7.3100E-4	9.0332E-3	7.0537E-1
7.3200E-4	9.2773E-3	6.9951E-1
7.3300E-4	9.0332E-3	6.9375E-1
7.3400E-4	9.2773E-3	6.9106E-1
7.3500E-4	9.5215E-3	6.9136E-1
7.3600E-4	9.5215E-3	6.9346E-1
7.3700E-4	9.5215E-3	6.9761E-1
7.3800E-4	9.2773E-3	7.0083E-1
7.3900E-4	9.5215E-3	7.0278E-1
7.4000E-4	9.2773E-3	7.0220E-1
7.4100E-4	9.7656E-3	6.9912E-1
7.4200E-4	9.2773E-3	6.9380E-1
7.4300E-4	9.2773E-3	6.8745E-1
7.4400E-4	9.2773E-3	6.8140E-1
7.4500E-4	1.0010E-2	6.7656E-1
7.4600E-4	9.5215E-3	6.7134E-1
7.4700E-4	9.5215E-3	6.6660E-1
7.4800E-4	9.2773E-3	6.6455E-1
7.4900E-4	1.0010E-2	6.6079E-1
7.5000E-4	1.0010E-2	6.5864E-1
7.5100E-4	8.5449E-3	6.5811E-1
7.5200E-4	9.5215E-3	6.5767E-1
7.5300E-4	9.2773E-3	6.5786E-1
7.5400E-4	9.7656E-3	6.5908E-1
7.5500E-4	9.2773E-3	6.5908E-1
7.5600E-4	9.5215E-3	6.5981E-1
7.5700E-4	9.0332E-3	6.6060E-1
7.5800E-4	9.7656E-3	6.6021E-1
7.5900E-4	9.0332E-3	6.6001E-1
7.6000E-4	9.5215E-3	6.6138E-1
7.6100E-4	9.7656E-3	6.6250E-1
7.6200E-4	9.2773E-3	6.6348E-1
7.6300E-4	9.2773E-3	6.6416E-1
7.6400E-4	1.0010E-2	6.6582E-1
7.6500E-4	9.7656E-3	6.6367E-1
7.6600E-4	9.2773E-3	6.6138E-1
7.6700E-4	9.2773E-3	6.5913E-1
7.6800E-4	9.2773E-3	6.5688E-1
7.6900E-4	1.0010E-2	6.5361E-1
7.7000E-4	9.2773E-3	6.5293E-1
7.7100E-4	9.2773E-3	6.5288E-1
7.7200E-4	9.5215E-3	6.5254E-1
7.7300E-4	9.2773E-3	6.5186E-1
7.7400E-4	9.7656E-3	6.5225E-1
7.7500E-4	9.7656E-3	6.5142E-1
7.7600E-4	9.5215E-3	6.4927E-1
7.7700E-4	9.7656E-3	6.4971E-1
7.7800E-4	1.0010E-2	6.5156E-1
7.7900E-4	9.5215E-3	6.5186E-1
7.8000E-4	9.2773E-3	6.5249E-1
7.8100E-4	1.0010E-2	6.5269E-1
7.8200E-4	9.2773E-3	6.4912E-1
7.8300E-4	1.0010E-2	6.4507E-1
7.8400E-4	1.0010E-2	6.4355E-1
7.8500E-4	9.2773E-3	6.4258E-1
7.8600E-4	9.7656E-3	6.4497E-1
7.8700E-4	9.7656E-3	6.5063E-1
7.8800E-4	9.7656E-3	6.5728E-1
7.8900E-4	9.2773E-3	6.6221E-1
7.9000E-4	9.2773E-3	6.6641E-1
7.9100E-4	1.0010E-2	6.6812E-1
7.9200E-4	9.5215E-3	6.6655E-1
7.9300E-4	9.7656E-3	6.6152E-1
7.9400E-4	9.5215E-3	6.5752E-1
7.9500E-4	9.2773E-3	6.5469E-1
7.9600E-4	9.2773E-3	6.5234E-1
7.9700E-4	9.7656E-3	6.5254E-1
7.9800E-4	1.0010E-2	6.5513E-1
7.9900E-4	9.5215E-3	6.5703E-1
8.0000E-4	9.7656E-3	6.5854E-1
8.0100E-4	1.0010E-2	6.6172E-1
8.0200E-4	9.2773E-3	6.6416E-1
8.0300E-4	9.5215E-3	6.6592E-1
8.0400E-4	9.5215E-3	6.6851E-1
8.0500E-4	9.2773E-3	6.6982E-1
8.0600E-4	9.2773E-3	6.7026E-1
8.0700E-4	9.5215E-3	6.7046E-1
8.0800E-4	9.7656E-3	6.7197E-1
8.0900E-4	9.5215E-3	6.7129E-1
8.1000E-4	9.5215E-3	6.6997E-1
8.1100E-4	9.2773E-3	6.6855E-1
8.1200E-4	9.0332E-3	6.6621E-1
8.1300E-4	9.7656E-3	6.6162E-1
8.1400E-4	9.2773E-3	6.5693E-1
8.1500E-4	1.0254E-2	6.5376E-1
8.1600E-4	1.0010E-2	6.4814E-1
8.1700E-4	9.2773E-3	6.4331E-1
8.1800E-4	9.5215E-3	6.4009E-1
8.1900E-4	9.7656E-3	6.3838E-1
8.2000E-4	9.5215E-3	6.3750E-1
8.2100E-4	9.2773E-3	6.3838E-1
8.2200E-4	1.0498E-2	6.4082E-1
8.2300E-4	9.7656E-3	6.4282E-1
8.2400E-4	9.5215E-3	6.4316E-1
8.2500E-4	9.0332E-3	6.4385E-1
8.2600E-4	9.2773E-3	6.4360E-1
8.2700E-4	1.0010E-2	6.4043E-1
8.2800E-4	9.7656E-3	6.3857E-1
8.2900E-4	1.0254E-2	6.3560E-1
8.3000E-4	9.0332E-3	6.3052E-1
8.3100E-4	1.0010E-2	6.2461E-1
8.3200E-4	9.2773E-3	6.1777E-1
8.3300E-4	1.0010E-2	6.1030E-1
8.3400E-4	9.5215E-3	6.0464E-1
8.3500E-4	9.5215E-3	5.9829E-1
8.3600E-4	9.2773E-3	5.9370E-1
8.3700E-4	8.7891E-3	5.8940E-1
8.3800E-4	9.7656E-3	5.8423E-1
8.3900E-4	1.0010E-2	5.8018E-1
8.4000E-4	9.2773E-3	5.7607E-1
8.4100E-4	9.5215E-3	5.6978E-1
8.4200E-4	9.7656E-3	5.6548E-1
8.4300E-4	9.5215E-3	5.6040E-1
8.4400E-4	9.2773E-3	5.5361E-1
8.4500E-4	9.5215E-3	5.4780E-1
8.4600E-4	9.7656E-3	5.4243E-1
8.4700E-4	9.5215E-3	5.3608E-1
8.4800E-4	9.2773E-3	5.2983E-1
8.4900E-4	9.5215E-3	5.2329E-1
8.5000E-4	9.2773E-3	5.1577E-1
8.5100E-4	1.0010E-2	5.0635E-1
8.5200E-4	9.2773E-3	4.9580E-1
8.5300E-4	9.5215E-3	4.8735E-1
8.5400E-4	9.5215E-3	4.8086E-1
8.5500E-4	1.0498E-2	4.7617E-1
8.5600E-4	9.7656E-3	4.7310E-1
8.5700E-4	9.2773E-3	4.7256E-1
8.5800E-4	9.2773E-3	4.7085E-1
8.5900E-4	9.7656E-3	4.6909E-1
8.6000E-4	9.5215E-3	4.6641E-1
8.6100E-4	9.5215E-3	4.6440E-1
8.6200E-4	9.7656E-3	4.6162E-1
8.6300E-4	1.0254E-2	4.5640E-1
8.6400E-4	1.0254E-2	4.4932E-1
8.6500E-4	9.5215E-3	4.4414E-1
8.6600E-4	9.5215E-3	4.4092E-1
8.6700E-4	9.2773E-3	4.3799E-1
8.6800E-4	9.5215E-3	4.3677E-1
8.6900E-4	9.5215E-3	4.3633E-1
8.7000E-4	9.5215E-3	4.3193E-1
8.7100E-4	1.0254E-2	4.2500E-1
8.7200E-4	9.2773E-3	4.1748E-1
8.7300E-4	9.2773E-3	4.0918E-1
8.7400E-4	9.2773E-3	3.9893E-1
8.7500E-4	9.7656E-3	3.9019E-1
8.7600E-4	9.2773E-3	3.8271E-1
8.7700E-4	9.5215E-3	3.7646E-1
8.7800E-4	9.5215E-3	3.7280E-1
8.7900E-4	1.0254E-2	3.7129E-1
8.8000E-4	9.2773E-3	3.6978E-1
8.8100E-4	9.5215E-3	3.6660E-1
8.8200E-4	9.5215E-3	3.6362E-1
8.8300E-4	9.2773E-3	3.5903E-1
8.8400E-4	9.7656E-3	3.5474E-1
8.8500E-4	1.0254E-2	3.5225E-1
8.8600E-4	1.0254E-2	3.5288E-1
8.8700E-4	9.5215E-3	3.5156E-1
8.8800E-4	9.2773E-3	3.5054E-1
8.8900E-4	9.0332E-3	3.4863E-1
8.9000E-4	9.7656E-3	3.4541E-1
8.9100E-4	1.0010E-2	3.4077E-1
8.9200E-4	9.7656E-3	3.3623E-1
8.9300E-4	9.0332E-3	3.3188E-1
8.9400E-4	9.7656E-3	3.2773E-1
8.9500E-4	9.2773E-3	3.2383E-1
8.9600E-4	9.7656E-3	3.1816E-1
8.9700E-4	1.0010E-2	3.1479E-1
8.9800E-4	1.0010E-2	3.1201E-1
8.9900E-4	1.0010E-2	3.0928E-1
9.0000E-4	9.2773E-3	3.0767E-1
9.0100E-4	9.5215E-3	3.0889E-1
9.0200E-4	9.5215E-3	3.0913E-1
9.0300E-4	1.0010E-2	3.0835E-1
9.0400E-4	1.0254E-2	3.0708E-1
9.0500E-4	9.2773E-3	3.0601E-1
9.0600E-4	9.2773E-3	3.0488E-1
9.0700E-4	9.2773E-3	3.0347E-1
9.0800E-4	9.2773E-3	3.0312E-1
9.0900E-4	9.5215E-3	3.0269E-1
9.1000E-4	9.2773E-3	3.0166E-1
9.1100E-4	9.2773E-3	3.0000E-1
9.1200E-4	9.0332E-3	2.9834E-1
9.1300E-4	9.5215E-3	2.9678E-1
9.1400E-4	1.0010E-2	2.9580E-1
9.1500E-4	9.2773E-3	2.9478E-1
9.1600E-4	1.0010E-2	2.9478E-1
9.1700E-4	1.0254E-2	2.9644E-1
9.1800E-4	1.0254E-2	3.0063E-1
9.1900E-4	9.7656E-3	3.0674E-1
9.2000E-4	1.0010E-2	3.1475E-1
9.2100E-4	9.2773E-3	3.2153E-1
9.2200E-4	1.0010E-2	3.2559E-1
9.2300E-4	9.5215E-3	3.2744E-1
9.2400E-4	9.2773E-3	3.2705E-1
9.2500E-4	9.5215E-3	3.2417E-1
9.2600E-4	9.7656E-3	3.1885E-1
9.2700E-4	9.2773E-3	3.1255E-1
9.2800E-4	9.7656E-3	3.0552E-1
9.2900E-4	9.7656E-3	2.9966E-1
9.3000E-4	9.5215E-3	2.9707E-1
9.3100E-4	9.2773E-3	2.9858E-1
9.3200E-4	8.7891E-3	3.0269E-1
9.3300E-4	9.5215E-3	3.0889E-1
9.3400E-4	9.7656E-3	3.1567E-1
9.3500E-4	9.0332E-3	3.2080E-1
9.3600E-4	1.0254E-2	3.2495E-1
9.3700E-4	1.0254E-2	3.2988E-1
9.3800E-4	9.7656E-3	3.3428E-1
9.3900E-4	1.0010E-2	3.3755E-1
9.4000E-4	9.7656E-3	3.3945E-1
9.4100E-4	9.5215E-3	3.4043E-1
9.4200E-4	1.0010E-2	3.3906E-1
9.4300E-4	9.5215E-3	3.3691E-1
9.4400E-4	9.5215E-3	3.3604E-1
9.4500E-4	9.7656E-3	3.3613E-1
9.4600E-4	9.5215E-3	3.3628E-1
9.4700E-4	9.7656E-3	3.3853E-1
9.4800E-4	9.2773E-3	3.3901E-1
9.4900E-4	9.5215E-3	3.3853E-1
9.5000E-4	9.7656E-3	3.3857E-1
9.5100E-4	9.2773E-3	3.4019E-1
9.5200E-4	9.5215E-3	3.4199E-1
9.5300E-4	9.2773E-3	3.4712E-1
9.5400E-4	9.5215E-3	3.5415E-1
9.5500E-4	8.7891E-3	3.6030E-1
9.5600E-4	9.5215E-3	3.6460E-1
9.5700E-4	9.5215E-3	3.6782E-1
9.5800E-4	9.5215E-3	3.6919E-1
9.5900E-4	9.7656E-3	3.7129E-1
9.6000E-4	1.0254E-2	3.7466E-1
9.6100E-4	9.5215E-3	3.8208E-1
9.6200E-4	1.0254E-2	3.8916E-1
9.6300E-4	1.0010E-2	3.9780E-1
9.6400E-4	1.0010E-2	4.0635E-1
9.6500E-4	9.7656E-3	4.1279E-1
9.6600E-4	9.2773E-3	4.1665E-1
9.6700E-4	8.7891E-3	4.2227E-1
9.6800E-4	9.2773E-3	4.2578E-1
9.6900E-4	9.5215E-3	4.2881E-1
9.7000E-4	8.7891E-3	4.3335E-1
9.7100E-4	9.7656E-3	4.4014E-1
9.7200E-4	9.2773E-3	4.4761E-1
9.7300E-4	9.0332E-3	4.5581E-1
9.7400E-4	9.7656E-3	4.6128E-1
9.7500E-4	9.2773E-3	4.6865E-1
9.7600E-4	9.5215E-3	4.7520E-1
9.7700E-4	9.5215E-3	4.8223E-1
9.7800E-4	9.5215E-3	4.9038E-1
9.7900E-4	9.5215E-3	4.9927E-1
9.8000E-4	9.7656E-3	5.0479E-1
9.8100E-4	9.5215E-3	5.0859E-1
9.8200E-4	1.0010E-2	5.1069E-1
9.8300E-4	9.2773E-3	5.1187E-1
9.8400E-4	9.5215E-3	5.1460E-1
9.8500E-4	1.0010E-2	5.1724E-1
9.8600E-4	9.2773E-3	5.2109E-1
9.8700E-4	9.2773E-3	5.2622E-1
9.8800E-4	9.7656E-3	5.3140E-1
9.8900E-4	9.2773E-3	5.3618E-1
9.9000E-4	1.0010E-2	5.4585E-1
9.9100E-4	9.7656E-3	5.5645E-1
9.9200E-4	9.2773E-3	5.6650E-1
9.9300E-4	9.7656E-3	5.7690E-1
9.9400E-4	9.7656E-3	5.8750E-1
9.9500E-4	9.2773E-3	5.9502E-1
9.9600E-4	9.2773E-3	5.9932E-1
9.9700E-4	9.0332E-3	6.0225E-1
9.9800E-4	9.7656E-3	6.0225E-1
9.9900E-4	9.5215E-3	6.0225E-1
