Time [s]	Aux in [V]	Main in [V]
0.0000E+0	9.5215E-3	6.2031E-1
1.0000E-6	9.5215E-3	6.2051E-1
2.0000E-6	9.5215E-3	6.2183E-1
3.0000E-6	9.2773E-3	6.2368E-1
4.0000E-6	9.2773E-3	6.2373E-1
5.0000E-6	8.5449E-3	6.2266E-1
6.0000E-6	8.7891E-3	6.2114E-1
7.0000E-6	9.5215E-3	6.1924E-1
8.0000E-6	9.5215E-3	6.1538E-1
9.0000E-6	9.2773E-3	6.1201E-1
1.0000E-5	9.7656E-3	6.0942E-1
1.1000E-5	1.0254E-2	6.0713E-1
1.2000E-5	9.2773E-3	6.0298E-1
1.3000E-5	9.5215E-3	5.9927E-1
1.4000E-5	9.2773E-3	5.9585E-1
1.5000E-5	9.7656E-3	5.9155E-1
1.6000E-5	9.2773E-3	5.8535E-1
1.7000E-5	9.7656E-3	5.8003E-1
1.8000E-5	9.2773E-3	5.7388E-1
1.9000E-5	9.2773E-3	5.6963E-1
2.0000E-5	9.0332E-3	5.6475E-1
2.1000E-5	9.7656E-3	5.6157E-1
2.2000E-5	9.5215E-3	5.5820E-1
2.3000E-5	9.5215E-3	5.5391E-1
2.4000E-5	9.7656E-3	5.4624E-1
2.5000E-5	1.0010E-2	5.3848E-1
2.6000E-5	9.5215E-3	5.2959E-1
2.7000E-5	9.2773E-3	5.1958E-1
2.8000E-5	9.0332E-3	5.1187E-1
2.9000E-5	9.5215E-3	5.0503E-1
3.0000E-5	1.0010E-2	4.9966E-1
3.1000E-5	9.5215E-3	4.9521E-1
3.2000E-5	9.5215E-3	4.9038E-1
3.3000E-5	9.7656E-3	4.8467E-1
3.4000E-5	9.5215E-3	4.7964E-1
3.5000E-5	1.0010E-2	4.7476E-1
3.6000E-5	9.5215E-3	4.6836E-1
3.7000E-5	8.5449E-3	4.6270E-1
3.8000E-5	9.0332E-3	4.5649E-1
3.9000E-5	1.0010E-2	4.4907E-1
4.0000E-5	9.5215E-3	4.4087E-1
4.1000E-5	8.7891E-3	4.3403E-1
4.2000E-5	1.0010E-2	4.2852E-1
4.3000E-5	9.2773E-3	4.2397E-1
4.4000E-5	9.2773E-3	4.1982E-1
4.5000E-5	9.5215E-3	4.1582E-1
4.6000E-5	9.5215E-3	4.1060E-1
4.7000E-5	1.0254E-2	4.0547E-1
4.8000E-5	1.0010E-2	4.0093E-1
4.9000E-5	9.5215E-3	3.9609E-1
5.0000E-5	9.2773E-3	3.9185E-1
5.1000E-5	9.5215E-3	3.8965E-1
5.2000E-5	9.5215E-3	3.8628E-1
5.3000E-5	9.0332E-3	3.8257E-1
5.4000E-5	1.0010E-2	3.7954E-1
5.5000E-5	9.7656E-3	3.7554E-1
5.6000E-5	9.2773E-3	3.6987E-1
5.7000E-5	9.7656E-3	3.6362E-1
5.8000E-5	9.5215E-3	3.5933E-1
5.9000E-5	9.5215E-3	3.5815E-1
6.0000E-5	9.5215E-3	3.5674E-1
6.1000E-5	9.5215E-3	3.5454E-1
6.2000E-5	9.7656E-3	3.5303E-1
6.3000E-5	9.7656E-3	3.5049E-1
6.4000E-5	9.5215E-3	3.4556E-1
6.5000E-5	9.7656E-3	3.4204E-1
6.6000E-5	9.7656E-3	3.3979E-1
6.7000E-5	9.5215E-3	3.3701E-1
6.8000E-5	9.5215E-3	3.3516E-1
6.9000E-5	9.5215E-3	3.3403E-1
7.0000E-5	9.5215E-3	3.3354E-1
7.1000E-5	9.5215E-3	3.3428E-1
7.2000E-5	9.5215E-3	3.3442E-1
7.3000E-5	9.2773E-3	3.3315E-1
7.4000E-5	9.7656E-3	3.3071E-1
7.5000E-5	1.0010E-2	3.2749E-1
7.6000E-5	9.5215E-3	3.2451E-1
7.7000E-5	8.7891E-3	3.2290E-1
7.8000E-5	9.2773E-3	3.1982E-1
7.9000E-5	9.7656E-3	3.1685E-1
8.0000E-5	9.5215E-3	3.1411E-1
8.1000E-5	9.5215E-3	3.1064E-1
8.2000E-5	1.0010E-2	3.0820E-1
8.3000E-5	9.5215E-3	3.0718E-1
8.4000E-5	9.0332E-3	3.0552E-1
8.5000E-5	9.7656E-3	3.0576E-1
8.6000E-5	9.5215E-3	3.0781E-1
8.7000E-5	9.2773E-3	3.1099E-1
8.8000E-5	9.0332E-3	3.1533E-1
8.9000E-5	9.5215E-3	3.2080E-1
9.0000E-5	8.5449E-3	3.2510E-1
9.1000E-5	1.0010E-2	3.2671E-1
9.2000E-5	9.7656E-3	3.2568E-1
9.3000E-5	9.2773E-3	3.2378E-1
9.4000E-5	1.0010E-2	3.2212E-1
9.5000E-5	1.0010E-2	3.2012E-1
9.6000E-5	9.2773E-3	3.2017E-1
9.7000E-5	9.0332E-3	3.2114E-1
9.8000E-5	9.0332E-3	3.2222E-1
9.9000E-5	9.5215E-3	3.2275E-1
1.0000E-4	9.2773E-3	3.2349E-1
1.0100E-4	9.0332E-3	3.2402E-1
1.0200E-4	9.0332E-3	3.2314E-1
1.0300E-4	9.0332E-3	3.2241E-1
1.0400E-4	9.7656E-3	3.2324E-1
1.0500E-4	9.2773E-3	3.2583E-1
1.0600E-4	9.5215E-3	3.2803E-1
1.0700E-4	9.7656E-3	3.3149E-1
1.0800E-4	9.2773E-3	3.3413E-1
1.0900E-4	9.7656E-3	3.3613E-1
1.1000E-4	9.5215E-3	3.3936E-1
1.1100E-4	9.2773E-3	3.4160E-1
1.1200E-4	9.2773E-3	3.4341E-1
1.1300E-4	8.7891E-3	3.4565E-1
1.1400E-4	9.5215E-3	3.4868E-1
1.1500E-4	9.2773E-3	3.4810E-1
1.1600E-4	1.0010E-2	3.4849E-1
1.1700E-4	1.0010E-2	3.4956E-1
1.1800E-4	9.5215E-3	3.5059E-1
1.1900E-4	9.7656E-3	3.5249E-1
1.2000E-4	9.2773E-3	3.5659E-1
1.2100E-4	1.0010E-2	3.6094E-1
1.2200E-4	9.2773E-3	3.6606E-1
1.2300E-4	1.0254E-2	3.7139E-1
1.2400E-4	9.0332E-3	3.7466E-1
1.2500E-4	1.0010E-2	3.7593E-1
1.2600E-4	9.5215E-3	3.7832E-1
1.2700E-4	9.5215E-3	3.8003E-1
1.2800E-4	9.0332E-3	3.8242E-1
1.2900E-4	9.7656E-3	3.8452E-1
1.3000E-4	1.0010E-2	3.8794E-1
1.3100E-4	9.5215E-3	3.9097E-1
1.3200E-4	9.5215E-3	3.9575E-1
1.3300E-4	9.5215E-3	3.9995E-1
1.3400E-4	1.0254E-2	4.0449E-1
1.3500E-4	9.5215E-3	4.0850E-1
1.3600E-4	9.5215E-3	4.1167E-1
1.3700E-4	9.5215E-3	4.1558E-1
1.3800E-4	9.7656E-3	4.2153E-1
1.3900E-4	9.5215E-3	4.2861E-1
1.4000E-4	9.5215E-3	4.3516E-1
1.4100E-4	9.5215E-3	4.4268E-1
1.4200E-4	9.5215E-3	4.4795E-1
1.4300E-4	9.7656E-3	4.5420E-1
1.4400E-4	9.0332E-3	4.5928E-1
1.4500E-4	9.0332E-3	4.6514E-1
1.4600E-4	9.7656E-3	4.6948E-1
1.4700E-4	9.7656E-3	4.7466E-1
1.4800E-4	9.2773E-3	4.7725E-1
1.4900E-4	9.7656E-3	4.8042E-1
1.5000E-4	8.7891E-3	4.8457E-1
1.5100E-4	9.5215E-3	4.8833E-1
1.5200E-4	1.0254E-2	4.9355E-1
1.5300E-4	9.2773E-3	5.0010E-1
1.5400E-4	9.2773E-3	5.0796E-1
1.5500E-4	9.2773E-3	5.1538E-1
1.5600E-4	9.7656E-3	5.2427E-1
1.5700E-4	9.2773E-3	5.3096E-1
1.5800E-4	9.5215E-3	5.3657E-1
1.5900E-4	9.2773E-3	5.4067E-1
1.6000E-4	8.7891E-3	5.4473E-1
1.6100E-4	9.2773E-3	5.4966E-1
1.6200E-4	9.2773E-3	5.5410E-1
1.6300E-4	9.7656E-3	5.6079E-1
1.6400E-4	9.5215E-3	5.6680E-1
1.6500E-4	1.0254E-2	5.7173E-1
1.6600E-4	9.5215E-3	5.7476E-1
1.6700E-4	8.7891E-3	5.7974E-1
1.6800E-4	1.0010E-2	5.8330E-1
1.6900E-4	9.7656E-3	5.8984E-1
1.7000E-4	9.5215E-3	5.9819E-1
1.7100E-4	9.2773E-3	6.0757E-1
1.7200E-4	8.5449E-3	6.1660E-1
1.7300E-4	9.5215E-3	6.2549E-1
1.7400E-4	1.0010E-2	6.3232E-1
1.7500E-4	9.7656E-3	6.3638E-1
1.7600E-4	9.5215E-3	6.4106E-1
1.7700E-4	9.7656E-3	6.4722E-1
1.7800E-4	9.2773E-3	6.5391E-1
1.7900E-4	9.5215E-3	6.5981E-1
1.8000E-4	9.5215E-3	6.6602E-1
1.8100E-4	9.7656E-3	6.7139E-1
1.8200E-4	9.7656E-3	6.7344E-1
1.8300E-4	9.5215E-3	6.7412E-1
1.8400E-4	9.7656E-3	6.7578E-1
1.8500E-4	9.5215E-3	6.7920E-1
1.8600E-4	9.7656E-3	6.8340E-1
1.8700E-4	9.7656E-3	6.8911E-1
1.8800E-4	1.0010E-2	6.9482E-1
1.8900E-4	9.7656E-3	7.0327E-1
1.9000E-4	9.5215E-3	7.1064E-1
1.9100E-4	9.2773E-3	7.1626E-1
1.9200E-4	9.5215E-3	7.2192E-1
1.9300E-4	9.7656E-3	7.2686E-1
1.9400E-4	9.5215E-3	7.2949E-1
1.9500E-4	9.5215E-3	7.3145E-1
1.9600E-4	9.5215E-3	7.3374E-1
1.9700E-4	1.0010E-2	7.3413E-1
1.9800E-4	9.2773E-3	7.3433E-1
1.9900E-4	1.0254E-2	7.3198E-1
2.0000E-4	9.5215E-3	7.3047E-1
2.0100E-4	9.7656E-3	7.2808E-1
2.0200E-4	9.5215E-3	7.2764E-1
2.0300E-4	9.2773E-3	7.2681E-1
2.0400E-4	9.2773E-3	7.2729E-1
2.0500E-4	9.0332E-3	7.2764E-1
2.0600E-4	9.0332E-3	7.2925E-1
2.0700E-4	1.0010E-2	7.2886E-1
2.0800E-4	9.0332E-3	7.2788E-1
2.0900E-4	9.7656E-3	7.2603E-1
2.1000E-4	9.5215E-3	7.2305E-1
2.1100E-4	1.0010E-2	7.2261E-1
2.1200E-4	1.0010E-2	7.2236E-1
2.1300E-4	9.5215E-3	7.2222E-1
2.1400E-4	9.5215E-3	7.2300E-1
2.1500E-4	9.5215E-3	7.2373E-1
2.1600E-4	1.0254E-2	7.2017E-1
2.1700E-4	9.7656E-3	7.1719E-1
2.1800E-4	9.5215E-3	7.1353E-1
2.1900E-4	9.5215E-3	7.1021E-1
2.2000E-4	9.5215E-3	7.0669E-1
2.2100E-4	9.5215E-3	7.0532E-1
2.2200E-4	9.5215E-3	7.0313E-1
2.2300E-4	9.2773E-3	7.0308E-1
2.2400E-4	1.0254E-2	7.0161E-1
2.2500E-4	9.5215E-3	7.0029E-1
2.2600E-4	9.5215E-3	6.9819E-1
2.2700E-4	8.7891E-3	6.9688E-1
2.2800E-4	9.5215E-3	6.9492E-1
2.2900E-4	9.5215E-3	6.9409E-1
2.3000E-4	9.2773E-3	6.9434E-1
2.3100E-4	9.2773E-3	6.9551E-1
2.3200E-4	8.7891E-3	6.9502E-1
2.3300E-4	9.5215E-3	6.9487E-1
2.3400E-4	9.2773E-3	6.9429E-1
2.3500E-4	9.0332E-3	6.9331E-1
2.3600E-4	1.0254E-2	6.9258E-1
2.3700E-4	9.0332E-3	6.9209E-1
2.3800E-4	1.0010E-2	6.9033E-1
2.3900E-4	9.7656E-3	6.8818E-1
2.4000E-4	9.5215E-3	6.8691E-1
2.4100E-4	9.7656E-3	6.8394E-1
2.4200E-4	9.5215E-3	6.8052E-1
2.4300E-4	9.7656E-3	6.7769E-1
2.4400E-4	9.2773E-3	6.7407E-1
2.4500E-4	9.5215E-3	6.7129E-1
2.4600E-4	9.2773E-3	6.6992E-1
2.4700E-4	9.5215E-3	6.7075E-1
2.4800E-4	9.0332E-3	6.7173E-1
2.4900E-4	9.5215E-3	6.7393E-1
2.5000E-4	1.0010E-2	6.7412E-1
2.5100E-4	9.7656E-3	6.7310E-1
2.5200E-4	1.0010E-2	6.7212E-1
2.5300E-4	9.7656E-3	6.6982E-1
2.5400E-4	9.5215E-3	6.6875E-1
2.5500E-4	9.0332E-3	6.6758E-1
2.5600E-4	9.7656E-3	6.6670E-1
2.5700E-4	1.0010E-2	6.6777E-1
2.5800E-4	1.0010E-2	6.7109E-1
2.5900E-4	9.5215E-3	6.7378E-1
2.6000E-4	1.0010E-2	6.7720E-1
2.6100E-4	9.5215E-3	6.8096E-1
2.6200E-4	9.5215E-3	6.8394E-1
2.6300E-4	9.2773E-3	6.8735E-1
2.6400E-4	9.2773E-3	6.9009E-1
2.6500E-4	8.7891E-3	6.9297E-1
2.6600E-4	9.7656E-3	6.9536E-1
2.6700E-4	9.2773E-3	6.9639E-1
2.6800E-4	9.7656E-3	6.9531E-1
2.6900E-4	9.7656E-3	6.9580E-1
2.7000E-4	9.5215E-3	6.9521E-1
2.7100E-4	1.0010E-2	6.9292E-1
2.7200E-4	9.7656E-3	6.9219E-1
2.7300E-4	9.7656E-3	6.9482E-1
2.7400E-4	9.0332E-3	6.9668E-1
2.7500E-4	9.2773E-3	7.0005E-1
2.7600E-4	8.7891E-3	7.0591E-1
2.7700E-4	9.5215E-3	7.1006E-1
2.7800E-4	1.0254E-2	7.1206E-1
2.7900E-4	1.0010E-2	7.1548E-1
2.8000E-4	9.2773E-3	7.1665E-1
2.8100E-4	9.5215E-3	7.1636E-1
2.8200E-4	1.0010E-2	7.1465E-1
2.8300E-4	1.0010E-2	7.1299E-1
2.8400E-4	9.7656E-3	7.0962E-1
2.8500E-4	9.2773E-3	7.0937E-1
2.8600E-4	9.2773E-3	7.1035E-1
2.8700E-4	9.5215E-3	7.1265E-1
2.8800E-4	9.0332E-3	7.1499E-1
2.8900E-4	9.5215E-3	7.1777E-1
2.9000E-4	9.5215E-3	7.2031E-1
2.9100E-4	9.2773E-3	7.2285E-1
2.9200E-4	9.0332E-3	7.2563E-1
2.9300E-4	9.0332E-3	7.2749E-1
2.9400E-4	9.0332E-3	7.2964E-1
2.9500E-4	9.2773E-3	7.3003E-1
2.9600E-4	9.5215E-3	7.3101E-1
2.9700E-4	9.7656E-3	7.3086E-1
2.9800E-4	9.5215E-3	7.3081E-1
2.9900E-4	9.2773E-3	7.2905E-1
3.0000E-4	9.2773E-3	7.2583E-1
3.0100E-4	9.2773E-3	7.2202E-1
3.0200E-4	9.5215E-3	7.1870E-1
3.0300E-4	9.5215E-3	7.1553E-1
3.0400E-4	9.2773E-3	7.1372E-1
3.0500E-4	9.2773E-3	7.1431E-1
3.0600E-4	9.0332E-3	7.1328E-1
3.0700E-4	9.7656E-3	7.1309E-1
3.0800E-4	9.7656E-3	7.1265E-1
3.0900E-4	9.2773E-3	7.0957E-1
3.1000E-4	9.5215E-3	7.0620E-1
3.1100E-4	9.5215E-3	7.0557E-1
3.1200E-4	9.5215E-3	7.0254E-1
3.1300E-4	1.0010E-2	7.0132E-1
3.1400E-4	1.0010E-2	7.0205E-1
3.1500E-4	9.2773E-3	7.0117E-1
3.1600E-4	9.2773E-3	6.9766E-1
3.1700E-4	9.0332E-3	6.9526E-1
3.1800E-4	9.2773E-3	6.9204E-1
3.1900E-4	9.2773E-3	6.8706E-1
3.2000E-4	1.0010E-2	6.8149E-1
3.2100E-4	9.0332E-3	6.7427E-1
3.2200E-4	9.5215E-3	6.6543E-1
3.2300E-4	9.7656E-3	6.5425E-1
3.2400E-4	1.0010E-2	6.4604E-1
3.2500E-4	9.7656E-3	6.3975E-1
3.2600E-4	8.7891E-3	6.3584E-1
3.2700E-4	9.2773E-3	6.3418E-1
3.2800E-4	9.2773E-3	6.3354E-1
3.2900E-4	9.2773E-3	6.3052E-1
3.3000E-4	9.2773E-3	6.2769E-1
3.3100E-4	9.5215E-3	6.2510E-1
3.3200E-4	1.0254E-2	6.2100E-1
3.3300E-4	9.2773E-3	6.1562E-1
3.3400E-4	9.2773E-3	6.0938E-1
3.3500E-4	9.2773E-3	6.0049E-1
3.3600E-4	9.5215E-3	5.8940E-1
3.3700E-4	8.7891E-3	5.7793E-1
3.3800E-4	9.5215E-3	5.6816E-1
3.3900E-4	1.0010E-2	5.5952E-1
3.4000E-4	9.7656E-3	5.5098E-1
3.4100E-4	9.5215E-3	5.4443E-1
3.4200E-4	9.2773E-3	5.3911E-1
3.4300E-4	1.0010E-2	5.3174E-1
3.4400E-4	8.7891E-3	5.2363E-1
3.4500E-4	9.2773E-3	5.1685E-1
3.4600E-4	9.5215E-3	5.1089E-1
3.4700E-4	9.2773E-3	5.0664E-1
3.4800E-4	1.0010E-2	5.0571E-1
3.4900E-4	9.5215E-3	5.0435E-1
3.5000E-4	9.0332E-3	5.0313E-1
3.5100E-4	9.5215E-3	4.9976E-1
3.5200E-4	9.0332E-3	4.9380E-1
3.5300E-4	9.0332E-3	4.8613E-1
3.5400E-4	1.0010E-2	4.7876E-1
3.5500E-4	1.0254E-2	4.7085E-1
3.5600E-4	9.5215E-3	4.6211E-1
3.5700E-4	9.2773E-3	4.5469E-1
3.5800E-4	1.0010E-2	4.4814E-1
3.5900E-4	1.0010E-2	4.4253E-1
3.6000E-4	1.0010E-2	4.3838E-1
3.6100E-4	9.5215E-3	4.3594E-1
3.6200E-4	9.2773E-3	4.3374E-1
3.6300E-4	9.2773E-3	4.2998E-1
3.6400E-4	9.0332E-3	4.2622E-1
3.6500E-4	1.0498E-2	4.2168E-1
3.6600E-4	9.2773E-3	4.1772E-1
3.6700E-4	9.5215E-3	4.1440E-1
3.6800E-4	9.7656E-3	4.1021E-1
3.6900E-4	9.5215E-3	4.0698E-1
3.7000E-4	9.0332E-3	4.0293E-1
3.7100E-4	9.2773E-3	3.9790E-1
3.7200E-4	9.5215E-3	3.9131E-1
3.7300E-4	1.0010E-2	3.8652E-1
3.7400E-4	9.5215E-3	3.7920E-1
3.7500E-4	9.7656E-3	3.7207E-1
3.7600E-4	9.7656E-3	3.6665E-1
3.7700E-4	1.0010E-2	3.6304E-1
3.7800E-4	1.0010E-2	3.6025E-1
3.7900E-4	9.0332E-3	3.5947E-1
3.8000E-4	9.5215E-3	3.6123E-1
3.8100E-4	9.5215E-3	3.6284E-1
3.8200E-4	9.2773E-3	3.6353E-1
3.8300E-4	9.7656E-3	3.6323E-1
3.8400E-4	9.5215E-3	3.6157E-1
3.8500E-4	9.2773E-3	3.5791E-1
3.8600E-4	9.5215E-3	3.5225E-1
3.8700E-4	9.7656E-3	3.4634E-1
3.8800E-4	9.2773E-3	3.4097E-1
3.8900E-4	9.2773E-3	3.3809E-1
3.9000E-4	9.7656E-3	3.3555E-1
3.9100E-4	9.7656E-3	3.3437E-1
3.9200E-4	9.0332E-3	3.3364E-1
3.9300E-4	9.2773E-3	3.3320E-1
3.9400E-4	1.0010E-2	3.3125E-1
3.9500E-4	9.7656E-3	3.2920E-1
3.9600E-4	9.5215E-3	3.2676E-1
3.9700E-4	1.0010E-2	3.2290E-1
3.9800E-4	9.2773E-3	3.2061E-1
3.9900E-4	9.2773E-3	3.2017E-1
4.0000E-4	9.7656E-3	3.2036E-1
4.0100E-4	9.2773E-3	3.2124E-1
4.0200E-4	9.7656E-3	3.2202E-1
4.0300E-4	1.0010E-2	3.2134E-1
4.0400E-4	9.5215E-3	3.2046E-1
4.0500E-4	9.5215E-3	3.1924E-1
4.0600E-4	9.5215E-3	3.1655E-1
4.0700E-4	9.0332E-3	3.1455E-1
4.0800E-4	1.0254E-2	3.1094E-1
4.0900E-4	9.5215E-3	3.0728E-1
4.1000E-4	9.5215E-3	3.0513E-1
4.1100E-4	9.0332E-3	3.0430E-1
4.1200E-4	9.5215E-3	3.0361E-1
4.1300E-4	9.5215E-3	3.0469E-1
4.1400E-4	9.2773E-3	3.0532E-1
4.1500E-4	9.7656E-3	3.0508E-1
4.1600E-4	1.0010E-2	3.0513E-1
4.1700E-4	9.5215E-3	3.0469E-1
4.1800E-4	9.5215E-3	3.0454E-1
4.1900E-4	9.2773E-3	3.0405E-1
4.2000E-4	9.2773E-3	3.0503E-1
4.2100E-4	9.0332E-3	3.0454E-1
4.2200E-4	9.5215E-3	3.0718E-1
4.2300E-4	9.2773E-3	3.0801E-1
4.2400E-4	9.2773E-3	3.1021E-1
4.2500E-4	9.0332E-3	3.1089E-1
4.2600E-4	9.7656E-3	3.1318E-1
4.2700E-4	9.7656E-3	3.1528E-1
4.2800E-4	9.2773E-3	3.1860E-1
4.2900E-4	9.2773E-3	3.2114E-1
4.3000E-4	1.0254E-2	3.2432E-1
4.3100E-4	9.0332E-3	3.2612E-1
4.3200E-4	9.2773E-3	3.2749E-1
4.3300E-4	9.5215E-3	3.3096E-1
4.3400E-4	9.2773E-3	3.3442E-1
4.3500E-4	1.0498E-2	3.3730E-1
4.3600E-4	9.5215E-3	3.4058E-1
4.3700E-4	9.5215E-3	3.4312E-1
4.3800E-4	1.0010E-2	3.4404E-1
4.3900E-4	9.7656E-3	3.4502E-1
4.4000E-4	9.7656E-3	3.4673E-1
4.4100E-4	9.2773E-3	3.5020E-1
4.4200E-4	9.2773E-3	3.5347E-1
4.4300E-4	9.0332E-3	3.5684E-1
4.4400E-4	9.7656E-3	3.6055E-1
4.4500E-4	9.2773E-3	3.6436E-1
4.4600E-4	9.7656E-3	3.6841E-1
4.4700E-4	1.0010E-2	3.7271E-1
4.4800E-4	9.2773E-3	3.7695E-1
4.4900E-4	9.7656E-3	3.8188E-1
4.5000E-4	9.2773E-3	3.8760E-1
4.5100E-4	1.0010E-2	3.9385E-1
4.5200E-4	9.7656E-3	4.0024E-1
4.5300E-4	9.0332E-3	4.0806E-1
4.5400E-4	9.2773E-3	4.1294E-1
4.5500E-4	9.2773E-3	4.1660E-1
4.5600E-4	9.7656E-3	4.1914E-1
4.5700E-4	1.0010E-2	4.2148E-1
4.5800E-4	9.5215E-3	4.2344E-1
4.5900E-4	9.7656E-3	4.2827E-1
4.6000E-4	9.2773E-3	4.3354E-1
4.6100E-4	9.7656E-3	4.3833E-1
4.6200E-4	9.7656E-3	4.4375E-1
4.6300E-4	1.0010E-2	4.4858E-1
4.6400E-4	9.0332E-3	4.5518E-1
4.6500E-4	9.0332E-3	4.6309E-1
4.6600E-4	9.5215E-3	4.7437E-1
4.6700E-4	9.5215E-3	4.8545E-1
4.6800E-4	9.2773E-3	4.9570E-1
4.6900E-4	9.5215E-3	5.0293E-1
4.7000E-4	9.7656E-3	5.0898E-1
4.7100E-4	9.0332E-3	5.1240E-1
4.7200E-4	9.5215E-3	5.1602E-1
4.7300E-4	9.2773E-3	5.1997E-1
4.7400E-4	9.2773E-3	5.2607E-1
4.7500E-4	9.0332E-3	5.3213E-1
4.7600E-4	9.2773E-3	5.3833E-1
4.7700E-4	9.5215E-3	5.4399E-1
4.7800E-4	8.7891E-3	5.4946E-1
4.7900E-4	9.7656E-3	5.5337E-1
4.8000E-4	9.7656E-3	5.5708E-1
4.8100E-4	9.0332E-3	5.6045E-1
4.8200E-4	9.5215E-3	5.6440E-1
4.8300E-4	9.5215E-3	5.6992E-1
4.8400E-4	1.0254E-2	5.7476E-1
4.8500E-4	9.5215E-3	5.7900E-1
4.8600E-4	9.5215E-3	5.8442E-1
4.8700E-4	9.0332E-3	5.9175E-1
4.8800E-4	9.7656E-3	5.9971E-1
4.8900E-4	1.0498E-2	6.0820E-1
4.9000E-4	9.5215E-3	6.1514E-1
4.9100E-4	9.5215E-3	6.2051E-1
4.9200E-4	9.2773E-3	6.2261E-1
4.9300E-4	9.5215E-3	6.2129E-1
4.9400E-4	9.2773E-3	6.1982E-1
4.9500E-4	1.0010E-2	6.1982E-1
4.9600E-4	9.7656E-3	6.1924E-1
4.9700E-4	9.7656E-3	6.1865E-1
4.9800E-4	9.5215E-3	6.1841E-1
4.9900E-4	9.7656E-3	6.1763E-1
5.0000E-4	9.2773E-3	6.1787E-1
5.0100E-4	1.0010E-2	6.1719E-1
5.0200E-4	9.7656E-3	6.1714E-1
5.0300E-4	9.2773E-3	6.1826E-1
5.0400E-4	9.0332E-3	6.1855E-1
5.0500E-4	9.5215E-3	6.1543E-1
5.0600E-4	1.0010E-2	6.1294E-1
5.0700E-4	9.2773E-3	6.1069E-1
5.0800E-4	9.5215E-3	6.0610E-1
5.0900E-4	9.5215E-3	6.0117E-1
5.1000E-4	9.0332E-3	5.9790E-1
5.1100E-4	9.7656E-3	5.9390E-1
5.1200E-4	9.0332E-3	5.8696E-1
5.1300E-4	9.7656E-3	5.8262E-1
5.1400E-4	9.2773E-3	5.7910E-1
5.1500E-4	9.5215E-3	5.7490E-1
5.1600E-4	9.5215E-3	5.6948E-1
5.1700E-4	1.0010E-2	5.6641E-1
5.1800E-4	9.5215E-3	5.6172E-1
5.1900E-4	9.5215E-3	5.5532E-1
5.2000E-4	9.5215E-3	5.4917E-1
5.2100E-4	9.2773E-3	5.4614E-1
5.2200E-4	9.7656E-3	5.4141E-1
5.2300E-4	9.7656E-3	5.3662E-1
5.2400E-4	1.0010E-2	5.3335E-1
5.2500E-4	9.2773E-3	5.2939E-1
5.2600E-4	9.5215E-3	5.2271E-1
5.2700E-4	9.0332E-3	5.1372E-1
5.2800E-4	9.2773E-3	5.0562E-1
5.2900E-4	9.7656E-3	4.9644E-1
5.3000E-4	9.2773E-3	4.8843E-1
5.3100E-4	1.0010E-2	4.7910E-1
5.3200E-4	9.5215E-3	4.7290E-1
5.3300E-4	9.7656E-3	4.6675E-1
5.3400E-4	9.5215E-3	4.6025E-1
5.3500E-4	9.5215E-3	4.5415E-1
5.3600E-4	1.0010E-2	4.4995E-1
5.3700E-4	1.0254E-2	4.4590E-1
5.3800E-4	9.7656E-3	4.3994E-1
5.3900E-4	1.0254E-2	4.3438E-1
5.4000E-4	9.5215E-3	4.2686E-1
5.4100E-4	1.0254E-2	4.1968E-1
5.4200E-4	9.5215E-3	4.1177E-1
5.4300E-4	9.0332E-3	4.0591E-1
5.4400E-4	8.7891E-3	4.0117E-1
5.4500E-4	9.5215E-3	3.9888E-1
5.4600E-4	1.0010E-2	3.9604E-1
5.4700E-4	1.0010E-2	3.9263E-1
5.4800E-4	9.7656E-3	3.8662E-1
5.4900E-4	9.5215E-3	3.7949E-1
5.5000E-4	1.0010E-2	3.7041E-1
5.5100E-4	9.7656E-3	3.6152E-1
5.5200E-4	9.7656E-3	3.5474E-1
5.5300E-4	9.7656E-3	3.4897E-1
5.5400E-4	1.0010E-2	3.4541E-1
5.5500E-4	9.5215E-3	3.4395E-1
5.5600E-4	9.5215E-3	3.4351E-1
5.5700E-4	9.7656E-3	3.4292E-1
5.5800E-4	9.7656E-3	3.4463E-1
5.5900E-4	9.7656E-3	3.4443E-1
5.6000E-4	9.5215E-3	3.4355E-1
5.6100E-4	9.2773E-3	3.4102E-1
5.6200E-4	9.2773E-3	3.3906E-1
5.6300E-4	9.5215E-3	3.3535E-1
5.6400E-4	9.5215E-3	3.3247E-1
5.6500E-4	9.7656E-3	3.2759E-1
5.6600E-4	9.5215E-3	3.2334E-1
5.6700E-4	9.5215E-3	3.1865E-1
5.6800E-4	9.5215E-3	3.1367E-1
5.6900E-4	1.0010E-2	3.0879E-1
5.7000E-4	9.5215E-3	3.0557E-1
5.7100E-4	9.7656E-3	3.0303E-1
5.7200E-4	9.7656E-3	2.9976E-1
5.7300E-4	9.5215E-3	2.9771E-1
5.7400E-4	8.7891E-3	2.9634E-1
5.7500E-4	9.5215E-3	2.9448E-1
5.7600E-4	9.2773E-3	2.9360E-1
5.7700E-4	8.5449E-3	2.9253E-1
5.7800E-4	9.7656E-3	2.9048E-1
5.7900E-4	9.5215E-3	2.8784E-1
5.8000E-4	9.5215E-3	2.8628E-1
5.8100E-4	9.5215E-3	2.8354E-1
5.8200E-4	9.7656E-3	2.8462E-1
5.8300E-4	9.5215E-3	2.8711E-1
5.8400E-4	9.0332E-3	2.8926E-1
5.8500E-4	9.5215E-3	2.9077E-1
5.8600E-4	9.5215E-3	2.9395E-1
5.8700E-4	9.5215E-3	2.9414E-1
5.8800E-4	1.0498E-2	2.9282E-1
5.8900E-4	9.5215E-3	2.9077E-1
5.9000E-4	9.2773E-3	2.8696E-1
5.9100E-4	9.5215E-3	2.8193E-1
5.9200E-4	9.5215E-3	2.7773E-1
5.9300E-4	9.2773E-3	2.7554E-1
5.9400E-4	9.0332E-3	2.7407E-1
5.9500E-4	9.0332E-3	2.7529E-1
5.9600E-4	9.5215E-3	2.7617E-1
5.9700E-4	1.0010E-2	2.7642E-1
5.9800E-4	8.7891E-3	2.7734E-1
5.9900E-4	1.0010E-2	2.8086E-1
6.0000E-4	9.0332E-3	2.8472E-1
6.0100E-4	9.7656E-3	2.8813E-1
6.0200E-4	9.2773E-3	2.9150E-1
6.0300E-4	9.2773E-3	2.9097E-1
6.0400E-4	9.5215E-3	2.8853E-1
6.0500E-4	9.7656E-3	2.8540E-1
6.0600E-4	9.5215E-3	2.8193E-1
6.0700E-4	9.7656E-3	2.7969E-1
6.0800E-4	9.2773E-3	2.8086E-1
6.0900E-4	9.5215E-3	2.8228E-1
6.1000E-4	9.5215E-3	2.8462E-1
6.1100E-4	9.5215E-3	2.8735E-1
6.1200E-4	9.2773E-3	2.8926E-1
6.1300E-4	9.5215E-3	2.9155E-1
6.1400E-4	9.5215E-3	2.9370E-1
6.1500E-4	9.2773E-3	2.9614E-1
6.1600E-4	9.2773E-3	3.0161E-1
6.1700E-4	9.7656E-3	3.0786E-1
6.1800E-4	9.2773E-3	3.1279E-1
6.1900E-4	9.5215E-3	3.1875E-1
6.2000E-4	9.5215E-3	3.2495E-1
6.2100E-4	9.5215E-3	3.3042E-1
6.2200E-4	9.0332E-3	3.3437E-1
6.2300E-4	9.2773E-3	3.3730E-1
6.2400E-4	9.5215E-3	3.3936E-1
6.2500E-4	9.2773E-3	3.4097E-1
6.2600E-4	1.0010E-2	3.4097E-1
6.2700E-4	9.5215E-3	3.4082E-1
6.2800E-4	9.5215E-3	3.4199E-1
6.2900E-4	9.5215E-3	3.4219E-1
6.3000E-4	9.5215E-3	3.4375E-1
6.3100E-4	9.2773E-3	3.4673E-1
6.3200E-4	9.2773E-3	3.5142E-1
6.3300E-4	9.7656E-3	3.5762E-1
6.3400E-4	9.7656E-3	3.6650E-1
6.3500E-4	9.5215E-3	3.7407E-1
6.3600E-4	9.5215E-3	3.8296E-1
6.3700E-4	9.2773E-3	3.9175E-1
6.3800E-4	9.5215E-3	3.9873E-1
6.3900E-4	9.2773E-3	4.0405E-1
6.4000E-4	9.2773E-3	4.0713E-1
6.4100E-4	9.7656E-3	4.1021E-1
6.4200E-4	9.5215E-3	4.1230E-1
6.4300E-4	1.0010E-2	4.1470E-1
6.4400E-4	1.0010E-2	4.1714E-1
6.4500E-4	9.5215E-3	4.2275E-1
6.4600E-4	9.2773E-3	4.2749E-1
6.4700E-4	9.5215E-3	4.3413E-1
6.4800E-4	9.5215E-3	4.4180E-1
6.4900E-4	9.0332E-3	4.5210E-1
6.5000E-4	9.5215E-3	4.6162E-1
6.5100E-4	1.0010E-2	4.6987E-1
6.5200E-4	1.0010E-2	4.7808E-1
6.5300E-4	9.7656E-3	4.8555E-1
6.5400E-4	9.5215E-3	4.9106E-1
6.5500E-4	9.5215E-3	4.9531E-1
6.5600E-4	9.5215E-3	5.0034E-1
6.5700E-4	9.2773E-3	5.0449E-1
6.5800E-4	9.5215E-3	5.0913E-1
6.5900E-4	8.7891E-3	5.1392E-1
6.6000E-4	9.5215E-3	5.2026E-1
6.6100E-4	9.5215E-3	5.2661E-1
6.6200E-4	9.5215E-3	5.3325E-1
6.6300E-4	9.5215E-3	5.4199E-1
6.6400E-4	1.0010E-2	5.5190E-1
6.6500E-4	9.5215E-3	5.6196E-1
6.6600E-4	9.2773E-3	5.7168E-1
6.6700E-4	9.5215E-3	5.7944E-1
6.6800E-4	9.5215E-3	5.8354E-1
6.6900E-4	9.2773E-3	5.8633E-1
6.7000E-4	9.5215E-3	5.8901E-1
6.7100E-4	9.2773E-3	5.9229E-1
6.7200E-4	9.0332E-3	5.9790E-1
6.7300E-4	9.7656E-3	6.0576E-1
6.7400E-4	1.0010E-2	6.1372E-1
6.7500E-4	9.5215E-3	6.2153E-1
6.7600E-4	9.5215E-3	6.2861E-1
6.7700E-4	1.0010E-2	6.3442E-1
6.7800E-4	9.5215E-3	6.3848E-1
6.7900E-4	9.5215E-3	6.4302E-1
6.8000E-4	9.2773E-3	6.4780E-1
6.8100E-4	1.0010E-2	6.5483E-1
6.8200E-4	9.5215E-3	6.6372E-1
6.8300E-4	1.0010E-2	6.7368E-1
6.8400E-4	9.5215E-3	6.8335E-1
6.8500E-4	9.5215E-3	6.9175E-1
6.8600E-4	9.7656E-3	6.9780E-1
6.8700E-4	1.0010E-2	7.0200E-1
6.8800E-4	9.5215E-3	7.0503E-1
6.8900E-4	9.5215E-3	7.0806E-1
6.9000E-4	9.2773E-3	7.1064E-1
6.9100E-4	1.0010E-2	7.1240E-1
6.9200E-4	9.0332E-3	7.1465E-1
6.9300E-4	9.7656E-3	7.1738E-1
6.9400E-4	9.2773E-3	7.1904E-1
6.9500E-4	1.0010E-2	7.2051E-1
6.9600E-4	1.0010E-2	7.2241E-1
6.9700E-4	9.0332E-3	7.2314E-1
6.9800E-4	9.7656E-3	7.2480E-1
6.9900E-4	9.7656E-3	7.2505E-1
7.0000E-4	9.7656E-3	7.2603E-1
7.0100E-4	9.7656E-3	7.2700E-1
7.0200E-4	9.2773E-3	7.2842E-1
7.0300E-4	9.7656E-3	7.2842E-1
7.0400E-4	9.0332E-3	7.3218E-1
7.0500E-4	9.5215E-3	7.3584E-1
7.0600E-4	9.0332E-3	7.3779E-1
7.0700E-4	9.7656E-3	7.3813E-1
7.0800E-4	9.2773E-3	7.3789E-1
7.0900E-4	9.7656E-3	7.3574E-1
7.1000E-4	1.0010E-2	7.3159E-1
7.1100E-4	9.5215E-3	7.2944E-1
7.1200E-4	9.5215E-3	7.2822E-1
7.1300E-4	9.2773E-3	7.2905E-1
7.1400E-4	9.2773E-3	7.2905E-1
7.1500E-4	9.2773E-3	7.3057E-1
7.1600E-4	9.0332E-3	7.3159E-1
7.1700E-4	9.2773E-3	7.3242E-1
7.1800E-4	9.5215E-3	7.3086E-1
7.1900E-4	1.0010E-2	7.2856E-1
7.2000E-4	9.0332E-3	7.2559E-1
7.2100E-4	9.5215E-3	7.2393E-1
7.2200E-4	9.5215E-3	7.2134E-1
7.2300E-4	9.0332E-3	7.1953E-1
7.2400E-4	9.5215E-3	7.1943E-1
7.2500E-4	8.7891E-3	7.2021E-1
7.2600E-4	9.5215E-3	7.1909E-1
7.2700E-4	1.0010E-2	7.1899E-1
7.2800E-4	9.5215E-3	7.1699E-1
7.2900E-4	9.0332E-3	7.1455E-1
7.3000E-4	9.5215E-3	7.1167E-1
7.3100E-4	9.2773E-3	7.0996E-1
7.3200E-4	9.5215E-3	7.0752E-1
7.3300E-4	1.0010E-2	7.0703E-1
7.3400E-4	9.2773E-3	7.0635E-1
7.3500E-4	1.0010E-2	7.0547E-1
7.3600E-4	9.0332E-3	7.0303E-1
7.3700E-4	8.7891E-3	7.0234E-1
7.3800E-4	9.2773E-3	7.0352E-1
7.3900E-4	9.7656E-3	7.0366E-1
7.4000E-4	9.5215E-3	7.0415E-1
7.4100E-4	9.7656E-3	7.0425E-1
7.4200E-4	9.5215E-3	7.0332E-1
7.4300E-4	1.0010E-2	7.0063E-1
7.4400E-4	9.2773E-3	6.9814E-1
7.4500E-4	9.2773E-3	6.9541E-1
7.4600E-4	9.5215E-3	6.9448E-1
7.4700E-4	9.5215E-3	6.9277E-1
7.4800E-4	9.2773E-3	6.9233E-1
7.4900E-4	9.2773E-3	6.9351E-1
7.5000E-4	1.0010E-2	6.9385E-1
7.5100E-4	9.5215E-3	6.9487E-1
7.5200E-4	1.0498E-2	6.9590E-1
7.5300E-4	1.0010E-2	6.9600E-1
7.5400E-4	9.5215E-3	6.9473E-1
7.5500E-4	9.2773E-3	6.9502E-1
7.5600E-4	9.7656E-3	6.9292E-1
7.5700E-4	9.2773E-3	6.9258E-1
7.5800E-4	9.0332E-3	6.9067E-1
7.5900E-4	9.7656E-3	6.8916E-1
7.6000E-4	9.5215E-3	6.8643E-1
7.6100E-4	9.7656E-3	6.8389E-1
7.6200E-4	9.2773E-3	6.8179E-1
7.6300E-4	9.2773E-3	6.8164E-1
7.6400E-4	9.5215E-3	6.8281E-1
7.6500E-4	8.7891E-3	6.8437E-1
7.6600E-4	8.7891E-3	6.8804E-1
7.6700E-4	9.5215E-3	6.9331E-1
7.6800E-4	1.0010E-2	6.9600E-1
7.6900E-4	9.7656E-3	6.9771E-1
7.7000E-4	9.7656E-3	7.0015E-1
7.7100E-4	1.0010E-2	7.0225E-1
7.7200E-4	9.0332E-3	7.0308E-1
7.7300E-4	1.0010E-2	7.0537E-1
7.7400E-4	9.0332E-3	7.0596E-1
7.7500E-4	9.7656E-3	7.0664E-1
7.7600E-4	9.5215E-3	7.0679E-1
7.7700E-4	9.5215E-3	7.0610E-1
7.7800E-4	1.0010E-2	7.0503E-1
7.7900E-4	1.0010E-2	7.0508E-1
7.8000E-4	9.5215E-3	7.0483E-1
7.8100E-4	1.0010E-2	7.0532E-1
7.8200E-4	9.7656E-3	7.0552E-1
7.8300E-4	9.2773E-3	7.0781E-1
7.8400E-4	9.5215E-3	7.1060E-1
7.8500E-4	9.2773E-3	7.1323E-1
7.8600E-4	9.5215E-3	7.1372E-1
7.8700E-4	1.0010E-2	7.1377E-1
7.8800E-4	9.7656E-3	7.1245E-1
7.8900E-4	9.5215E-3	7.1094E-1
7.9000E-4	9.2773E-3	7.0767E-1
7.9100E-4	1.0010E-2	7.0654E-1
7.9200E-4	9.5215E-3	7.0688E-1
7.9300E-4	1.0254E-2	7.0737E-1
7.9400E-4	9.2773E-3	7.0796E-1
7.9500E-4	9.5215E-3	7.0977E-1
7.9600E-4	9.2773E-3	7.1021E-1
7.9700E-4	9.7656E-3	7.0889E-1
7.9800E-4	1.0254E-2	7.0771E-1
7.9900E-4	9.7656E-3	7.0635E-1
8.0000E-4	9.7656E-3	7.0469E-1
8.0100E-4	9.0332E-3	7.0376E-1
8.0200E-4	9.2773E-3	7.0225E-1
8.0300E-4	9.5215E-3	7.0088E-1
8.0400E-4	9.0332E-3	6.9976E-1
8.0500E-4	9.5215E-3	6.9888E-1
8.0600E-4	9.5215E-3	6.9775E-1
8.0700E-4	9.5215E-3	6.9722E-1
8.0800E-4	9.5215E-3	6.9561E-1
8.0900E-4	9.7656E-3	6.9360E-1
8.1000E-4	9.2773E-3	6.9082E-1
8.1100E-4	9.2773E-3	6.8701E-1
8.1200E-4	1.0254E-2	6.8364E-1
8.1300E-4	9.5215E-3	6.7998E-1
8.1400E-4	9.5215E-3	6.7617E-1
8.1500E-4	9.0332E-3	6.7207E-1
8.1600E-4	1.0010E-2	6.6904E-1
8.1700E-4	9.5215E-3	6.6616E-1
8.1800E-4	9.5215E-3	6.6470E-1
8.1900E-4	9.0332E-3	6.6182E-1
8.2000E-4	1.0010E-2	6.5986E-1
8.2100E-4	9.5215E-3	6.5835E-1
8.2200E-4	9.7656E-3	6.5615E-1
8.2300E-4	9.7656E-3	6.5352E-1
8.2400E-4	9.2773E-3	6.5078E-1
8.2500E-4	9.0332E-3	6.4653E-1
8.2600E-4	9.2773E-3	6.4004E-1
8.2700E-4	1.0254E-2	6.3188E-1
8.2800E-4	8.7891E-3	6.2212E-1
8.2900E-4	9.5215E-3	6.1504E-1
8.3000E-4	9.2773E-3	6.0884E-1
8.3100E-4	1.0010E-2	6.0254E-1
8.3200E-4	9.7656E-3	5.9565E-1
8.3300E-4	9.0332E-3	5.8975E-1
8.3400E-4	9.5215E-3	5.8232E-1
8.3500E-4	1.0010E-2	5.7573E-1
8.3600E-4	9.0332E-3	5.7012E-1
8.3700E-4	9.7656E-3	5.6538E-1
8.3800E-4	9.5215E-3	5.6084E-1
8.3900E-4	9.2773E-3	5.5605E-1
8.4000E-4	9.2773E-3	5.5098E-1
8.4100E-4	9.2773E-3	5.4497E-1
8.4200E-4	9.5215E-3	5.3809E-1
8.4300E-4	1.0010E-2	5.3130E-1
8.4400E-4	9.7656E-3	5.2373E-1
8.4500E-4	9.2773E-3	5.1665E-1
8.4600E-4	8.7891E-3	5.1152E-1
8.4700E-4	1.0254E-2	5.0747E-1
8.4800E-4	9.7656E-3	5.0244E-1
8.4900E-4	9.5215E-3	4.9717E-1
8.5000E-4	9.5215E-3	4.9058E-1
8.5100E-4	9.5215E-3	4.8413E-1
8.5200E-4	9.2773E-3	4.7866E-1
8.5300E-4	1.0010E-2	4.7344E-1
8.5400E-4	9.0332E-3	4.7002E-1
8.5500E-4	9.2773E-3	4.6636E-1
8.5600E-4	9.2773E-3	4.6240E-1
8.5700E-4	9.5215E-3	4.6030E-1
8.5800E-4	9.5215E-3	4.5786E-1
8.5900E-4	9.2773E-3	4.5586E-1
8.6000E-4	9.7656E-3	4.5562E-1
8.6100E-4	9.7656E-3	4.5420E-1
8.6200E-4	9.7656E-3	4.5093E-1
8.6300E-4	9.2773E-3	4.4604E-1
8.6400E-4	9.5215E-3	4.3979E-1
8.6500E-4	9.5215E-3	4.3247E-1
8.6600E-4	1.0010E-2	4.2358E-1
8.6700E-4	9.5215E-3	4.1460E-1
8.6800E-4	1.0010E-2	4.0874E-1
8.6900E-4	9.2773E-3	4.0234E-1
8.7000E-4	1.0010E-2	3.9683E-1
8.7100E-4	9.0332E-3	3.9487E-1
8.7200E-4	9.7656E-3	3.9307E-1
8.7300E-4	9.5215E-3	3.9146E-1
8.7400E-4	9.5215E-3	3.9160E-1
8.7500E-4	9.5215E-3	3.9219E-1
8.7600E-4	8.7891E-3	3.9233E-1
8.7700E-4	9.7656E-3	3.9224E-1
8.7800E-4	8.7891E-3	3.9106E-1
8.7900E-4	9.2773E-3	3.8799E-1
8.8000E-4	9.7656E-3	3.8359E-1
8.8100E-4	9.5215E-3	3.7671E-1
8.8200E-4	9.0332E-3	3.7100E-1
8.8300E-4	9.5215E-3	3.6689E-1
8.8400E-4	9.5215E-3	3.6450E-1
8.8500E-4	1.0010E-2	3.6401E-1
8.8600E-4	9.0332E-3	3.6621E-1
8.8700E-4	9.5215E-3	3.6792E-1
8.8800E-4	9.2773E-3	3.6831E-1
8.8900E-4	1.0010E-2	3.6797E-1
8.9000E-4	9.5215E-3	3.6729E-1
8.9100E-4	9.0332E-3	3.6660E-1
8.9200E-4	9.5215E-3	3.6636E-1
8.9300E-4	9.0332E-3	3.6440E-1
8.9400E-4	1.0254E-2	3.6274E-1
8.9500E-4	9.2773E-3	3.5972E-1
8.9600E-4	9.0332E-3	3.5488E-1
8.9700E-4	9.2773E-3	3.4961E-1
8.9800E-4	9.5215E-3	3.4624E-1
8.9900E-4	9.0332E-3	3.4424E-1
9.0000E-4	1.0010E-2	3.4282E-1
9.0100E-4	1.0010E-2	3.4292E-1
9.0200E-4	9.0332E-3	3.4331E-1
9.0300E-4	1.0254E-2	3.4497E-1
9.0400E-4	9.7656E-3	3.4521E-1
9.0500E-4	9.5215E-3	3.4434E-1
9.0600E-4	1.0010E-2	3.4321E-1
9.0700E-4	9.2773E-3	3.4263E-1
9.0800E-4	1.0498E-2	3.4077E-1
9.0900E-4	1.0010E-2	3.3848E-1
9.1000E-4	9.5215E-3	3.3809E-1
9.1100E-4	9.2773E-3	3.3901E-1
9.1200E-4	9.7656E-3	3.3916E-1
9.1300E-4	1.0254E-2	3.3999E-1
9.1400E-4	9.0332E-3	3.4058E-1
9.1500E-4	9.7656E-3	3.4106E-1
9.1600E-4	9.0332E-3	3.4087E-1
9.1700E-4	8.5449E-3	3.4146E-1
9.1800E-4	1.0010E-2	3.4268E-1
9.1900E-4	1.0010E-2	3.4556E-1
9.2000E-4	9.2773E-3	3.4883E-1
9.2100E-4	9.2773E-3	3.5044E-1
9.2200E-4	9.5215E-3	3.5303E-1
9.2300E-4	9.5215E-3	3.5508E-1
9.2400E-4	1.0498E-2	3.5674E-1
9.2500E-4	9.5215E-3	3.5767E-1
9.2600E-4	9.5215E-3	3.6001E-1
9.2700E-4	9.5215E-3	3.6113E-1
9.2800E-4	9.5215E-3	3.6191E-1
9.2900E-4	8.7891E-3	3.6245E-1
9.3000E-4	9.7656E-3	3.6240E-1
9.3100E-4	9.5215E-3	3.6357E-1
9.3200E-4	8.7891E-3	3.6450E-1
9.3300E-4	9.7656E-3	3.6499E-1
9.3400E-4	9.2773E-3	3.6665E-1
9.3500E-4	9.7656E-3	3.6904E-1
9.3600E-4	9.5215E-3	3.7271E-1
9.3700E-4	9.2773E-3	3.7764E-1
9.3800E-4	1.0010E-2	3.8320E-1
9.3900E-4	9.0332E-3	3.8711E-1
9.4000E-4	9.0332E-3	3.9121E-1
9.4100E-4	9.7656E-3	3.9351E-1
9.4200E-4	1.0010E-2	3.9526E-1
9.4300E-4	9.2773E-3	3.9668E-1
9.4400E-4	9.2773E-3	3.9810E-1
9.4500E-4	9.7656E-3	4.0039E-1
9.4600E-4	9.7656E-3	4.0200E-1
9.4700E-4	1.0010E-2	4.0313E-1
9.4800E-4	9.0332E-3	4.0459E-1
9.4900E-4	9.5215E-3	4.0742E-1
9.5000E-4	9.0332E-3	4.1050E-1
9.5100E-4	9.2773E-3	4.1519E-1
9.5200E-4	9.2773E-3	4.2163E-1
9.5300E-4	1.0010E-2	4.2891E-1
9.5400E-4	1.0254E-2	4.3794E-1
9.5500E-4	8.5449E-3	4.4644E-1
9.5600E-4	9.2773E-3	4.5513E-1
9.5700E-4	9.7656E-3	4.6152E-1
9.5800E-4	9.5215E-3	4.6812E-1
9.5900E-4	9.2773E-3	4.7305E-1
9.6000E-4	9.0332E-3	4.7822E-1
9.6100E-4	9.5215E-3	4.8301E-1
9.6200E-4	9.7656E-3	4.8877E-1
9.6300E-4	9.2773E-3	4.9351E-1
9.6400E-4	9.7656E-3	4.9907E-1
9.6500E-4	9.7656E-3	5.0337E-1
9.6600E-4	9.5215E-3	5.0659E-1
9.6700E-4	9.5215E-3	5.0996E-1
9.6800E-4	9.5215E-3	5.1353E-1
9.6900E-4	9.2773E-3	5.1558E-1
9.7000E-4	9.2773E-3	5.1987E-1
9.7100E-4	9.2773E-3	5.2402E-1
9.7200E-4	9.7656E-3	5.2964E-1
9.7300E-4	9.5215E-3	5.3589E-1
9.7400E-4	1.0254E-2	5.4390E-1
9.7500E-4	9.5215E-3	5.5015E-1
9.7600E-4	9.2773E-3	5.5825E-1
9.7700E-4	9.5215E-3	5.6436E-1
9.7800E-4	9.7656E-3	5.7056E-1
9.7900E-4	9.5215E-3	5.7461E-1
9.8000E-4	9.2773E-3	5.7998E-1
9.8100E-4	9.5215E-3	5.8481E-1
9.8200E-4	9.7656E-3	5.9014E-1
9.8300E-4	9.5215E-3	5.9551E-1
9.8400E-4	1.0254E-2	6.0215E-1
9.8500E-4	9.2773E-3	6.0742E-1
9.8600E-4	9.2773E-3	6.1235E-1
9.8700E-4	9.5215E-3	6.1914E-1
9.8800E-4	1.0010E-2	6.2568E-1
9.8900E-4	9.0332E-3	6.3330E-1
9.9000E-4	9.0332E-3	6.4038E-1
9.9100E-4	9.2773E-3	6.4717E-1
9.9200E-4	9.5215E-3	6.5234E-1
9.9300E-4	9.7656E-3	6.5757E-1
9.9400E-4	9.7656E-3	6.6094E-1
9.9500E-4	9.7656E-3	6.6499E-1
9.9600E-4	9.2773E-3	6.6821E-1
9.9700E-4	9.0332E-3	6.7134E-1
9.9800E-4	9.2773E-3	6.7134E-1
9.9900E-4	9.5215E-3	6.7134E-1
