Time [s]	Aux in [V]	Main in [V]
0.0000E+0	9.2773E-3	6.3726E-1
1.0000E-6	9.2773E-3	6.3911E-1
2.0000E-6	9.2773E-3	6.3994E-1
3.0000E-6	9.2773E-3	6.4092E-1
4.0000E-6	9.5215E-3	6.4272E-1
5.0000E-6	9.2773E-3	6.4282E-1
6.0000E-6	1.0254E-2	6.4551E-1
7.0000E-6	9.5215E-3	6.5112E-1
8.0000E-6	9.7656E-3	6.5835E-1
9.0000E-6	1.0254E-2	6.6279E-1
1.0000E-5	9.5215E-3	6.6602E-1
1.1000E-5	9.2773E-3	6.6504E-1
1.2000E-5	9.7656E-3	6.6069E-1
1.3000E-5	9.7656E-3	6.5420E-1
1.4000E-5	9.5215E-3	6.4824E-1
1.5000E-5	9.5215E-3	6.4229E-1
1.6000E-5	9.2773E-3	6.3784E-1
1.7000E-5	8.7891E-3	6.3535E-1
1.8000E-5	9.5215E-3	6.3638E-1
1.9000E-5	9.2773E-3	6.3784E-1
2.0000E-5	1.0010E-2	6.3994E-1
2.1000E-5	9.2773E-3	6.4043E-1
2.2000E-5	9.5215E-3	6.3906E-1
2.3000E-5	9.5215E-3	6.3237E-1
2.4000E-5	9.5215E-3	6.2593E-1
2.5000E-5	1.0010E-2	6.2168E-1
2.6000E-5	9.5215E-3	6.1831E-1
2.7000E-5	9.7656E-3	6.1460E-1
2.8000E-5	9.7656E-3	6.0996E-1
2.9000E-5	9.7656E-3	6.0356E-1
3.0000E-5	9.2773E-3	5.9438E-1
3.1000E-5	1.0010E-2	5.8140E-1
3.2000E-5	9.7656E-3	5.6738E-1
3.3000E-5	9.7656E-3	5.5493E-1
3.4000E-5	9.7656E-3	5.4268E-1
3.5000E-5	9.2773E-3	5.3057E-1
3.6000E-5	9.2773E-3	5.2241E-1
3.7000E-5	1.0254E-2	5.1553E-1
3.8000E-5	9.5215E-3	5.1040E-1
3.9000E-5	9.7656E-3	5.0620E-1
4.0000E-5	9.7656E-3	5.0142E-1
4.1000E-5	9.7656E-3	4.9766E-1
4.2000E-5	9.5215E-3	4.9604E-1
4.3000E-5	9.7656E-3	4.9355E-1
4.4000E-5	9.2773E-3	4.9126E-1
4.5000E-5	9.7656E-3	4.8789E-1
4.6000E-5	9.5215E-3	4.8364E-1
4.7000E-5	9.7656E-3	4.7749E-1
4.8000E-5	9.2773E-3	4.6904E-1
4.9000E-5	9.5215E-3	4.5937E-1
5.0000E-5	9.7656E-3	4.5195E-1
5.1000E-5	1.0010E-2	4.4458E-1
5.2000E-5	9.5215E-3	4.3711E-1
5.3000E-5	9.7656E-3	4.3159E-1
5.4000E-5	9.2773E-3	4.2827E-1
5.5000E-5	1.0254E-2	4.2466E-1
5.6000E-5	9.2773E-3	4.2056E-1
5.7000E-5	1.0010E-2	4.1655E-1
5.8000E-5	9.7656E-3	4.1445E-1
5.9000E-5	9.7656E-3	4.1519E-1
6.0000E-5	1.0254E-2	4.1563E-1
6.1000E-5	9.7656E-3	4.1470E-1
6.2000E-5	9.2773E-3	4.1348E-1
6.3000E-5	9.5215E-3	4.1079E-1
6.4000E-5	9.7656E-3	4.0210E-1
6.5000E-5	9.5215E-3	3.9321E-1
6.6000E-5	9.7656E-3	3.8682E-1
6.7000E-5	1.0254E-2	3.8081E-1
6.8000E-5	9.5215E-3	3.7627E-1
6.9000E-5	9.5215E-3	3.7358E-1
7.0000E-5	9.7656E-3	3.7139E-1
7.1000E-5	9.2773E-3	3.6841E-1
7.2000E-5	8.7891E-3	3.6660E-1
7.3000E-5	9.2773E-3	3.6357E-1
7.4000E-5	9.5215E-3	3.6001E-1
7.5000E-5	9.5215E-3	3.5615E-1
7.6000E-5	9.5215E-3	3.5420E-1
7.7000E-5	9.7656E-3	3.5117E-1
7.8000E-5	1.0742E-2	3.4658E-1
7.9000E-5	9.2773E-3	3.4541E-1
8.0000E-5	9.7656E-3	3.4336E-1
8.1000E-5	9.2773E-3	3.3901E-1
8.2000E-5	9.2773E-3	3.3423E-1
8.3000E-5	1.0254E-2	3.2935E-1
8.4000E-5	1.0010E-2	3.2119E-1
8.5000E-5	9.5215E-3	3.1548E-1
8.6000E-5	1.0254E-2	3.1133E-1
8.7000E-5	9.2773E-3	3.0894E-1
8.8000E-5	9.5215E-3	3.0850E-1
8.9000E-5	9.5215E-3	3.1021E-1
9.0000E-5	1.0254E-2	3.1172E-1
9.1000E-5	9.0332E-3	3.1147E-1
9.2000E-5	9.5215E-3	3.1079E-1
9.3000E-5	9.5215E-3	3.1108E-1
9.4000E-5	9.7656E-3	3.1079E-1
9.5000E-5	9.7656E-3	3.0864E-1
9.6000E-5	9.5215E-3	3.0684E-1
9.7000E-5	1.0010E-2	3.0425E-1
9.8000E-5	9.7656E-3	3.0117E-1
9.9000E-5	9.2773E-3	2.9834E-1
1.0000E-4	1.0010E-2	2.9766E-1
1.0100E-4	9.5215E-3	2.9888E-1
1.0200E-4	9.2773E-3	3.0342E-1
1.0300E-4	9.5215E-3	3.0776E-1
1.0400E-4	9.5215E-3	3.1069E-1
1.0500E-4	9.7656E-3	3.1260E-1
1.0600E-4	1.0010E-2	3.1528E-1
1.0700E-4	1.0010E-2	3.1807E-1
1.0800E-4	1.0010E-2	3.1997E-1
1.0900E-4	9.2773E-3	3.2334E-1
1.1000E-4	9.5215E-3	3.2847E-1
1.1100E-4	9.2773E-3	3.3145E-1
1.1200E-4	8.7891E-3	3.3120E-1
1.1300E-4	9.7656E-3	3.3228E-1
1.1400E-4	9.2773E-3	3.3203E-1
1.1500E-4	9.5215E-3	3.3115E-1
1.1600E-4	1.0254E-2	3.3052E-1
1.1700E-4	9.5215E-3	3.3203E-1
1.1800E-4	9.7656E-3	3.3379E-1
1.1900E-4	9.7656E-3	3.3667E-1
1.2000E-4	9.2773E-3	3.3906E-1
1.2100E-4	9.2773E-3	3.4180E-1
1.2200E-4	9.5215E-3	3.4209E-1
1.2300E-4	9.2773E-3	3.4009E-1
1.2400E-4	9.7656E-3	3.3760E-1
1.2500E-4	1.0010E-2	3.3604E-1
1.2600E-4	9.7656E-3	3.3569E-1
1.2700E-4	1.0010E-2	3.3799E-1
1.2800E-4	9.0332E-3	3.4180E-1
1.2900E-4	9.7656E-3	3.4526E-1
1.3000E-4	1.0010E-2	3.4863E-1
1.3100E-4	1.0010E-2	3.5044E-1
1.3200E-4	9.0332E-3	3.5000E-1
1.3300E-4	9.5215E-3	3.5088E-1
1.3400E-4	1.0010E-2	3.5278E-1
1.3500E-4	9.2773E-3	3.5459E-1
1.3600E-4	9.5215E-3	3.5522E-1
1.3700E-4	1.0498E-2	3.5649E-1
1.3800E-4	9.7656E-3	3.5713E-1
1.3900E-4	9.5215E-3	3.5957E-1
1.4000E-4	9.0332E-3	3.6440E-1
1.4100E-4	1.0010E-2	3.7183E-1
1.4200E-4	9.5215E-3	3.7910E-1
1.4300E-4	1.0254E-2	3.8594E-1
1.4400E-4	9.5215E-3	3.9136E-1
1.4500E-4	1.0254E-2	3.9370E-1
1.4600E-4	9.5215E-3	3.9565E-1
1.4700E-4	9.2773E-3	3.9966E-1
1.4800E-4	8.7891E-3	4.0562E-1
1.4900E-4	9.5215E-3	4.1216E-1
1.5000E-4	1.0254E-2	4.1987E-1
1.5100E-4	9.0332E-3	4.2793E-1
1.5200E-4	9.5215E-3	4.3423E-1
1.5300E-4	9.2773E-3	4.3887E-1
1.5400E-4	9.7656E-3	4.4414E-1
1.5500E-4	9.5215E-3	4.5039E-1
1.5600E-4	9.2773E-3	4.5718E-1
1.5700E-4	9.7656E-3	4.6489E-1
1.5800E-4	1.0498E-2	4.7231E-1
1.5900E-4	1.0254E-2	4.7900E-1
1.6000E-4	9.5215E-3	4.8657E-1
1.6100E-4	9.7656E-3	4.9399E-1
1.6200E-4	1.0254E-2	5.0146E-1
1.6300E-4	9.5215E-3	5.0815E-1
1.6400E-4	9.5215E-3	5.1401E-1
1.6500E-4	9.2773E-3	5.1704E-1
1.6600E-4	9.7656E-3	5.2100E-1
1.6700E-4	9.0332E-3	5.2285E-1
1.6800E-4	9.0332E-3	5.2520E-1
1.6900E-4	9.5215E-3	5.2935E-1
1.7000E-4	9.7656E-3	5.3516E-1
1.7100E-4	8.7891E-3	5.4106E-1
1.7200E-4	9.2773E-3	5.4907E-1
1.7300E-4	1.0010E-2	5.5771E-1
1.7400E-4	8.5449E-3	5.6445E-1
1.7500E-4	9.7656E-3	5.6851E-1
1.7600E-4	9.5215E-3	5.7007E-1
1.7700E-4	9.0332E-3	5.7061E-1
1.7800E-4	9.5215E-3	5.7476E-1
1.7900E-4	9.7656E-3	5.8218E-1
1.8000E-4	9.7656E-3	5.9326E-1
1.8100E-4	1.0010E-2	6.0439E-1
1.8200E-4	1.0498E-2	6.1567E-1
1.8300E-4	9.7656E-3	6.2271E-1
1.8400E-4	9.5215E-3	6.2676E-1
1.8500E-4	9.5215E-3	6.3008E-1
1.8600E-4	9.5215E-3	6.3418E-1
1.8700E-4	9.5215E-3	6.3979E-1
1.8800E-4	1.0010E-2	6.4673E-1
1.8900E-4	9.7656E-3	6.5371E-1
1.9000E-4	9.5215E-3	6.6191E-1
1.9100E-4	1.0010E-2	6.6924E-1
1.9200E-4	9.5215E-3	6.7612E-1
1.9300E-4	9.5215E-3	6.8149E-1
1.9400E-4	9.7656E-3	6.8721E-1
1.9500E-4	9.5215E-3	6.9092E-1
1.9600E-4	9.2773E-3	6.9355E-1
1.9700E-4	9.7656E-3	6.9395E-1
1.9800E-4	9.2773E-3	6.9399E-1
1.9900E-4	9.2773E-3	6.9341E-1
2.0000E-4	9.2773E-3	6.9395E-1
2.0100E-4	9.2773E-3	6.9663E-1
2.0200E-4	1.0010E-2	7.0107E-1
2.0300E-4	9.5215E-3	7.0605E-1
2.0400E-4	8.7891E-3	7.0991E-1
2.0500E-4	9.7656E-3	7.1309E-1
2.0600E-4	9.2773E-3	7.1494E-1
2.0700E-4	9.7656E-3	7.1860E-1
2.0800E-4	9.5215E-3	7.2134E-1
2.0900E-4	9.5215E-3	7.2524E-1
2.1000E-4	9.7656E-3	7.2578E-1
2.1100E-4	9.2773E-3	7.2642E-1
2.1200E-4	9.5215E-3	7.2305E-1
2.1300E-4	9.5215E-3	7.1997E-1
2.1400E-4	9.2773E-3	7.1431E-1
2.1500E-4	1.0010E-2	7.0879E-1
2.1600E-4	1.0010E-2	7.0220E-1
2.1700E-4	9.2773E-3	6.9751E-1
2.1800E-4	9.2773E-3	6.9575E-1
2.1900E-4	1.0010E-2	6.9595E-1
2.2000E-4	9.5215E-3	6.9927E-1
2.2100E-4	9.2773E-3	7.0449E-1
2.2200E-4	1.0010E-2	7.0801E-1
2.2300E-4	1.0010E-2	7.0874E-1
2.2400E-4	1.0254E-2	7.0918E-1
2.2500E-4	9.5215E-3	7.0688E-1
2.2600E-4	9.5215E-3	7.0161E-1
2.2700E-4	1.0254E-2	6.9653E-1
2.2800E-4	9.2773E-3	6.8994E-1
2.2900E-4	9.2773E-3	6.8408E-1
2.3000E-4	9.7656E-3	6.7866E-1
2.3100E-4	9.2773E-3	6.7588E-1
2.3200E-4	9.5215E-3	6.7334E-1
2.3300E-4	9.2773E-3	6.7236E-1
2.3400E-4	1.0498E-2	6.7026E-1
2.3500E-4	9.2773E-3	6.6909E-1
2.3600E-4	9.7656E-3	6.6514E-1
2.3700E-4	9.2773E-3	6.6157E-1
2.3800E-4	9.5215E-3	6.5952E-1
2.3900E-4	9.5215E-3	6.5815E-1
2.4000E-4	9.2773E-3	6.5679E-1
2.4100E-4	9.5215E-3	6.6001E-1
2.4200E-4	9.7656E-3	6.6455E-1
2.4300E-4	8.5449E-3	6.6763E-1
2.4400E-4	9.5215E-3	6.7075E-1
2.4500E-4	9.0332E-3	6.7339E-1
2.4600E-4	9.5215E-3	6.7334E-1
2.4700E-4	9.7656E-3	6.7124E-1
2.4800E-4	9.7656E-3	6.6704E-1
2.4900E-4	8.7891E-3	6.6162E-1
2.5000E-4	9.7656E-3	6.5518E-1
2.5100E-4	9.7656E-3	6.4746E-1
2.5200E-4	9.5215E-3	6.4082E-1
2.5300E-4	9.5215E-3	6.3652E-1
2.5400E-4	9.7656E-3	6.3359E-1
2.5500E-4	1.0010E-2	6.3350E-1
2.5600E-4	9.7656E-3	6.3555E-1
2.5700E-4	9.2773E-3	6.3970E-1
2.5800E-4	9.7656E-3	6.4575E-1
2.5900E-4	9.0332E-3	6.5098E-1
2.6000E-4	9.2773E-3	6.5381E-1
2.6100E-4	1.0010E-2	6.5527E-1
2.6200E-4	1.0254E-2	6.5444E-1
2.6300E-4	9.2773E-3	6.5342E-1
2.6400E-4	9.5215E-3	6.5322E-1
2.6500E-4	9.0332E-3	6.5352E-1
2.6600E-4	9.5215E-3	6.5552E-1
2.6700E-4	8.3008E-3	6.5776E-1
2.6800E-4	9.5215E-3	6.5889E-1
2.6900E-4	9.7656E-3	6.5947E-1
2.7000E-4	1.0254E-2	6.6050E-1
2.7100E-4	9.2773E-3	6.5942E-1
2.7200E-4	9.5215E-3	6.5742E-1
2.7300E-4	9.2773E-3	6.5449E-1
2.7400E-4	1.0010E-2	6.5117E-1
2.7500E-4	9.2773E-3	6.4810E-1
2.7600E-4	9.2773E-3	6.4722E-1
2.7700E-4	1.0254E-2	6.4790E-1
2.7800E-4	9.5215E-3	6.4756E-1
2.7900E-4	9.7656E-3	6.5005E-1
2.8000E-4	9.2773E-3	6.5454E-1
2.8100E-4	9.7656E-3	6.5972E-1
2.8200E-4	9.7656E-3	6.6411E-1
2.8300E-4	9.5215E-3	6.7046E-1
2.8400E-4	9.2773E-3	6.7534E-1
2.8500E-4	1.0498E-2	6.7788E-1
2.8600E-4	9.0332E-3	6.8008E-1
2.8700E-4	9.5215E-3	6.8203E-1
2.8800E-4	1.0254E-2	6.8276E-1
2.8900E-4	1.0254E-2	6.8374E-1
2.9000E-4	1.0254E-2	6.8315E-1
2.9100E-4	1.0010E-2	6.7876E-1
2.9200E-4	9.2773E-3	6.7671E-1
2.9300E-4	9.0332E-3	6.7622E-1
2.9400E-4	1.0010E-2	6.7432E-1
2.9500E-4	1.0254E-2	6.7363E-1
2.9600E-4	9.5215E-3	6.7651E-1
2.9700E-4	9.2773E-3	6.7798E-1
2.9800E-4	9.2773E-3	6.7954E-1
2.9900E-4	9.2773E-3	6.8032E-1
3.0000E-4	1.0010E-2	6.8188E-1
3.0100E-4	9.2773E-3	6.8325E-1
3.0200E-4	9.5215E-3	6.8442E-1
3.0300E-4	1.0010E-2	6.8628E-1
3.0400E-4	9.0332E-3	6.8936E-1
3.0500E-4	9.0332E-3	6.9321E-1
3.0600E-4	1.0010E-2	6.9717E-1
3.0700E-4	9.5215E-3	7.0015E-1
3.0800E-4	9.5215E-3	7.0015E-1
3.0900E-4	9.5215E-3	7.0024E-1
3.1000E-4	9.2773E-3	6.9731E-1
3.1100E-4	9.5215E-3	6.9072E-1
3.1200E-4	9.2773E-3	6.8496E-1
3.1300E-4	9.7656E-3	6.8115E-1
3.1400E-4	9.7656E-3	6.7822E-1
3.1500E-4	9.7656E-3	6.7681E-1
3.1600E-4	9.7656E-3	6.7651E-1
3.1700E-4	9.5215E-3	6.7617E-1
3.1800E-4	9.0332E-3	6.7690E-1
3.1900E-4	9.7656E-3	6.7627E-1
3.2000E-4	9.2773E-3	6.7466E-1
3.2100E-4	9.5215E-3	6.7310E-1
3.2200E-4	9.7656E-3	6.6924E-1
3.2300E-4	9.7656E-3	6.6240E-1
3.2400E-4	9.2773E-3	6.5483E-1
3.2500E-4	9.0332E-3	6.4756E-1
3.2600E-4	1.0254E-2	6.4307E-1
3.2700E-4	1.0254E-2	6.4087E-1
3.2800E-4	9.7656E-3	6.3960E-1
3.2900E-4	9.0332E-3	6.3916E-1
3.3000E-4	9.5215E-3	6.3882E-1
3.3100E-4	9.5215E-3	6.3564E-1
3.3200E-4	9.7656E-3	6.3076E-1
3.3300E-4	1.0010E-2	6.2285E-1
3.3400E-4	9.5215E-3	6.1299E-1
3.3500E-4	1.0254E-2	6.0205E-1
3.3600E-4	9.2773E-3	5.9136E-1
3.3700E-4	1.0010E-2	5.8242E-1
3.3800E-4	1.0010E-2	5.7617E-1
3.3900E-4	1.0010E-2	5.7051E-1
3.4000E-4	8.7891E-3	5.6587E-1
3.4100E-4	1.0010E-2	5.6177E-1
3.4200E-4	1.0010E-2	5.5444E-1
3.4300E-4	9.7656E-3	5.4810E-1
3.4400E-4	9.2773E-3	5.4185E-1
3.4500E-4	1.0010E-2	5.3491E-1
3.4600E-4	1.0010E-2	5.2886E-1
3.4700E-4	9.5215E-3	5.2451E-1
3.4800E-4	9.2773E-3	5.2104E-1
3.4900E-4	9.2773E-3	5.1831E-1
3.5000E-4	9.5215E-3	5.1514E-1
3.5100E-4	9.5215E-3	5.0864E-1
3.5200E-4	9.2773E-3	5.0278E-1
3.5300E-4	9.5215E-3	4.9429E-1
3.5400E-4	1.0010E-2	4.8491E-1
3.5500E-4	1.0010E-2	4.7856E-1
3.5600E-4	9.2773E-3	4.7397E-1
3.5700E-4	1.0010E-2	4.6812E-1
3.5800E-4	9.2773E-3	4.5972E-1
3.5900E-4	1.0010E-2	4.5146E-1
3.6000E-4	1.0254E-2	4.4204E-1
3.6100E-4	9.5215E-3	4.3467E-1
3.6200E-4	9.7656E-3	4.2939E-1
3.6300E-4	8.7891E-3	4.2822E-1
3.6400E-4	1.0254E-2	4.2949E-1
3.6500E-4	1.0010E-2	4.3276E-1
3.6600E-4	9.5215E-3	4.3589E-1
3.6700E-4	9.5215E-3	4.3594E-1
3.6800E-4	1.0010E-2	4.3516E-1
3.6900E-4	9.0332E-3	4.3188E-1
3.7000E-4	9.0332E-3	4.2451E-1
3.7100E-4	9.5215E-3	4.1563E-1
3.7200E-4	1.0010E-2	4.0771E-1
3.7300E-4	9.7656E-3	4.0005E-1
3.7400E-4	9.5215E-3	3.9409E-1
3.7500E-4	9.2773E-3	3.8940E-1
3.7600E-4	9.5215E-3	3.8350E-1
3.7700E-4	9.2773E-3	3.7910E-1
3.7800E-4	1.0010E-2	3.7285E-1
3.7900E-4	9.7656E-3	3.6689E-1
3.8000E-4	1.0010E-2	3.6060E-1
3.8100E-4	1.0010E-2	3.5718E-1
3.8200E-4	9.0332E-3	3.5439E-1
3.8300E-4	9.7656E-3	3.5405E-1
3.8400E-4	9.5215E-3	3.5327E-1
3.8500E-4	9.7656E-3	3.5547E-1
3.8600E-4	9.5215E-3	3.5620E-1
3.8700E-4	1.0498E-2	3.5674E-1
3.8800E-4	9.5215E-3	3.5469E-1
3.8900E-4	9.7656E-3	3.5151E-1
3.9000E-4	1.0010E-2	3.4678E-1
3.9100E-4	9.5215E-3	3.4419E-1
3.9200E-4	9.2773E-3	3.3970E-1
3.9300E-4	9.7656E-3	3.3462E-1
3.9400E-4	9.7656E-3	3.3018E-1
3.9500E-4	1.0010E-2	3.2407E-1
3.9600E-4	9.2773E-3	3.1572E-1
3.9700E-4	9.5215E-3	3.0938E-1
3.9800E-4	1.0010E-2	3.0723E-1
3.9900E-4	9.7656E-3	3.0591E-1
4.0000E-4	9.2773E-3	3.0640E-1
4.0100E-4	9.5215E-3	3.0884E-1
4.0200E-4	9.7656E-3	3.0986E-1
4.0300E-4	9.2773E-3	3.0879E-1
4.0400E-4	9.5215E-3	3.0659E-1
4.0500E-4	9.2773E-3	3.0469E-1
4.0600E-4	9.7656E-3	3.0151E-1
4.0700E-4	1.0498E-2	3.0005E-1
4.0800E-4	9.5215E-3	2.9805E-1
4.0900E-4	1.0254E-2	2.9810E-1
4.1000E-4	9.7656E-3	2.9741E-1
4.1100E-4	9.7656E-3	2.9888E-1
4.1200E-4	9.7656E-3	3.0049E-1
4.1300E-4	9.5215E-3	3.0312E-1
4.1400E-4	1.0010E-2	3.0439E-1
4.1500E-4	1.0010E-2	3.0537E-1
4.1600E-4	9.7656E-3	3.0532E-1
4.1700E-4	1.0010E-2	3.0547E-1
4.1800E-4	9.7656E-3	3.0586E-1
4.1900E-4	9.7656E-3	3.0654E-1
4.2000E-4	9.2773E-3	3.1113E-1
4.2100E-4	9.7656E-3	3.1582E-1
4.2200E-4	9.7656E-3	3.1938E-1
4.2300E-4	9.5215E-3	3.2241E-1
4.2400E-4	1.0254E-2	3.2598E-1
4.2500E-4	9.7656E-3	3.2559E-1
4.2600E-4	9.7656E-3	3.2324E-1
4.2700E-4	9.7656E-3	3.2109E-1
4.2800E-4	1.0010E-2	3.1938E-1
4.2900E-4	9.7656E-3	3.1812E-1
4.3000E-4	1.0498E-2	3.1719E-1
4.3100E-4	9.5215E-3	3.1558E-1
4.3200E-4	9.5215E-3	3.1465E-1
4.3300E-4	1.0498E-2	3.1582E-1
4.3400E-4	9.7656E-3	3.1631E-1
4.3500E-4	9.5215E-3	3.1724E-1
4.3600E-4	9.2773E-3	3.1963E-1
4.3700E-4	1.0254E-2	3.2231E-1
4.3800E-4	1.0010E-2	3.2256E-1
4.3900E-4	9.7656E-3	3.2354E-1
4.4000E-4	1.0010E-2	3.2666E-1
4.4100E-4	9.2773E-3	3.3027E-1
4.4200E-4	1.0010E-2	3.3350E-1
4.4300E-4	9.0332E-3	3.3701E-1
4.4400E-4	9.5215E-3	3.4023E-1
4.4500E-4	1.0254E-2	3.4155E-1
4.4600E-4	1.0010E-2	3.4243E-1
4.4700E-4	1.0254E-2	3.4351E-1
4.4800E-4	9.5215E-3	3.4595E-1
4.4900E-4	9.2773E-3	3.4951E-1
4.5000E-4	9.0332E-3	3.5342E-1
4.5100E-4	9.2773E-3	3.5894E-1
4.5200E-4	9.7656E-3	3.6499E-1
4.5300E-4	9.2773E-3	3.7090E-1
4.5400E-4	9.2773E-3	3.7510E-1
4.5500E-4	9.5215E-3	3.7979E-1
4.5600E-4	9.5215E-3	3.8213E-1
4.5700E-4	9.7656E-3	3.8398E-1
4.5800E-4	9.5215E-3	3.8652E-1
4.5900E-4	9.5215E-3	3.8975E-1
4.6000E-4	9.5215E-3	3.9473E-1
4.6100E-4	9.2773E-3	4.0200E-1
4.6200E-4	9.5215E-3	4.1216E-1
4.6300E-4	9.7656E-3	4.2109E-1
4.6400E-4	1.0254E-2	4.3125E-1
4.6500E-4	9.5215E-3	4.3955E-1
4.6600E-4	1.0010E-2	4.4888E-1
4.6700E-4	1.0010E-2	4.5620E-1
4.6800E-4	9.7656E-3	4.6396E-1
4.6900E-4	1.0254E-2	4.6968E-1
4.7000E-4	9.5215E-3	4.7549E-1
4.7100E-4	1.0010E-2	4.8047E-1
4.7200E-4	9.2773E-3	4.8438E-1
4.7300E-4	9.2773E-3	4.8784E-1
4.7400E-4	1.0254E-2	4.9175E-1
4.7500E-4	9.5215E-3	4.9565E-1
4.7600E-4	9.7656E-3	5.0010E-1
4.7700E-4	9.2773E-3	5.0488E-1
4.7800E-4	9.7656E-3	5.0889E-1
4.7900E-4	9.2773E-3	5.1729E-1
4.8000E-4	1.0010E-2	5.2627E-1
4.8100E-4	9.5215E-3	5.3369E-1
4.8200E-4	9.2773E-3	5.4116E-1
4.8300E-4	8.7891E-3	5.5039E-1
4.8400E-4	9.5215E-3	5.5806E-1
4.8500E-4	9.5215E-3	5.6445E-1
4.8600E-4	9.5215E-3	5.6987E-1
4.8700E-4	9.0332E-3	5.7402E-1
4.8800E-4	9.5215E-3	5.7686E-1
4.8900E-4	9.2773E-3	5.7578E-1
4.9000E-4	9.7656E-3	5.7529E-1
4.9100E-4	9.5215E-3	5.7749E-1
4.9200E-4	9.5215E-3	5.8291E-1
4.9300E-4	9.5215E-3	5.8989E-1
4.9400E-4	1.0010E-2	5.9956E-1
4.9500E-4	8.7891E-3	6.0996E-1
4.9600E-4	9.2773E-3	6.2085E-1
4.9700E-4	9.2773E-3	6.3154E-1
4.9800E-4	9.7656E-3	6.4063E-1
4.9900E-4	9.5215E-3	6.4883E-1
5.0000E-4	9.5215E-3	6.5811E-1
5.0100E-4	9.7656E-3	6.6709E-1
5.0200E-4	9.5215E-3	6.7271E-1
5.0300E-4	1.0010E-2	6.7915E-1
5.0400E-4	9.7656E-3	6.8345E-1
5.0500E-4	9.7656E-3	6.8442E-1
5.0600E-4	9.7656E-3	6.8271E-1
5.0700E-4	9.5215E-3	6.8286E-1
5.0800E-4	9.5215E-3	6.8184E-1
5.0900E-4	1.0010E-2	6.8218E-1
5.1000E-4	9.7656E-3	6.8267E-1
5.1100E-4	1.0010E-2	6.8311E-1
5.1200E-4	9.0332E-3	6.8081E-1
5.1300E-4	9.5215E-3	6.7944E-1
5.1400E-4	9.7656E-3	6.7744E-1
5.1500E-4	1.0254E-2	6.7334E-1
5.1600E-4	8.5449E-3	6.7119E-1
5.1700E-4	1.0742E-2	6.7012E-1
5.1800E-4	1.0010E-2	6.6997E-1
5.1900E-4	9.5215E-3	6.6875E-1
5.2000E-4	9.5215E-3	6.6929E-1
5.2100E-4	1.0010E-2	6.6870E-1
5.2200E-4	9.2773E-3	6.6587E-1
5.2300E-4	9.2773E-3	6.6084E-1
5.2400E-4	1.0010E-2	6.5679E-1
5.2500E-4	9.2773E-3	6.4990E-1
5.2600E-4	9.5215E-3	6.3994E-1
5.2700E-4	9.2773E-3	6.2974E-1
5.2800E-4	9.2773E-3	6.1821E-1
5.2900E-4	9.5215E-3	6.0483E-1
5.3000E-4	9.5215E-3	5.9492E-1
5.3100E-4	9.7656E-3	5.8579E-1
5.3200E-4	9.7656E-3	5.7861E-1
5.3300E-4	9.5215E-3	5.7256E-1
5.3400E-4	9.0332E-3	5.6870E-1
5.3500E-4	1.0498E-2	5.6602E-1
5.3600E-4	9.5215E-3	5.6333E-1
5.3700E-4	9.5215E-3	5.5937E-1
5.3800E-4	1.0254E-2	5.5425E-1
5.3900E-4	9.0332E-3	5.4692E-1
5.4000E-4	9.5215E-3	5.3721E-1
5.4100E-4	9.7656E-3	5.2686E-1
5.4200E-4	9.5215E-3	5.1802E-1
5.4300E-4	1.0010E-2	5.1128E-1
5.4400E-4	9.2773E-3	5.0522E-1
5.4500E-4	9.5215E-3	4.9971E-1
5.4600E-4	1.0010E-2	4.9409E-1
5.4700E-4	9.7656E-3	4.8760E-1
5.4800E-4	9.2773E-3	4.7881E-1
5.4900E-4	9.5215E-3	4.6929E-1
5.5000E-4	9.7656E-3	4.5972E-1
5.5100E-4	9.2773E-3	4.5342E-1
5.5200E-4	9.7656E-3	4.5029E-1
5.5300E-4	9.5215E-3	4.4878E-1
5.5400E-4	9.5215E-3	4.4692E-1
5.5500E-4	9.7656E-3	4.4360E-1
5.5600E-4	9.5215E-3	4.3755E-1
5.5700E-4	1.0010E-2	4.2881E-1
5.5800E-4	9.2773E-3	4.1860E-1
5.5900E-4	9.0332E-3	4.1045E-1
5.6000E-4	9.0332E-3	4.0449E-1
5.6100E-4	9.7656E-3	4.0103E-1
5.6200E-4	9.7656E-3	3.9897E-1
5.6300E-4	9.2773E-3	4.0015E-1
5.6400E-4	9.5215E-3	4.0063E-1
5.6500E-4	1.0010E-2	4.0049E-1
5.6600E-4	9.2773E-3	3.9805E-1
5.6700E-4	9.5215E-3	3.9390E-1
5.6800E-4	9.2773E-3	3.8721E-1
5.6900E-4	9.2773E-3	3.8242E-1
5.7000E-4	9.7656E-3	3.7910E-1
5.7100E-4	9.2773E-3	3.7759E-1
5.7200E-4	9.2773E-3	3.7607E-1
5.7300E-4	9.0332E-3	3.7563E-1
5.7400E-4	9.0332E-3	3.7407E-1
5.7500E-4	1.0010E-2	3.6978E-1
5.7600E-4	9.5215E-3	3.6567E-1
5.7700E-4	1.0254E-2	3.6235E-1
5.7800E-4	1.0010E-2	3.5938E-1
5.7900E-4	9.7656E-3	3.5781E-1
5.8000E-4	9.5215E-3	3.5947E-1
5.8100E-4	9.5215E-3	3.6069E-1
5.8200E-4	9.2773E-3	3.6294E-1
5.8300E-4	9.2773E-3	3.6382E-1
5.8400E-4	9.7656E-3	3.6206E-1
5.8500E-4	9.5215E-3	3.5654E-1
5.8600E-4	9.7656E-3	3.5273E-1
5.8700E-4	9.5215E-3	3.4893E-1
5.8800E-4	9.0332E-3	3.4648E-1
5.8900E-4	9.7656E-3	3.4561E-1
5.9000E-4	9.2773E-3	3.4614E-1
5.9100E-4	1.0010E-2	3.4238E-1
5.9200E-4	9.2773E-3	3.3647E-1
5.9300E-4	9.5215E-3	3.3037E-1
5.9400E-4	9.5215E-3	3.2500E-1
5.9500E-4	1.0010E-2	3.2021E-1
5.9600E-4	9.5215E-3	3.1890E-1
5.9700E-4	9.7656E-3	3.2075E-1
5.9800E-4	8.7891E-3	3.2290E-1
5.9900E-4	8.3008E-3	3.2588E-1
6.0000E-4	9.7656E-3	3.2905E-1
6.0100E-4	1.0010E-2	3.3076E-1
6.0200E-4	9.0332E-3	3.3203E-1
6.0300E-4	1.0010E-2	3.3340E-1
6.0400E-4	1.0010E-2	3.3198E-1
6.0500E-4	9.2773E-3	3.3008E-1
6.0600E-4	1.0010E-2	3.2681E-1
6.0700E-4	9.5215E-3	3.2178E-1
6.0800E-4	1.0254E-2	3.1357E-1
6.0900E-4	1.0254E-2	3.0703E-1
6.1000E-4	9.2773E-3	3.0039E-1
6.1100E-4	9.0332E-3	2.9702E-1
6.1200E-4	9.2773E-3	2.9541E-1
6.1300E-4	9.5215E-3	2.9746E-1
6.1400E-4	9.2773E-3	3.0000E-1
6.1500E-4	9.5215E-3	3.0405E-1
6.1600E-4	9.5215E-3	3.0840E-1
6.1700E-4	9.7656E-3	3.1333E-1
6.1800E-4	9.7656E-3	3.1831E-1
6.1900E-4	1.0010E-2	3.2471E-1
6.2000E-4	8.7891E-3	3.3125E-1
6.2100E-4	1.0010E-2	3.3647E-1
6.2200E-4	1.0254E-2	3.4038E-1
6.2300E-4	9.0332E-3	3.4263E-1
6.2400E-4	8.7891E-3	3.4355E-1
6.2500E-4	9.2773E-3	3.4409E-1
6.2600E-4	9.2773E-3	3.4512E-1
6.2700E-4	9.7656E-3	3.4590E-1
6.2800E-4	1.0010E-2	3.4756E-1
6.2900E-4	1.0254E-2	3.4814E-1
6.3000E-4	9.5215E-3	3.4912E-1
6.3100E-4	9.5215E-3	3.4976E-1
6.3200E-4	9.2773E-3	3.5254E-1
6.3300E-4	9.7656E-3	3.5649E-1
6.3400E-4	9.7656E-3	3.6245E-1
6.3500E-4	9.2773E-3	3.6636E-1
6.3600E-4	9.2773E-3	3.7148E-1
6.3700E-4	9.5215E-3	3.7710E-1
6.3800E-4	1.0010E-2	3.8281E-1
6.3900E-4	9.5215E-3	3.8984E-1
6.4000E-4	9.2773E-3	3.9834E-1
6.4100E-4	9.2773E-3	4.0518E-1
6.4200E-4	1.0010E-2	4.0996E-1
6.4300E-4	9.5215E-3	4.1260E-1
6.4400E-4	9.5215E-3	4.1284E-1
6.4500E-4	9.5215E-3	4.1265E-1
6.4600E-4	9.2773E-3	4.1201E-1
6.4700E-4	9.5215E-3	4.1143E-1
6.4800E-4	9.5215E-3	4.1289E-1
6.4900E-4	9.5215E-3	4.1528E-1
6.5000E-4	8.7891E-3	4.1743E-1
6.5100E-4	1.0010E-2	4.2080E-1
6.5200E-4	9.5215E-3	4.2485E-1
6.5300E-4	9.2773E-3	4.2964E-1
6.5400E-4	9.5215E-3	4.3696E-1
6.5500E-4	1.0010E-2	4.4570E-1
6.5600E-4	9.2773E-3	4.5498E-1
6.5700E-4	9.2773E-3	4.6216E-1
6.5800E-4	9.2773E-3	4.6787E-1
6.5900E-4	1.0254E-2	4.7100E-1
6.6000E-4	9.5215E-3	4.7378E-1
6.6100E-4	9.2773E-3	4.7729E-1
6.6200E-4	9.5215E-3	4.8271E-1
6.6300E-4	9.5215E-3	4.8823E-1
6.6400E-4	9.2773E-3	4.9375E-1
6.6500E-4	9.5215E-3	4.9990E-1
6.6600E-4	9.2773E-3	5.0752E-1
6.6700E-4	9.5215E-3	5.1328E-1
6.6800E-4	9.0332E-3	5.1841E-1
6.6900E-4	9.2773E-3	5.2461E-1
6.7000E-4	9.0332E-3	5.3179E-1
6.7100E-4	9.5215E-3	5.4028E-1
6.7200E-4	9.5215E-3	5.5054E-1
6.7300E-4	9.7656E-3	5.6089E-1
6.7400E-4	9.7656E-3	5.6855E-1
6.7500E-4	9.5215E-3	5.7441E-1
6.7600E-4	9.0332E-3	5.7612E-1
6.7700E-4	9.0332E-3	5.7661E-1
6.7800E-4	9.7656E-3	5.7949E-1
6.7900E-4	9.7656E-3	5.8433E-1
6.8000E-4	9.2773E-3	5.8950E-1
6.8100E-4	9.5215E-3	5.9673E-1
6.8200E-4	9.7656E-3	6.0625E-1
6.8300E-4	9.7656E-3	6.1641E-1
6.8400E-4	9.2773E-3	6.2583E-1
6.8500E-4	9.5215E-3	6.3477E-1
6.8600E-4	9.2773E-3	6.4146E-1
6.8700E-4	9.2773E-3	6.4756E-1
6.8800E-4	1.0010E-2	6.5059E-1
6.8900E-4	9.5215E-3	6.5356E-1
6.9000E-4	9.0332E-3	6.5571E-1
6.9100E-4	9.7656E-3	6.5820E-1
6.9200E-4	9.2773E-3	6.5894E-1
6.9300E-4	1.0010E-2	6.6055E-1
6.9400E-4	1.0010E-2	6.6104E-1
6.9500E-4	1.0010E-2	6.6279E-1
6.9600E-4	9.7656E-3	6.6396E-1
6.9700E-4	1.0010E-2	6.6670E-1
6.9800E-4	9.7656E-3	6.7100E-1
6.9900E-4	9.2773E-3	6.7515E-1
7.0000E-4	9.5215E-3	6.7925E-1
7.0100E-4	1.0254E-2	6.8433E-1
7.0200E-4	9.2773E-3	6.8789E-1
7.0300E-4	9.2773E-3	6.8906E-1
7.0400E-4	9.7656E-3	6.8857E-1
7.0500E-4	9.5215E-3	6.8921E-1
7.0600E-4	9.5215E-3	6.8872E-1
7.0700E-4	1.0010E-2	6.8936E-1
7.0800E-4	9.2773E-3	6.8867E-1
7.0900E-4	9.5215E-3	6.9043E-1
7.1000E-4	9.5215E-3	6.9106E-1
7.1100E-4	9.5215E-3	6.9253E-1
7.1200E-4	9.0332E-3	6.9331E-1
7.1300E-4	9.7656E-3	6.9385E-1
7.1400E-4	9.7656E-3	6.9448E-1
7.1500E-4	9.7656E-3	6.9248E-1
7.1600E-4	9.2773E-3	6.8975E-1
7.1700E-4	1.0254E-2	6.8770E-1
7.1800E-4	9.0332E-3	6.8931E-1
7.1900E-4	9.7656E-3	6.9180E-1
7.2000E-4	9.5215E-3	6.9639E-1
7.2100E-4	9.2773E-3	6.9976E-1
7.2200E-4	1.0254E-2	7.0366E-1
7.2300E-4	1.0010E-2	7.0449E-1
7.2400E-4	9.5215E-3	7.0000E-1
7.2500E-4	9.5215E-3	6.9443E-1
7.2600E-4	9.5215E-3	6.8857E-1
7.2700E-4	9.7656E-3	6.8071E-1
7.2800E-4	9.5215E-3	6.7495E-1
7.2900E-4	9.5215E-3	6.7251E-1
7.3000E-4	9.7656E-3	6.7031E-1
7.3100E-4	1.0010E-2	6.6948E-1
7.3200E-4	9.2773E-3	6.6743E-1
7.3300E-4	9.2773E-3	6.6396E-1
7.3400E-4	1.0010E-2	6.6191E-1
7.3500E-4	9.5215E-3	6.6074E-1
7.3600E-4	9.0332E-3	6.5962E-1
7.3700E-4	9.7656E-3	6.6201E-1
7.3800E-4	9.2773E-3	6.6484E-1
7.3900E-4	9.2773E-3	6.6851E-1
7.4000E-4	8.7891E-3	6.6919E-1
7.4100E-4	8.5449E-3	6.6836E-1
7.4200E-4	9.2773E-3	6.6362E-1
7.4300E-4	9.5215E-3	6.5771E-1
7.4400E-4	9.7656E-3	6.5068E-1
7.4500E-4	9.5215E-3	6.4575E-1
7.4600E-4	9.7656E-3	6.4111E-1
7.4700E-4	9.2773E-3	6.3833E-1
7.4800E-4	1.0010E-2	6.3643E-1
7.4900E-4	9.7656E-3	6.3354E-1
7.5000E-4	9.5215E-3	6.3291E-1
7.5100E-4	9.7656E-3	6.3335E-1
7.5200E-4	9.5215E-3	6.3433E-1
7.5300E-4	9.7656E-3	6.3613E-1
7.5400E-4	1.0254E-2	6.3809E-1
7.5500E-4	9.7656E-3	6.3828E-1
7.5600E-4	9.7656E-3	6.4111E-1
7.5700E-4	9.5215E-3	6.4487E-1
7.5800E-4	9.0332E-3	6.4683E-1
7.5900E-4	9.2773E-3	6.4844E-1
7.6000E-4	9.5215E-3	6.4849E-1
7.6100E-4	9.7656E-3	6.4580E-1
7.6200E-4	9.0332E-3	6.4155E-1
7.6300E-4	9.5215E-3	6.3843E-1
7.6400E-4	9.0332E-3	6.3677E-1
7.6500E-4	9.7656E-3	6.3701E-1
7.6600E-4	1.0010E-2	6.3623E-1
7.6700E-4	9.5215E-3	6.3511E-1
7.6800E-4	9.5215E-3	6.3457E-1
7.6900E-4	9.5215E-3	6.3564E-1
7.7000E-4	9.2773E-3	6.3716E-1
7.7100E-4	9.5215E-3	6.4165E-1
7.7200E-4	1.0010E-2	6.4771E-1
7.7300E-4	9.5215E-3	6.5464E-1
7.7400E-4	9.5215E-3	6.5835E-1
7.7500E-4	1.0254E-2	6.6045E-1
7.7600E-4	9.0332E-3	6.6025E-1
7.7700E-4	9.2773E-3	6.6030E-1
7.7800E-4	9.2773E-3	6.5942E-1
7.7900E-4	9.7656E-3	6.5815E-1
7.8000E-4	1.0010E-2	6.5728E-1
7.8100E-4	9.2773E-3	6.5796E-1
7.8200E-4	9.5215E-3	6.5752E-1
7.8300E-4	9.5215E-3	6.5723E-1
7.8400E-4	9.2773E-3	6.5698E-1
7.8500E-4	9.5215E-3	6.5884E-1
7.8600E-4	1.0010E-2	6.6133E-1
7.8700E-4	9.5215E-3	6.6431E-1
7.8800E-4	9.2773E-3	6.6597E-1
7.8900E-4	9.5215E-3	6.6992E-1
7.9000E-4	9.5215E-3	6.7441E-1
7.9100E-4	9.2773E-3	6.7720E-1
7.9200E-4	9.7656E-3	6.8047E-1
7.9300E-4	1.0010E-2	6.8486E-1
7.9400E-4	9.5215E-3	6.8770E-1
7.9500E-4	9.7656E-3	6.8818E-1
7.9600E-4	9.2773E-3	6.8843E-1
7.9700E-4	9.2773E-3	6.8853E-1
7.9800E-4	9.7656E-3	6.8887E-1
7.9900E-4	9.2773E-3	6.8892E-1
8.0000E-4	9.0332E-3	6.8887E-1
8.0100E-4	1.0010E-2	6.8750E-1
8.0200E-4	9.5215E-3	6.8457E-1
8.0300E-4	9.5215E-3	6.8110E-1
8.0400E-4	9.5215E-3	6.7935E-1
8.0500E-4	9.2773E-3	6.7915E-1
8.0600E-4	9.7656E-3	6.8193E-1
8.0700E-4	1.0010E-2	6.8599E-1
8.0800E-4	9.5215E-3	6.9243E-1
8.0900E-4	9.2773E-3	6.9692E-1
8.1000E-4	9.0332E-3	6.9922E-1
8.1100E-4	1.0254E-2	6.9834E-1
8.1200E-4	1.0254E-2	6.9658E-1
8.1300E-4	9.5215E-3	6.9092E-1
8.1400E-4	9.5215E-3	6.8687E-1
8.1500E-4	9.2773E-3	6.8232E-1
8.1600E-4	9.0332E-3	6.7861E-1
8.1700E-4	9.7656E-3	6.7666E-1
8.1800E-4	1.0010E-2	6.7827E-1
8.1900E-4	9.2773E-3	6.7832E-1
8.2000E-4	9.7656E-3	6.7827E-1
8.2100E-4	9.7656E-3	6.7642E-1
8.2200E-4	9.7656E-3	6.7207E-1
8.2300E-4	9.7656E-3	6.6431E-1
8.2400E-4	9.5215E-3	6.5796E-1
8.2500E-4	9.7656E-3	6.5146E-1
8.2600E-4	9.5215E-3	6.4673E-1
8.2700E-4	9.5215E-3	6.4185E-1
8.2800E-4	9.7656E-3	6.3623E-1
8.2900E-4	1.0010E-2	6.2896E-1
8.3000E-4	9.2773E-3	6.2173E-1
8.3100E-4	9.7656E-3	6.1553E-1
8.3200E-4	1.0010E-2	6.1094E-1
8.3300E-4	9.2773E-3	6.0830E-1
8.3400E-4	9.7656E-3	6.0605E-1
8.3500E-4	9.5215E-3	6.0396E-1
8.3600E-4	9.2773E-3	6.0132E-1
8.3700E-4	9.5215E-3	5.9839E-1
8.3800E-4	1.0010E-2	5.9492E-1
8.3900E-4	1.0254E-2	5.8984E-1
8.4000E-4	9.2773E-3	5.8350E-1
8.4100E-4	9.5215E-3	5.7861E-1
8.4200E-4	9.5215E-3	5.7354E-1
8.4300E-4	9.7656E-3	5.6680E-1
8.4400E-4	9.0332E-3	5.5991E-1
8.4500E-4	9.5215E-3	5.5303E-1
8.4600E-4	1.0010E-2	5.4385E-1
8.4700E-4	1.0254E-2	5.3286E-1
8.4800E-4	9.2773E-3	5.2334E-1
8.4900E-4	9.5215E-3	5.1670E-1
8.5000E-4	9.5215E-3	5.0967E-1
8.5100E-4	9.2773E-3	5.0371E-1
8.5200E-4	9.5215E-3	4.9839E-1
8.5300E-4	1.0254E-2	4.9355E-1
8.5400E-4	9.7656E-3	4.8525E-1
8.5500E-4	9.7656E-3	4.7979E-1
8.5600E-4	9.5215E-3	4.7603E-1
8.5700E-4	9.7656E-3	4.7568E-1
8.5800E-4	9.5215E-3	4.7563E-1
8.5900E-4	9.2773E-3	4.7681E-1
8.6000E-4	9.2773E-3	4.7646E-1
8.6100E-4	9.7656E-3	4.7212E-1
8.6200E-4	9.0332E-3	4.6353E-1
8.6300E-4	1.0010E-2	4.5244E-1
8.6400E-4	9.2773E-3	4.4141E-1
8.6500E-4	9.2773E-3	4.2969E-1
8.6600E-4	9.5215E-3	4.1831E-1
8.6700E-4	9.5215E-3	4.0771E-1
8.6800E-4	9.2773E-3	3.9741E-1
8.6900E-4	9.5215E-3	3.8896E-1
8.7000E-4	8.7891E-3	3.8340E-1
8.7100E-4	8.7891E-3	3.8037E-1
8.7200E-4	1.0010E-2	3.7744E-1
8.7300E-4	9.5215E-3	3.7563E-1
8.7400E-4	9.5215E-3	3.7290E-1
8.7500E-4	9.5215E-3	3.7144E-1
8.7600E-4	9.5215E-3	3.7100E-1
8.7700E-4	9.5215E-3	3.7275E-1
8.7800E-4	1.0254E-2	3.7339E-1
8.7900E-4	1.0010E-2	3.7500E-1
8.8000E-4	9.5215E-3	3.7124E-1
8.8100E-4	9.5215E-3	3.6392E-1
8.8200E-4	9.5215E-3	3.5522E-1
8.8300E-4	9.7656E-3	3.4795E-1
8.8400E-4	9.7656E-3	3.3950E-1
8.8500E-4	9.5215E-3	3.3335E-1
8.8600E-4	9.5215E-3	3.2832E-1
8.8700E-4	9.7656E-3	3.2412E-1
8.8800E-4	9.0332E-3	3.2119E-1
8.8900E-4	1.0010E-2	3.1914E-1
8.9000E-4	9.7656E-3	3.1831E-1
8.9100E-4	9.5215E-3	3.1895E-1
8.9200E-4	1.0254E-2	3.1904E-1
8.9300E-4	9.7656E-3	3.1885E-1
8.9400E-4	9.7656E-3	3.1714E-1
8.9500E-4	9.5215E-3	3.1445E-1
8.9600E-4	9.2773E-3	3.1069E-1
8.9700E-4	9.5215E-3	3.0610E-1
8.9800E-4	9.7656E-3	3.0054E-1
8.9900E-4	9.5215E-3	2.9536E-1
9.0000E-4	9.5215E-3	2.9131E-1
9.0100E-4	9.7656E-3	2.8735E-1
9.0200E-4	9.5215E-3	2.8525E-1
9.0300E-4	1.0254E-2	2.8315E-1
9.0400E-4	1.0010E-2	2.8228E-1
9.0500E-4	1.0010E-2	2.8027E-1
9.0600E-4	9.7656E-3	2.7871E-1
9.0700E-4	9.7656E-3	2.7690E-1
9.0800E-4	9.0332E-3	2.7471E-1
9.0900E-4	9.5215E-3	2.7441E-1
9.1000E-4	9.5215E-3	2.7568E-1
9.1100E-4	9.7656E-3	2.7646E-1
9.1200E-4	9.2773E-3	2.7637E-1
9.1300E-4	9.7656E-3	2.7656E-1
9.1400E-4	9.5215E-3	2.7383E-1
9.1500E-4	9.7656E-3	2.7163E-1
9.1600E-4	9.0332E-3	2.7202E-1
9.1700E-4	9.2773E-3	2.7280E-1
9.1800E-4	9.7656E-3	2.7437E-1
9.1900E-4	9.0332E-3	2.7573E-1
9.2000E-4	9.0332E-3	2.7549E-1
9.2100E-4	9.2773E-3	2.7231E-1
9.2200E-4	9.2773E-3	2.6777E-1
9.2300E-4	9.7656E-3	2.6216E-1
9.2400E-4	9.7656E-3	2.5728E-1
9.2500E-4	9.2773E-3	2.5410E-1
9.2600E-4	1.0010E-2	2.5352E-1
9.2700E-4	9.7656E-3	2.5581E-1
9.2800E-4	1.0010E-2	2.6113E-1
9.2900E-4	9.5215E-3	2.6763E-1
9.3000E-4	1.0010E-2	2.7441E-1
9.3100E-4	9.0332E-3	2.8062E-1
9.3200E-4	9.5215E-3	2.8501E-1
9.3300E-4	9.2773E-3	2.8740E-1
9.3400E-4	9.7656E-3	2.8799E-1
9.3500E-4	9.0332E-3	2.8945E-1
9.3600E-4	1.0010E-2	2.9067E-1
9.3700E-4	9.7656E-3	2.9121E-1
9.3800E-4	9.5215E-3	2.9199E-1
9.3900E-4	9.2773E-3	2.9414E-1
9.4000E-4	9.0332E-3	2.9487E-1
9.4100E-4	9.5215E-3	2.9390E-1
9.4200E-4	9.2773E-3	2.9585E-1
9.4300E-4	1.0010E-2	2.9800E-1
9.4400E-4	9.5215E-3	3.0166E-1
9.4500E-4	9.5215E-3	3.0581E-1
9.4600E-4	9.5215E-3	3.1099E-1
9.4700E-4	9.7656E-3	3.1348E-1
9.4800E-4	1.0010E-2	3.1455E-1
9.4900E-4	9.5215E-3	3.1421E-1
9.5000E-4	1.0254E-2	3.1289E-1
9.5100E-4	9.7656E-3	3.1211E-1
9.5200E-4	9.0332E-3	3.1265E-1
9.5300E-4	1.0010E-2	3.1738E-1
9.5400E-4	1.0010E-2	3.2456E-1
9.5500E-4	9.2773E-3	3.3555E-1
9.5600E-4	9.5215E-3	3.4878E-1
9.5700E-4	9.2773E-3	3.6313E-1
9.5800E-4	9.7656E-3	3.7412E-1
9.5900E-4	9.7656E-3	3.8218E-1
9.6000E-4	9.2773E-3	3.8691E-1
9.6100E-4	9.5215E-3	3.8823E-1
9.6200E-4	9.5215E-3	3.8691E-1
9.6300E-4	9.5215E-3	3.8657E-1
9.6400E-4	9.5215E-3	3.8843E-1
9.6500E-4	1.0010E-2	3.8911E-1
9.6600E-4	9.7656E-3	3.9111E-1
9.6700E-4	9.5215E-3	3.9507E-1
9.6800E-4	9.2773E-3	3.9858E-1
9.6900E-4	1.0010E-2	4.0181E-1
9.7000E-4	9.5215E-3	4.0645E-1
9.7100E-4	9.5215E-3	4.1177E-1
9.7200E-4	9.5215E-3	4.1938E-1
9.7300E-4	9.5215E-3	4.2944E-1
9.7400E-4	9.7656E-3	4.4106E-1
9.7500E-4	1.0010E-2	4.5327E-1
9.7600E-4	9.7656E-3	4.6504E-1
9.7700E-4	1.0010E-2	4.7515E-1
9.7800E-4	9.0332E-3	4.8408E-1
9.7900E-4	8.7891E-3	4.9175E-1
9.8000E-4	9.2773E-3	4.9932E-1
9.8100E-4	9.5215E-3	5.0630E-1
9.8200E-4	9.5215E-3	5.0845E-1
9.8300E-4	9.0332E-3	5.0957E-1
9.8400E-4	9.2773E-3	5.1016E-1
9.8500E-4	9.7656E-3	5.1069E-1
9.8600E-4	8.7891E-3	5.1260E-1
9.8700E-4	9.5215E-3	5.1958E-1
9.8800E-4	9.7656E-3	5.2773E-1
9.8900E-4	1.0010E-2	5.3706E-1
9.9000E-4	9.7656E-3	5.4761E-1
9.9100E-4	9.2773E-3	5.5820E-1
9.9200E-4	9.2773E-3	5.6836E-1
9.9300E-4	9.7656E-3	5.7808E-1
9.9400E-4	9.5215E-3	5.8833E-1
9.9500E-4	9.2773E-3	5.9614E-1
9.9600E-4	9.0332E-3	6.0088E-1
9.9700E-4	9.2773E-3	6.0391E-1
9.9800E-4	1.0010E-2	6.0391E-1
9.9900E-4	8.7891E-3	6.0391E-1
